             PE      -48700.840      -48699.268      -48698.962      -48698.090      -48703.103
           PE_P        -585.527        -583.930        -583.551        -582.715        -582.416
           PE_W      -47160.253      -47156.916      -47155.324      -47153.395      -47158.613
          PE_PW        -955.060        -958.422        -960.087        -961.980        -962.074
            PE2      -48700.840      -48699.268      -48698.962      -48698.090      -48703.103
          PE2_P        -585.527        -583.930        -583.551        -582.715        -582.416
          PE2_W      -47160.253      -47156.916      -47155.324      -47153.395      -47158.613
         PE2_PW        -955.060        -958.422        -960.087        -961.980        -962.074
      Nonbonded      -49075.202      -49074.079      -49072.781      -49071.996      -49077.605
    Nonbonded_P        -959.888        -958.741        -957.370        -956.621        -956.917
    Nonbonded_W      -47160.253      -47156.916      -47155.324      -47153.395      -47158.613
   Nonbonded_PW        -955.061        -958.422        -960.087        -961.980        -962.075
             LJ        6944.567        6952.673        6951.426        6946.848        6947.191
           LJ_P         -28.180         -28.670         -28.337         -28.127         -28.453
           LJ_W        7117.713        7126.908        7124.599        7119.286        7119.790
          LJ_PW        -144.966        -145.565        -144.836        -144.311        -144.146
           LJ14          34.824          34.377          34.633          34.807          34.788
         LJ14_P          34.824          34.377          34.633          34.807          34.788
           LJsr        7125.228        7133.758        7132.247        7127.505        7127.889
         LJsr_P         -62.721         -62.765         -62.688         -62.652         -62.958
         LJsr_W        7317.333        7326.507        7324.192        7318.887        7319.411
        LJsr_PW        -129.384        -129.984        -129.257        -128.730        -128.564
           LJlr        -215.485        -215.462        -215.455        -215.464        -215.486
         LJlr_P          -0.283          -0.283          -0.283          -0.283          -0.283
         LJlr_W        -199.620        -199.599        -199.592        -199.600        -199.621
        LJlr_PW         -15.582         -15.580         -15.580         -15.581         -15.582
             EE      -56019.769      -56026.752      -56024.206      -56018.845      -56024.796
           EE_P        -931.709        -930.071        -929.032        -928.494        -928.464
           EE_W      -54277.966      -54283.824      -54279.923      -54272.681      -54278.402
          EE_PW        -810.094        -812.857        -815.251        -817.670        -817.930
           EE14       -1301.331       -1302.142       -1298.539       -1298.284       -1300.694
         EE14_P       -1301.331       -1302.142       -1298.539       -1298.284       -1300.694
           EEsr      -50252.760      -50259.146      -50258.193      -50252.626      -50257.832
         EEsr_P          95.600          95.697          96.132          96.264          96.439
         EEsr_W      -49823.706      -49831.576      -49826.805      -49820.021      -49825.918
        EEsr_PW        -524.654        -523.267        -527.520        -528.869        -528.353
           EElr       -4465.679       -4465.464       -4467.475       -4467.934       -4466.270
         EElr_P         274.022         276.374         273.375         273.526         275.790
         EElr_W       -4454.260       -4452.248       -4453.118       -4452.660       -4452.484
        EElr_PW        -285.441        -289.590        -287.732        -288.800        -289.576
         Bonded         374.362         374.811         373.819         373.907         374.502
       Bonded_P         374.362         374.811         373.819         373.907         374.502
           Bond          80.377          80.531          80.860          80.286          80.390
         Bond_P          80.377          80.531          80.860          80.286          80.390
          Angle         167.705         167.961         167.400         167.446         167.456
        Angle_P         167.705         167.961         167.400         167.446         167.456
            Dih         113.902         113.935         113.127         113.839         114.282
          Dih_P         113.902         113.935         113.127         113.839         114.282
            Imp          12.377          12.383          12.432          12.336          12.374
          Imp_P          12.377          12.383          12.432          12.336          12.374
             PV           2.199           2.200           2.200           2.200           2.199
           PV_P           2.199           2.200           2.200           2.200           2.199
           PV_W           2.199           2.200           2.200           2.200           2.199
          PV_PW          -2.199          -2.200          -2.200          -2.200          -2.199
