             PE      -51105.932      -51302.855      -51136.835      -51095.445      -51195.091
           PE_P         -47.472         -33.912         -69.849           3.456         -41.291
           PE_W      -49821.643      -50064.853      -49872.486      -49762.026      -49893.850
          PE_PW       -1236.817       -1204.090       -1194.500       -1336.875       -1259.950
            PE2      -51105.933      -51302.854      -51136.833      -51095.449      -51195.088
          PE2_P         -47.471         -33.912         -69.849           3.456         -41.291
          PE2_W      -49821.643      -50064.861      -49872.486      -49762.025      -49893.850
         PE2_PW       -1236.819       -1204.081       -1194.498       -1336.880       -1259.947
      Nonbonded      -51444.763      -51650.409      -51472.532      -51441.945      -51554.584
    Nonbonded_P        -386.302        -381.467        -405.547        -343.039        -400.787
    Nonbonded_W      -49821.643      -50064.861      -49872.486      -49762.025      -49893.850
   Nonbonded_PW       -1236.818       -1204.081       -1194.499       -1336.881       -1259.947
             LJ        7381.073        7248.075        7374.010        7486.437        7389.115
           LJ_P          -9.166           0.159          -7.730         -12.185          -9.029
           LJ_W        7524.187        7376.697        7518.011        7639.914        7535.539
          LJ_PW        -133.948        -128.781        -136.271        -141.292        -137.395
           LJ14          52.332          59.612          49.824          48.983          55.032
         LJ14_P          52.332          59.612          49.824          48.983          55.032
           LJsr        7557.145        7416.933        7553.187        7666.809        7562.746
         LJsr_P         -61.159         -59.114         -57.215         -60.828         -63.722
         LJsr_W        7734.802        7587.373        7729.176        7851.405        7746.392
        LJsr_PW        -116.498        -111.326        -118.774        -123.768        -119.924
           LJlr        -228.405        -228.471        -229.001        -229.355        -228.663
         LJlr_P          -0.339          -0.339          -0.340          -0.341          -0.340
         LJlr_W        -210.615        -210.675        -211.165        -211.491        -210.853
        LJlr_PW         -17.451         -17.457         -17.496         -17.523         -17.470
             EE      -58825.836      -58898.484      -58846.542      -58928.382      -58943.700
           EE_P        -377.136        -381.626        -397.817        -330.854        -391.758
           EE_W      -57345.830      -57441.558      -57390.497      -57401.938      -57429.389
          EE_PW       -1102.870       -1075.300       -1058.228       -1195.590       -1122.553
           EE14         390.386         394.793         373.193         415.710         403.426
         EE14_P         390.386         394.793         373.193         415.710         403.426
           EEsr      -53570.986      -53648.649      -53594.488      -53677.318      -53689.410
         EEsr_P        -136.940        -133.891        -159.821        -112.656        -145.766
         EEsr_W      -52673.550      -52763.061      -52724.959      -52752.532      -52771.842
        EEsr_PW        -760.496        -751.697        -709.708        -812.130        -771.802
           EElr       -5645.237       -5644.628       -5625.246       -5666.773       -5657.716
         EElr_P        -630.582        -642.529        -611.189        -633.908        -649.418
         EElr_W       -4672.280       -4678.497       -4665.538       -4649.406       -4657.547
        EElr_PW        -342.375        -323.602        -348.519        -383.459        -350.751
         Bonded         338.831         347.556         335.698         346.495         359.497
       Bonded_P         338.831         347.556         335.698         346.495         359.497
           Bond          71.235          79.802          72.501          81.382          78.659
         Bond_P          71.235          79.802          72.501          81.382          78.659
          Angle         170.367         168.509         163.968         166.229         179.482
        Angle_P         170.367         168.509         163.968         166.229         179.482
            Dih          85.832          88.070          85.609          88.671          86.186
          Dih_P          85.832          88.070          85.609          88.671          86.186
            Imp          11.396          11.175          13.620          10.213          15.169
          Imp_P          11.396          11.175          13.620          10.213          15.169
             PV           2.327           2.326           2.320           2.317           2.324
           PV_P           2.327           2.326           2.320           2.317           2.324
           PV_W           2.327           2.326           2.320           2.317           2.324
          PV_PW          -2.327          -2.326          -2.320          -2.317          -2.324
