             PE      -44959.668      -44965.093      -44989.018      -45000.000      -45006.011
           PE_P        -277.343        -276.866        -276.381        -276.064        -281.008
           PE_W      -43803.977      -43809.089      -43826.250      -43847.549      -43854.474
          PE_PW        -878.348        -879.138        -886.387        -876.387        -870.529
            PE2      -44959.668      -44965.093      -44989.018      -44999.999      -45006.012
          PE2_P        -277.343        -276.866        -276.381        -276.064        -281.008
          PE2_W      -43803.977      -43809.088      -43826.250      -43847.549      -43854.475
         PE2_PW        -878.348        -879.139        -886.387        -876.386        -870.529
      Nonbonded      -45285.734      -45288.000      -45310.375      -45325.907      -45328.707
    Nonbonded_P        -603.409        -599.773        -597.738        -601.972        -603.702
    Nonbonded_W      -43803.977      -43809.088      -43826.250      -43847.549      -43854.475
   Nonbonded_PW        -878.348        -879.139        -886.387        -876.386        -870.530
             LJ        6467.291        6468.145        6442.030        6460.369        6462.402
           LJ_P         -17.537         -17.718         -17.622         -17.921         -19.403
           LJ_W        6630.655        6627.537        6602.589        6618.805        6623.768
          LJ_PW        -145.827        -141.674        -142.937        -140.515        -141.963
           LJ14          36.774          37.118          37.064          37.693          37.359
         LJ14_P          36.774          37.118          37.064          37.693          37.359
           LJsr        6630.987        6631.464        6605.436        6623.082        6625.554
         LJsr_P         -54.036         -54.560         -54.411         -55.339         -56.487
         LJsr_W        6815.993        6812.845        6787.926        6804.085        6809.144
        LJsr_PW        -130.970        -126.821        -128.079        -125.664        -127.103
           LJlr        -200.470        -200.437        -200.469        -200.406        -200.511
         LJlr_P          -0.275          -0.275          -0.275          -0.275          -0.275
         LJlr_W        -185.338        -185.308        -185.338        -185.279        -185.377
        LJlr_PW         -14.857         -14.854         -14.856         -14.852         -14.859
             EE      -51753.025      -51756.145      -51752.405      -51786.275      -51791.108
           EE_P        -585.872        -582.056        -580.116        -584.051        -584.300
           EE_W      -50434.631      -50436.625      -50428.839      -50466.354      -50478.242
          EE_PW        -732.522        -737.464        -743.450        -735.870        -728.566
           EE14        -869.405        -861.548        -865.885        -868.088        -875.786
         EE14_P        -869.405        -861.548        -865.885        -868.088        -875.786
           EEsr      -46695.710      -46702.686      -46694.900      -46729.832      -46732.570
         EEsr_P          55.459          54.213          56.998          56.604          62.110
         EEsr_W      -46280.700      -46281.189      -46271.883      -46310.498      -46317.518
        EEsr_PW        -470.469        -475.710        -480.015        -475.938        -477.162
           EElr       -4187.910       -4191.911       -4191.620       -4188.356       -4182.752
         EElr_P         228.075         225.279         228.771         227.433         229.376
         EElr_W       -4153.932       -4155.436       -4156.956       -4155.856       -4160.725
        EElr_PW        -262.053        -261.754        -263.435        -259.933        -251.403
         Bonded         326.066         322.907         321.357         325.908         322.695
       Bonded_P         326.066         322.907         321.357         325.908         322.695
           Bond          77.503          76.416          74.345          75.611          75.253
         Bond_P          77.503          76.416          74.345          75.611          75.253
          Angle         161.209         160.111         159.835         162.299         160.278
        Angle_P         161.209         160.111         159.835         162.299         160.278
            Dih          76.755          75.625          76.860          76.945          76.660
          Dih_P          76.755          75.625          76.860          76.945          76.660
            Imp          10.599          10.755          10.316          11.052          10.505
          Imp_P          10.599          10.755          10.316          11.052          10.505
             PV           2.044           2.045           2.044           2.045           2.044
           PV_P           2.044           2.045           2.044           2.045           2.044
           PV_W           2.044           2.045           2.044           2.045           2.044
          PV_PW          -2.044          -2.045          -2.044          -2.045          -2.044
