             PE      -57119.688      -57171.101      -57124.575      -57124.127      -57158.586
           PE_P        -649.335        -657.290        -644.361        -650.738        -649.473
           PE_W      -55062.735      -55099.593      -55046.154      -55049.032      -55091.486
          PE_PW       -1407.618       -1414.218       -1434.060       -1424.357       -1417.627
            PE2      -57119.688      -57171.101      -57124.575      -57124.127      -57158.587
          PE2_P        -649.335        -657.290        -644.361        -650.738        -649.473
          PE2_W      -55062.734      -55099.593      -55046.153      -55049.033      -55091.487
         PE2_PW       -1407.619       -1414.218       -1434.061       -1424.356       -1417.627
      Nonbonded      -57585.867      -57635.954      -57585.515      -57587.651      -57625.910
    Nonbonded_P       -1115.513       -1122.144       -1105.300       -1114.261       -1116.796
    Nonbonded_W      -55062.734      -55099.593      -55046.153      -55049.033      -55091.487
   Nonbonded_PW       -1407.620       -1414.217       -1434.062       -1424.357       -1417.627
             LJ        8101.030        8105.750        8105.371        8106.836        8131.648
           LJ_P         -21.509         -23.430         -24.577         -23.271         -22.541
           LJ_W        8305.473        8308.964        8310.533        8312.403        8335.758
          LJ_PW        -182.934        -179.784        -180.585        -182.296        -181.569
           LJ14          60.922          60.627          61.267          61.020          60.746
         LJ14_P          60.922          60.627          61.267          61.020          60.746
           LJsr        8293.180        8298.342        8297.307        8298.911        8323.984
         LJsr_P         -82.007         -83.633         -85.420         -83.868         -82.863
         LJsr_W        8537.715        8541.340        8542.894        8544.665        8568.009
        LJsr_PW        -162.528        -159.365        -160.167        -161.886        -161.162
           LJlr        -253.073        -253.219        -253.202        -253.095        -253.083
         LJlr_P          -0.424          -0.424          -0.424          -0.424          -0.424
         LJlr_W        -232.242        -232.376        -232.361        -232.262        -232.251
        LJlr_PW         -20.407         -20.419         -20.417         -20.409         -20.408
             EE      -65686.896      -65741.704      -65690.886      -65694.486      -65757.557
           EE_P       -1094.004       -1098.714       -1080.724       -1090.990       -1094.255
           EE_W      -63368.207      -63408.557      -63356.686      -63361.436      -63427.245
          EE_PW       -1224.685       -1234.433       -1253.476       -1242.060       -1236.057
           EE14       -1821.149       -1826.400       -1823.065       -1823.603       -1823.294
         EE14_P       -1821.149       -1826.400       -1823.065       -1823.603       -1823.294
           EEsr      -58585.306      -58636.077      -58589.253      -58593.321      -58654.158
         EEsr_P         158.604         156.161         160.551         166.470         160.160
         EEsr_W      -58080.015      -58127.751      -58085.415      -58077.219      -58143.569
        EEsr_PW        -663.895        -664.487        -664.389        -682.572        -670.749
           EElr       -5280.442       -5279.227       -5278.568       -5277.562       -5280.105
         EElr_P         568.541         571.526         581.791         566.142         568.880
         EElr_W       -5288.192       -5280.805       -5271.271       -5284.216       -5283.676
        EElr_PW        -560.791        -569.948        -589.088        -559.488        -565.309
         Bonded         466.178         464.853         460.940         463.523         467.323
       Bonded_P         466.178         464.853         460.940         463.523         467.323
           Bond          95.581          97.532          97.544          96.195          96.937
         Bond_P          95.581          97.532          97.544          96.195          96.937
          Angle         213.107         210.693         208.610         210.259         213.582
        Angle_P         213.107         210.693         208.610         210.259         213.582
            Dih         143.694         143.342         141.304         143.419         143.319
          Dih_P         143.694         143.342         141.304         143.419         143.319
            Imp          13.796          13.286          13.481          13.650          13.485
          Imp_P          13.796          13.286          13.481          13.650          13.485
             PV           2.571           2.569           2.569           2.570           2.570
           PV_P           2.571           2.569           2.569           2.570           2.570
           PV_W           2.571           2.569           2.569           2.570           2.570
          PV_PW          -2.571          -2.569          -2.569          -2.570          -2.570
