             PE      -52909.201      -52903.601      -52898.568      -52898.811      -52909.810
           PE_P         269.873         268.837         269.565         265.441         267.201
           PE_W      -52577.572      -52569.143      -52564.429      -52565.251      -52576.644
          PE_PW        -601.502        -603.295        -603.704        -599.001        -600.367
            PE2      -52909.201      -52903.601      -52898.568      -52898.811      -52909.810
          PE2_P         269.873         268.837         269.565         265.441         267.201
          PE2_W      -52577.572      -52569.143      -52564.429      -52565.251      -52576.644
         PE2_PW        -601.502        -603.295        -603.704        -599.001        -600.367
      Nonbonded      -53227.478      -53218.890      -53215.305      -53214.963      -53225.787
    Nonbonded_P         -48.404         -46.452         -47.172         -50.712         -48.775
    Nonbonded_W      -52577.572      -52569.143      -52564.429      -52565.251      -52576.644
   Nonbonded_PW        -601.502        -603.295        -603.704        -599.000        -600.368
             LJ        7761.714        7761.075        7773.256        7763.959        7768.112
           LJ_P          -5.243          -4.692          -4.558          -6.568          -5.043
           LJ_W        7959.159        7959.093        7969.277        7960.735        7964.847
          LJ_PW        -192.202        -193.326        -191.463        -190.208        -191.692
           LJ14          71.055          71.665          71.490          71.024          71.346
         LJ14_P          71.055          71.665          71.490          71.024          71.346
           LJsr        7931.423        7930.120        7942.565        7933.667        7937.526
         LJsr_P         -75.942         -76.001         -75.692         -77.236         -76.033
         LJsr_W        8181.209        8181.094        8191.359        8182.755        8186.894
        LJsr_PW        -173.844        -174.973        -173.102        -171.852        -173.335
           LJlr        -240.764        -240.711        -240.798        -240.732        -240.760
         LJlr_P          -0.356          -0.356          -0.356          -0.356          -0.356
         LJlr_W        -222.050        -222.001        -222.082        -222.020        -222.046
        LJlr_PW         -18.358         -18.354         -18.360         -18.356         -18.358
             EE      -60989.192      -60979.964      -60988.562      -60978.922      -60993.899
           EE_P         -43.161         -41.760         -42.614         -44.144         -43.732
           EE_W      -60536.731      -60528.235      -60533.706      -60525.986      -60541.491
          EE_PW        -409.300        -409.969        -412.242        -408.792        -408.676
           EE14         596.539         596.429         595.308         595.620         596.588
         EE14_P         596.539         596.429         595.308         595.620         596.588
           EEsr      -56131.524      -56123.326      -56130.457      -56120.329      -56136.114
         EEsr_P         -89.068         -87.873         -88.092         -88.854         -89.439
         EEsr_W      -55708.399      -55701.055      -55705.711      -55697.096      -55713.022
        EEsr_PW        -334.057        -334.398        -336.654        -334.379        -333.653
           EElr       -5454.206       -5453.068       -5453.413       -5454.213       -5454.373
         EElr_P        -550.631        -550.316        -549.830        -550.909        -550.881
         EElr_W       -4828.331       -4827.181       -4827.995       -4828.889       -4828.469
        EElr_PW         -75.244         -75.571         -75.588         -74.415         -75.023
         Bonded         318.277         315.289         316.737         316.152         315.976
       Bonded_P         318.277         315.289         316.737         316.152         315.976
           Bond          73.761          73.584          73.844          73.236          73.814
         Bond_P          73.761          73.584          73.844          73.236          73.814
          Angle         170.398         168.890         170.198         170.155         169.263
        Angle_P         170.398         168.890         170.198         170.155         169.263
            Dih          64.745          63.685          63.647          63.578          63.523
          Dih_P          64.745          63.685          63.647          63.578          63.523
            Imp           9.372           9.129           9.050           9.182           9.376
          Imp_P           9.372           9.129           9.050           9.182           9.376
             PV           2.468           2.468           2.467           2.468           2.468
           PV_P           2.468           2.468           2.467           2.468           2.468
           PV_W           2.468           2.468           2.467           2.468           2.468
          PV_PW          -2.468          -2.468          -2.467          -2.468          -2.468
