             PE      -52933.947      -52859.368      -52925.348      -52888.208      -52844.683
           PE_P         243.815         243.937         235.502         250.845         243.333
           PE_W      -52623.703      -52579.422      -52631.177      -52601.012      -52544.874
          PE_PW        -554.059        -523.883        -529.673        -538.041        -543.142
            PE2      -52933.947      -52859.369      -52925.349      -52888.208      -52844.684
          PE2_P         243.815         243.937         235.502         250.845         243.333
          PE2_W      -52623.704      -52579.422      -52631.177      -52601.012      -52544.874
         PE2_PW        -554.058        -523.884        -529.674        -538.041        -543.143
      Nonbonded      -53234.913      -53176.659      -53242.125      -53215.247      -53161.361
    Nonbonded_P         -57.151         -73.354         -81.273         -76.195         -73.344
    Nonbonded_W      -52623.704      -52579.422      -52631.177      -52601.012      -52544.874
   Nonbonded_PW        -554.058        -523.883        -529.675        -538.040        -543.143
             LJ        7787.833        7697.563        7747.793        7868.445        7713.715
           LJ_P           4.631          -0.456          -0.936          -5.061          -5.388
           LJ_W        7975.932        7893.053        7940.371        8066.225        7912.054
          LJ_PW        -192.730        -195.034        -191.642        -192.719        -192.951
           LJ14          78.738          76.144          75.014          72.476          73.368
         LJ14_P          78.738          76.144          75.014          72.476          73.368
           LJsr        7949.832        7862.141        7913.559        8036.572        7880.816
         LJsr_P         -73.750         -76.244         -75.594         -77.181         -78.400
         LJsr_W        8197.957        8115.065        8162.436        8288.126        8133.831
        LJsr_PW        -174.375        -176.680        -173.283        -174.373        -174.615
           LJlr        -240.737        -240.723        -240.780        -240.603        -240.468
         LJlr_P          -0.356          -0.356          -0.356          -0.356          -0.356
         LJlr_W        -222.025        -222.012        -222.065        -221.901        -221.778
        LJlr_PW         -18.356         -18.355         -18.359         -18.346         -18.334
             EE      -61022.746      -60874.222      -60989.918      -61083.693      -60875.076
           EE_P         -61.782         -72.898         -80.337         -71.134         -67.956
           EE_W      -60599.636      -60472.474      -60571.547      -60667.237      -60456.927
          EE_PW        -361.328        -328.850        -338.034        -345.322        -350.193
           EE14         600.327         588.861         590.659         591.353         595.219
         EE14_P         600.327         588.861         590.659         591.353         595.219
           EEsr      -56174.955      -56012.934      -56130.993      -56221.626      -56022.342
         EEsr_P        -102.249        -105.444        -109.285        -104.675        -104.137
         EEsr_W      -55771.037      -55632.849      -55734.656      -55825.297      -55627.621
        EEsr_PW        -301.669        -274.641        -287.052        -291.654        -290.584
           EElr       -5448.118       -5450.149       -5449.585       -5453.420       -5447.953
         EElr_P        -559.860        -556.314        -561.712        -557.812        -559.038
         EElr_W       -4828.599       -4839.626       -4836.892       -4841.940       -4829.306
        EElr_PW         -59.659         -54.209         -50.981         -53.668         -59.609
         Bonded         300.966         317.291         316.775         327.040         316.677
       Bonded_P         300.966         317.291         316.775         327.040         316.677
           Bond          66.935          75.297          67.809          75.562          70.042
         Bond_P          66.935          75.297          67.809          75.562          70.042
          Angle         168.506         169.736         172.396         172.792         174.513
        Angle_P         168.506         169.736         172.396         172.792         174.513
            Dih          56.243          62.687          67.724          68.459          62.720
          Dih_P          56.243          62.687          67.724          68.459          62.720
            Imp           9.282           9.570           8.846          10.226           9.403
          Imp_P           9.282           9.570           8.846          10.226           9.403
             PV           2.468           2.468           2.468           2.470           2.471
           PV_P           2.468           2.468           2.468           2.470           2.471
           PV_W           2.468           2.468           2.468           2.470           2.471
          PV_PW          -2.468          -2.468          -2.468          -2.470          -2.471
