             PE      -42591.442      -42573.799      -42586.108      -42581.326      -42591.238
           PE_P         526.245         525.647         523.218         526.380         525.091
           PE_W      -42565.174      -42549.995      -42564.550      -42555.635      -42565.366
          PE_PW        -552.513        -549.451        -544.776        -552.071        -550.963
            PE2      -42591.442      -42573.799      -42586.108      -42581.326      -42591.238
          PE2_P         526.245         525.647         523.218         526.380         525.091
          PE2_W      -42565.174      -42549.995      -42564.550      -42555.635      -42565.366
         PE2_PW        -552.513        -549.451        -544.776        -552.071        -550.963
      Nonbonded      -42818.325      -42800.368      -42813.156      -42808.194      -42815.225
    Nonbonded_P         299.361         299.078         296.169         299.512         301.103
    Nonbonded_W      -42565.174      -42549.995      -42564.550      -42555.635      -42565.366
   Nonbonded_PW        -552.512        -549.451        -544.775        -552.071        -550.962
             LJ        6274.890        6270.087        6280.148        6287.094        6280.330
           LJ_P         -17.393         -17.208         -17.120         -16.936         -16.923
           LJ_W        6441.976        6436.543        6445.401        6452.292        6446.157
          LJ_PW        -149.693        -149.248        -148.133        -148.262        -148.904
           LJ14          38.805          38.759          39.086          38.644          38.964
         LJ14_P          38.805          38.759          39.086          38.644          38.964
           LJsr        6430.404        6425.623        6435.380        6442.737        6435.710
         LJsr_P         -55.954         -55.723         -55.961         -55.336         -55.643
         LJsr_W        6622.278        6616.823        6625.701        6632.563        6626.482
        LJsr_PW        -135.920        -135.477        -134.360        -134.490        -135.129
           LJlr        -194.319        -194.295        -194.317        -194.286        -194.344
         LJlr_P          -0.244          -0.244          -0.244          -0.244          -0.244
         LJlr_W        -180.302        -180.280        -180.300        -180.271        -180.325
        LJlr_PW         -13.773         -13.771         -13.773         -13.771         -13.775
             EE      -49093.216      -49070.455      -49093.305      -49095.288      -49095.555
           EE_P         316.754         316.286         313.289         316.448         318.026
           EE_W      -49007.149      -48986.539      -49009.951      -49007.927      -49011.523
          EE_PW        -402.821        -400.202        -396.643        -403.809        -402.058
           EE14         615.887         616.253         617.522         617.249         619.098
         EE14_P         615.887         616.253         617.522         617.249         619.098
           EEsr      -45488.812      -45467.067      -45490.553      -45492.486      -45493.836
         EEsr_P         -59.597         -59.395         -62.849         -60.296         -60.159
         EEsr_W      -45103.326      -45082.562      -45106.073      -45103.649      -45106.900
        EEsr_PW        -325.889        -325.110        -321.631        -328.541        -326.777
           EElr       -4220.291       -4219.641       -4220.274       -4220.052       -4220.817
         EElr_P        -239.536        -240.571        -241.384        -240.505        -240.913
         EElr_W       -3903.823       -3903.976       -3903.878       -3904.278       -3904.623
        EElr_PW         -76.932         -75.094         -75.012         -75.269         -75.281
         Bonded         226.884         226.569         227.048         226.868         223.987
       Bonded_P         226.884         226.569         227.048         226.868         223.987
           Bond          57.280          56.869          57.186          57.640          56.246
         Bond_P          57.280          56.869          57.186          57.640          56.246
          Angle         126.829         127.354         127.229         126.517         125.238
        Angle_P         126.829         127.354         127.229         126.517         125.238
            Dih          34.006          33.427          33.711          33.770          33.627
          Dih_P          34.006          33.427          33.711          33.770          33.627
            Imp           8.769           8.918           8.922           8.941           8.876
          Imp_P           8.769           8.918           8.922           8.941           8.876
             PV           1.994           1.994           1.994           1.994           1.994
           PV_P           1.994           1.994           1.994           1.994           1.994
           PV_W           1.994           1.994           1.994           1.994           1.994
          PV_PW          -1.994          -1.994          -1.994          -1.994          -1.994
