             PE      -38069.242      -38056.813      -38074.773      -38074.851      -38076.548
           PE_P         407.304         404.421         405.250         404.568         408.086
           PE_W      -37910.805      -37893.154      -37916.612      -37916.548      -37914.646
          PE_PW        -565.741        -568.080        -563.411        -562.871        -569.988
            PE2      -38069.242      -38056.813      -38074.773      -38074.852      -38076.547
          PE2_P         407.304         404.421         405.250         404.568         408.086
          PE2_W      -37910.805      -37893.154      -37916.612      -37916.548      -37914.646
         PE2_PW        -565.741        -568.080        -563.411        -562.872        -569.987
      Nonbonded      -38302.732      -38289.876      -38309.246      -38310.793      -38310.803
    Nonbonded_P         173.815         171.358         170.777         168.627         173.830
    Nonbonded_W      -37910.805      -37893.154      -37916.612      -37916.548      -37914.646
   Nonbonded_PW        -565.742        -568.080        -563.411        -562.872        -569.987
             LJ        5599.791        5591.323        5598.647        5582.303        5596.741
           LJ_P         -10.732         -10.040         -10.132         -10.316         -10.924
           LJ_W        5744.146        5735.946        5743.506        5726.617        5742.734
          LJ_PW        -133.623        -134.583        -134.727        -133.998        -135.069
           LJ14          41.489          41.793          41.644          41.508          41.420
         LJ14_P          41.489          41.793          41.644          41.508          41.420
           LJsr        5732.445        5723.626        5731.120        5714.920        5729.444
         LJsr_P         -51.968         -51.581         -51.523         -51.571         -52.091
         LJsr_W        5904.674        5896.431        5904.011        5887.130        5903.243
        LJsr_PW        -120.261        -121.224        -121.368        -120.639        -121.708
           LJlr        -174.142        -174.096        -174.117        -174.125        -174.122
         LJlr_P          -0.253          -0.253          -0.253          -0.253          -0.253
         LJlr_W        -160.528        -160.486        -160.505        -160.512        -160.510
        LJlr_PW         -13.361         -13.357         -13.359         -13.360         -13.359
             EE      -43902.522      -43881.199      -43907.892      -43893.096      -43907.545
           EE_P         184.546         181.398         180.909         178.943         184.754
           EE_W      -43654.951      -43629.100      -43660.118      -43643.165      -43657.380
          EE_PW        -432.117        -433.497        -428.683        -428.874        -434.919
           EE14         713.615         709.841         705.518         711.309         705.617
         EE14_P         713.615         709.841         705.518         711.309         705.617
           EEsr      -40616.422      -40592.890      -40618.416      -40603.250      -40615.847
         EEsr_P         -85.312         -84.890         -82.737         -87.857         -81.147
         EEsr_W      -40182.335      -40159.850      -40187.413      -40171.799      -40186.328
        EEsr_PW        -348.775        -348.150        -348.266        -343.594        -348.372
           EElr       -3999.715       -3998.150       -3994.995       -4001.156       -3997.315
         EElr_P        -443.756        -443.553        -441.872        -444.509        -439.716
         EElr_W       -3472.616       -3469.249       -3472.705       -3471.366       -3471.052
        EElr_PW         -83.343         -85.348         -80.418         -85.281         -86.547
         Bonded         233.489         233.063         234.473         235.941         234.256
       Bonded_P         233.489         233.063         234.473         235.941         234.256
           Bond          54.547          53.932          54.851          54.866          54.822
         Bond_P          54.547          53.932          54.851          54.866          54.822
          Angle         136.353         136.278         137.264         138.256         137.463
        Angle_P         136.353         136.278         137.264         138.256         137.463
            Dih          34.612          34.849          34.308          34.939          33.887
          Dih_P          34.612          34.849          34.308          34.939          33.887
            Imp           7.978           8.003           8.051           7.881           8.085
          Imp_P           7.978           8.003           8.051           7.881           8.085
             PV           1.780           1.781           1.781           1.781           1.781
           PV_P           1.780           1.781           1.781           1.781           1.781
           PV_W           1.780           1.781           1.781           1.781           1.781
          PV_PW          -1.780          -1.781          -1.781          -1.781          -1.781
