             PE      -41153.558      -41126.622      -41135.171      -41128.056      -41103.204
           PE_P          84.756          90.085          94.184          89.091          88.488
           PE_W      -39998.676      -39968.572      -39971.429      -39964.054      -39941.187
          PE_PW       -1239.638       -1248.135       -1257.926       -1253.093       -1250.505
            PE2      -41153.557      -41126.622      -41135.171      -41128.056      -41103.203
          PE2_P          84.756          90.085          94.184          89.091          88.488
          PE2_W      -39998.676      -39968.571      -39971.429      -39964.054      -39941.186
         PE2_PW       -1239.637       -1248.136       -1257.926       -1253.093       -1250.505
      Nonbonded      -41404.487      -41383.325      -41393.011      -41381.762      -41355.333
    Nonbonded_P        -166.173        -166.619        -163.657        -164.616        -163.641
    Nonbonded_W      -39998.676      -39968.571      -39971.429      -39964.054      -39941.186
   Nonbonded_PW       -1239.638       -1248.135       -1257.925       -1253.092       -1250.506
             LJ        5927.600        5935.140        5944.885        5940.326        5911.808
           LJ_P         -21.787         -22.294         -22.870         -21.442         -20.986
           LJ_W        6050.711        6055.852        6063.860        6059.012        6031.876
          LJ_PW        -101.324         -98.418         -96.105         -97.244         -99.082
           LJ14          28.296          28.701          28.541          28.676          29.740
         LJ14_P          28.296          28.701          28.541          28.676          29.740
           LJsr        6082.504        6089.566        6099.560        6094.817        6065.285
         LJsr_P         -49.831         -50.744         -51.159         -49.867         -50.474
         LJsr_W        6220.112        6225.186        6233.276        6228.384        6201.293
        LJsr_PW         -87.777         -84.876         -82.557         -83.700         -85.534
           LJlr        -183.199        -183.126        -183.216        -183.168        -183.217
         LJlr_P          -0.252          -0.251          -0.252          -0.251          -0.252
         LJlr_W        -169.401        -169.334        -169.417        -169.373        -169.418
        LJlr_PW         -13.546         -13.541         -13.547         -13.544         -13.547
             EE      -47332.087      -47318.465      -47337.896      -47322.088      -47267.141
           EE_P        -144.386        -144.324        -140.786        -143.173        -142.655
           EE_W      -46049.387      -46024.423      -46035.289      -46023.065      -45973.062
          EE_PW       -1138.314       -1149.718       -1161.821       -1155.850       -1151.424
           EE14         336.922         329.400         335.999         334.469         334.378
         EE14_P         336.922         329.400         335.999         334.469         334.378
           EEsr      -43139.591      -43122.054      -43146.672      -43127.459      -43074.768
         EEsr_P         -80.897         -79.760         -80.118         -81.090         -79.053
         EEsr_W      -42293.121      -42272.081      -42286.836      -42269.352      -42220.462
        EEsr_PW        -765.573        -770.213        -779.718        -777.017        -775.253
           EElr       -4529.417       -4525.812       -4527.223       -4529.099       -4526.750
         EElr_P        -400.411        -393.965        -396.667        -396.552        -397.980
         EElr_W       -3756.266       -3752.342       -3748.453       -3753.713       -3752.600
        EElr_PW        -372.740        -379.505        -382.103        -378.834        -376.170
         Bonded         250.929         256.703         257.840         253.707         252.129
       Bonded_P         250.929         256.703         257.840         253.707         252.129
           Bond          55.005          55.407          55.853          54.570          54.836
         Bond_P          55.005          55.407          55.853          54.570          54.836
          Angle         124.791         127.081         129.773         125.968         126.316
        Angle_P         124.791         127.081         129.773         125.968         126.316
            Dih          60.426          63.293          61.169          61.963          59.822
          Dih_P          60.426          63.293          61.169          61.963          59.822
            Imp          10.707          10.922          11.045          11.205          11.155
          Imp_P          10.707          10.922          11.045          11.205          11.155
             PV           1.865           1.866           1.865           1.866           1.865
           PV_P           1.865           1.866           1.865           1.866           1.865
           PV_W           1.865           1.866           1.865           1.866           1.865
          PV_PW          -1.865          -1.866          -1.865          -1.866          -1.865
