             PE      -59561.303      -59513.814      -59509.948      -59579.830      -59568.493
           PE_P       -1309.812       -1283.065       -1292.553       -1307.238       -1304.115
           PE_W      -56788.035      -56723.906      -56682.569      -56800.791      -56782.095
          PE_PW       -1463.456       -1506.843       -1534.826       -1471.801       -1482.283
            PE2      -59561.304      -59513.812      -59509.950      -59579.828      -59568.493
          PE2_P       -1309.812       -1283.065       -1292.553       -1307.238       -1304.115
          PE2_W      -56788.036      -56723.906      -56682.570      -56800.793      -56782.094
         PE2_PW       -1463.456       -1506.841       -1534.827       -1471.797       -1482.284
      Nonbonded      -60106.391      -60064.353      -60038.918      -60118.849      -60111.687
    Nonbonded_P       -1854.899       -1833.605       -1821.521       -1846.259       -1847.308
    Nonbonded_W      -56788.036      -56723.906      -56682.570      -56800.793      -56782.094
   Nonbonded_PW       -1463.456       -1506.842       -1534.827       -1471.797       -1482.285
             LJ        8336.823        8397.705        8335.396        8339.611        8363.778
           LJ_P         -40.021         -35.131         -38.902         -36.526         -38.224
           LJ_W        8549.422        8611.195        8545.473        8550.590        8576.259
          LJ_PW        -172.578        -178.359        -171.175        -174.453        -174.257
           LJ14          47.937          50.413          50.817          51.220          50.274
         LJ14_P          47.937          50.413          50.817          51.220          50.274
           LJsr        8549.480        8608.094        8544.986        8549.103        8574.226
         LJsr_P         -87.545         -85.131         -89.307         -87.334         -88.085
         LJsr_W        8789.164        8851.129        8785.043        8790.442        8816.119
        LJsr_PW        -152.139        -157.904        -150.750        -154.005        -153.808
           LJlr        -260.594        -260.802        -260.406        -260.712        -260.722
         LJlr_P          -0.413          -0.413          -0.413          -0.413          -0.413
         LJlr_W        -239.742        -239.934        -239.570        -239.852        -239.861
        LJlr_PW         -20.439         -20.455         -20.423         -20.447         -20.448
             EE      -68443.215      -68462.058      -68374.314      -68458.460      -68475.465
           EE_P       -1814.879       -1798.474       -1782.618       -1809.733       -1809.084
           EE_W      -65337.458      -65335.101      -65228.043      -65351.383      -65358.353
          EE_PW       -1290.878       -1328.483       -1363.653       -1297.344       -1308.028
           EE14       -2850.462       -2831.305       -2834.780       -2839.527       -2827.704
         EE14_P       -2850.462       -2831.305       -2834.780       -2839.527       -2827.704
           EEsr      -60409.493      -60428.987      -60349.233      -60431.073      -60439.271
         EEsr_P         237.383         233.825         242.956         238.829         228.790
         EEsr_W      -59878.782      -59895.101      -59794.685      -59887.595      -59894.395
        EEsr_PW        -768.094        -767.711        -797.504        -782.307        -773.666
           EElr       -5183.260       -5201.766       -5190.301       -5187.860       -5208.490
         EElr_P         798.200         799.006         809.206         790.965         789.830
         EElr_W       -5458.676       -5440.000       -5433.358       -5463.788       -5463.958
        EElr_PW        -522.784        -560.772        -566.149        -515.037        -534.362
         Bonded         545.087         550.540         528.968         539.021         543.193
       Bonded_P         545.087         550.540         528.968         539.021         543.193
           Bond         116.478         118.966         111.977         114.835         112.082
         Bond_P         116.478         118.966         111.977         114.835         112.082
          Angle         218.964         219.777         210.299         216.535         222.680
        Angle_P         218.964         219.777         210.299         216.535         222.680
            Dih         193.255         194.975         191.154         191.485         191.886
          Dih_P         193.255         194.975         191.154         191.485         191.886
            Imp          16.390          16.821          15.539          16.166          16.546
          Imp_P          16.390          16.821          15.539          16.166          16.546
             PV           2.648           2.646           2.650           2.647           2.647
           PV_P           2.648           2.646           2.650           2.647           2.647
           PV_W           2.648           2.646           2.650           2.647           2.647
          PV_PW          -2.648          -2.646          -2.650          -2.647          -2.647
