             PE      -59566.220      -59556.339      -59562.940      -59567.416      -59569.573
           PE_P       -1356.144       -1359.532       -1368.858       -1355.649       -1359.757
           PE_W      -56807.503      -56801.809      -56812.315      -56808.231      -56812.229
          PE_PW       -1402.573       -1394.998       -1381.767       -1403.536       -1397.587
            PE2      -59566.220      -59556.339      -59562.940      -59567.416      -59569.573
          PE2_P       -1356.144       -1359.532       -1368.858       -1355.649       -1359.757
          PE2_W      -56807.503      -56801.809      -56812.315      -56808.231      -56812.229
         PE2_PW       -1402.573       -1394.998       -1381.767       -1403.536       -1397.587
      Nonbonded      -60093.627      -60083.163      -60091.018      -60095.426      -60095.519
    Nonbonded_P       -1883.551       -1886.355       -1896.937       -1883.659       -1885.703
    Nonbonded_W      -56807.503      -56801.809      -56812.315      -56808.231      -56812.229
   Nonbonded_PW       -1402.573       -1394.999       -1381.766       -1403.536       -1397.587
             LJ        8358.041        8364.042        8364.046        8359.655        8361.947
           LJ_P         -33.867         -33.742         -34.530         -33.807         -33.269
           LJ_W        8565.802        8572.060        8573.625        8568.737        8569.925
          LJ_PW        -173.894        -174.276        -175.049        -175.275        -174.709
           LJ14          54.466          54.428          53.989          54.670          54.832
         LJ14_P          54.466          54.428          53.989          54.670          54.832
           LJsr        8564.250        8570.223        8570.737        8565.658        8567.747
         LJsr_P         -87.920         -87.757         -88.105         -88.064         -87.688
         LJsr_W        8805.619        8811.816        8813.447        8808.553        8809.703
        LJsr_PW        -153.449        -153.836        -154.605        -154.831        -154.268
           LJlr        -260.675        -260.608        -260.680        -260.673        -260.632
         LJlr_P          -0.413          -0.413          -0.413          -0.413          -0.413
         LJlr_W        -239.817        -239.756        -239.822        -239.815        -239.778
        LJlr_PW         -20.445         -20.439         -20.445         -20.445         -20.441
             EE      -68451.667      -68447.205      -68455.064      -68455.081      -68457.466
           EE_P       -1849.684       -1852.613       -1862.407       -1849.851       -1852.434
           EE_W      -65373.305      -65373.869      -65385.940      -65376.969      -65382.155
          EE_PW       -1228.678       -1220.723       -1206.717       -1228.261       -1222.877
           EE14       -2822.419       -2826.006       -2828.795       -2828.007       -2826.250
         EE14_P       -2822.419       -2826.006       -2828.795       -2828.007       -2826.250
           EEsr      -60418.141      -60412.528      -60417.721      -60419.454      -60422.703
         EEsr_P         211.034         212.179         208.274         211.983         211.512
         EEsr_W      -59905.705      -59904.967      -59913.248      -59911.774      -59912.833
        EEsr_PW        -723.470        -719.740        -712.747        -719.663        -721.382
           EElr       -5211.107       -5208.672       -5208.548       -5207.620       -5208.513
         EElr_P         761.701         761.213         758.114         766.173         762.304
         EElr_W       -5467.599       -5468.902       -5472.692       -5465.195       -5469.322
        EElr_PW        -505.209        -500.983        -493.970        -508.598        -501.495
         Bonded         527.407         526.824         528.078         528.009         525.946
       Bonded_P         527.407         526.824         528.078         528.009         525.946
           Bond         115.391         115.604         115.362         115.277         115.337
         Bond_P         115.391         115.604         115.362         115.277         115.337
          Angle         216.218         214.462         215.269         215.439         214.585
        Angle_P         216.218         214.462         215.269         215.439         214.585
            Dih         179.860         180.715         181.330         180.963         180.009
          Dih_P         179.860         180.715         181.330         180.963         180.009
            Imp          15.938          16.043          16.117          16.330          16.015
          Imp_P          15.938          16.043          16.117          16.330          16.015
             PV           2.647           2.648           2.647           2.647           2.647
           PV_P           2.647           2.648           2.647           2.647           2.647
           PV_W           2.647           2.648           2.647           2.647           2.647
          PV_PW          -2.647          -2.648          -2.647          -2.647          -2.647
