             PE      -58867.311      -58855.688      -58876.969      -58879.251      -58853.113
           PE_P       -1248.710       -1249.178       -1237.905       -1254.990       -1275.499
           PE_W      -55563.087      -55562.075      -55566.186      -55588.816      -55586.552
          PE_PW       -2055.514       -2044.435       -2072.878       -2035.445       -1991.062
            PE2      -58867.311      -58855.687      -58876.968      -58879.251      -58853.113
          PE2_P       -1248.710       -1249.178       -1237.905       -1254.990       -1275.499
          PE2_W      -55563.086      -55562.075      -55566.186      -55588.816      -55586.552
         PE2_PW       -2055.515       -2044.434       -2072.877       -2035.445       -1991.062
      Nonbonded      -59378.509      -59367.143      -59388.820      -59389.031      -59367.358
    Nonbonded_P       -1759.908       -1760.634       -1749.757       -1764.770       -1789.744
    Nonbonded_W      -55563.086      -55562.075      -55566.186      -55588.816      -55586.552
   Nonbonded_PW       -2055.515       -2044.434       -2072.877       -2035.445       -1991.062
             LJ        8219.857        8235.937        8225.244        8251.571        8247.107
           LJ_P         -38.370         -39.067         -38.678         -38.855         -37.499
           LJ_W        8403.004        8419.334        8406.158        8434.462        8431.854
          LJ_PW        -144.777        -144.330        -142.236        -144.036        -147.248
           LJ14          44.543          44.263          44.789          44.738          44.436
         LJ14_P          44.543          44.263          44.789          44.738          44.436
           LJsr        8432.162        8448.457        8437.185        8463.507        8459.347
         LJsr_P         -82.495         -82.911         -83.049         -83.175         -81.517
         LJsr_W        8639.044        8655.313        8642.089        8670.341        8667.736
        LJsr_PW        -124.387        -123.945        -121.855        -123.659        -126.872
           LJlr        -256.849        -256.783        -256.730        -256.674        -256.676
         LJlr_P          -0.418          -0.418          -0.418          -0.418          -0.418
         LJlr_W        -236.040        -235.979        -235.931        -235.879        -235.882
        LJlr_PW         -20.391         -20.386         -20.381         -20.377         -20.376
             EE      -67598.366      -67603.080      -67614.064      -67640.602      -67614.465
           EE_P       -1721.538       -1721.567       -1711.079       -1725.915       -1752.245
           EE_W      -63966.090      -63981.409      -63972.344      -64023.278      -64018.406
          EE_PW       -1910.738       -1900.104       -1930.641       -1891.409       -1843.814
           EE14       -2962.462       -2958.951       -2957.987       -2959.434       -2961.464
         EE14_P       -2962.462       -2958.951       -2957.987       -2959.434       -2961.464
           EEsr      -59546.147      -59553.913      -59563.249      -59591.190      -59563.855
         EEsr_P         245.448         248.091         246.379         240.731         239.698
         EEsr_W      -58765.176      -58773.805      -58777.555      -58817.353      -58794.876
        EEsr_PW       -1026.419       -1028.199       -1032.073       -1014.568       -1008.677
           EElr       -5089.757       -5090.216       -5092.829       -5089.978       -5089.147
         EElr_P         995.476         989.293        1000.529         992.787         969.521
         EElr_W       -5200.914       -5207.604       -5194.789       -5205.925       -5223.530
        EElr_PW        -884.319        -871.905        -898.569        -876.840        -835.138
         Bonded         511.198         511.456         511.852         509.780         514.245
       Bonded_P         511.198         511.456         511.852         509.780         514.245
           Bond         103.078         100.742         102.264         100.645         102.397
         Bond_P         103.078         100.742         102.264         100.645         102.397
          Angle         216.785         217.950         216.758         216.985         218.394
        Angle_P         216.785         217.950         216.758         216.985         218.394
            Dih         175.175         176.324         176.382         175.345         176.690
          Dih_P         175.175         176.324         176.382         175.345         176.690
            Imp          16.160          16.439          16.448          16.804          16.764
          Imp_P          16.160          16.439          16.448          16.804          16.764
             PV           2.599           2.600           2.601           2.601           2.601
           PV_P           2.599           2.600           2.601           2.601           2.601
           PV_W           2.599           2.600           2.601           2.601           2.601
          PV_PW          -2.599          -2.600          -2.601          -2.601          -2.601
