             PE      -69042.846      -69037.282      -69045.673      -69010.593      -69024.361
           PE_P        -367.594        -374.787        -377.400        -365.930        -363.464
           PE_W      -67591.635      -67583.969      -67583.813      -67549.351      -67565.855
          PE_PW       -1083.617       -1078.526       -1084.460       -1095.312       -1095.042
            PE2      -69042.845      -69037.282      -69045.673      -69010.592      -69024.362
          PE2_P        -367.594        -374.787        -377.400        -365.930        -363.464
          PE2_W      -67591.635      -67583.969      -67583.813      -67549.350      -67565.856
         PE2_PW       -1083.616       -1078.526       -1084.460       -1095.312       -1095.042
      Nonbonded      -69426.531      -69424.950      -69428.562      -69393.918      -69411.919
    Nonbonded_P        -751.280        -762.456        -760.289        -749.255        -751.022
    Nonbonded_W      -67591.635      -67583.969      -67583.813      -67549.350      -67565.856
   Nonbonded_PW       -1083.616       -1078.525       -1084.460       -1095.313       -1095.041
             LJ       10000.974       10008.454       10023.551       10000.321       10029.707
           LJ_P         -11.194         -11.617         -10.566         -10.341         -11.532
           LJ_W       10197.918       10206.496       10224.044       10195.116       10227.724
          LJ_PW        -185.750        -186.425        -189.927        -184.454        -186.485
           LJ14          55.144          54.097          55.263          55.469          54.315
         LJ14_P          55.144          54.097          55.263          55.469          54.315
           LJsr       10251.524       10260.246       10274.347       10250.750       10281.213
         LJsr_P         -66.041         -65.417         -65.532         -65.513         -65.550
         LJsr_W       10484.388       10493.150       10510.857       10481.778       10514.313
        LJsr_PW        -166.823        -167.487        -170.978        -165.515        -167.550
           LJlr        -305.693        -305.889        -306.059        -305.898        -305.820
         LJlr_P          -0.297          -0.297          -0.297          -0.297          -0.297
         LJlr_W        -286.470        -286.653        -286.813        -286.662        -286.589
        LJlr_PW         -18.926         -18.939         -18.949         -18.939         -18.934
             EE      -79427.506      -79433.405      -79452.113      -79394.239      -79441.627
           EE_P        -740.086        -750.839        -749.723        -738.915        -739.490
           EE_W      -77789.553      -77790.465      -77807.857      -77744.467      -77793.580
          EE_PW        -897.867        -892.101        -894.533        -910.857        -908.557
           EE14       -1061.114       -1070.808       -1064.707       -1066.066       -1066.819
         EE14_P       -1061.114       -1070.808       -1064.707       -1066.066       -1066.819
           EEsr      -71982.316      -71980.383      -72000.435      -71943.901      -71986.950
         EEsr_P          67.342          69.377          65.780          69.857          70.337
         EEsr_W      -71460.826      -71460.099      -71479.635      -71420.188      -71465.558
        EEsr_PW        -588.832        -589.661        -586.580        -593.570        -591.729
           EElr       -6384.076       -6382.214       -6386.971       -6384.272       -6387.857
         EElr_P         253.686         250.592         249.204         257.294         256.992
         EElr_W       -6328.727       -6330.365       -6328.222       -6324.278       -6328.022
        EElr_PW        -309.035        -302.441        -307.953        -317.288        -316.827
         Bonded         383.686         387.669         382.889         383.325         387.558
       Bonded_P         383.686         387.669         382.889         383.325         387.558
           Bond          83.756          86.035          83.343          84.511          84.498
         Bond_P          83.756          86.035          83.343          84.511          84.498
          Angle         172.431         175.723         171.152         170.517         176.352
        Angle_P         172.431         175.723         171.152         170.517         176.352
            Dih         113.890         113.013         114.439         114.389         112.808
          Dih_P         113.890         113.013         114.439         114.389         112.808
            Imp          13.609          12.898          13.955          13.909          13.899
          Imp_P          13.609          12.898          13.955          13.909          13.899
             PV           3.147           3.145           3.143           3.145           3.146
           PV_P           3.147           3.145           3.143           3.145           3.146
           PV_W           3.147           3.145           3.143           3.145           3.146
          PV_PW          -3.147          -3.145          -3.143          -3.145          -3.146
