             PE      -39311.357      -39296.374      -39271.591      -39343.643      -39302.939
           PE_P         236.169         247.820         243.572         242.817         235.417
           PE_W      -38984.889      -38965.861      -38949.616      -39018.244      -38972.760
          PE_PW        -562.637        -578.333        -565.547        -568.216        -565.596
            PE2      -39311.356      -39296.374      -39271.592      -39343.642      -39302.938
          PE2_P         236.169         247.820         243.572         242.817         235.417
          PE2_W      -38984.890      -38965.862      -38949.617      -39018.242      -38972.761
         PE2_PW        -562.635        -578.332        -565.547        -568.217        -565.594
      Nonbonded      -39495.901      -39484.438      -39461.718      -39532.548      -39487.454
    Nonbonded_P          51.624          59.755          53.445          53.911          50.901
    Nonbonded_W      -38984.890      -38965.862      -38949.617      -39018.242      -38972.761
   Nonbonded_PW        -562.635        -578.331        -565.546        -568.217        -565.594
             LJ        5796.480        5719.022        5715.059        5711.647        5771.119
           LJ_P         -11.323          -8.989         -11.999          -9.614         -11.241
           LJ_W        5932.151        5855.405        5850.583        5847.241        5908.103
          LJ_PW        -124.348        -127.394        -123.525        -125.980        -125.743
           LJ14          27.859          29.291          26.818          28.809          26.741
         LJ14_P          27.859          29.291          26.818          28.809          26.741
           LJsr        5945.973        5866.956        5865.536        5860.267        5921.722
         LJsr_P         -38.997         -38.094         -38.632         -38.238         -37.796
         LJsr_W        6097.694        6020.828        6016.072        6012.855        6073.637
        LJsr_PW        -112.724        -115.778        -111.904        -114.350        -114.119
           LJlr        -177.352        -177.224        -177.295        -177.429        -177.343
         LJlr_P          -0.185          -0.185          -0.185          -0.185          -0.185
         LJlr_W        -165.543        -165.423        -165.490        -165.614        -165.534
        LJlr_PW         -11.624         -11.616         -11.620         -11.630         -11.624
             EE      -45292.381      -45203.461      -45176.778      -45244.195      -45258.574
           EE_P          62.947          68.744          65.444          63.525          62.141
           EE_W      -44917.042      -44821.267      -44800.199      -44865.483      -44880.864
          EE_PW        -438.286        -450.938        -442.023        -442.237        -439.851
           EE14         537.627         535.054         533.457         533.085         535.873
         EE14_P         537.627         535.054         533.457         533.085         535.873
           EEsr      -41770.943      -41678.864      -41650.541      -41718.503      -41733.599
         EEsr_P         -74.771         -71.117         -71.002         -72.054         -73.877
         EEsr_W      -41354.537      -41259.480      -41236.737      -41302.534      -41318.269
        EEsr_PW        -341.635        -348.267        -342.802        -343.915        -341.453
           EElr       -4059.065       -4059.651       -4059.693       -4058.778       -4060.847
         EElr_P        -399.910        -395.193        -397.010        -397.506        -399.854
         EElr_W       -3562.505       -3561.787       -3563.463       -3562.949       -3562.595
        EElr_PW         -96.650        -102.671         -99.220         -98.323         -98.398
         Bonded         184.545         188.064         190.127         188.906         184.516
       Bonded_P         184.545         188.064         190.127         188.906         184.516
           Bond          45.649          46.339          43.755          44.352          44.888
         Bond_P          45.649          46.339          43.755          44.352          44.888
          Angle         111.134         114.829         116.947         116.280         113.736
        Angle_P         111.134         114.829         116.947         116.280         113.736
            Dih          19.819          18.922          21.599          20.739          18.562
          Dih_P          19.819          18.922          21.599          20.739          18.562
            Imp           7.943           7.974           7.826           7.535           7.330
          Imp_P           7.943           7.974           7.826           7.535           7.330
             PV           1.822           1.823           1.822           1.821           1.822
           PV_P           1.822           1.823           1.822           1.821           1.822
           PV_W           1.822           1.823           1.822           1.821           1.822
          PV_PW          -1.822          -1.823          -1.822          -1.821          -1.822
