             PE      -39351.347      -39358.152      -39340.868      -39338.253      -39337.925
           PE_P         413.177         412.695         408.880         408.682         415.069
           PE_W      -38772.219      -38775.138      -38756.413      -38757.421      -38761.150
          PE_PW        -992.305        -995.709        -993.335        -989.514        -991.844
            PE2      -39351.347      -39358.152      -39340.868      -39338.254      -39337.924
          PE2_P         413.177         412.695         408.880         408.682         415.069
          PE2_W      -38772.219      -38775.138      -38756.413      -38757.420      -38761.150
         PE2_PW        -992.305        -995.709        -993.335        -989.516        -991.843
      Nonbonded      -39560.593      -39567.709      -39549.705      -39547.463      -39552.499
    Nonbonded_P         203.930         203.139         200.044         199.472         200.494
    Nonbonded_W      -38772.219      -38775.138      -38756.413      -38757.420      -38761.150
   Nonbonded_PW        -992.304        -995.710        -993.336        -989.515        -991.843
             LJ        5726.348        5759.245        5733.772        5736.963        5737.648
           LJ_P         -21.751         -22.321         -22.507         -21.239         -22.825
           LJ_W        5845.326        5877.658        5852.173        5857.500        5855.064
          LJ_PW         -97.227         -96.092         -95.894         -99.298         -94.591
           LJ14          28.877          28.242          28.684          28.192          28.148
         LJ14_P          28.877          28.242          28.684          28.192          28.148
           LJsr        5873.981        5907.515        5881.581        5885.302        5885.955
         LJsr_P         -50.406         -50.340         -50.969         -49.209         -50.751
         LJsr_W        6009.068        6041.402        6015.899        6021.262        6018.754
        LJsr_PW         -84.681         -83.547         -83.349         -86.751         -82.048
           LJlr        -176.510        -176.512        -176.493        -176.532        -176.454
         LJlr_P          -0.222          -0.222          -0.222          -0.222          -0.222
         LJlr_W        -163.742        -163.744        -163.726        -163.762        -163.691
        LJlr_PW         -12.546         -12.546         -12.545         -12.548         -12.541
             EE      -45286.941      -45326.954      -45283.477      -45284.426      -45290.147
           EE_P         225.681         225.459         222.550         220.711         223.319
           EE_W      -44617.546      -44652.797      -44608.585      -44614.920      -44616.214
          EE_PW        -895.076        -899.616        -897.442        -890.217        -897.252
           EE14         727.174         725.109         724.458         726.187         724.630
         EE14_P         727.174         725.109         724.458         726.187         724.630
           EEsr      -41646.708      -41684.206      -41642.075      -41641.814      -41646.333
         EEsr_P         -90.023         -88.557         -90.296         -92.104         -89.889
         EEsr_W      -40949.840      -40984.415      -40942.556      -40945.731      -40947.438
        EEsr_PW        -606.845        -611.234        -609.223        -603.979        -609.006
           EElr       -4367.407       -4367.857       -4365.860       -4368.799       -4368.445
         EElr_P        -411.469        -411.094        -411.611        -413.372        -411.422
         EElr_W       -3667.705       -3668.382       -3666.030       -3669.189       -3668.776
        EElr_PW        -288.233        -288.381        -288.219        -286.238        -288.247
         Bonded         209.247         209.557         208.836         209.210         214.575
       Bonded_P         209.247         209.557         208.836         209.210         214.575
           Bond          52.490          51.710          51.450          52.152          53.178
         Bond_P          52.490          51.710          51.450          52.152          53.178
          Angle         121.874         122.895         122.258         122.649         124.943
        Angle_P         121.874         122.895         122.258         122.649         124.943
            Dih          25.825          25.863          25.301          24.901          27.049
          Dih_P          25.825          25.863          25.301          24.901          27.049
            Imp           9.058           9.088           9.828           9.507           9.405
          Imp_P           9.058           9.088           9.828           9.507           9.405
             PV           1.805           1.805           1.805           1.805           1.806
           PV_P           1.805           1.805           1.805           1.805           1.806
           PV_W           1.805           1.805           1.805           1.805           1.806
          PV_PW          -1.805          -1.805          -1.805          -1.805          -1.806
