             PE      -39365.841      -39319.299      -39425.093      -39367.360      -39341.675
           PE_P         463.182         473.142         478.930         470.229         454.073
           PE_W      -38737.423      -38691.909      -38786.013      -38728.494      -38709.776
          PE_PW       -1091.600       -1100.532       -1118.010       -1109.095       -1085.972
            PE2      -39365.842      -39319.298      -39425.094      -39367.362      -39341.674
          PE2_P         463.182         473.142         478.930         470.229         454.073
          PE2_W      -38737.424      -38691.911      -38786.012      -38728.494      -38709.777
         PE2_PW       -1091.600       -1100.529       -1118.012       -1109.097       -1085.970
      Nonbonded      -39573.217      -39533.145      -39638.618      -39577.431      -39544.903
    Nonbonded_P         255.806         259.295         265.405         260.160         250.844
    Nonbonded_W      -38737.424      -38691.911      -38786.012      -38728.494      -38709.777
   Nonbonded_PW       -1091.599       -1100.529       -1118.011       -1109.097       -1085.970
             LJ        5779.074        5716.282        5751.546        5768.856        5744.836
           LJ_P         -16.122         -14.048         -17.461         -17.435         -16.553
           LJ_W        5889.015        5828.977        5866.029        5881.709        5858.877
          LJ_PW         -93.819         -98.647         -97.022         -95.418         -97.488
           LJ14          25.212          25.426          23.563          24.610          25.071
         LJ14_P          25.212          25.426          23.563          24.610          25.071
           LJsr        5930.325        5867.554        5904.697        5920.955        5896.418
         LJsr_P         -41.112         -39.252         -40.802         -41.822         -41.402
         LJsr_W        6052.715        5992.894        6029.961        6045.636        6022.752
        LJsr_PW         -81.278         -86.088         -84.462         -82.859         -84.932
           LJlr        -176.464        -176.698        -176.714        -176.709        -176.653
         LJlr_P          -0.222          -0.222          -0.222          -0.222          -0.222
         LJlr_W        -163.699        -163.917        -163.932        -163.927        -163.875
        LJlr_PW         -12.543         -12.559         -12.560         -12.560         -12.556
             EE      -45352.291      -45249.427      -45390.164      -45346.287      -45289.739
           EE_P         271.928         273.343         282.867         277.594         267.397
           EE_W      -44626.440      -44520.889      -44652.041      -44610.203      -44568.653
          EE_PW        -997.779       -1001.881       -1020.990       -1013.678        -988.483
           EE14         771.706         770.552         780.909         787.142         769.476
         EE14_P         771.706         770.552         780.909         787.142         769.476
           EEsr      -41726.439      -41625.551      -41766.547      -41724.135      -41666.840
         EEsr_P         -81.223         -82.302         -80.366         -86.222         -81.126
         EEsr_W      -40966.944      -40868.337      -41002.268      -40958.966      -40914.195
        EEsr_PW        -678.272        -674.912        -683.913        -678.947        -671.519
           EElr       -4397.558       -4394.428       -4404.527       -4409.294       -4392.375
         EElr_P        -418.555        -414.907        -417.677        -423.325        -420.953
         EElr_W       -3659.495       -3652.551       -3649.773       -3651.237       -3654.458
        EElr_PW        -319.508        -326.970        -337.077        -334.732        -316.964
         Bonded         207.376         213.847         213.524         210.069         203.229
       Bonded_P         207.376         213.847         213.524         210.069         203.229
           Bond          52.151          50.811          54.486          51.448          49.229
         Bond_P          52.151          50.811          54.486          51.448          49.229
          Angle         125.486         128.369         127.554         125.761         124.240
        Angle_P         125.486         128.369         127.554         125.761         124.240
            Dih          20.654          24.210          22.928          23.195          20.383
          Dih_P          20.654          24.210          22.928          23.195          20.383
            Imp           9.085          10.456           8.556           9.665           9.377
          Imp_P           9.085          10.456           8.556           9.665           9.377
             PV           1.806           1.803           1.803           1.803           1.804
           PV_P           1.806           1.803           1.803           1.803           1.804
           PV_W           1.806           1.803           1.803           1.803           1.804
          PV_PW          -1.806          -1.803          -1.803          -1.803          -1.804
