             PE      -50987.625      -50970.352      -50988.724      -50991.105      -50997.916
           PE_P         -59.891         -60.431         -56.928         -58.627         -63.849
           PE_W      -49567.391      -49547.318      -49566.317      -49568.319      -49582.091
          PE_PW       -1360.343       -1362.603       -1365.479       -1364.159       -1351.976
            PE2      -50987.626      -50970.353      -50988.724      -50991.105      -50997.915
          PE2_P         -59.891         -60.431         -56.928         -58.627         -63.849
          PE2_W      -49567.390      -49547.318      -49566.317      -49568.319      -49582.090
         PE2_PW       -1360.345       -1362.604       -1365.479       -1364.159       -1351.976
      Nonbonded      -51336.408      -51316.115      -51335.213      -51336.709      -51346.908
    Nonbonded_P        -408.673        -406.193        -403.417        -404.231        -412.842
    Nonbonded_W      -49567.390      -49547.318      -49566.317      -49568.319      -49582.090
   Nonbonded_PW       -1360.345       -1362.604       -1365.479       -1364.159       -1351.976
             LJ        7345.389        7355.783        7356.580        7362.010        7370.131
           LJ_P         -14.476         -15.851         -13.717         -13.694         -15.308
           LJ_W        7490.634        7496.341        7495.781        7502.828        7512.783
          LJ_PW        -130.769        -124.707        -125.484        -127.124        -127.344
           LJ14          59.124          58.507          59.390          60.728          58.848
         LJ14_P          59.124          58.507          59.390          60.728          58.848
           LJsr        7514.007        7524.967        7524.980        7529.051        7539.068
         LJsr_P         -73.249         -74.007         -72.755         -74.071         -73.805
         LJsr_W        7700.307        7705.966        7705.497        7712.525        7722.495
        LJsr_PW        -113.051        -106.992        -107.762        -109.403        -109.622
           LJlr        -227.743        -227.691        -227.790        -227.769        -227.785
         LJlr_P          -0.351          -0.351          -0.351          -0.351          -0.351
         LJlr_W        -209.673        -209.625        -209.716        -209.697        -209.712
        LJlr_PW         -17.719         -17.715         -17.723         -17.721         -17.722
             EE      -58681.796      -58671.898      -58691.793      -58698.719      -58717.039
           EE_P        -394.197        -390.342        -389.700        -390.537        -397.534
           EE_W      -57058.024      -57043.658      -57062.098      -57071.147      -57094.873
          EE_PW       -1229.575       -1237.898       -1239.995       -1237.035       -1224.632
           EE14         465.031         455.710         465.224         472.115         453.046
         EE14_P         465.031         455.710         465.224         472.115         453.046
           EEsr      -53440.200      -53427.854      -53450.743      -53459.459      -53472.022
         EEsr_P        -180.716        -174.741        -179.703        -184.983        -176.107
         EEsr_W      -52432.571      -52420.602      -52440.308      -52449.366      -52469.666
        EEsr_PW        -826.913        -832.511        -830.732        -825.110        -826.249
           EElr       -5706.628       -5699.753       -5706.273       -5711.375       -5698.063
         EElr_P        -678.513        -671.311        -675.221        -677.669        -674.473
         EElr_W       -4625.454       -4623.056       -4621.789       -4621.781       -4625.208
        EElr_PW        -402.661        -405.386        -409.263        -411.925        -398.382
         Bonded         348.782         345.762         346.489         345.604         348.993
       Bonded_P         348.782         345.762         346.489         345.604         348.993
           Bond          73.921          73.785          73.661          73.278          74.085
         Bond_P          73.921          73.785          73.661          73.278          74.085
          Angle         165.037         163.400         162.805         162.643         166.046
        Angle_P         165.037         163.400         162.805         162.643         166.046
            Dih          97.420          96.822          97.383          97.423          96.143
          Dih_P          97.420          96.822          97.383          97.423          96.143
            Imp          12.404          11.755          12.640          12.260          12.719
          Imp_P          12.404          11.755          12.640          12.260          12.719
             PV           2.318           2.319           2.318           2.318           2.318
           PV_P           2.318           2.319           2.318           2.318           2.318
           PV_W           2.318           2.319           2.318           2.318           2.318
          PV_PW          -2.318          -2.319          -2.318          -2.318          -2.318
