             PE      -39377.664      -39441.002      -39408.870      -39384.558      -39375.738
           PE_P        -171.590        -184.251        -180.667        -180.984        -177.249
           PE_W      -38531.396      -38584.815      -38557.207      -38549.880      -38531.256
          PE_PW        -674.678        -671.936        -670.996        -653.694        -667.233
            PE2      -39377.662      -39441.002      -39408.871      -39384.557      -39375.738
          PE2_P        -171.590        -184.251        -180.667        -180.984        -177.249
          PE2_W      -38531.395      -38584.815      -38557.206      -38549.879      -38531.257
         PE2_PW        -674.677        -671.936        -670.998        -653.694        -667.232
      Nonbonded      -39714.144      -39763.217      -39732.819      -39712.679      -39706.562
    Nonbonded_P        -508.072        -506.465        -504.616        -509.106        -508.073
    Nonbonded_W      -38531.395      -38584.815      -38557.206      -38549.879      -38531.257
   Nonbonded_PW        -674.677        -671.937        -670.997        -653.694        -667.232
             LJ        5667.142        5677.672        5711.578        5658.551        5655.273
           LJ_P         -31.617         -30.700         -29.892         -30.777         -29.973
           LJ_W        5831.011        5841.661        5873.244        5821.879        5812.126
          LJ_PW        -132.252        -133.289        -131.774        -132.551        -126.880
           LJ14          29.920          30.327          30.530          30.920          30.959
         LJ14_P          29.920          30.327          30.530          30.920          30.959
           LJsr        5814.933        5825.229        5858.879        5805.567        5801.991
         LJsr_P         -61.257         -60.747         -60.142         -61.416         -60.652
         LJsr_W        5994.362        6005.170        6036.705        5985.437        5975.445
        LJsr_PW        -118.172        -119.194        -117.684        -118.454        -112.802
           LJlr        -177.711        -177.883        -177.830        -177.936        -177.676
         LJlr_P          -0.280          -0.280          -0.280          -0.280          -0.280
         LJlr_W        -163.351        -163.509        -163.461        -163.558        -163.319
        LJlr_PW         -14.080         -14.094         -14.089         -14.098         -14.077
             EE      -45381.286      -45440.889      -45444.398      -45371.229      -45361.835
           EE_P        -476.455        -475.765        -474.723        -478.330        -478.100
           EE_W      -44362.406      -44426.476      -44430.450      -44371.759      -44343.382
          EE_PW        -542.425        -538.648        -539.225        -521.140        -540.353
           EE14        -267.015        -299.700        -260.945        -304.158        -284.350
         EE14_P        -267.015        -299.700        -260.945        -304.159        -284.350
           EEsr      -41319.171      -41365.948      -41382.107      -41297.774      -41296.564
         EEsr_P         -38.064         -28.069         -36.813         -24.963         -36.041
         EEsr_W      -40838.333      -40904.751      -40902.465      -40848.230      -40821.328
        EEsr_PW        -442.774        -433.128        -442.829        -424.581        -439.195
           EElr       -3795.099       -3775.241       -3801.346       -3769.297       -3780.920
         EElr_P        -171.376        -147.996        -176.966        -149.208        -157.709
         EElr_W       -3524.074       -3521.724       -3527.985       -3523.529       -3522.054
        EElr_PW         -99.649        -105.521         -96.395         -96.560        -101.157
         Bonded         336.482         322.215         323.949         328.122         330.824
       Bonded_P         336.482         322.215         323.949         328.122         330.824
           Bond          67.964          63.366          61.853          61.841          64.459
         Bond_P          67.964          63.366          61.853          61.841          64.459
          Angle         146.556         139.004         142.674         145.392         146.008
        Angle_P         146.556         139.004         142.674         145.392         146.008
            Dih         109.347         108.872         108.169         109.717         108.618
          Dih_P         109.347         108.872         108.169         109.717         108.618
            Imp          12.615          10.973          11.253          11.171          11.739
          Imp_P          12.615          10.973          11.253          11.171          11.739
             PV           1.812           1.811           1.811           1.810           1.813
           PV_P           1.812           1.811           1.811           1.810           1.813
           PV_W           1.812           1.811           1.811           1.810           1.813
          PV_PW          -1.812          -1.811          -1.811          -1.810          -1.813
