             PE      -59560.804      -59561.621      -59561.702      -59560.462      -59563.337
           PE_P       -1356.806       -1353.675       -1358.206       -1355.747       -1355.511
           PE_W      -56799.341      -56797.437      -56799.567      -56801.992      -56803.736
          PE_PW       -1404.657       -1410.509       -1403.929       -1402.723       -1404.090
            PE2      -59560.804      -59561.621      -59561.701      -59560.462      -59563.337
          PE2_P       -1356.806       -1353.675       -1358.206       -1355.747       -1355.511
          PE2_W      -56799.341      -56797.436      -56799.567      -56801.992      -56803.736
         PE2_PW       -1404.657       -1410.510       -1403.928       -1402.723       -1404.090
      Nonbonded      -60086.493      -60087.823      -60087.068      -60088.772      -60090.768
    Nonbonded_P       -1882.495       -1879.877       -1883.572       -1884.057       -1882.942
    Nonbonded_W      -56799.341      -56797.436      -56799.567      -56801.992      -56803.736
   Nonbonded_PW       -1404.657       -1410.510       -1403.929       -1402.723       -1404.090
             LJ        8359.346        8367.323        8360.758        8363.439        8361.257
           LJ_P         -33.165         -33.954         -33.658         -34.383         -33.374
           LJ_W        8567.641        8576.013        8569.291        8572.687        8569.704
          LJ_PW        -175.130        -174.736        -174.875        -174.865        -175.073
           LJ14          54.765          54.402          54.783          54.454          54.843
         LJ14_P          54.765          54.402          54.783          54.454          54.843
           LJsr        8565.218        8573.586        8566.696        8569.679        8567.042
         LJsr_P         -87.517         -87.943         -88.029         -88.424         -87.804
         LJsr_W        8807.423        8815.822        8809.152        8812.522        8809.477
        LJsr_PW        -154.688        -154.293        -154.427        -154.419        -154.631
           LJlr        -260.637        -260.665        -260.722        -260.695        -260.628
         LJlr_P          -0.413          -0.413          -0.413          -0.413          -0.413
         LJlr_W        -239.782        -239.808        -239.860        -239.836        -239.774
        LJlr_PW         -20.442         -20.444         -20.449         -20.446         -20.441
             EE      -68445.839      -68455.146      -68447.825      -68452.210      -68452.025
           EE_P       -1849.331       -1845.922       -1849.914       -1849.674       -1849.568
           EE_W      -65366.982      -65373.450      -65368.858      -65374.679      -65373.439
          EE_PW       -1229.526       -1235.774       -1229.053       -1227.857       -1229.018
           EE14       -2819.168       -2822.646       -2823.830       -2823.740       -2825.991
         EE14_P       -2819.168       -2822.646       -2823.830       -2823.740       -2825.991
           EEsr      -60413.746      -60421.485      -60413.786      -60418.205      -60417.420
         EEsr_P         208.355         212.043         211.182         210.080         213.305
         EEsr_W      -59900.622      -59908.449      -59901.507      -59909.281      -59907.065
        EEsr_PW        -721.479        -725.079        -723.461        -719.004        -723.660
           EElr       -5212.925       -5211.015       -5210.209       -5210.265       -5208.613
         EElr_P         761.482         764.680         762.735         763.987         763.119
         EElr_W       -5466.360       -5465.001       -5467.351       -5465.398       -5466.374
        EElr_PW        -508.047        -510.694        -505.593        -508.854        -505.358
         Bonded         525.689         526.202         525.366         528.309         527.431
       Bonded_P         525.689         526.202         525.366         528.309         527.431
           Bond         114.419         114.909         114.676         116.298         115.006
         Bond_P         114.419         114.909         114.676         116.298         115.006
          Angle         214.700         215.158         214.151         214.223         215.045
        Angle_P         214.700         215.158         214.151         214.223         215.045
            Dih         180.732         180.277         180.678         181.681         181.260
          Dih_P         180.732         180.277         180.678         181.681         181.260
            Imp          15.837          15.859          15.861          16.107          16.120
          Imp_P          15.837          15.859          15.861          16.107          16.120
             PV           2.647           2.647           2.647           2.647           2.648
           PV_P           2.647           2.647           2.647           2.647           2.648
           PV_W           2.647           2.647           2.647           2.647           2.648
          PV_PW          -2.647          -2.647          -2.647          -2.647          -2.648
