             PE      -66591.014      -66605.721      -66549.177      -66580.361      -66610.606
           PE_P        -792.066        -819.887        -823.992        -786.760        -787.953
           PE_W      -64433.527      -64439.174      -64372.588      -64406.194      -64425.938
          PE_PW       -1365.421       -1346.660       -1352.597       -1387.407       -1396.715
            PE2      -66591.014      -66605.719      -66549.179      -66580.361      -66610.604
          PE2_P        -792.066        -819.887        -823.992        -786.760        -787.953
          PE2_W      -64433.525      -64439.174      -64372.588      -64406.195      -64425.940
         PE2_PW       -1365.423       -1346.658       -1352.599       -1387.406       -1396.711
      Nonbonded      -67012.774      -67024.639      -66962.120      -67013.583      -67036.612
    Nonbonded_P       -1213.826       -1238.807       -1236.933       -1219.982       -1213.962
    Nonbonded_W      -64433.525      -64439.174      -64372.588      -64406.195      -64425.940
   Nonbonded_PW       -1365.423       -1346.658       -1352.599       -1387.406       -1396.710
             LJ        9506.186        9533.238        9420.922        9618.806        9597.061
           LJ_P          -2.907         -11.148          -6.365         -10.266          -9.071
           LJ_W        9661.782        9705.172        9576.172        9779.503        9769.983
          LJ_PW        -152.689        -160.786        -148.885        -150.431        -163.851
           LJ14          54.602          49.408          54.976          50.944          53.120
         LJ14_P          54.602          49.408          54.976          50.944          53.120
           LJsr        9743.423        9775.085        9657.518        9859.125        9835.228
         LJsr_P         -57.227         -60.274         -61.059         -60.929         -61.910
         LJsr_W        9935.183        9978.024        9849.321       10052.363       10042.865
        LJsr_PW        -134.533        -142.665        -130.744        -132.309        -145.727
           LJlr        -291.839        -291.255        -291.571        -291.263        -291.287
         LJlr_P          -0.282          -0.281          -0.282          -0.281          -0.281
         LJlr_W        -273.400        -272.853        -273.149        -272.860        -272.883
        LJlr_PW         -18.157         -18.121         -18.140         -18.122         -18.123
             EE      -76518.960      -76557.877      -76383.042      -76632.389      -76633.673
           EE_P       -1210.918       -1227.660       -1230.567       -1209.716       -1204.890
           EE_W      -74095.308      -74144.345      -73948.760      -74185.699      -74195.923
          EE_PW       -1212.734       -1185.872       -1203.715       -1236.974       -1232.860
           EE14       -1820.190       -1813.057       -1808.010       -1819.525       -1805.933
         EE14_P       -1820.190       -1813.056       -1808.010       -1819.525       -1805.933
           EEsr      -68498.320      -68539.362      -68368.548      -68608.304      -68622.552
         EEsr_P         107.021          99.304          95.057         106.258         102.151
         EEsr_W      -67940.087      -67987.207      -67797.423      -68030.670      -68051.976
        EEsr_PW        -665.254        -651.459        -666.182        -683.892        -672.727
           EElr       -6200.450       -6205.459       -6206.484       -6204.561       -6205.188
         EElr_P         502.250         486.093         482.385         503.552         498.892
         EElr_W       -6155.221       -6157.138       -6151.337       -6155.029       -6143.946
        EElr_PW        -547.479        -534.414        -537.532        -553.084        -560.134
         Bonded         421.760         418.920         412.941         433.222         426.008
       Bonded_P         421.760         418.920         412.941         433.222         426.008
           Bond          87.406          85.035          83.494          87.673          85.668
         Bond_P          87.406          85.035          83.494          87.673          85.668
          Angle         194.018         191.286         185.598         198.840         196.227
        Angle_P         194.018         191.286         185.598         198.840         196.227
            Dih         127.227         130.372         130.418         133.350         131.723
          Dih_P         127.227         130.372         130.418         133.350         131.723
            Imp          13.108          12.227          13.431          13.359          12.390
          Imp_P          13.108          12.227          13.431          13.359          12.390
             PV           2.984           2.990           2.987           2.990           2.990
           PV_P           2.984           2.990           2.987           2.990           2.990
           PV_W           2.984           2.990           2.987           2.990           2.990
          PV_PW          -2.984          -2.990          -2.987          -2.990          -2.990
