             PE      -39215.099      -39216.969      -39217.125      -39211.036      -39215.350
           PE_P         378.103         379.924         376.820         376.951         374.568
           PE_W      -38542.572      -38542.244      -38543.198      -38537.775      -38542.404
          PE_PW       -1050.630       -1054.649       -1050.747       -1050.212       -1047.514
            PE2      -39215.099      -39216.969      -39217.125      -39211.036      -39215.350
          PE2_P         378.103         379.924         376.820         376.951         374.568
          PE2_W      -38542.572      -38542.244      -38543.198      -38537.776      -38542.404
         PE2_PW       -1050.630       -1054.649       -1050.747       -1050.211       -1047.514
      Nonbonded      -39460.779      -39462.378      -39461.741      -39454.909      -39460.046
    Nonbonded_P         132.423         134.515         132.203         133.079         129.872
    Nonbonded_W      -38542.572      -38542.244      -38543.198      -38537.776      -38542.404
   Nonbonded_PW       -1050.630       -1054.649       -1050.746       -1050.212       -1047.514
             LJ        5713.365        5714.228        5708.151        5710.134        5704.083
           LJ_P         -15.022         -14.320         -14.851         -14.830         -14.470
           LJ_W        5839.828        5839.773        5833.390        5836.939        5830.140
          LJ_PW        -111.441        -111.225        -110.388        -111.975        -111.587
           LJ14          39.044          39.708          39.367          39.133          39.372
         LJ14_P          39.044          39.708          39.367          39.133          39.372
           LJsr        5851.110        5851.343        5845.590        5847.814        5841.502
         LJsr_P         -53.788         -53.751         -53.939         -53.685         -53.564
         LJsr_W        6002.338        6002.315        5995.915        5999.471        5992.651
        LJsr_PW         -97.440         -97.221         -96.386         -97.972         -97.585
           LJlr        -176.789        -176.823        -176.806        -176.813        -176.791
         LJlr_P          -0.278          -0.278          -0.278          -0.278          -0.278
         LJlr_W        -162.510        -162.542        -162.525        -162.532        -162.511
        LJlr_PW         -14.001         -14.003         -14.003         -14.003         -14.002
             EE      -45174.144      -45176.606      -45169.892      -45165.043      -45164.129
           EE_P         147.445         148.835         147.054         147.909         144.342
           EE_W      -44382.400      -44382.017      -44376.588      -44374.715      -44372.544
          EE_PW        -939.189        -943.424        -940.358        -938.237        -935.927
           EE14         818.210         813.503         812.940         813.132         811.873
         EE14_P         818.210         813.503         812.940         813.132         811.873
           EEsr      -41467.178      -41466.907      -41460.553      -41455.593      -41453.799
         EEsr_P         -96.604         -95.196         -95.445         -95.571         -96.634
         EEsr_W      -40742.385      -40743.270      -40737.072      -40735.503      -40732.660
        EEsr_PW        -628.189        -628.441        -628.036        -624.519        -624.505
           EElr       -4525.175       -4523.202       -4522.280       -4522.581       -4522.202
         EElr_P        -574.161        -569.472        -570.442        -569.651        -570.896
         EElr_W       -3640.015       -3638.747       -3639.516       -3639.212       -3639.884
        EElr_PW        -310.999        -314.983        -312.322        -313.718        -311.422
         Bonded         245.680         245.409         244.617         243.872         244.695
       Bonded_P         245.680         245.409         244.617         243.872         244.695
           Bond          57.662          58.061          57.732          57.985          57.611
         Bond_P          57.662          58.061          57.732          57.985          57.611
          Angle         143.810         143.325         142.831         142.289         143.068
        Angle_P         143.810         143.325         142.831         142.289         143.068
            Dih          34.822          34.659          34.910          34.346          34.821
          Dih_P          34.822          34.659          34.910          34.346          34.821
            Imp           9.385           9.364           9.143           9.251           9.196
          Imp_P           9.385           9.364           9.143           9.251           9.196
             PV           1.800           1.800           1.800           1.800           1.800
           PV_P           1.800           1.800           1.800           1.800           1.800
           PV_W           1.800           1.800           1.800           1.800           1.800
          PV_PW          -1.800          -1.800          -1.800          -1.800          -1.800
