             PE      -52895.853      -52880.946      -52899.846      -52889.362      -52881.957
           PE_P        -934.203        -924.432        -926.897        -929.213        -940.446
           PE_W      -50646.226      -50624.425      -50648.363      -50635.354      -50642.040
          PE_PW       -1315.424       -1332.089       -1324.586       -1324.795       -1299.471
            PE2      -52895.853      -52880.946      -52899.846      -52889.362      -52881.957
          PE2_P        -934.203        -924.432        -926.897        -929.213        -940.446
          PE2_W      -50646.226      -50624.424      -50648.363      -50635.354      -50642.040
         PE2_PW       -1315.424       -1332.090       -1324.586       -1324.795       -1299.471
      Nonbonded      -53322.445      -53308.710      -53327.563      -53315.151      -53307.997
    Nonbonded_P       -1360.795       -1352.197       -1354.614       -1355.003       -1366.486
    Nonbonded_W      -50646.226      -50624.424      -50648.363      -50635.354      -50642.040
   Nonbonded_PW       -1315.424       -1332.089       -1324.586       -1324.794       -1299.471
             LJ        7454.959        7458.968        7470.412        7453.584        7455.704
           LJ_P         -28.912         -27.764         -29.422         -29.875         -28.647
           LJ_W        7638.690        7642.340        7655.050        7636.653        7639.022
          LJ_PW        -154.819        -155.608        -155.216        -153.194        -154.671
           LJ14          38.842          38.854          38.534          38.512          39.451
         LJ14_P          38.842          38.854          38.534          38.512          39.451
           LJsr        7647.465        7651.476        7663.166        7646.346        7647.565
         LJsr_P         -67.437         -66.300         -67.638         -68.069         -67.780
         LJsr_W        7852.679        7856.343        7868.984        7850.573        7852.978
        LJsr_PW        -137.777        -138.567        -138.180        -136.158        -137.633
           LJlr        -231.348        -231.363        -231.288        -231.273        -231.312
         LJlr_P          -0.318          -0.318          -0.318          -0.318          -0.318
         LJlr_W        -213.989        -214.003        -213.934        -213.920        -213.956
        LJlr_PW         -17.041         -17.042         -17.036         -17.035         -17.038
             EE      -60777.405      -60767.678      -60797.975      -60768.736      -60763.701
           EE_P       -1331.882       -1324.433       -1325.192       -1325.128       -1337.839
           EE_W      -58284.916      -58266.765      -58303.413      -58272.007      -58281.062
          EE_PW       -1160.607       -1176.480       -1169.370       -1171.601       -1144.800
           EE14       -2342.851       -2345.112       -2344.416       -2342.797       -2343.947
         EE14_P       -2342.851       -2345.112       -2344.416       -2342.797       -2343.947
           EEsr      -53795.669      -53785.899      -53813.125      -53787.314      -53781.132
         EEsr_P         224.516         225.999         226.041         223.861         225.438
         EEsr_W      -53409.831      -53399.905      -53430.589      -53401.480      -53401.317
        EEsr_PW        -610.354        -611.993        -608.577        -609.695        -605.253
           EElr       -4638.885       -4636.667       -4640.434       -4638.625       -4638.623
         EElr_P         786.453         794.680         793.183         793.808         780.669
         EElr_W       -4875.085       -4866.859       -4872.824       -4870.527       -4879.745
        EElr_PW        -550.253        -564.488        -560.793        -561.906        -539.547
         Bonded         426.592         427.764         427.716         425.789         426.040
       Bonded_P         426.592         427.764         427.716         425.789         426.040
           Bond          98.426          99.279          98.102          97.001          99.090
         Bond_P          98.426          99.279          98.102          97.001          99.090
          Angle         192.169         192.697         195.370         194.354         193.196
        Angle_P         192.169         192.697         195.370         194.354         193.196
            Dih         122.399         122.426         120.863         121.461         120.684
          Dih_P         122.399         122.426         120.863         121.461         120.684
            Imp          13.598          13.363          13.382          12.973          13.071
          Imp_P          13.598          13.363          13.382          12.973          13.071
             PV           2.355           2.355           2.356           2.356           2.355
           PV_P           2.355           2.355           2.356           2.356           2.355
           PV_W           2.355           2.355           2.356           2.356           2.355
          PV_PW          -2.355          -2.355          -2.356          -2.356          -2.355
