             PE      -50210.266      -50244.172      -50209.749      -50207.418      -50224.085
           PE_P        -525.637        -522.543        -519.808        -525.894        -522.710
           PE_W      -48344.720      -48371.690      -48332.989      -48343.597      -48354.532
          PE_PW       -1339.909       -1349.939       -1356.952       -1337.927       -1346.843
            PE2      -50210.266      -50244.171      -50209.749      -50207.418      -50224.085
          PE2_P        -525.637        -522.543        -519.808        -525.894        -522.710
          PE2_W      -48344.720      -48371.690      -48332.988      -48343.597      -48354.532
         PE2_PW       -1339.909       -1349.938       -1356.953       -1337.927       -1346.843
      Nonbonded      -50619.899      -50652.476      -50617.072      -50618.495      -50638.266
    Nonbonded_P        -935.270        -930.848        -927.130        -936.971        -936.891
    Nonbonded_W      -48344.720      -48371.690      -48332.988      -48343.597      -48354.532
   Nonbonded_PW       -1339.909       -1349.938       -1356.954       -1337.927       -1346.843
             LJ        7173.448        7153.280        7184.846        7164.088        7187.404
           LJ_P         -43.305         -44.350         -40.378         -45.074         -47.446
           LJ_W        7348.161        7331.587        7359.566        7339.606        7364.810
          LJ_PW        -131.408        -133.957        -134.342        -130.444        -129.960
           LJ14          48.007          48.689          49.446          48.394          48.042
         LJ14_P          48.007          48.689          49.446          48.394          48.042
           LJsr        7350.215        7329.527        7360.258        7340.448        7364.229
         LJsr_P         -90.914         -92.641         -89.426         -93.070         -95.091
         LJsr_W        7553.947        7537.521        7565.430        7545.374        7570.682
        LJsr_PW        -112.818        -115.353        -115.746        -111.856        -111.362
           LJlr        -224.774        -224.935        -224.859        -224.754        -224.868
         LJlr_P          -0.398          -0.398          -0.398          -0.398          -0.398
         LJlr_W        -205.787        -205.934        -205.864        -205.768        -205.872
        LJlr_PW         -18.589         -18.603         -18.597         -18.588         -18.598
             EE      -57793.346      -57805.756      -57801.918      -57782.582      -57825.670
           EE_P        -891.965        -886.498        -886.752        -891.897        -889.445
           EE_W      -55692.880      -55703.277      -55692.554      -55683.203      -55719.342
          EE_PW       -1208.501       -1215.981       -1222.612       -1207.482       -1216.883
           EE14        -942.914        -947.066        -938.908        -940.776        -935.574
         EE14_P        -942.914        -947.066        -938.908        -940.776        -935.574
           EEsr      -52186.349      -52196.469      -52199.648      -52175.307      -52218.802
         EEsr_P          -2.598           4.831          -2.090           2.727          -1.015
         EEsr_W      -51382.674      -51394.631      -51387.278      -51367.631      -51407.662
        EEsr_PW        -801.077        -806.669        -810.280        -810.403        -810.125
           EElr       -4664.083       -4662.221       -4663.361       -4666.500       -4671.295
         EElr_P          53.547          55.737          54.246          46.152          47.143
         EElr_W       -4310.206       -4308.646       -4305.276       -4315.572       -4311.680
        EElr_PW        -407.424        -409.312        -412.331        -397.080        -406.758
         Bonded         409.633         408.305         407.323         411.077         414.181
       Bonded_P         409.633         408.305         407.323         411.077         414.181
           Bond          83.513          83.185          82.419          83.576          84.713
         Bond_P          83.513          83.185          82.419          83.576          84.713
          Angle         176.793         177.333         177.339         179.355         178.221
        Angle_P         176.793         177.333         177.339         179.355         178.221
            Dih         134.680         134.045         133.369         134.465         136.536
          Dih_P         134.680         134.045         133.369         134.465         136.536
            Imp          14.647          13.742          14.195          13.682          14.712
          Imp_P          14.647          13.742          14.195          13.682          14.712
             PV           2.282           2.281           2.282           2.283           2.281
           PV_P           2.282           2.281           2.282           2.283           2.281
           PV_W           2.282           2.281           2.282           2.283           2.281
          PV_PW          -2.282          -2.281          -2.282          -2.283          -2.281
