             PE      -38405.263      -38321.324      -38345.176      -38378.027      -38381.496
           PE_P         331.656         344.912         338.423         339.181         343.614
           PE_W      -38216.605      -38126.049      -38154.611      -38189.642      -38198.826
          PE_PW        -520.314        -540.187        -528.988        -527.566        -526.284
            PE2      -38405.262      -38321.325      -38345.177      -38378.026      -38381.497
          PE2_P         331.656         344.912         338.423         339.181         343.614
          PE2_W      -38216.606      -38126.050      -38154.613      -38189.640      -38198.826
         PE2_PW        -520.312        -540.187        -528.987        -527.567        -526.285
      Nonbonded      -38656.208      -38576.459      -38596.608      -38634.815      -38640.324
    Nonbonded_P          80.710          89.778          86.992          82.392          84.786
    Nonbonded_W      -38216.606      -38126.050      -38154.613      -38189.640      -38198.826
   Nonbonded_PW        -520.312        -540.187        -528.987        -527.567        -526.284
             LJ        5636.863        5586.900        5630.669        5691.652        5637.425
           LJ_P          -5.795          -6.934          -4.417          -6.178          -6.166
           LJ_W        5791.089        5738.135        5783.451        5847.114        5792.293
          LJ_PW        -148.431        -144.301        -148.365        -149.284        -148.702
           LJ14          46.258          44.769          46.800          45.319          46.147
         LJ14_P          46.258          44.769          46.800          45.319          46.147
           LJsr        5766.289        5717.605        5759.549        5821.898        5766.767
         LJsr_P         -51.775         -51.426         -50.939         -51.219         -52.036
         LJsr_W        5952.442        5899.297        5944.801        6008.359        5953.467
        LJsr_PW        -134.378        -130.266        -134.313        -135.242        -134.664
           LJlr        -175.684        -175.475        -175.680        -175.565        -175.489
         LJlr_P          -0.278          -0.278          -0.278          -0.278          -0.278
         LJlr_W        -161.353        -161.162        -161.350        -161.245        -161.175
        LJlr_PW         -14.053         -14.035         -14.052         -14.042         -14.036
             EE      -44293.072      -44163.358      -44227.277      -44326.467      -44277.750
           EE_P          86.505          96.713          91.409          88.570          90.953
           EE_W      -44007.694      -43864.185      -43938.064      -44036.755      -43991.119
          EE_PW        -371.883        -395.886        -380.622        -378.282        -377.584
           EE14         732.029         730.217         733.332         723.968         725.773
         EE14_P         732.029         730.217         733.332         723.968         725.773
           EEsr      -40888.263      -40761.621      -40825.856      -40928.081      -40870.793
         EEsr_P         -80.617         -75.994         -82.637         -79.260         -77.590
         EEsr_W      -40505.438      -40372.437      -40440.498      -40543.990      -40494.004
        EEsr_PW        -302.208        -313.190        -302.721        -304.831        -299.199
           EElr       -4136.837       -4131.954       -4134.754       -4122.354       -4132.729
         EElr_P        -564.907        -557.510        -559.286        -556.138        -557.230
         EElr_W       -3502.256       -3491.748       -3497.565       -3492.765       -3497.115
        EElr_PW         -69.674         -82.696         -77.903         -73.451         -78.384
         Bonded         250.946         255.134         251.432         256.789         258.828
       Bonded_P         250.946         255.134         251.432         256.789         258.828
           Bond          54.840          59.319          55.481          55.036          57.065
         Bond_P          54.840          59.319          55.481          55.036          57.065
          Angle         152.299         150.010         147.365         153.661         155.484
        Angle_P         152.299         150.010         147.365         153.661         155.484
            Dih          34.940          38.874          39.956          39.964          38.538
          Dih_P          34.940          38.874          39.956          39.964          38.538
            Imp           8.866           6.931           8.630           8.128           7.741
          Imp_P           8.866           6.931           8.630           8.128           7.741
             PV           1.794           1.796           1.794           1.795           1.796
           PV_P           1.794           1.796           1.794           1.795           1.796
           PV_W           1.794           1.796           1.794           1.795           1.796
          PV_PW          -1.794          -1.796          -1.794          -1.795          -1.796
