             PE      -51629.240      -51700.986      -51682.640      -51699.837      -51770.592
           PE_P        -772.525        -757.923        -793.929        -723.720        -688.704
           PE_W      -49425.129      -49479.404      -49475.691      -49416.287      -49491.098
          PE_PW       -1431.586       -1463.659       -1413.020       -1559.830       -1590.790
            PE2      -51629.240      -51700.985      -51682.638      -51699.838      -51770.595
          PE2_P        -772.525        -757.923        -793.929        -723.720        -688.704
          PE2_W      -49425.129      -49479.404      -49475.689      -49416.288      -49491.093
         PE2_PW       -1431.586       -1463.658       -1413.020       -1559.830       -1590.798
      Nonbonded      -52050.429      -52131.032      -52108.037      -52119.655      -52193.771
    Nonbonded_P       -1193.714       -1187.970       -1219.328       -1143.537       -1111.881
    Nonbonded_W      -49425.129      -49479.404      -49475.689      -49416.288      -49491.093
   Nonbonded_PW       -1431.586       -1463.658       -1413.020       -1559.830       -1590.797
             LJ        7439.851        7327.451        7412.259        7403.396        7421.241
           LJ_P          -8.232         -13.856         -11.555          -9.066          -1.438
           LJ_W        7578.777        7473.128        7552.528        7542.331        7556.584
          LJ_PW        -130.694        -131.821        -128.714        -129.869        -133.905
           LJ14          57.703          59.051          57.225          57.230          64.418
         LJ14_P          57.703          59.051          57.225          57.230          64.418
           LJsr        7611.797        7498.124        7584.362        7575.621        7587.216
         LJsr_P         -65.547         -72.519         -68.392         -65.908         -65.466
         LJsr_W        7789.351        7683.772        7762.808        7752.727        7767.840
        LJsr_PW        -112.007        -113.129        -110.054        -111.198        -115.158
           LJlr        -229.649        -229.725        -229.328        -229.455        -230.393
         LJlr_P          -0.388          -0.388          -0.388          -0.388          -0.390
         LJlr_W        -210.574        -210.643        -210.280        -210.396        -211.256
        LJlr_PW         -18.687         -18.694         -18.660         -18.671         -18.747
             EE      -59490.280      -59458.483      -59520.296      -59523.050      -59615.013
           EE_P       -1185.482       -1174.114       -1207.773       -1134.471       -1110.443
           EE_W      -57003.905      -56952.532      -57028.217      -56958.619      -57047.677
          EE_PW       -1300.893       -1331.837       -1284.306       -1429.960       -1456.893
           EE14        -716.478        -730.425        -719.409        -732.605        -730.741
         EE14_P        -716.478        -730.425        -719.409        -732.605        -730.741
           EEsr      -53533.623      -53495.490      -53567.590      -53563.592      -53663.689
         EEsr_P         -83.160         -66.011         -94.215         -57.338         -52.845
         EEsr_W      -52625.078      -52567.501      -52642.623      -52608.327      -52705.054
        EEsr_PW        -825.385        -861.978        -830.752        -897.927        -905.790
           EElr       -5240.180       -5232.568       -5233.298       -5226.854       -5220.582
         EElr_P        -385.845        -377.678        -394.150        -344.528        -326.857
         EElr_W       -4378.828       -4385.031       -4385.594       -4350.292       -4342.623
        EElr_PW        -475.507        -469.859        -453.554        -532.034        -551.102
         Bonded         421.189         430.047         425.399         419.817         423.177
       Bonded_P         421.189         430.047         425.399         419.817         423.177
           Bond          82.949          81.265          84.786          81.686          75.953
         Bond_P          82.949          81.265          84.786          81.686          75.953
          Angle         195.419         197.997         201.223         190.501         199.405
        Angle_P         195.419         197.997         201.223         190.501         199.405
            Dih         128.585         136.990         126.150         133.475         133.629
          Dih_P         128.585         136.990         126.150         133.475         133.629
            Imp          14.235          13.794          13.240          14.155          14.189
          Imp_P          14.235          13.794          13.240          14.155          14.189
             PV           2.334           2.333           2.337           2.336           2.326
           PV_P           2.334           2.333           2.337           2.336           2.326
           PV_W           2.334           2.333           2.337           2.336           2.326
          PV_PW          -2.334          -2.333          -2.337          -2.336          -2.326
