             PE      -38072.992      -38082.243      -38065.500      -38070.964      -38072.782
           PE_P         403.416         402.881         402.635         403.110         401.633
           PE_W      -37913.661      -37922.875      -37908.426      -37912.111      -37915.180
          PE_PW        -562.747        -562.249        -559.709        -561.963        -559.235
            PE2      -38072.992      -38082.243      -38065.500      -38070.964      -38072.782
          PE2_P         403.416         402.881         402.635         403.110         401.633
          PE2_W      -37913.661      -37922.875      -37908.426      -37912.111      -37915.179
         PE2_PW        -562.747        -562.249        -559.709        -561.963        -559.236
      Nonbonded      -38308.422      -38317.938      -38300.424      -38305.560      -38307.535
    Nonbonded_P         167.986         167.186         167.711         168.514         166.880
    Nonbonded_W      -37913.661      -37922.875      -37908.426      -37912.111      -37915.179
   Nonbonded_PW        -562.747        -562.249        -559.709        -561.963        -559.236
             LJ        5601.115        5603.586        5601.024        5597.921        5595.033
           LJ_P         -10.610         -11.040         -10.014         -10.510         -10.394
           LJ_W        5746.900        5749.872        5745.811        5743.090        5740.352
          LJ_PW        -135.175        -135.246        -134.773        -134.659        -134.925
           LJ14          41.119          40.902          41.356          41.163          41.123
         LJ14_P          41.119          40.902          41.356          41.163          41.123
           LJsr        5734.121        5736.826        5733.788        5730.908        5728.054
         LJsr_P         -51.477         -51.689         -51.118         -51.420         -51.264
         LJsr_W        5907.412        5910.399        5906.319        5903.625        5900.881
        LJsr_PW        -121.814        -121.884        -121.413        -121.297        -121.563
           LJlr        -174.125        -174.141        -174.121        -174.150        -174.143
         LJlr_P          -0.253          -0.253          -0.253          -0.253          -0.253
         LJlr_W        -160.512        -160.527        -160.508        -160.535        -160.529
        LJlr_PW         -13.360         -13.361         -13.360         -13.362         -13.361
             EE      -43909.537      -43921.525      -43901.448      -43903.481      -43902.568
           EE_P         178.597         178.225         177.725         179.025         177.274
           EE_W      -43660.561      -43672.747      -43654.237      -43655.201      -43655.531
          EE_PW        -427.573        -427.003        -424.936        -427.305        -424.311
           EE14         705.345         702.529         703.955         704.285         701.579
         EE14_P         705.345         702.529         703.955         704.285         701.579
           EEsr      -40618.908      -40629.189      -40610.080      -40612.055      -40610.088
         EEsr_P         -85.590         -83.346         -84.044         -83.466         -83.360
         EEsr_W      -40189.001      -40200.141      -40181.134      -40182.560      -40181.975
        EEsr_PW        -344.317        -345.702        -344.902        -346.029        -344.753
           EElr       -3995.975       -3994.865       -3995.322       -3995.710       -3994.059
         EElr_P        -441.158        -440.957        -442.186        -441.794        -440.945
         EElr_W       -3471.560       -3472.606       -3473.104       -3472.641       -3473.556
        EElr_PW         -83.257         -81.302         -80.032         -81.275         -79.558
         Bonded         235.430         235.695         234.924         234.596         234.753
       Bonded_P         235.430         235.695         234.924         234.596         234.753
           Bond          54.802          54.694          54.981          54.245          54.950
         Bond_P          54.802          54.694          54.981          54.245          54.950
          Angle         137.427         137.554         137.249         137.339         137.782
        Angle_P         137.427         137.554         137.249         137.339         137.782
            Dih          35.453          35.546          34.793          35.066          34.251
          Dih_P          35.453          35.546          34.793          35.066          34.251
            Imp           7.749           7.901           7.900           7.945           7.771
          Imp_P           7.749           7.901           7.900           7.945           7.771
             PV           1.781           1.780           1.781           1.780           1.780
           PV_P           1.781           1.780           1.781           1.780           1.780
           PV_W           1.781           1.780           1.781           1.780           1.780
          PV_PW          -1.781          -1.780          -1.781          -1.780          -1.780
