             PE      -38187.018      -38176.049      -38078.501      -38119.480      -38076.574
           PE_P         417.058         398.677         405.106         400.635         404.751
           PE_W      -38023.202      -38018.628      -37917.061      -37953.649      -37901.469
          PE_PW        -580.874        -556.098        -566.546        -566.466        -579.856
            PE2      -38187.018      -38176.048      -38078.500      -38119.481      -38076.574
          PE2_P         417.058         398.677         405.106         400.635         404.751
          PE2_W      -38023.204      -38018.629      -37917.062      -37953.649      -37901.470
         PE2_PW        -580.872        -556.096        -566.544        -566.467        -579.855
      Nonbonded      -38425.786      -38406.601      -38315.221      -38344.670      -38308.187
    Nonbonded_P         178.289         168.124         168.385         175.446         173.138
    Nonbonded_W      -38023.204      -38018.629      -37917.062      -37953.649      -37901.470
   Nonbonded_PW        -580.871        -556.096        -566.544        -566.467        -579.855
             LJ        5642.169        5684.220        5497.467        5614.882        5537.154
           LJ_P         -11.944         -11.975         -11.445         -11.581         -10.142
           LJ_W        5788.034        5836.653        5639.735        5755.003        5676.571
          LJ_PW        -133.921        -140.458        -130.823        -128.540        -129.275
           LJ14          42.225          38.838          41.581          43.500          43.456
         LJ14_P          42.225          38.838          41.581          43.500          43.456
           LJsr        5774.266        5819.592        5630.069        5745.615        5667.682
         LJsr_P         -53.917         -50.560         -52.773         -54.829         -53.345
         LJsr_W        5948.728        5997.244        5800.301        5915.615        5836.954
        LJsr_PW        -120.545        -127.092        -117.459        -115.171        -115.927
           LJlr        -174.322        -174.210        -174.183        -174.234        -173.984
         LJlr_P          -0.253          -0.253          -0.253          -0.253          -0.252
         LJlr_W        -160.694        -160.590        -160.566        -160.612        -160.383
        LJlr_PW         -13.375         -13.367         -13.364         -13.369         -13.349
             EE      -44067.955      -44090.821      -43812.688      -43959.551      -43845.341
           EE_P         190.234         180.098         179.829         187.027         183.279
           EE_W      -43811.238      -43855.283      -43556.797      -43708.652      -43578.041
          EE_PW        -446.951        -415.636        -435.720        -437.926        -450.579
           EE14         710.265         728.217         712.955         709.197         710.873
         EE14_P         710.265         728.217         712.955         709.197         710.873
           EEsr      -40775.342      -40813.366      -40527.460      -40668.523      -40555.053
         EEsr_P         -79.917         -95.012         -91.449         -85.381         -84.350
         EEsr_W      -40347.390      -40380.656      -40086.278      -40231.571      -40099.837
        EEsr_PW        -348.035        -337.698        -349.733        -351.571        -370.866
           EElr       -4002.878       -4005.673       -3998.183       -4000.225       -4001.161
         EElr_P        -440.114        -453.106        -441.676        -436.789        -443.244
         EElr_W       -3463.848       -3474.627       -3470.519       -3477.082       -3478.204
        EElr_PW         -98.916         -77.940         -85.988         -86.354         -79.713
         Bonded         238.768         230.553         236.721         225.189         231.614
       Bonded_P         238.768         230.553         236.721         225.189         231.614
           Bond          56.802          55.789          53.209          52.458          53.489
         Bond_P          56.802          55.789          53.209          52.458          53.489
          Angle         130.326         134.373         137.556         129.848         138.080
        Angle_P         130.326         134.373         137.556         129.848         138.080
            Dih          43.069          32.881          38.347          35.756          32.404
          Dih_P          43.069          32.881          38.347          35.756          32.404
            Imp           8.571           7.511           7.608           7.127           7.641
          Imp_P           8.571           7.511           7.608           7.127           7.641
             PV           1.779           1.780           1.780           1.779           1.782
           PV_P           1.779           1.780           1.780           1.779           1.782
           PV_W           1.779           1.780           1.780           1.779           1.782
          PV_PW          -1.779          -1.780          -1.780          -1.779          -1.782
