             PE      -50898.169      -50898.812      -50901.671      -50896.135      -50897.196
           PE_P        -262.788        -261.280        -264.418        -262.660        -264.899
           PE_W      -49870.823      -49866.233      -49870.699      -49865.177      -49867.225
          PE_PW        -764.558        -771.299        -766.554        -768.298        -765.072
            PE2      -50898.169      -50898.812      -50901.671      -50896.135      -50897.195
          PE2_P        -262.788        -261.280        -264.418        -262.660        -264.899
          PE2_W      -49870.824      -49866.233      -49870.699      -49865.178      -49867.225
         PE2_PW        -764.557        -771.299        -766.554        -768.297        -765.071
      Nonbonded      -51233.197      -51232.194      -51234.829      -51229.774      -51230.406
    Nonbonded_P        -597.815        -594.662        -597.576        -596.299        -598.109
    Nonbonded_W      -49870.824      -49866.233      -49870.699      -49865.178      -49867.225
   Nonbonded_PW        -764.558        -771.299        -766.554        -768.297        -765.072
             LJ        7394.856        7396.429        7393.844        7390.708        7390.925
           LJ_P          -5.346          -5.783          -5.282          -5.918          -5.651
           LJ_W        7548.415        7550.528        7548.413        7544.321        7545.441
          LJ_PW        -148.213        -148.316        -149.287        -147.695        -148.865
           LJ14          54.696          54.807          54.722          54.734          54.542
         LJ14_P          54.696          54.807          54.722          54.734          54.542
           LJsr        7568.565        7570.047        7567.568        7564.311        7564.707
         LJsr_P         -59.748         -60.296         -59.710         -60.357         -59.899
         LJsr_W        7760.189        7762.320        7760.226        7756.032        7757.141
        LJsr_PW        -131.876        -131.977        -132.948        -131.364        -132.535
           LJlr        -228.405        -228.425        -228.447        -228.337        -228.325
         LJlr_P          -0.294          -0.294          -0.295          -0.294          -0.294
         LJlr_W        -211.774        -211.792        -211.813        -211.711        -211.700
        LJlr_PW         -16.337         -16.339         -16.339         -16.332         -16.331
             EE      -58628.053      -58628.623      -58628.673      -58620.481      -58621.330
           EE_P        -592.469        -588.879        -592.293        -590.382        -592.458
           EE_W      -57419.239      -57416.761      -57419.112      -57409.498      -57412.666
          EE_PW        -616.345        -622.983        -617.268        -620.601        -616.206
           EE14        -103.652        -100.618        -100.397        -102.709        -102.006
         EE14_P        -103.652        -100.618        -100.397        -102.709        -102.006
           EEsr      -53515.306      -53515.895      -53515.644      -53506.544      -53507.892
         EEsr_P        -149.429        -148.741        -150.293        -148.600        -150.699
         EEsr_W      -52846.169      -52844.939      -52845.913      -52837.076      -52838.719
        EEsr_PW        -519.708        -522.215        -519.438        -520.868        -518.474
           EElr       -5009.095       -5012.111       -5012.631       -5011.229       -5011.433
         EElr_P        -339.388        -339.520        -341.603        -339.073        -339.754
         EElr_W       -4573.070       -4571.821       -4573.199       -4572.422       -4573.947
        EElr_PW         -96.637        -100.770         -97.829         -99.734         -97.732
         Bonded         335.028         333.382         333.158         333.639         333.210
       Bonded_P         335.028         333.382         333.158         333.639         333.210
           Bond          70.908          70.174          70.654          70.618          70.615
         Bond_P          70.908          70.174          70.654          70.618          70.615
          Angle         149.395         149.446         149.480         149.643         148.875
        Angle_P         149.395         149.446         149.480         149.643         148.875
            Dih         101.768         100.915         100.345         100.707         101.199
          Dih_P         101.768         100.915         100.345         100.707         101.199
            Imp          12.957          12.848          12.679          12.671          12.522
          Imp_P          12.957          12.848          12.679          12.671          12.522
             PV           2.335           2.335           2.335           2.336           2.336
           PV_P           2.335           2.335           2.335           2.336           2.336
           PV_W           2.335           2.335           2.335           2.336           2.336
          PV_PW          -2.335          -2.335          -2.335          -2.336          -2.336
