             PE      -53105.456      -53195.580      -53219.305      -53034.926      -53133.621
           PE_P        -531.943        -548.386        -419.160        -451.714        -508.007
           PE_W      -51571.574      -51682.367      -51645.781      -51452.097      -51584.592
          PE_PW       -1001.939        -964.827       -1154.364       -1131.115       -1041.022
            PE2      -53105.453      -53195.577      -53219.307      -53034.932      -53133.623
          PE2_P        -531.943        -548.386        -419.160        -451.714        -508.007
          PE2_W      -51571.576      -51682.367      -51645.786      -51452.098      -51584.592
         PE2_PW       -1001.934        -964.824       -1154.361       -1131.120       -1041.024
      Nonbonded      -53480.997      -53561.641      -53600.065      -53408.384      -53510.172
    Nonbonded_P        -907.486        -914.451        -799.918        -825.167        -884.556
    Nonbonded_W      -51571.576      -51682.367      -51645.786      -51452.098      -51584.592
   Nonbonded_PW       -1001.935        -964.823       -1154.361       -1131.119       -1041.024
             LJ        7600.020        7681.620        7551.467        7619.891        7609.034
           LJ_P         -13.001          -4.190         -14.046         -24.627         -24.874
           LJ_W        7778.728        7838.860        7710.261        7780.270        7785.555
          LJ_PW        -165.707        -153.050        -144.748        -135.752        -151.647
           LJ14          50.958          57.327          54.970          46.671          51.620
         LJ14_P          50.958          57.327          54.970          46.671          51.620
           LJsr        7786.649        7861.854        7733.708        7810.930        7794.980
         LJsr_P         -63.606         -61.164         -68.663         -70.946         -76.142
         LJsr_W        7997.862        8057.970        7929.049        7999.518        8004.671
        LJsr_PW        -147.607        -134.952        -126.678        -117.642        -133.549
           LJlr        -237.586        -237.560        -237.211        -237.710        -237.566
         LJlr_P          -0.353          -0.353          -0.352          -0.353          -0.353
         LJlr_W        -219.134        -219.110        -218.788        -219.248        -219.116
        LJlr_PW         -18.099         -18.097         -18.071         -18.109         -18.097
             EE      -61081.017      -61243.261      -61151.532      -61028.276      -61119.206
           EE_P        -894.486        -910.261        -785.872        -800.539        -859.682
           EE_W      -59350.303      -59521.227      -59356.047      -59232.368      -59370.147
          EE_PW        -836.228        -811.773       -1009.613        -995.369        -889.377
           EE14        -494.278        -515.845        -494.942        -500.030        -498.665
         EE14_P        -494.278        -515.845        -494.942        -500.030        -498.665
           EEsr      -55387.489      -55534.231      -55429.965      -55330.154      -55414.834
         EEsr_P         -99.743         -95.868         -45.458         -54.730         -75.309
         EEsr_W      -54678.015      -54822.968      -54680.211      -54580.501      -54690.229
        EEsr_PW        -609.731        -615.395        -704.296        -694.923        -649.296
           EElr       -5199.250       -5193.185       -5226.625       -5198.091       -5205.707
         EElr_P        -300.464        -298.547        -245.473        -245.779        -285.708
         EElr_W       -4672.288       -4698.259       -4675.836       -4651.867       -4679.917
        EElr_PW        -226.498        -196.379        -305.316        -300.445        -240.082
         Bonded         375.543         366.065         380.758         373.452         376.549
       Bonded_P         375.544         366.065         380.758         373.452         376.549
           Bond          74.430          85.897          69.422          86.082          76.871
         Bond_P          74.430          85.897          69.422          86.082          76.871
          Angle         186.655         178.589         207.310         180.759         187.829
        Angle_P         186.655         178.589         207.310         180.759         187.829
            Dih         100.017          89.677          93.401          96.193          99.735
          Dih_P         100.017          89.677          93.401          96.193          99.735
            Imp          14.442          11.902          10.625          10.418          12.114
          Imp_P          14.442          11.902          10.625          10.418          12.114
             PV           2.426           2.426           2.429           2.424           2.426
           PV_P           2.426           2.426           2.429           2.424           2.426
           PV_W           2.426           2.426           2.429           2.424           2.426
          PV_PW          -2.426          -2.426          -2.429          -2.424          -2.426
