             PE      -42103.990      -42163.061      -42128.853      -42149.853      -42151.887
           PE_P         196.705         186.048         193.566         191.736         182.068
           PE_W      -41736.592      -41790.818      -41763.379      -41785.982      -41804.037
          PE_PW        -564.103        -558.291        -559.040        -555.607        -529.918
            PE2      -42103.990      -42163.059      -42128.852      -42149.853      -42151.887
          PE2_P         196.705         186.048         193.566         191.736         182.068
          PE2_W      -41736.592      -41790.818      -41763.378      -41785.982      -41804.037
         PE2_PW        -564.103        -558.289        -559.040        -555.607        -529.918
      Nonbonded      -42325.264      -42380.377      -42355.639      -42375.233      -42379.558
    Nonbonded_P         -24.569         -31.270         -33.221         -33.644         -45.603
    Nonbonded_W      -41736.592      -41790.818      -41763.378      -41785.982      -41804.037
   Nonbonded_PW        -564.103        -558.289        -559.040        -555.607        -529.918
             LJ        6180.506        6225.636        6208.702        6181.469        6096.704
           LJ_P          -6.437          -7.047          -6.019          -6.513         -12.398
           LJ_W        6312.537        6358.049        6336.651        6310.939        6229.946
          LJ_PW        -125.594        -125.366        -121.930        -122.957        -120.844
           LJ14          41.992          41.962          41.704          42.921          38.685
         LJ14_P          41.992          41.962          41.704          42.921          38.685
           LJsr        6329.266        6373.856        6357.639        6329.122        6248.516
         LJsr_P         -48.207         -48.787         -47.501         -49.212         -50.861
         LJsr_W        6489.880        6534.863        6513.890        6488.115        6407.051
        LJsr_PW        -112.407        -112.220        -108.750        -109.781        -107.674
           LJlr        -190.751        -190.182        -190.640        -190.573        -190.496
         LJlr_P          -0.222          -0.222          -0.222          -0.222          -0.222
         LJlr_W        -177.342        -176.813        -177.239        -177.177        -177.105
        LJlr_PW         -13.187         -13.147         -13.179         -13.174         -13.169
             EE      -48505.771      -48606.012      -48564.342      -48556.702      -48476.262
           EE_P         -18.131         -24.223         -27.202         -27.131         -33.205
           EE_W      -48049.129      -48148.868      -48100.029      -48096.921      -48033.983
          EE_PW        -438.511        -432.921        -437.111        -432.650        -409.074
           EE14         625.735         623.415         628.918         629.792         624.107
         EE14_P         625.735         623.415         628.918         629.792         624.107
           EEsr      -44711.873      -44807.826      -44776.935      -44769.289      -44690.187
         EEsr_P        -122.643        -125.563        -135.715        -135.900        -136.498
         EEsr_W      -44212.458      -44312.487      -44264.085      -44258.524      -44194.391
        EEsr_PW        -376.772        -369.776        -377.135        -374.865        -359.298
           EElr       -4419.633       -4421.601       -4416.325       -4417.205       -4410.183
         EElr_P        -521.224        -522.074        -520.406        -521.022        -520.814
         EElr_W       -3836.671       -3836.381       -3835.944       -3838.397       -3839.592
        EElr_PW         -61.738         -63.146         -59.975         -57.786         -49.777
         Bonded         221.274         217.318         226.787         225.380         227.671
       Bonded_P         221.274         217.318         226.787         225.380         227.671
           Bond          50.105          51.696          50.513          51.552          52.522
         Bond_P          50.105          51.696          50.513          51.552          52.522
          Angle         131.071         122.267         131.381         129.190         132.627
        Angle_P         131.071         122.267         131.381         129.190         132.627
            Dih          32.460          34.777          36.700          37.187          35.704
          Dih_P          32.460          34.777          36.700          37.187          35.704
            Imp           7.638           8.578           8.193           7.451           6.818
          Imp_P           7.638           8.578           8.193           7.451           6.818
             PV           1.952           1.958           1.953           1.954           1.955
           PV_P           1.952           1.958           1.953           1.954           1.955
           PV_W           1.952           1.958           1.953           1.954           1.955
          PV_PW          -1.952          -1.958          -1.953          -1.954          -1.955
