             PE      -49358.093      -49381.248      -49331.485      -49335.109      -49356.758
           PE_P        -341.410        -338.361        -328.931        -340.170        -340.695
           PE_W      -48312.033      -48327.392      -48297.238      -48297.769      -48331.635
          PE_PW        -704.650        -715.495        -705.316        -697.170        -684.428
            PE2      -49358.092      -49381.249      -49331.485      -49335.111      -49356.760
          PE2_P        -341.410        -338.361        -328.931        -340.170        -340.695
          PE2_W      -48312.034      -48327.393      -48297.237      -48297.770      -48331.638
         PE2_PW        -704.648        -715.495        -705.317        -697.171        -684.427
      Nonbonded      -49682.780      -49704.146      -49659.211      -49657.257      -49682.563
    Nonbonded_P        -666.098        -661.259        -656.657        -662.316        -666.499
    Nonbonded_W      -48312.034      -48327.393      -48297.237      -48297.770      -48331.638
   Nonbonded_PW        -704.648        -715.494        -705.317        -697.171        -684.426
             LJ        7144.076        7138.230        7149.464        7162.222        7185.951
           LJ_P         -16.356         -15.456         -13.398         -14.222         -18.107
           LJ_W        7290.162        7285.124        7294.243        7308.436        7334.059
          LJ_PW        -129.730        -131.438        -131.381        -131.992        -130.001
           LJ14          41.704          42.805          44.016          42.728          40.929
         LJ14_P          41.704          42.805          44.016          42.728          40.929
           LJsr        7323.024        7315.937        7326.010        7340.100        7365.437
         LJsr_P         -57.812         -58.011         -57.166         -56.702         -58.787
         LJsr_W        7495.657        7490.487        7499.654        7513.888        7539.333
        LJsr_PW        -114.821        -116.539        -116.478        -117.086        -115.109
           LJlr        -220.653        -220.511        -220.562        -220.606        -220.415
         LJlr_P          -0.249          -0.249          -0.249          -0.249          -0.249
         LJlr_W        -205.495        -205.363        -205.411        -205.452        -205.274
        LJlr_PW         -14.909         -14.899         -14.902         -14.905         -14.892
             EE      -56826.856      -56842.377      -56808.675      -56819.479      -56868.515
           EE_P        -649.742        -645.803        -643.259        -648.093        -648.392
           EE_W      -55602.196      -55612.517      -55591.480      -55606.206      -55665.697
          EE_PW        -574.918        -584.057        -573.936        -565.180        -554.426
           EE14         -81.142         -86.607         -88.123         -86.366         -86.936
         EE14_P         -81.142         -86.607         -88.123         -86.366         -86.936
           EEsr      -51770.144      -51785.757      -51753.700      -51762.480      -51808.500
         EEsr_P        -106.848        -106.500        -102.809        -106.858        -107.035
         EEsr_W      -51160.430      -51174.630      -51152.651      -51165.137      -51219.074
        EEsr_PW        -502.866        -504.627        -498.240        -490.485        -482.391
           EElr       -4975.570       -4970.012       -4966.851       -4970.633       -4973.079
         EElr_P        -461.752        -452.697        -452.327        -454.869        -454.421
         EElr_W       -4441.766       -4437.887       -4438.829       -4441.069       -4446.623
        EElr_PW         -72.052         -79.428         -75.695         -74.695         -72.035
         Bonded         324.688         322.897         327.726         322.146         325.804
       Bonded_P         324.688         322.897         327.726         322.146         325.804
           Bond          61.077          62.776          62.609          60.491          64.502
         Bond_P          61.077          62.776          62.609          60.491          64.502
          Angle         149.291         137.529         150.122         151.103         144.341
        Angle_P         149.291         137.529         150.122         151.103         144.341
            Dih         103.604         111.131         104.463         100.199         103.875
          Dih_P         103.604         111.131         104.463         100.199         103.875
            Imp          10.716          11.462          10.533          10.353          13.085
          Imp_P          10.716          11.462          10.533          10.353          13.085
             PV           2.260           2.261           2.261           2.260           2.262
           PV_P           2.260           2.261           2.261           2.260           2.262
           PV_W           2.260           2.261           2.261           2.260           2.262
          PV_PW          -2.260          -2.261          -2.261          -2.260          -2.262
