             PE      -49813.656      -49780.417      -49865.682      -49736.954      -49733.420
           PE_P        -694.704        -701.602        -676.901        -719.774        -728.916
           PE_W      -47716.832      -47709.652      -47757.050      -47659.204      -47672.660
          PE_PW       -1402.120       -1369.163       -1431.731       -1357.976       -1331.844
            PE2      -49813.656      -49780.416      -49865.683      -49736.954      -49733.421
          PE2_P        -694.704        -701.602        -676.901        -719.774        -728.916
          PE2_W      -47716.831      -47709.651      -47757.051      -47659.204      -47672.661
         PE2_PW       -1402.121       -1369.163       -1431.731       -1357.976       -1331.844
      Nonbonded      -50211.736      -50189.297      -50268.140      -50133.559      -50127.544
    Nonbonded_P       -1092.784       -1110.483       -1079.358       -1116.379       -1123.039
    Nonbonded_W      -47716.831      -47709.651      -47757.051      -47659.204      -47672.661
   Nonbonded_PW       -1402.121       -1369.163       -1431.731       -1357.976       -1331.844
             LJ        7116.482        7126.364        7104.471        7143.530        7024.688
           LJ_P         -13.854         -20.572         -16.055         -17.139         -20.868
           LJ_W        7249.142        7272.287        7231.464        7281.085        7166.258
          LJ_PW        -118.806        -125.351        -110.938        -120.416        -120.702
           LJ14          49.543          44.994          47.135          47.485          49.796
         LJ14_P          49.543          44.994          47.135          47.485          49.796
           LJsr        7288.081        7302.941        7278.861        7317.294        7196.126
         LJsr_P         -63.036         -65.204         -62.829         -64.262         -70.303
         LJsr_W        7452.227        7475.765        7434.901        7484.268        7369.427
        LJsr_PW        -101.110        -107.620         -93.211        -102.712        -102.998
           LJlr        -221.142        -221.570        -221.525        -221.249        -221.234
         LJlr_P          -0.361          -0.362          -0.362          -0.361          -0.361
         LJlr_W        -203.085        -203.478        -203.437        -203.183        -203.170
        LJlr_PW         -17.696         -17.730         -17.726         -17.705         -17.703
             EE      -57328.218      -57315.662      -57372.612      -57277.089      -57152.232
           EE_P       -1078.930       -1089.911       -1063.303       -1099.240       -1102.171
           EE_W      -54965.973      -54981.938      -54988.515      -54940.288      -54838.919
          EE_PW       -1283.315       -1243.813       -1320.794       -1237.561       -1211.142
           EE14        -815.276        -813.834        -808.590        -819.267        -820.854
         EE14_P        -815.276        -813.834        -808.590        -819.267        -820.854
           EEsr      -51616.801      -51607.437      -51661.494      -51560.307      -51434.317
         EEsr_P         -11.715         -31.455         -15.067         -25.943         -18.376
         EEsr_W      -50709.615      -50719.926      -50747.637      -50680.612      -50570.645
        EEsr_PW        -895.471        -856.056        -898.790        -853.752        -845.296
           EElr       -4896.141       -4894.391       -4902.528       -4897.514       -4897.061
         EElr_P        -251.940        -244.623        -239.646        -254.030        -262.942
         EElr_W       -4256.358       -4262.012       -4240.879       -4259.676       -4268.274
        EElr_PW        -387.843        -387.756        -422.003        -383.808        -365.845
         Bonded         398.080         408.881         402.457         396.605         394.123
       Bonded_P         398.080         408.881         402.457         396.605         394.123
           Bond          80.950          79.323          79.423          79.673          76.367
         Bond_P          80.950          79.323          79.423          79.673          76.367
          Angle         183.114         192.254         188.245         179.111         187.148
        Angle_P         183.114         192.254         188.245         179.111         187.148
            Dih         120.188         124.926         122.088         123.479         118.511
          Dih_P         120.188         124.926         122.088         123.479         118.511
            Imp          13.828          12.378          12.701          14.343          12.096
          Imp_P          13.828          12.378          12.701          14.343          12.096
             PV           2.253           2.248           2.249           2.252           2.252
           PV_P           2.253           2.248           2.249           2.252           2.252
           PV_W           2.253           2.248           2.249           2.252           2.252
          PV_PW          -2.253          -2.248          -2.249          -2.252          -2.252
