             PE      -37904.998      -37890.533      -37910.143      -37895.708      -37896.081
           PE_P         478.116         481.053         481.182         480.856         480.460
           PE_W      -37796.670      -37780.930      -37800.702      -37786.708      -37786.168
          PE_PW        -586.444        -590.656        -590.623        -589.856        -590.373
            PE2      -37904.998      -37890.533      -37910.143      -37895.707      -37896.081
          PE2_P         478.116         481.053         481.182         480.856         480.460
          PE2_W      -37796.669      -37780.929      -37800.702      -37786.708      -37786.168
         PE2_PW        -586.445        -590.657        -590.623        -589.855        -590.373
      Nonbonded      -38102.483      -38090.316      -38110.435      -38094.149      -38096.127
    Nonbonded_P         280.631         281.270         280.891         282.415         280.414
    Nonbonded_W      -37796.669      -37780.929      -37800.702      -37786.708      -37786.168
   Nonbonded_PW        -586.445        -590.657        -590.624        -589.856        -590.373
             LJ        5592.139        5582.271        5591.248        5585.392        5590.703
           LJ_P         -14.394         -15.710         -15.662         -14.910         -15.791
           LJ_W        5725.261        5717.805        5728.949        5720.142        5727.683
          LJ_PW        -118.728        -119.824        -122.039        -119.840        -121.189
           LJ14          29.450          28.369          28.316          28.741          28.345
         LJ14_P          29.450          28.369          28.316          28.741          28.345
           LJsr        5735.234        5726.451        5735.542        5729.205        5734.837
         LJsr_P         -43.643         -43.878         -43.778         -43.450         -43.935
         LJsr_W        5885.697        5878.245        5889.446        5880.587        5888.057
        LJsr_PW        -106.820        -107.916        -110.126        -107.932        -109.285
           LJlr        -172.544        -172.549        -172.610        -172.554        -172.479
         LJlr_P          -0.201          -0.201          -0.201          -0.201          -0.201
         LJlr_W        -160.436        -160.440        -160.497        -160.445        -160.375
        LJlr_PW         -11.907         -11.908         -11.912         -11.908         -11.903
             EE      -43694.622      -43672.587      -43701.683      -43679.541      -43686.830
           EE_P         295.025         296.979         296.553         297.325         296.204
           EE_W      -43521.930      -43498.734      -43529.651      -43506.850      -43513.850
          EE_PW        -467.717        -470.832        -468.585        -470.016        -469.184
           EE14         662.183         658.941         660.730         662.190         662.293
         EE14_P         662.183         658.941         660.730         662.190         662.293
           EEsr      -40518.424      -40494.259      -40522.683      -40502.477      -40510.845
         EEsr_P         -77.883         -75.072         -75.409         -75.951         -76.589
         EEsr_W      -40063.950      -40041.207      -40071.635      -40050.066      -40058.592
        EEsr_PW        -376.591        -377.980        -375.639        -376.460        -375.664
           EElr       -3838.381       -3837.269       -3839.730       -3839.255       -3838.278
         EElr_P        -289.276        -286.889        -288.768        -288.915        -289.500
         EElr_W       -3457.980       -3457.527       -3458.016       -3456.784       -3455.258
        EElr_PW         -91.125         -92.853         -92.946         -93.556         -93.520
         Bonded         197.485         199.784         200.291         198.442         200.046
       Bonded_P         197.485         199.784         200.291         198.442         200.046
           Bond          48.346          49.168          49.135          48.883          48.625
         Bond_P          48.346          49.168          49.135          48.883          48.625
          Angle         118.169         119.745         119.569         118.369         119.363
        Angle_P         118.169         119.745         119.569         118.369         119.363
            Dih          23.007          23.368          23.748          23.509          24.109
          Dih_P          23.007          23.368          23.748          23.509          24.109
            Imp           7.963           7.503           7.839           7.681           7.950
          Imp_P           7.963           7.503           7.839           7.681           7.950
             PV           1.770           1.770           1.770           1.770           1.771
           PV_P           1.770           1.770           1.770           1.770           1.771
           PV_W           1.770           1.770           1.770           1.770           1.771
          PV_PW          -1.770          -1.770          -1.770          -1.770          -1.771
