             PE      -62353.014      -62377.992      -62321.703      -62356.243      -62397.275
           PE_P        -504.677        -509.325        -516.156        -515.469        -509.183
           PE_W      -60968.199      -60996.090      -60945.460      -60979.216      -61026.946
          PE_PW        -880.138        -872.577        -860.087        -861.558        -861.146
            PE2      -62353.014      -62377.991      -62321.705      -62356.242      -62397.275
          PE2_P        -504.677        -509.325        -516.156        -515.469        -509.183
          PE2_W      -60968.200      -60996.090      -60945.459      -60979.216      -61026.945
         PE2_PW        -880.137        -872.576        -860.090        -861.557        -861.147
      Nonbonded      -62774.509      -62798.881      -62740.294      -62777.278      -62821.544
    Nonbonded_P        -926.171        -930.215        -934.745        -936.505        -933.451
    Nonbonded_W      -60968.200      -60996.090      -60945.459      -60979.216      -61026.945
   Nonbonded_PW        -880.138        -872.576        -860.090        -861.557        -861.148
             LJ        9053.344        9048.924        9044.563        9019.617        9065.134
           LJ_P         -16.598         -17.507         -15.281         -16.756         -17.155
           LJ_W        9230.667        9230.021        9221.235        9197.084        9243.616
          LJ_PW        -160.725        -163.590        -161.391        -160.711        -161.327
           LJ14          50.807          49.982          50.202          51.866          50.357
         LJ14_P          50.807          49.982          50.202          51.866          50.357
           LJsr        9279.671        9276.539        9271.751        9245.204        9292.055
         LJsr_P         -67.119         -67.202         -65.196         -68.335         -67.226
         LJsr_W        9489.734        9489.520        9480.541        9456.449        9502.818
        LJsr_PW        -142.944        -145.779        -143.594        -142.910        -143.537
           LJlr        -277.134        -277.596        -277.390        -277.453        -277.278
         LJlr_P          -0.286          -0.287          -0.286          -0.287          -0.286
         LJlr_W        -259.067        -259.499        -259.307        -259.365        -259.202
        LJlr_PW         -17.781         -17.810         -17.797         -17.801         -17.790
             EE      -71827.853      -71847.805      -71784.857      -71796.895      -71886.678
           EE_P        -909.573        -912.708        -919.465        -919.749        -916.296
           EE_W      -70198.868      -70226.111      -70166.694      -70176.300      -70270.561
          EE_PW        -719.412        -708.986        -698.698        -700.846        -699.821
           EE14        -454.786        -452.557        -453.546        -453.454        -455.074
         EE14_P        -454.786        -452.557        -453.546        -453.454        -455.074
           EEsr      -65284.907      -65304.131      -65240.729      -65250.841      -65342.497
         EEsr_P         -92.493         -96.091        -101.019         -95.934         -95.137
         EEsr_W      -64613.052      -64641.691      -64581.310      -64587.636      -64682.193
        EEsr_PW        -579.362        -566.349        -558.400        -567.271        -565.167
           EElr       -6088.160       -6091.116       -6090.582       -6092.600       -6089.107
         EElr_P        -362.294        -364.060        -364.900        -370.362        -366.085
         EElr_W       -5585.816       -5584.420       -5585.384       -5588.663       -5588.368
        EElr_PW        -140.050        -142.636        -140.298        -133.575        -134.654
         Bonded         421.494         420.890         418.589         421.036         424.269
       Bonded_P         421.494         420.890         418.589         421.036         424.269
           Bond          76.465          74.224          74.873          75.784          76.696
         Bond_P          76.465          74.224          74.873          75.784          76.696
          Angle         175.469         175.670         174.827         172.691         179.321
        Angle_P         175.469         175.670         174.827         172.691         179.321
            Dih         155.594         157.551         154.938         158.351         154.264
          Dih_P         155.594         157.551         154.938         158.351         154.264
            Imp          13.967          13.443          13.950          14.210          13.987
          Imp_P          13.967          13.443          13.950          14.210          13.987
             PV           2.852           2.848           2.850           2.849           2.851
           PV_P           2.852           2.848           2.850           2.849           2.851
           PV_W           2.852           2.848           2.850           2.849           2.851
          PV_PW          -2.852          -2.848          -2.850          -2.849          -2.851
