             PE      -54122.839      -54077.410      -54091.470      -54101.645      -54097.704
           PE_P         425.780         426.595         432.596         424.467         429.642
           PE_W      -53911.968      -53877.671      -53892.125      -53896.089      -53893.117
          PE_PW        -636.651        -626.334        -631.941        -630.023        -634.229
            PE2      -54122.840      -54077.410      -54091.468      -54101.645      -54097.705
          PE2_P         425.780         426.595         432.596         424.467         429.642
          PE2_W      -53911.968      -53877.671      -53892.124      -53896.088      -53893.118
         PE2_PW        -636.652        -626.334        -631.940        -630.024        -634.229
      Nonbonded      -54337.524      -54292.886      -54307.051      -54314.505      -54311.433
    Nonbonded_P         211.097         211.119         217.014         211.608         215.914
    Nonbonded_W      -53911.968      -53877.671      -53892.124      -53896.088      -53893.118
   Nonbonded_PW        -636.653        -626.334        -631.941        -630.025        -634.229
             LJ        7981.593        7995.285        8016.755        7988.910        7983.240
           LJ_P         -19.025         -16.284         -16.006         -17.889         -16.517
           LJ_W        8144.782        8156.348        8181.050        8150.847        8144.575
          LJ_PW        -144.164        -144.779        -148.289        -144.048        -144.818
           LJ14          31.828          33.599          34.259          33.114          33.541
         LJ14_P          31.828          33.599          34.259          33.114          33.541
           LJsr        8192.469        8204.398        8225.261        8198.449        8192.358
         LJsr_P         -50.673         -49.703         -50.085         -50.823         -49.878
         LJsr_W        8373.970        8385.545        8410.297        8379.988        8373.722
        LJsr_PW        -130.828        -131.444        -134.951        -130.716        -131.486
           LJlr        -242.703        -242.713        -242.765        -242.654        -242.660
         LJlr_P          -0.180          -0.180          -0.180          -0.180          -0.180
         LJlr_W        -229.188        -229.197        -229.247        -229.141        -229.147
        LJlr_PW         -13.335         -13.336         -13.338         -13.333         -13.333
             EE      -62319.117      -62288.171      -62323.805      -62303.414      -62294.673
           EE_P         230.122         227.403         233.020         229.497         232.431
           EE_W      -62056.750      -62034.019      -62073.174      -62046.935      -62037.693
          EE_PW        -492.489        -481.555        -483.651        -485.976        -489.411
           EE14         512.252         514.594         515.014         514.260         516.806
         EE14_P         512.252         514.594         515.014         514.260         516.806
           EEsr      -57555.512      -57529.168      -57564.309      -57543.072      -57536.250
         EEsr_P         -59.238         -61.049         -58.184         -59.163         -60.207
         EEsr_W      -57124.720      -57100.796      -57139.155      -57113.650      -57104.713
        EEsr_PW        -371.554        -367.323        -366.970        -370.259        -371.330
           EElr       -5275.857       -5273.597       -5274.510       -5274.603       -5275.228
         EElr_P        -222.892        -226.142        -223.810        -225.601        -224.167
         EElr_W       -4932.030       -4933.222       -4934.019       -4933.285       -4932.980
        EElr_PW        -120.935        -114.233        -116.681        -115.717        -118.081
         Bonded         214.684         215.476         215.582         212.859         213.728
       Bonded_P         214.684         215.476         215.582         212.859         213.728
           Bond          53.753          53.839          52.649          52.365          51.649
         Bond_P          53.753          53.839          52.649          52.365          51.649
          Angle         114.444         116.224         115.925         114.048         116.752
        Angle_P         114.444         116.224         115.925         114.048         116.752
            Dih          38.137          36.397          38.313          37.502          36.891
          Dih_P          38.137          36.397          38.313          37.502          36.891
            Imp           8.350           9.015           8.696           8.945           8.436
          Imp_P           8.350           9.015           8.696           8.945           8.436
             PV           2.512           2.512           2.511           2.512           2.512
           PV_P           2.512           2.512           2.511           2.512           2.512
           PV_W           2.512           2.512           2.511           2.512           2.512
          PV_PW          -2.512          -2.512          -2.511          -2.512          -2.512
