             PE      -62335.910      -62329.893      -62392.167      -62322.778      -62292.953
           PE_P        -509.747        -524.886        -508.720        -525.897        -528.892
           PE_W      -60958.958      -60973.657      -61016.885      -60973.466      -60947.505
          PE_PW        -867.205        -831.350        -866.562        -823.415        -816.556
            PE2      -62335.908      -62329.892      -62392.168      -62322.779      -62292.953
          PE2_P        -509.747        -524.886        -508.720        -525.897        -528.892
          PE2_W      -60958.958      -60973.658      -61016.886      -60973.468      -60947.506
         PE2_PW        -867.203        -831.348        -866.562        -823.414        -816.555
      Nonbonded      -62759.158      -62746.213      -62816.105      -62745.249      -62718.796
    Nonbonded_P        -932.997        -941.207        -932.656        -948.367        -954.735
    Nonbonded_W      -60958.958      -60973.658      -61016.886      -60973.468      -60947.506
   Nonbonded_PW        -867.203        -831.348        -866.563        -823.414        -816.555
             LJ        9081.161        9049.595        9050.570        9076.233        9062.658
           LJ_P         -21.918         -18.366         -17.853         -16.448         -20.338
           LJ_W        9260.906        9221.653        9219.844        9261.022        9241.289
          LJ_PW        -157.827        -153.692        -151.421        -168.341        -158.293
           LJ14          53.282          54.219          53.241          51.045          51.785
         LJ14_P          53.282          54.219          53.241          51.045          51.785
           LJsr        9305.201        9272.261        9274.986        9302.357        9288.200
         LJsr_P         -74.913         -72.299         -70.806         -67.207         -71.837
         LJsr_W        9520.148        9480.488        9479.400        9520.123        9500.536
        LJsr_PW        -140.034        -135.928        -133.608        -150.559        -140.499
           LJlr        -277.322        -276.885        -277.657        -277.170        -277.327
         LJlr_P          -0.286          -0.286          -0.287          -0.286          -0.286
         LJlr_W        -259.242        -258.835        -259.556        -259.100        -259.248
        LJlr_PW         -17.794         -17.764         -17.814         -17.784         -17.793
             EE      -71840.320      -71795.808      -71866.674      -71821.482      -71781.455
           EE_P        -911.079        -922.841        -914.804        -931.919        -934.397
           EE_W      -70219.864      -70195.311      -70236.730      -70234.490      -70188.795
          EE_PW        -709.377        -677.656        -715.140        -655.073        -658.263
           EE14        -481.204        -484.668        -466.798        -477.501        -487.692
         EE14_P        -481.204        -484.668        -466.798        -477.501        -487.692
           EEsr      -65295.625      -65251.229      -65321.613      -65275.724      -65230.525
         EEsr_P         -73.460         -82.732         -77.884         -92.666         -87.139
         EEsr_W      -64625.026      -64595.755      -64635.837      -64637.421      -64584.099
        EEsr_PW        -597.139        -572.742        -607.892        -545.637        -559.287
           EElr       -6063.490       -6059.911       -6078.264       -6068.257       -6063.238
         EElr_P        -356.414        -355.441        -370.122        -361.752        -359.566
         EElr_W       -5594.838       -5599.556       -5600.892       -5597.069       -5604.696
        EElr_PW        -112.238        -104.914        -107.250        -109.436         -98.976
         Bonded         423.250         416.321         423.936         422.470         425.843
       Bonded_P         423.250         416.321         423.936         422.470         425.843
           Bond          78.889          76.733          75.879          80.960          77.298
         Bond_P          78.889          76.733          75.879          80.960          77.298
          Angle         168.248         161.457         173.211         175.111         171.738
        Angle_P         168.248         161.457         173.211         175.111         171.738
            Dih         161.585         164.036         157.959         153.456         163.609
          Dih_P         161.585         164.036         157.959         153.456         163.609
            Imp          14.528          14.095          16.887          12.943          13.198
          Imp_P          14.528          14.095          16.887          12.943          13.198
             PV           2.850           2.855           2.847           2.852           2.850
           PV_P           2.850           2.855           2.847           2.852           2.850
           PV_W           2.850           2.855           2.847           2.852           2.850
          PV_PW          -2.850          -2.855          -2.847          -2.852          -2.850
