             PE      -68467.404      -68635.443      -68596.223      -68527.284      -68539.587
           PE_P        -856.874        -862.237        -863.894        -864.409        -838.022
           PE_W      -66535.867      -66751.354      -66680.929      -66606.748      -66593.998
          PE_PW       -1074.663       -1021.852       -1051.400       -1056.127       -1107.567
            PE2      -68467.403      -68635.441      -68596.222      -68527.282      -68539.587
          PE2_P        -856.874        -862.237        -863.894        -864.409        -838.022
          PE2_W      -66535.867      -66751.355      -66680.927      -66606.750      -66593.998
         PE2_PW       -1074.662       -1021.849       -1051.401       -1056.123       -1107.567
      Nonbonded      -68956.304      -69131.580      -69093.700      -69020.088      -69027.914
    Nonbonded_P       -1345.775       -1358.376       -1361.372       -1357.215       -1326.349
    Nonbonded_W      -66535.867      -66751.355      -66680.927      -66606.750      -66593.998
   Nonbonded_PW       -1074.662       -1021.849       -1051.401       -1056.123       -1107.567
             LJ        9834.750        9942.132        9852.331        9881.871        9802.780
           LJ_P         -10.473         -21.709         -22.336         -27.114         -12.425
           LJ_W       10032.264       10138.006       10062.657       10091.869       10001.019
          LJ_PW        -187.041        -174.165        -187.990        -182.884        -185.814
           LJ14          66.210          64.891          66.776          62.706          67.681
         LJ14_P          66.210          64.891          66.776          62.706          67.681
           LJsr       10071.557       10180.091       10088.445       10121.809       10038.087
         LJsr_P         -76.324         -86.242         -88.754         -89.462         -79.746
         LJsr_W       10314.201       10419.787       10344.475       10373.458       10282.929
        LJsr_PW        -166.320        -153.454        -167.276        -162.187        -165.096
           LJlr        -303.018        -302.850        -302.890        -302.644        -302.988
         LJlr_P          -0.359          -0.359          -0.359          -0.359          -0.359
         LJlr_W        -281.937        -281.781        -281.819        -281.590        -281.910
        LJlr_PW         -20.722         -20.710         -20.712         -20.695         -20.719
             EE      -78791.053      -79073.712      -78946.031      -78901.959      -78830.694
           EE_P       -1335.302       -1336.667       -1339.035       -1330.101       -1313.924
           EE_W      -76568.131      -76889.361      -76743.584      -76698.619      -76595.017
          EE_PW        -887.620        -847.684        -863.412        -873.239        -921.753
           EE14       -1273.933       -1275.786       -1280.153       -1289.625       -1266.206
         EE14_P       -1273.933       -1275.786       -1280.153       -1289.625       -1266.207
           EEsr      -70901.141      -71176.722      -71048.021      -71001.871      -70940.965
         EEsr_P          23.279          22.252          24.727          28.179          38.167
         EEsr_W      -70321.533      -70621.959      -70493.410      -70448.285      -70348.788
        EEsr_PW        -602.887        -577.015        -579.338        -581.765        -630.344
           EElr       -6615.979       -6621.204       -6617.857       -6610.464       -6623.523
         EElr_P         -84.648         -83.133         -83.610         -68.656         -85.884
         EElr_W       -6246.597       -6267.402       -6250.174       -6250.334       -6246.229
        EElr_PW        -284.734        -270.669        -284.073        -291.474        -291.410
         Bonded         488.901         496.139         497.478         492.806         488.327
       Bonded_P         488.901         496.139         497.478         492.806         488.327
           Bond          90.389          83.852          89.189          90.910          98.835
         Bond_P          90.389          83.852          89.189          90.910          98.835
          Angle         212.337         207.834         202.838         201.795         206.903
        Angle_P         212.337         207.834         202.838         201.795         206.903
            Dih         171.873         189.166         190.125         185.292         168.885
          Dih_P         171.873         189.166         190.125         185.292         168.885
            Imp          14.302          15.287          15.325          14.809          13.704
          Imp_P          14.302          15.287          15.325          14.809          13.704
             PV           3.104           3.106           3.105           3.108           3.104
           PV_P           3.104           3.106           3.105           3.108           3.104
           PV_W           3.104           3.106           3.105           3.108           3.104
          PV_PW          -3.104          -3.106          -3.105          -3.108          -3.104
