             PE      -40472.481      -40471.849      -40475.782      -40479.125      -40454.927
           PE_P         502.707         504.927         505.028         505.240         505.910
           PE_W      -39896.520      -39890.662      -39895.543      -39899.638      -39875.662
          PE_PW       -1078.668       -1086.114       -1085.267       -1084.727       -1085.175
            PE2      -40472.481      -40471.850      -40475.782      -40479.125      -40454.927
          PE2_P         502.707         504.927         505.028         505.240         505.910
          PE2_W      -39896.520      -39890.662      -39895.543      -39899.637      -39875.662
         PE2_PW       -1078.668       -1086.115       -1085.267       -1084.728       -1085.175
      Nonbonded      -40730.033      -40727.792      -40732.286      -40735.097      -40713.020
    Nonbonded_P         245.155         248.985         248.523         249.268         247.818
    Nonbonded_W      -39896.520      -39890.662      -39895.543      -39899.637      -39875.662
   Nonbonded_PW       -1078.668       -1086.115       -1085.266       -1084.728       -1085.176
             LJ        5891.315        5894.361        5911.306        5906.565        5887.712
           LJ_P         -21.600         -20.470         -20.305         -20.659         -21.217
           LJ_W        6038.438        6040.566        6057.396        6052.102        6033.297
          LJ_PW        -125.523        -125.735        -125.785        -124.878        -124.368
           LJ14          42.552          43.360          43.216          43.123          42.697
         LJ14_P          42.552          43.360          43.216          43.123          42.697
           LJsr        6032.319        6034.560        6051.610        6046.938        6028.561
         LJsr_P         -63.832         -63.510         -63.201         -63.462         -63.595
         LJsr_W        6206.518        6208.648        6225.442        6220.126        6201.368
        LJsr_PW        -110.367        -110.578        -110.631        -109.726        -109.212
           LJlr        -183.557        -183.560        -183.520        -183.497        -183.547
         LJlr_P          -0.320          -0.320          -0.320          -0.320          -0.320
         LJlr_W        -168.080        -168.082        -168.046        -168.025        -168.071
        LJlr_PW         -15.157         -15.158         -15.154         -15.152         -15.156
             EE      -46621.348      -46622.153      -46643.592      -46641.661      -46600.731
           EE_P         266.755         269.455         268.829         269.927         269.035
           EE_W      -45934.958      -45931.228      -45952.939      -45951.739      -45908.959
          EE_PW        -953.145        -960.380        -959.482        -959.849        -960.807
           EE14         758.092         756.082         761.792         759.438         758.736
         EE14_P         758.092         756.082         761.792         759.438         758.736
           EEsr      -42894.014      -42893.614      -42917.364      -42915.118      -42874.305
         EEsr_P         -84.590         -83.288         -86.071         -85.072         -84.233
         EEsr_W      -42170.538      -42168.917      -42189.575      -42189.145      -42146.478
        EEsr_PW        -638.886        -641.409        -641.718        -640.901        -643.594
           EElr       -4485.426       -4484.622       -4488.021       -4485.981       -4485.162
         EElr_P        -406.747        -403.339        -406.893        -404.439        -405.468
         EElr_W       -3764.420       -3762.311       -3763.364       -3762.594       -3762.481
        EElr_PW        -314.259        -318.972        -317.764        -318.948        -317.213
         Bonded         257.552         255.942         256.505         255.972         258.093
       Bonded_P         257.552         255.942         256.505         255.972         258.093
           Bond          63.218          62.991          63.416          64.076          64.024
         Bond_P          63.218          62.991          63.416          64.076          64.024
          Angle         141.221         139.945         140.462         140.225         141.232
        Angle_P         141.221         139.945         140.462         140.225         141.232
            Dih          42.971          42.658          42.340          41.272          42.569
          Dih_P          42.971          42.658          42.340          41.272          42.569
            Imp          10.142          10.349          10.286          10.400          10.268
          Imp_P          10.142          10.349          10.286          10.400          10.268
             PV           1.865           1.865           1.866           1.866           1.865
           PV_P           1.865           1.865           1.866           1.866           1.865
           PV_W           1.865           1.865           1.866           1.866           1.865
          PV_PW          -1.865          -1.865          -1.866          -1.866          -1.865
