             PE      -48570.395      -48574.313      -48564.482      -48563.225      -48570.757
           PE_P        -472.973        -482.424        -479.061        -479.031        -476.875
           PE_W      -47031.239      -47047.342      -47025.915      -47029.114      -47030.042
          PE_PW       -1066.183       -1044.547       -1059.506       -1055.080       -1063.840
            PE2      -48570.395      -48574.313      -48564.482      -48563.225      -48570.757
          PE2_P        -472.973        -482.424        -479.061        -479.031        -476.875
          PE2_W      -47031.239      -47047.341      -47025.915      -47029.114      -47030.042
         PE2_PW       -1066.183       -1044.548       -1059.506       -1055.080       -1063.840
      Nonbonded      -48901.269      -48906.767      -48892.944      -48893.592      -48901.094
    Nonbonded_P        -803.847        -814.879        -807.523        -809.398        -807.213
    Nonbonded_W      -47031.239      -47047.341      -47025.915      -47029.114      -47030.042
   Nonbonded_PW       -1066.183       -1044.547       -1059.506       -1055.080       -1063.839
             LJ        6996.979        6997.565        6980.977        6989.096        6981.704
           LJ_P         -23.780         -23.657         -22.305         -23.536         -22.864
           LJ_W        7143.956        7145.746        7125.486        7136.572        7127.869
          LJ_PW        -123.197        -124.524        -122.204        -123.940        -123.301
           LJ14          35.731          35.513          36.476          35.872          35.533
         LJ14_P          35.731          35.513          36.476          35.872          35.533
           LJsr        7177.349        7178.144        7160.583        7169.300        7162.205
         LJsr_P         -59.231         -58.890         -58.501         -59.128         -58.117
         LJsr_W        7344.284        7346.065        7325.795        7336.877        7328.134
        LJsr_PW        -107.704        -109.031        -106.711        -108.449        -107.812
           LJlr        -216.102        -216.093        -216.082        -216.077        -216.034
         LJlr_P          -0.280          -0.280          -0.280          -0.280          -0.280
         LJlr_W        -200.328        -200.319        -200.309        -200.305        -200.265
        LJlr_PW         -15.494         -15.494         -15.493         -15.492         -15.489
             EE      -55898.248      -55904.332      -55873.921      -55882.688      -55882.798
           EE_P        -780.067        -791.222        -785.218        -785.862        -784.349
           EE_W      -54175.195      -54193.087      -54151.401      -54165.686      -54157.911
          EE_PW        -942.986        -920.023        -937.302        -931.140        -940.538
           EE14        -709.248        -705.016        -709.264        -709.248        -709.149
         EE14_P        -709.248        -705.016        -709.264        -709.248        -709.149
           EEsr      -50612.377      -50619.594      -50588.760      -50595.448      -50596.357
         EEsr_P          -6.275         -14.829          -9.841          -9.807         -11.101
         EEsr_W      -49935.303      -49948.625      -49911.030      -49923.344      -49917.791
        EEsr_PW        -670.799        -656.140        -667.889        -662.297        -667.465
           EElr       -4576.623       -4579.722       -4575.898       -4577.993       -4577.293
         EElr_P         -64.545         -71.376         -66.113         -66.808         -64.100
         EElr_W       -4239.891       -4244.462       -4240.371       -4242.343       -4240.120
        EElr_PW        -272.187        -263.884        -269.414        -268.842        -273.073
         Bonded         330.874         332.455         328.462         330.368         330.337
       Bonded_P         330.874         332.455         328.462         330.368         330.337
           Bond          79.032          78.113          78.793          78.486          78.711
         Bond_P          79.032          78.113          78.793          78.486          78.711
          Angle         164.552         166.814         163.795         165.336         164.402
        Angle_P         164.552         166.814         163.795         165.336         164.402
            Dih          75.114          75.159          74.079          74.687          75.383
          Dih_P          75.114          75.159          74.079          74.687          75.383
            Imp          12.176          12.369          11.795          11.859          11.841
          Imp_P          12.176          12.369          11.795          11.859          11.841
             PV           2.209           2.209           2.209           2.209           2.209
           PV_P           2.209           2.209           2.209           2.209           2.209
           PV_W           2.209           2.209           2.209           2.209           2.209
          PV_PW          -2.209          -2.209          -2.209          -2.209          -2.209
