             PE      -39317.218      -39401.161      -39395.176      -39309.288      -39364.531
           PE_P         154.696         137.189         145.785         134.747         146.354
           PE_W      -38834.434      -38913.966      -38906.890      -38812.466      -38870.983
          PE_PW        -637.480        -624.384        -634.071        -631.569        -639.902
            PE2      -39317.219      -39401.162      -39395.175      -39309.289      -39364.530
          PE2_P         154.696         137.189         145.785         134.747         146.354
          PE2_W      -38834.430      -38913.965      -38906.890      -38812.467      -38870.983
         PE2_PW        -637.485        -624.386        -634.070        -631.569        -639.901
      Nonbonded      -39597.057      -39676.914      -39673.132      -39575.996      -39643.018
    Nonbonded_P        -125.141        -138.563        -132.172        -131.960        -132.134
    Nonbonded_W      -38834.430      -38913.965      -38906.890      -38812.467      -38870.983
   Nonbonded_PW        -637.486        -624.386        -634.070        -631.569        -639.901
             LJ        5653.220        5736.582        5726.114        5772.752        5751.340
           LJ_P         -23.140         -24.577         -22.941         -28.525         -26.941
           LJ_W        5802.806        5886.292        5876.792        5927.280        5905.159
          LJ_PW        -126.446        -125.133        -127.737        -126.003        -126.878
           LJ14          32.215          32.281          33.257          31.659          31.145
         LJ14_P          32.215          32.281          33.257          31.659          31.145
           LJsr        5799.612        5882.899        5871.397        5919.680        5898.859
         LJsr_P         -55.106         -56.609         -55.949         -59.935         -57.837
         LJsr_W        5967.776        6051.253        6041.699        6092.232        6070.181
        LJsr_PW        -113.058        -111.745        -114.353        -112.617        -113.485
           LJlr        -178.607        -178.598        -178.539        -178.588        -178.665
         LJlr_P          -0.249          -0.249          -0.249          -0.249          -0.249
         LJlr_W        -164.969        -164.961        -164.907        -164.952        -165.023
        LJlr_PW         -13.389         -13.388         -13.383         -13.387         -13.393
             EE      -45250.277      -45413.496      -45399.246      -45348.748      -45394.357
           EE_P        -102.001        -113.986        -109.231        -103.435        -105.193
           EE_W      -44637.237      -44800.257      -44783.682      -44739.747      -44776.141
          EE_PW        -511.039        -499.253        -506.333        -505.566        -513.023
           EE14         205.184         198.664         189.967         182.005         193.335
         EE14_P         205.184         198.664         189.967         182.005         193.335
           EEsr      -41557.192      -41717.297      -41698.131      -41641.764      -41699.589
         EEsr_P         -61.110         -71.033         -59.182         -46.622         -64.925
         EEsr_W      -41077.490      -41244.915      -41227.370      -41187.352      -41229.004
        EEsr_PW        -418.592        -401.349        -411.579        -407.790        -405.660
           EElr       -3898.269       -3894.863       -3891.082       -3888.990       -3888.103
         EElr_P        -246.075        -241.618        -240.015        -238.818        -233.603
         EElr_W       -3559.747       -3555.342       -3556.313       -3552.394       -3547.137
        EElr_PW         -92.447         -97.903         -94.754         -97.778        -107.363
         Bonded         279.838         275.752         277.956         266.707         278.488
       Bonded_P         279.838         275.752         277.956         266.707         278.488
           Bond          56.584          56.286          56.462          55.041          58.939
         Bond_P          56.584          56.286          56.462          55.041          58.939
          Angle         142.995         135.005         137.990         134.318         137.174
        Angle_P         142.995         135.005         137.990         134.318         137.174
            Dih          69.756          74.488          73.285          68.628          73.576
          Dih_P          69.756          74.488          73.285          68.628          73.576
            Imp          10.503           9.973          10.220           8.720           8.799
          Imp_P          10.503           9.973          10.220           8.720           8.799
             PV           1.824           1.825           1.825           1.825           1.824
           PV_P           1.824           1.825           1.825           1.825           1.824
           PV_W           1.824           1.825           1.825           1.825           1.824
          PV_PW          -1.824          -1.825          -1.825          -1.825          -1.824
