             PE      -39348.591      -39345.121      -39363.735      -39368.879      -39310.029
           PE_P         444.602         440.456         439.674         443.350         444.002
           PE_W      -38749.453      -38754.648      -38770.323      -38767.705      -38718.398
          PE_PW       -1043.740       -1030.929       -1033.086       -1044.524       -1035.633
            PE2      -39348.591      -39345.121      -39363.735      -39368.879      -39310.029
          PE2_P         444.602         440.456         439.674         443.350         444.002
          PE2_W      -38749.452      -38754.648      -38770.322      -38767.705      -38718.399
         PE2_PW       -1043.741       -1030.929       -1033.087       -1044.524       -1035.632
      Nonbonded      -39557.091      -39555.983      -39570.718      -39576.639      -39517.324
    Nonbonded_P         236.103         229.594         232.690         235.591         236.707
    Nonbonded_W      -38749.452      -38754.648      -38770.322      -38767.705      -38718.399
   Nonbonded_PW       -1043.742       -1030.929       -1033.086       -1044.525       -1035.632
             LJ        5783.328        5736.899        5751.507        5735.634        5762.423
           LJ_P         -14.990         -15.557         -13.816         -16.888         -15.144
           LJ_W        5894.640        5845.121        5864.495        5848.154        5876.208
          LJ_PW         -96.322         -92.665         -99.172         -95.632         -98.641
           LJ14          27.632          28.020          29.299          27.823          28.501
         LJ14_P          27.632          28.020          29.299          27.823          28.501
           LJsr        5932.218        5885.527        5899.022        5884.428        5910.507
         LJsr_P         -42.401         -43.354         -42.892         -44.489         -43.424
         LJsr_W        6058.393        6008.991        6028.519        6011.996        6040.021
        LJsr_PW         -83.774         -80.110         -86.605         -83.079         -86.090
           LJlr        -176.522        -176.649        -176.814        -176.617        -176.585
         LJlr_P          -0.222          -0.222          -0.222          -0.222          -0.222
         LJlr_W        -163.754        -163.871        -164.024        -163.841        -163.812
        LJlr_PW         -12.546         -12.556         -12.568         -12.554         -12.551
             EE      -45340.418      -45292.882      -45322.225      -45312.273      -45279.747
           EE_P         251.093         245.150         246.506         252.478         251.851
           EE_W      -44644.092      -44599.768      -44634.817      -44615.859      -44594.607
          EE_PW        -947.419        -938.264        -933.914        -948.892        -936.991
           EE14         760.107         759.436         759.988         774.200         759.221
         EE14_P         760.107         759.436         759.988         774.200         759.221
           EEsr      -41713.866      -41662.486      -41691.063      -41688.922      -41652.448
         EEsr_P         -86.737         -88.753         -88.725         -92.628         -86.278
         EEsr_W      -40985.863      -40934.580      -40970.757      -40954.739      -40935.334
        EEsr_PW        -641.266        -639.153        -631.581        -641.555        -630.836
           EElr       -4386.660       -4389.831       -4391.150       -4397.551       -4386.520
         EElr_P        -422.277        -425.532        -424.757        -429.094        -421.092
         EElr_W       -3658.229       -3665.189       -3664.060       -3661.120       -3659.273
        EElr_PW        -306.154        -299.110        -302.333        -307.337        -306.155
         Bonded         208.499         210.862         206.983         207.760         207.295
       Bonded_P         208.499         210.862         206.983         207.760         207.295
           Bond          51.803          52.566          52.224          53.600          51.397
         Bond_P          51.803          52.566          52.224          53.600          51.397
          Angle         128.380         128.348         126.563         125.207         128.172
        Angle_P         128.380         128.348         126.563         125.207         128.172
            Dih          19.123          21.302          19.446          19.874          18.983
          Dih_P          19.123          21.302          19.446          19.874          18.983
            Imp           9.194           8.646           8.750           9.079           8.743
          Imp_P           9.194           8.646           8.750           9.079           8.743
             PV           1.805           1.804           1.802           1.804           1.804
           PV_P           1.805           1.804           1.802           1.804           1.804
           PV_W           1.805           1.804           1.802           1.804           1.804
          PV_PW          -1.805          -1.804          -1.802          -1.804          -1.804
