             PE      -46647.126      -46670.536      -46659.509      -46655.082      -46659.842
           PE_P          43.311          42.195          42.655          43.847          44.431
           PE_W      -45465.846      -45489.416      -45480.090      -45474.501      -45475.410
          PE_PW       -1224.591       -1223.315       -1222.074       -1224.428       -1228.863
            PE2      -46647.126      -46670.536      -46659.509      -46655.082      -46659.842
          PE2_P          43.311          42.195          42.655          43.847          44.431
          PE2_W      -45465.846      -45489.417      -45480.090      -45474.501      -45475.410
         PE2_PW       -1224.591       -1223.314       -1222.074       -1224.428       -1228.863
      Nonbonded      -46915.713      -46939.180      -46928.063      -46924.250      -46928.895
    Nonbonded_P        -225.276        -226.449        -225.899        -225.320        -224.622
    Nonbonded_W      -45465.846      -45489.417      -45480.090      -45474.501      -45475.410
   Nonbonded_PW       -1224.591       -1223.314       -1222.074       -1224.429       -1228.863
             LJ        6748.485        6758.135        6767.858        6756.223        6756.930
           LJ_P         -18.046         -18.237         -17.742         -18.133         -18.164
           LJ_W        6867.073        6875.311        6885.337        6873.883        6874.084
          LJ_PW        -100.542         -98.939         -99.737         -99.527         -98.990
           LJ14          38.903          38.572          39.150          38.886          39.037
         LJ14_P          38.903          38.572          39.150          38.886          39.037
           LJsr        6916.886        6926.947        6936.030        6924.640        6925.224
         LJsr_P         -56.701         -56.561         -56.645         -56.771         -56.954
         LJsr_W        7059.785        7068.098        7078.066        7066.593        7066.822
        LJsr_PW         -86.198         -84.590         -85.391         -85.182         -84.644
           LJlr        -207.304        -207.384        -207.321        -207.302        -207.331
         LJlr_P          -0.247          -0.248          -0.247          -0.247          -0.247
         LJlr_W        -192.712        -192.787        -192.729        -192.711        -192.737
        LJlr_PW         -14.345         -14.349         -14.345         -14.344         -14.347
             EE      -53664.198      -53697.315      -53695.921      -53680.473      -53685.825
           EE_P        -207.230        -208.213        -208.156        -207.188        -206.458
           EE_W      -52332.919      -52364.728      -52365.427      -52348.384      -52349.494
          EE_PW       -1124.049       -1124.374       -1122.338       -1124.901       -1129.873
           EE14         400.652         398.025         398.241         398.663         400.880
         EE14_P         400.652         398.025         398.241         398.663         400.879
           EEsr      -48962.602      -48995.892      -48994.147      -48978.774      -48984.637
         EEsr_P        -130.004        -129.923        -129.791        -129.023        -129.497
         EEsr_W      -48068.236      -48099.136      -48099.343      -48083.159      -48085.539
        EEsr_PW        -764.362        -766.833        -765.013        -766.592        -769.601
           EElr       -5102.247       -5099.447       -5100.015       -5100.363       -5102.067
         EElr_P        -477.878        -476.315        -476.606        -476.829        -477.840
         EElr_W       -4264.683       -4265.592       -4266.084       -4265.225       -4263.955
        EElr_PW        -359.686        -357.540        -357.325        -358.309        -360.272
         Bonded         268.587         268.644         268.554         269.167         269.053
       Bonded_P         268.587         268.644         268.554         269.167         269.053
           Bond          58.864          58.478          58.581          58.951          58.598
         Bond_P          58.864          58.478          58.581          58.951          58.598
          Angle         136.549         136.559         136.594         136.735         136.644
        Angle_P         136.549         136.559         136.594         136.735         136.644
            Dih          62.176          62.549          62.437          62.655          62.664
          Dih_P          62.176          62.549          62.437          62.655          62.664
            Imp          10.998          11.058          10.942          10.827          11.147
          Imp_P          10.998          11.058          10.942          10.827          11.147
             PV           2.118           2.117           2.118           2.118           2.118
           PV_P           2.118           2.117           2.118           2.118           2.118
           PV_W           2.118           2.117           2.118           2.118           2.118
          PV_PW          -2.118          -2.117          -2.118          -2.118          -2.118
