             PE      -57217.803      -57214.917      -57225.733      -57243.745      -57236.235
           PE_P        -778.881        -773.279        -773.432        -780.573        -777.975
           PE_W      -55303.823      -55294.346      -55305.311      -55324.165      -55327.216
          PE_PW       -1135.099       -1147.292       -1146.990       -1139.007       -1131.044
            PE2      -57217.803      -57214.917      -57225.734      -57243.744      -57236.235
          PE2_P        -778.881        -773.279        -773.432        -780.573        -777.975
          PE2_W      -55303.823      -55294.346      -55305.311      -55324.164      -55327.217
         PE2_PW       -1135.099       -1147.292       -1146.991       -1139.007       -1131.043
      Nonbonded      -57686.440      -57686.758      -57695.560      -57712.396      -57706.510
    Nonbonded_P       -1247.518       -1245.120       -1243.259       -1249.225       -1248.250
    Nonbonded_W      -55303.823      -55294.346      -55305.311      -55324.164      -55327.217
   Nonbonded_PW       -1135.099       -1147.292       -1146.990       -1139.007       -1131.043
             LJ        8161.489        8149.002        8155.640        8197.163        8166.555
           LJ_P         -21.881         -20.953         -21.599         -21.686         -20.009
           LJ_W        8353.085        8336.668        8345.532        8383.609        8355.451
          LJ_PW        -169.715        -166.713        -168.293        -164.760        -168.887
           LJ14          63.359          63.418          63.254          65.015          64.002
         LJ14_P          63.359          63.418          63.254          65.015          64.002
           LJsr        8352.381        8339.725        8346.665        8386.232        8356.865
         LJsr_P         -84.839         -83.970         -84.451         -86.300         -83.609
         LJsr_W        8586.977        8570.459        8579.448        8617.347        8589.399
        LJsr_PW        -149.757        -146.764        -148.332        -144.815        -148.925
           LJlr        -254.251        -254.141        -254.278        -254.084        -254.312
         LJlr_P          -0.402          -0.401          -0.402          -0.401          -0.402
         LJlr_W        -233.892        -233.791        -233.917        -233.738        -233.948
        LJlr_PW         -19.957         -19.949         -19.959         -19.945         -19.962
             EE      -65847.929      -65835.760      -65851.201      -65909.559      -65873.065
           EE_P       -1225.637       -1224.166       -1221.660       -1227.539       -1228.241
           EE_W      -63656.908      -63631.014      -63650.843      -63707.773      -63682.667
          EE_PW        -965.384        -980.580        -978.698        -974.247        -962.157
           EE14       -1308.185       -1302.835       -1308.362       -1301.030       -1305.176
         EE14_P       -1308.185       -1302.835       -1308.362       -1301.030       -1305.176
           EEsr      -59088.077      -59077.411      -59091.829      -59153.665      -59113.009
         EEsr_P          27.438          27.494          29.348          26.973          26.115
         EEsr_W      -58449.958      -58424.100      -58446.385      -58505.256      -58473.615
        EEsr_PW        -665.557        -680.805        -674.792        -675.382        -665.509
           EElr       -5451.667       -5455.513       -5451.009       -5454.864       -5454.880
         EElr_P          55.110          51.175          57.355          46.518          50.819
         EElr_W       -5206.951       -5206.914       -5204.458       -5202.517       -5209.052
        EElr_PW        -299.826        -299.774        -303.906        -298.865        -296.647
         Bonded         468.637         471.841         469.827         468.652         470.275
       Bonded_P         468.637         471.841         469.827         468.652         470.275
           Bond          89.755          90.544          90.241          90.678          88.998
         Bond_P          89.755          90.544          90.241          90.678          88.998
          Angle         195.477         195.998         196.204         192.638         197.015
        Angle_P         195.477         195.998         196.204         192.638         197.015
            Dih         168.827         170.041         168.490         170.432         169.785
          Dih_P         168.827         170.041         168.490         170.432         169.785
            Imp          14.577          15.258          14.892          14.904          14.476
          Imp_P          14.577          15.258          14.892          14.904          14.476
             PV           2.588           2.589           2.588           2.590           2.587
           PV_P           2.588           2.589           2.588           2.590           2.587
           PV_W           2.588           2.589           2.588           2.590           2.587
          PV_PW          -2.588          -2.589          -2.588          -2.590          -2.587
