             PE      -40355.068      -40361.279      -40348.081      -40348.395      -40349.810
           PE_P         202.680         202.718         200.369         200.952         203.117
           PE_W      -39934.064      -39934.328      -39924.591      -39925.122      -39924.384
          PE_PW        -623.684        -629.669        -623.859        -624.225        -628.543
            PE2      -40355.068      -40361.280      -40348.081      -40348.396      -40349.810
          PE2_P         202.680         202.718         200.369         200.952         203.117
          PE2_W      -39934.064      -39934.328      -39924.591      -39925.122      -39924.384
         PE2_PW        -623.684        -629.670        -623.859        -624.226        -628.543
      Nonbonded      -40653.204      -40661.652      -40646.207      -40644.725      -40647.057
    Nonbonded_P         -95.456         -97.655         -97.757         -95.377         -94.129
    Nonbonded_W      -39934.064      -39934.328      -39924.591      -39925.122      -39924.384
   Nonbonded_PW        -623.684        -629.669        -623.859        -624.226        -628.544
             LJ        5888.186        5879.106        5879.535        5884.335        5873.514
           LJ_P         -23.349         -24.036         -24.703         -22.189         -21.305
           LJ_W        6064.406        6057.615        6057.590        6062.235        6048.447
          LJ_PW        -152.871        -154.473        -153.352        -155.711        -153.628
           LJ14          42.645          41.834          41.381          43.101          42.927
         LJ14_P          42.645          41.834          41.381          43.101          42.927
           LJsr        6029.877        6021.695        6022.507        6025.654        6014.997
         LJsr_P         -65.675         -65.551         -65.764         -64.970         -63.912
         LJsr_W        6233.206        6226.495        6226.405        6231.111        6217.314
        LJsr_PW        -137.654        -139.249        -138.134        -140.487        -138.405
           LJlr        -184.336        -184.423        -184.353        -184.420        -184.410
         LJlr_P          -0.320          -0.320          -0.320          -0.320          -0.320
         LJlr_W        -168.800        -168.880        -168.815        -168.876        -168.868
        LJlr_PW         -15.216         -15.223         -15.218         -15.224         -15.222
             EE      -46541.390      -46540.758      -46525.742      -46529.060      -46520.571
           EE_P         -72.106         -73.618         -73.054         -73.188         -72.824
           EE_W      -45998.471      -45991.943      -45982.181      -45987.357      -45972.830
          EE_PW        -470.813        -475.197        -470.507        -468.515        -474.917
           EE14         179.965         170.482         175.444         182.128         180.611
         EE14_P         179.965         170.482         175.444         182.128         180.611
           EEsr      -42774.844      -42767.228      -42756.289      -42758.997      -42753.361
         EEsr_P         -47.659         -44.589         -45.412         -47.142         -46.767
         EEsr_W      -42340.584      -42333.430      -42324.778      -42326.093      -42314.612
        EEsr_PW        -386.601        -389.209        -386.099        -385.762        -391.982
           EElr       -3946.511       -3944.013       -3944.897       -3952.191       -3947.821
         EElr_P        -204.412        -199.511        -203.087        -208.174        -206.668
         EElr_W       -3657.887       -3658.513       -3657.403       -3661.264       -3658.218
        EElr_PW         -84.212         -85.989         -84.407         -82.753         -82.935
         Bonded         298.136         300.373         298.126         296.329         297.246
       Bonded_P         298.136         300.373         298.126         296.329         297.246
           Bond          65.533          66.318          66.095          66.598          65.428
         Bond_P          65.533          66.318          66.095          66.598          65.428
          Angle         143.055         143.167         144.277         143.656         145.188
        Angle_P         143.055         143.167         144.277         143.656         145.188
            Dih          78.848          79.895          77.408          75.531          76.240
          Dih_P          78.848          79.895          77.408          75.531          76.240
            Imp          10.700          10.993          10.346          10.543          10.390
          Imp_P          10.700          10.993          10.346          10.543          10.390
             PV           1.879           1.878           1.879           1.878           1.878
           PV_P           1.879           1.878           1.879           1.878           1.878
           PV_W           1.879           1.878           1.879           1.878           1.878
          PV_PW          -1.879          -1.878          -1.879          -1.878          -1.878
