             PE      -40324.940      -40390.222      -40335.018      -40335.478      -40359.504
           PE_P         200.180         225.203         206.474         219.880         212.447
           PE_W      -39914.831      -39928.101      -39907.386      -39903.594      -39923.952
          PE_PW        -610.289        -687.324        -634.106        -651.764        -647.999
            PE2      -40324.941      -40390.222      -40335.018      -40335.478      -40359.504
          PE2_P         200.180         225.203         206.474         219.880         212.447
          PE2_W      -39914.828      -39928.100      -39907.387      -39903.594      -39923.952
         PE2_PW        -610.293        -687.325        -634.105        -651.764        -647.999
      Nonbonded      -40631.206      -40686.439      -40633.475      -40636.131      -40659.765
    Nonbonded_P        -106.085         -71.014         -91.983         -80.773         -87.814
    Nonbonded_W      -39914.828      -39928.100      -39907.387      -39903.594      -39923.952
   Nonbonded_PW        -610.293        -687.325        -634.105        -651.764        -647.999
             LJ        5883.019        5932.046        5839.670        5844.360        5816.687
           LJ_P         -22.886         -21.316         -23.788         -21.500         -20.957
           LJ_W        6063.760        6107.351        6015.246        6018.561        5991.062
          LJ_PW        -157.855        -153.989        -151.788        -152.701        -153.418
           LJ14          42.991          43.606          41.423          43.265          42.846
         LJ14_P          42.991          43.606          41.423          43.265          42.846
           LJsr        6024.426        6072.781        5982.677        5985.430        5958.301
         LJsr_P         -65.556         -64.602         -64.892         -64.446         -63.483
         LJsr_W        6232.616        6276.156        6184.133        6187.359        6159.975
        LJsr_PW        -142.634        -138.773        -136.564        -137.483        -138.191
           LJlr        -184.397        -184.341        -184.431        -184.335        -184.459
         LJlr_P          -0.320          -0.320          -0.320          -0.320          -0.320
         LJlr_W        -168.856        -168.804        -168.887        -168.799        -168.913
        LJlr_PW         -15.221         -15.217         -15.224         -15.216         -15.226
             EE      -46514.225      -46618.485      -46473.145      -46480.491      -46476.452
           EE_P         -83.200         -49.698         -68.194         -59.273         -66.856
           EE_W      -45978.588      -46035.451      -45922.633      -45922.155      -45915.014
          EE_PW        -452.437        -533.336        -482.318        -499.063        -494.582
           EE14         165.771         179.147         191.852         182.227         173.645
         EE14_P         165.771         179.147         191.852         182.227         173.645
           EEsr      -42746.890      -42854.499      -42711.508      -42714.326      -42704.897
         EEsr_P         -52.156         -44.224         -52.874         -42.218         -44.104
         EEsr_W      -42324.499      -42388.787      -42266.530      -42267.646      -42261.384
        EEsr_PW        -370.235        -421.488        -392.104        -404.462        -399.409
           EElr       -3933.105       -3943.133       -3953.489       -3948.392       -3945.199
         EElr_P        -196.815        -184.621        -207.172        -199.282        -196.397
         EElr_W       -3654.089       -3646.664       -3656.103       -3654.508       -3653.630
        EElr_PW         -82.201        -111.848         -90.214         -94.602         -95.172
         Bonded         306.265         296.217         298.457         300.653         300.260
       Bonded_P         306.265         296.217         298.457         300.653         300.260
           Bond          66.318          61.138          64.066          67.015          66.465
         Bond_P          66.318          61.138          64.066          67.015          66.465
          Angle         145.520         141.425         141.320         143.289         146.967
        Angle_P         145.520         141.425         141.320         143.289         146.967
            Dih          83.121          82.622          82.115          80.068          75.751
          Dih_P          83.121          82.622          82.115          80.068          75.751
            Imp          11.305          11.032          10.956          10.282          11.077
          Imp_P          11.305          11.032          10.956          10.282          11.077
             PV           1.878           1.879           1.878           1.879           1.878
           PV_P           1.878           1.879           1.878           1.879           1.878
           PV_W           1.878           1.879           1.878           1.879           1.878
          PV_PW          -1.878          -1.879          -1.878          -1.879          -1.878
