             PE      -37900.575      -37874.114      -37884.019      -37927.660      -37931.337
           PE_P         437.642         437.081         439.984         436.202         435.349
           PE_W      -37808.969      -37792.988      -37805.115      -37842.242      -37834.117
          PE_PW        -529.248        -518.207        -518.888        -521.620        -532.569
            PE2      -37900.575      -37874.115      -37884.018      -37927.659      -37931.337
          PE2_P         437.642         437.081         439.984         436.202         435.349
          PE2_W      -37808.969      -37792.988      -37805.115      -37842.243      -37834.117
         PE2_PW        -529.248        -518.208        -518.887        -521.618        -532.569
      Nonbonded      -38127.669      -38104.916      -38114.699      -38149.892      -38150.031
    Nonbonded_P         210.548         206.280         209.303         213.968         216.655
    Nonbonded_W      -37808.969      -37792.988      -37805.115      -37842.243      -37834.117
   Nonbonded_PW        -529.248        -518.208        -518.887        -521.617        -532.569
             LJ        5541.809        5575.228        5575.443        5598.861        5609.030
           LJ_P         -11.873         -11.247         -12.606          -8.948         -12.621
           LJ_W        5692.553        5726.122        5726.317        5747.630        5760.332
          LJ_PW        -138.871        -139.647        -138.268        -139.821        -138.681
           LJ14          38.548          39.296          37.821          41.265          38.075
         LJ14_P          38.548          39.296          37.821          41.265          38.075
           LJsr        5676.811        5709.341        5710.911        5731.079        5744.315
         LJsr_P         -50.177         -50.300         -50.184         -49.970         -50.453
         LJsr_W        5852.760        5886.198        5886.281        5907.774        5920.362
        LJsr_PW        -125.772        -126.557        -125.186        -126.725        -125.594
           LJlr        -173.551        -173.409        -173.288        -173.484        -173.360
         LJlr_P          -0.244          -0.243          -0.243          -0.244          -0.243
         LJlr_W        -160.207        -160.076        -159.964        -160.145        -160.030
        LJlr_PW         -13.100         -13.090         -13.081         -13.095         -13.087
             EE      -43669.478      -43680.144      -43690.143      -43748.752      -43759.061
           EE_P         222.421         217.527         221.909         222.917         229.276
           EE_W      -43501.523      -43519.111      -43531.432      -43589.872      -43594.449
          EE_PW        -390.376        -378.560        -380.620        -381.797        -393.888
           EE14         679.706         679.632         684.970         675.254         688.367
         EE14_P         679.706         679.632         684.970         675.254         688.367
           EEsr      -40414.161      -40424.775      -40438.795      -40490.305      -40504.167
         EEsr_P         -61.906         -66.861         -65.638         -58.279         -60.959
         EEsr_W      -40038.321      -40053.763      -40065.888      -40124.129      -40127.328
        EEsr_PW        -313.934        -304.151        -307.269        -307.897        -315.880
           EElr       -3935.022       -3935.000       -3936.317       -3933.702       -3943.261
         EElr_P        -395.379        -395.243        -397.423        -394.059        -398.132
         EElr_W       -3463.202       -3465.348       -3465.544       -3465.743       -3467.121
        EElr_PW         -76.441         -74.409         -73.350         -73.900         -78.008
         Bonded         227.094         230.800         230.681         222.233         218.694
       Bonded_P         227.094         230.800         230.681         222.233         218.694
           Bond          51.461          52.494          53.567          52.915          50.732
         Bond_P          51.461          52.494          53.567          52.915          50.732
          Angle         136.395         136.924         137.655         133.618         132.702
        Angle_P         136.395         136.924         137.655         133.618         132.702
            Dih          31.511          33.280          31.241          27.701          27.683
          Dih_P          31.511          33.280          31.241          27.701          27.683
            Imp           7.727           8.102           8.218           7.999           7.578
          Imp_P           7.727           8.102           8.218           7.999           7.578
             PV           1.773           1.774           1.775           1.773           1.775
           PV_P           1.773           1.774           1.775           1.773           1.775
           PV_W           1.773           1.774           1.775           1.773           1.775
          PV_PW          -1.773          -1.774          -1.775          -1.773          -1.775
