             PE      -37892.722      -37940.684      -37935.272      -37901.172      -37862.244
           PE_P         420.833         425.599         465.335         425.823         435.806
           PE_W      -37801.607      -37861.316      -37834.156      -37804.688      -37784.079
          PE_PW        -511.948        -504.967        -566.451        -522.307        -513.971
            PE2      -37892.724      -37940.684      -37935.271      -37901.168      -37862.243
          PE2_P         420.833         425.599         465.335         425.823         435.806
          PE2_W      -37801.606      -37861.317      -37834.156      -37804.687      -37784.079
         PE2_PW        -511.951        -504.966        -566.450        -522.304        -513.970
      Nonbonded      -38106.314      -38157.258      -38178.573      -38109.746      -38090.264
    Nonbonded_P         207.243         209.025         222.033         217.245         207.785
    Nonbonded_W      -37801.606      -37861.317      -37834.156      -37804.687      -37784.079
   Nonbonded_PW        -511.951        -504.966        -566.450        -522.304        -513.970
             LJ        5645.609        5537.494        5580.329        5500.472        5577.195
           LJ_P         -13.467         -13.526         -14.167         -13.968         -13.623
           LJ_W        5798.292        5698.195        5733.491        5654.013        5724.919
          LJ_PW        -139.216        -147.175        -138.995        -139.573        -134.101
           LJ14          38.914          37.709          36.342          39.873          37.190
         LJ14_P          38.914          37.709          36.342          39.873          37.190
           LJsr        5780.237        5673.604        5717.415        5634.464        5713.066
         LJsr_P         -52.138         -50.991         -50.266         -53.596         -50.570
         LJsr_W        5958.492        5858.649        5893.585        5814.509        5884.674
        LJsr_PW        -126.117        -134.054        -125.904        -126.449        -121.038
           LJlr        -173.543        -173.819        -173.429        -173.864        -173.061
         LJlr_P          -0.244          -0.244          -0.243          -0.244          -0.243
         LJlr_W        -160.200        -160.454        -160.094        -160.496        -159.754
        LJlr_PW         -13.099         -13.121         -13.092         -13.124         -13.064
             EE      -43751.922      -43694.752      -43758.902      -43610.219      -43667.459
           EE_P         220.710         222.551         236.200         231.212         221.409
           EE_W      -43599.898      -43559.512      -43567.647      -43458.700      -43508.998
          EE_PW        -372.734        -357.791        -427.455        -382.731        -379.870
           EE14         670.380         672.524         683.038         668.339         681.202
         EE14_P         670.380         672.524         683.038         668.339         681.202
           EEsr      -40486.210      -40431.360      -40506.137      -40358.698      -40414.553
         EEsr_P         -55.907         -53.851         -63.613         -47.998         -64.769
         EEsr_W      -40127.896      -40086.240      -40112.263      -40000.030      -40043.546
        EEsr_PW        -302.407        -291.269        -330.261        -310.670        -306.238
           EElr       -3936.092       -3935.916       -3935.803       -3919.859       -3934.108
         EElr_P        -393.762        -396.122        -383.225        -389.128        -395.025
         EElr_W       -3472.002       -3473.272       -3455.384       -3458.670       -3465.452
        EElr_PW         -70.328         -66.522         -97.194         -72.061         -73.631
         Bonded         213.590         216.574         243.302         208.579         228.021
       Bonded_P         213.590         216.574         243.302         208.579         228.021
           Bond          53.066          49.782          51.515          51.694          59.431
         Bond_P          53.066          49.782          51.515          51.694          59.431
          Angle         132.979         132.115         146.058         122.588         128.530
        Angle_P         132.979         132.115         146.058         122.588         128.530
            Dih          20.910          25.531          38.230          26.810          32.175
          Dih_P          20.910          25.531          38.230          26.810          32.175
            Imp           6.636           9.146           7.499           7.487           7.885
          Imp_P           6.636           9.146           7.499           7.487           7.885
             PV           1.773           1.770           1.774           1.770           1.778
           PV_P           1.773           1.770           1.774           1.770           1.778
           PV_W           1.773           1.770           1.774           1.770           1.778
          PV_PW          -1.773          -1.770          -1.774          -1.770          -1.778
