             PE      -54092.170      -54113.269      -54072.374      -54109.171      -54030.264
           PE_P         387.018         393.229         393.336         388.025         390.701
           PE_W      -53916.072      -53946.425      -53906.216      -53932.605      -53857.088
          PE_PW        -563.116        -560.073        -559.494        -564.591        -563.877
            PE2      -54092.170      -54113.270      -54072.375      -54109.172      -54030.265
          PE2_P         387.018         393.229         393.336         388.025         390.701
          PE2_W      -53916.074      -53946.425      -53906.216      -53932.606      -53857.087
         PE2_PW        -563.114        -560.074        -559.495        -564.591        -563.879
      Nonbonded      -54300.028      -54326.838      -54287.338      -54316.942      -54242.208
    Nonbonded_P         179.160         179.660         178.373         180.255         178.758
    Nonbonded_W      -53916.074      -53946.425      -53906.216      -53932.606      -53857.087
   Nonbonded_PW        -563.114        -560.073        -559.495        -564.591        -563.879
             LJ        7998.800        7973.771        7967.934        7997.935        7952.987
           LJ_P         -15.428         -16.584         -14.812         -15.996         -16.693
           LJ_W        8156.245        8133.301        8124.237        8158.821        8112.254
          LJ_PW        -142.017        -142.946        -141.491        -144.890        -142.574
           LJ14          38.048          38.196          38.927          37.986          37.656
         LJ14_P          38.048          38.196          38.927          37.986          37.656
           LJsr        8203.320        8178.445        8171.721        8202.707        8157.821
         LJsr_P         -53.296         -54.600         -53.559         -53.802         -54.169
         LJsr_W        8385.306        8362.647        8353.435        8388.061        8341.241
        LJsr_PW        -128.690        -129.602        -128.155        -131.552        -129.251
           LJlr        -242.569        -242.870        -242.714        -242.758        -242.490
         LJlr_P          -0.180          -0.180          -0.180          -0.180          -0.180
         LJlr_W        -229.061        -229.346        -229.198        -229.240        -228.986
        LJlr_PW         -13.328         -13.344         -13.336         -13.338         -13.324
             EE      -62298.828      -62300.609      -62255.273      -62314.877      -62195.195
           EE_P         194.587         196.245         193.186         196.251         195.450
           EE_W      -62072.318      -62079.726      -62030.453      -62091.427      -61969.342
          EE_PW        -421.097        -417.128        -418.006        -419.701        -421.303
           EE14         505.496         506.621         505.242         506.477         505.675
         EE14_P         505.496         506.621         505.242         506.477         505.675
           EEsr      -57533.909      -57532.993      -57488.121      -57548.690      -57429.950
         EEsr_P         -71.183         -71.030         -71.910         -70.819         -70.977
         EEsr_W      -57126.949      -57129.608      -57080.263      -57142.696      -57023.746
        EEsr_PW        -335.777        -332.355        -335.948        -335.175        -335.227
           EElr       -5270.414       -5274.238       -5272.394       -5272.664       -5270.921
         EElr_P        -239.726        -239.347        -240.146        -239.407        -239.248
         EElr_W       -4945.370       -4950.118       -4950.190       -4948.731       -4945.596
        EElr_PW         -85.318         -84.773         -82.058         -84.526         -86.077
         Bonded         207.858         213.569         214.963         207.770         211.943
       Bonded_P         207.858         213.569         214.963         207.770         211.943
           Bond          49.828          53.945          55.909          51.289          53.384
         Bond_P          49.828          53.945          55.909          51.289          53.384
          Angle         116.418         118.341         118.132         115.040         116.925
        Angle_P         116.418         118.341         118.132         115.040         116.925
            Dih          31.874          31.932          30.801          31.664          31.806
          Dih_P          31.874          31.932          30.801          31.664          31.806
            Imp           9.738           9.351          10.121           9.777           9.829
          Imp_P           9.738           9.351          10.121           9.777           9.829
             PV           2.513           2.510           2.512           2.511           2.514
           PV_P           2.513           2.510           2.512           2.511           2.514
           PV_W           2.513           2.510           2.512           2.511           2.514
          PV_PW          -2.513          -2.510          -2.512          -2.511          -2.514
