             PE      -49668.901      -49659.509      -49667.562      -49664.848      -49683.173
           PE_P        -335.037        -339.440        -334.935        -338.609        -345.903
           PE_W      -48477.610      -48478.427      -48478.608      -48476.020      -48500.668
          PE_PW        -856.254        -841.642        -854.019        -850.219        -836.602
            PE2      -49668.901      -49659.509      -49667.562      -49664.848      -49683.173
          PE2_P        -335.037        -339.440        -334.935        -338.609        -345.903
          PE2_W      -48477.610      -48478.427      -48478.608      -48476.020      -48500.668
         PE2_PW        -856.254        -841.642        -854.019        -850.219        -836.602
      Nonbonded      -50008.619      -49998.482      -50008.878      -50005.633      -50023.260
    Nonbonded_P        -674.756        -678.413        -676.252        -679.394        -685.989
    Nonbonded_W      -48477.610      -48478.427      -48478.608      -48476.020      -48500.668
   Nonbonded_PW        -856.253        -841.642        -854.018        -850.219        -836.603
             LJ        7152.666        7134.568        7161.010        7161.645        7145.460
           LJ_P         -17.398         -17.371         -17.578         -18.702         -17.502
           LJ_W        7322.160        7303.475        7330.129        7332.624        7314.730
          LJ_PW        -152.096        -151.536        -151.541        -152.277        -151.768
           LJ14          42.705          43.827          42.378          42.681          42.833
         LJ14_P          42.705          43.827          42.378          42.681          42.833
           LJsr        7330.722        7311.467        7339.381        7339.743        7323.389
         LJsr_P         -59.829         -60.924         -59.683         -61.109         -60.061
         LJsr_W        7527.080        7508.362        7535.039        7537.561        7519.652
        LJsr_PW        -136.529        -135.971        -135.975        -136.709        -136.202
           LJlr        -220.761        -220.725        -220.749        -220.779        -220.762
         LJlr_P          -0.274          -0.274          -0.274          -0.274          -0.274
         LJlr_W        -204.920        -204.887        -204.910        -204.937        -204.922
        LJlr_PW         -15.567         -15.564         -15.565         -15.568         -15.566
             EE      -57161.285      -57133.050      -57169.888      -57167.278      -57168.720
           EE_P        -657.358        -661.042        -658.673        -660.692        -668.488
           EE_W      -55799.770      -55781.901      -55808.738      -55808.644      -55815.399
          EE_PW        -704.157        -690.107        -702.477        -697.942        -684.833
           EE14        -796.823        -803.233        -801.303        -804.346        -801.820
         EE14_P        -796.823        -803.233        -801.303        -804.346        -801.820
           EEsr      -51592.452      -51562.038      -51599.676      -51595.777      -51598.032
         EEsr_P          68.080          69.354          67.631          69.694          64.449
         EEsr_W      -51212.743      -51192.398      -51223.429      -51222.442      -51225.229
        EEsr_PW        -447.789        -438.994        -443.878        -443.029        -437.252
           EElr       -4772.010       -4767.779       -4768.910       -4767.156       -4768.867
         EElr_P          71.385          72.837          74.999          73.960          68.884
         EElr_W       -4587.026       -4589.503       -4585.309       -4586.202       -4590.169
        EElr_PW        -256.369        -251.113        -258.600        -254.914        -247.582
         Bonded         339.719         338.973         341.317         340.785         340.087
       Bonded_P         339.719         338.973         341.317         340.785         340.087
           Bond          78.832          77.690          78.681          78.209          77.445
         Bond_P          78.832          77.690          78.681          78.209          77.445
          Angle         170.425         171.594         172.613         170.976         173.419
        Angle_P         170.425         171.594         172.613         170.976         173.419
            Dih          79.606          78.678          79.250          80.747          78.537
          Dih_P          79.606          78.678          79.250          80.747          78.537
            Imp          10.856          11.011          10.773          10.853          10.686
          Imp_P          10.856          11.011          10.773          10.853          10.686
             PV           2.260           2.260           2.260           2.260           2.260
           PV_P           2.260           2.260           2.260           2.260           2.260
           PV_W           2.260           2.260           2.260           2.260           2.260
          PV_PW          -2.260          -2.260          -2.260          -2.260          -2.260
