             PE      -56677.820      -56663.051      -56682.408      -56693.534      -56686.654
           PE_P        -296.127        -292.171        -294.426        -273.445        -297.359
           PE_W      -54989.754      -54972.342      -54993.599      -54981.074      -54999.661
          PE_PW       -1391.939       -1398.538       -1394.383       -1439.015       -1389.634
            PE2      -56677.819      -56663.052      -56682.408      -56693.535      -56686.655
          PE2_P        -296.127        -292.171        -294.426        -273.445        -297.359
          PE2_W      -54989.753      -54972.342      -54993.600      -54981.074      -54999.661
         PE2_PW       -1391.939       -1398.539       -1394.382       -1439.016       -1389.635
      Nonbonded      -57085.380      -57071.888      -57091.853      -57102.262      -57096.919
    Nonbonded_P        -703.688        -701.007        -703.871        -682.172        -707.623
    Nonbonded_W      -54989.753      -54972.342      -54993.600      -54981.074      -54999.661
   Nonbonded_PW       -1391.939       -1398.539       -1394.382       -1439.016       -1389.635
             LJ        8185.136        8160.675        8170.978        8179.725        8171.277
           LJ_P         -17.394         -18.492         -18.471         -20.011         -18.225
           LJ_W        8374.384        8353.059        8360.409        8370.075        8361.497
          LJ_PW        -171.854        -173.892        -170.960        -170.339        -171.995
           LJ14          68.468          68.651          67.971          68.254          67.926
         LJ14_P          68.468          68.651          67.971          68.254          67.926
           LJsr        8371.552        8346.862        8357.843        8366.278        8358.252
         LJsr_P         -85.425         -86.706         -86.005         -87.829         -85.714
         LJsr_W        8608.109        8586.742        8594.090        8603.730        8595.238
        LJsr_PW        -151.132        -153.174        -150.242        -149.623        -151.272
           LJlr        -254.884        -254.838        -254.836        -254.808        -254.901
         LJlr_P          -0.437          -0.437          -0.437          -0.437          -0.437
         LJlr_W        -233.724        -233.683        -233.681        -233.655        -233.741
        LJlr_PW         -20.723         -20.718         -20.718         -20.716         -20.723
             EE      -65270.516      -65232.563      -65262.830      -65281.987      -65268.196
           EE_P        -686.294        -682.515        -685.400        -662.161        -689.398
           EE_W      -63364.138      -63325.401      -63354.009      -63351.149      -63361.158
          EE_PW       -1220.084       -1224.647       -1223.421       -1268.677       -1217.640
           EE14        -498.816        -496.165        -499.155        -499.066        -498.543
         EE14_P        -498.816        -496.165        -499.155        -499.066        -498.543
           EEsr      -59250.160      -59212.413      -59241.804      -59258.655      -59247.042
         EEsr_P         -20.232         -17.625         -19.795          -9.225         -22.315
         EEsr_W      -58459.114      -58419.884      -58449.039      -58454.891      -58457.059
        EEsr_PW        -770.814        -774.904        -772.970        -794.539        -767.668
           EElr       -5521.540       -5523.985       -5521.872       -5524.266       -5522.610
         EElr_P        -167.246        -168.725        -166.450        -153.870        -168.540
         EElr_W       -4905.024       -4905.517       -4904.970       -4896.259       -4904.099
        EElr_PW        -449.270        -449.743        -450.452        -474.137        -449.971
         Bonded         407.561         408.836         409.445         408.727         410.265
       Bonded_P         407.561         408.836         409.445         408.727         410.265
           Bond          90.460          92.100          90.591          91.597          90.949
         Bond_P          90.460          92.100          90.591          91.597          90.949
          Angle         193.386         193.758         193.663         193.342         194.152
        Angle_P         193.386         193.758         193.663         193.342         194.152
            Dih         110.275         109.667         112.050         110.563         111.748
          Dih_P         110.275         109.667         112.050         110.563         111.748
            Imp          13.440          13.310          13.141          13.224          13.415
          Imp_P          13.440          13.310          13.141          13.224          13.415
             PV           2.596           2.596           2.596           2.597           2.596
           PV_P           2.596           2.596           2.596           2.597           2.596
           PV_W           2.596           2.596           2.596           2.597           2.596
          PV_PW          -2.596          -2.596          -2.596          -2.597          -2.596
