             PE      -42590.200      -42586.286      -42573.993      -42579.960      -42585.091
           PE_P         534.339         525.312         528.802         525.383         524.911
           PE_W      -42555.303      -42559.384      -42548.124      -42556.675      -42554.545
          PE_PW        -569.236        -552.214        -554.671        -548.668        -555.457
            PE2      -42590.200      -42586.286      -42573.993      -42579.960      -42585.091
          PE2_P         534.339         525.312         528.802         525.383         524.911
          PE2_W      -42555.303      -42559.383      -42548.124      -42556.675      -42554.545
         PE2_PW        -569.236        -552.215        -554.671        -548.668        -555.457
      Nonbonded      -42818.732      -42810.062      -42799.456      -42805.323      -42807.232
    Nonbonded_P         305.806         301.535         303.339         300.020         302.769
    Nonbonded_W      -42555.303      -42559.383      -42548.124      -42556.675      -42554.545
   Nonbonded_PW        -569.235        -552.214        -554.671        -548.668        -555.456
             LJ        6283.250        6283.040        6288.602        6282.641        6285.056
           LJ_P         -18.155         -16.766         -16.134         -16.168         -16.811
           LJ_W        6449.556        6448.704        6453.256        6448.345        6450.232
          LJ_PW        -148.151        -148.898        -148.520        -149.536        -148.365
           LJ14          37.647          38.951          39.188          39.216          38.964
         LJ14_P          37.647          38.951          39.188          39.216          38.964
           LJsr        6439.882        6438.406        6443.800        6437.730        6440.372
         LJsr_P         -55.558         -55.473         -55.077         -55.140         -55.531
         LJsr_W        6629.820        6629.004        6633.619        6628.633        6630.498
        LJsr_PW        -134.380        -135.125        -134.742        -135.763        -134.595
           LJlr        -194.278        -194.317        -194.385        -194.304        -194.280
         LJlr_P          -0.244          -0.244          -0.244          -0.244          -0.244
         LJlr_W        -180.264        -180.300        -180.363        -180.288        -180.266
        LJlr_PW         -13.770         -13.773         -13.778         -13.772         -13.770
             EE      -49101.982      -49093.103      -49088.059      -49087.964      -49092.288
           EE_P         323.961         318.301         319.473         316.188         319.581
           EE_W      -49004.859      -49008.087      -49001.380      -49005.020      -49004.777
          EE_PW        -421.084        -403.317        -406.152        -399.132        -407.092
           EE14         619.137         618.788         619.388         619.262         619.481
         EE14_P         619.137         618.788         619.388         619.262         619.481
           EEsr      -45501.149      -45491.919      -45486.033      -45486.744      -45490.385
         EEsr_P         -58.067         -59.132         -58.822         -62.025         -59.769
         EEsr_W      -45105.501      -45104.309      -45096.745      -45100.370      -45101.220
        EEsr_PW        -337.581        -328.478        -330.466        -324.349        -329.396
           EElr       -4219.971       -4219.971       -4221.414       -4220.482       -4221.384
         EElr_P        -237.109        -241.354        -241.093        -241.049        -240.132
         EElr_W       -3899.358       -3903.779       -3904.635       -3904.650       -3903.557
        EElr_PW         -83.504         -74.838         -75.686         -74.783         -77.695
         Bonded         228.532         223.776         225.463         225.363         222.141
       Bonded_P         228.532         223.776         225.463         225.363         222.141
           Bond          56.211          58.249          56.164          56.719          56.379
         Bond_P          56.211          58.249          56.164          56.719          56.379
          Angle         125.944         124.385         126.682         126.742         123.750
        Angle_P         125.944         124.385         126.682         126.742         123.750
            Dih          37.377          32.334          33.650          33.409          33.138
          Dih_P          37.377          32.334          33.650          33.409          33.138
            Imp           9.000           8.808           8.967           8.492           8.874
          Imp_P           9.000           8.808           8.967           8.492           8.874
             PV           1.994           1.994           1.993           1.994           1.994
           PV_P           1.994           1.994           1.993           1.994           1.994
           PV_W           1.994           1.994           1.993           1.994           1.994
          PV_PW          -1.994          -1.994          -1.993          -1.994          -1.994
