             PE      -48585.409      -48571.513      -48566.931      -48566.763      -48570.327
           PE_P        -472.591        -467.247        -466.539        -492.231        -469.848
           PE_W      -47046.502      -47028.250      -47023.307      -47042.466      -47029.837
          PE_PW       -1066.316       -1076.016       -1077.085       -1032.066       -1070.642
            PE2      -48585.409      -48571.513      -48566.931      -48566.763      -48570.327
          PE2_P        -472.591        -467.247        -466.539        -492.231        -469.848
          PE2_W      -47046.502      -47028.250      -47023.307      -47042.466      -47029.838
         PE2_PW       -1066.316       -1076.016       -1077.085       -1032.066       -1070.641
      Nonbonded      -48918.330      -48902.420      -48898.370      -48899.838      -48902.420
    Nonbonded_P        -805.512        -798.155        -797.978        -825.305        -801.941
    Nonbonded_W      -47046.502      -47028.250      -47023.307      -47042.466      -47029.838
   Nonbonded_PW       -1066.316       -1076.015       -1077.085       -1032.067       -1070.641
             LJ        6988.304        6992.219        6985.402        6979.844        6994.932
           LJ_P         -24.381         -24.007         -22.976         -24.692         -23.425
           LJ_W        7134.569        7138.634        7131.771        7128.542        7141.126
          LJ_PW        -121.884        -122.408        -123.393        -124.006        -122.769
           LJ14          35.448          35.532          35.771          35.079          35.871
         LJ14_P          35.448          35.532          35.771          35.079          35.871
           LJsr        7168.989        7172.774        7165.686        7160.853        7175.128
         LJsr_P         -59.549         -59.259         -58.466         -59.491         -59.017
         LJsr_W        7334.927        7338.949        7332.056        7328.857        7341.421
        LJsr_PW        -106.389        -106.916        -107.904        -108.513        -107.276
           LJlr        -216.134        -216.087        -216.055        -216.088        -216.067
         LJlr_P          -0.280          -0.280          -0.280          -0.280          -0.280
         LJlr_W        -200.357        -200.315        -200.284        -200.315        -200.296
        LJlr_PW         -15.497         -15.492         -15.491         -15.493         -15.491
             EE      -55906.634      -55894.639      -55883.773      -55879.682      -55897.352
           EE_P        -781.131        -774.148        -775.003        -800.613        -778.515
           EE_W      -54181.071      -54166.885      -54155.079      -54171.008      -54170.963
          EE_PW        -944.432        -953.606        -953.691        -908.061        -947.874
           EE14        -705.749        -704.014        -705.883        -706.739        -699.306
         EE14_P        -705.749        -704.014        -705.883        -706.739        -699.306
           EEsr      -50621.894      -50609.951      -50599.462      -50595.117      -50615.343
         EEsr_P         -10.704          -6.495          -8.553         -19.050         -14.244
         EEsr_W      -49942.512      -49928.356      -49920.144      -49923.829      -49935.363
        EEsr_PW        -668.678        -675.100        -670.765        -652.238        -665.736
           EElr       -4578.990       -4580.673       -4578.429       -4577.826       -4582.703
         EElr_P         -64.678         -63.639         -60.567         -74.823         -64.965
         EElr_W       -4238.560       -4238.529       -4234.934       -4247.179       -4235.601
        EElr_PW        -275.752        -278.505        -282.928        -255.824        -282.137
         Bonded         332.921         330.908         331.439         333.074         332.093
       Bonded_P         332.921         330.908         331.439         333.074         332.093
           Bond          78.925          78.793          78.617          78.351          77.747
         Bond_P          78.925          78.793          78.617          78.351          77.747
          Angle         166.342         165.571         165.296         166.630         165.805
        Angle_P         166.342         165.571         165.296         166.630         165.805
            Dih          75.493          74.490          75.398          75.978          76.561
          Dih_P          75.493          74.490          75.398          75.978          76.561
            Imp          12.161          12.054          12.129          12.115          11.980
          Imp_P          12.161          12.054          12.129          12.115          11.980
             PV           2.208           2.209           2.209           2.209           2.209
           PV_P           2.208           2.209           2.209           2.209           2.209
           PV_W           2.208           2.209           2.209           2.209           2.209
          PV_PW          -2.208          -2.209          -2.209          -2.209          -2.209
