             PE      -52889.181      -52892.689      -52889.517      -52893.196      -52894.497
           PE_P        -919.197        -914.011        -918.481        -918.674        -920.705
           PE_W      -50623.603      -50629.853      -50627.260      -50631.602      -50634.734
          PE_PW       -1346.381       -1348.825       -1343.776       -1342.920       -1339.058
            PE2      -52889.181      -52892.689      -52889.517      -52893.197      -52894.497
          PE2_P        -919.197        -914.011        -918.481        -918.674        -920.705
          PE2_W      -50623.603      -50629.853      -50627.260      -50631.602      -50634.734
         PE2_PW       -1346.381       -1348.825       -1343.776       -1342.921       -1339.058
      Nonbonded      -53315.909      -53320.352      -53318.507      -53320.645      -53323.851
    Nonbonded_P       -1345.925       -1341.675       -1347.471       -1346.123       -1350.058
    Nonbonded_W      -50623.603      -50629.853      -50627.260      -50631.602      -50634.734
   Nonbonded_PW       -1346.381       -1348.824       -1343.776       -1342.920       -1339.059
             LJ        7449.592        7453.897        7443.868        7456.946        7454.906
           LJ_P         -29.905         -29.195         -29.511         -28.495         -29.275
           LJ_W        7634.978        7639.103        7629.687        7641.318        7640.128
          LJ_PW        -155.481        -156.011        -156.308        -155.877        -155.947
           LJ14          38.441          38.905          38.555          38.813          38.678
         LJ14_P          38.441          38.905          38.555          38.813          38.678
           LJsr        7642.448        7646.284        7636.635        7649.372        7647.520
         LJsr_P         -68.028         -67.782         -67.748         -66.990         -67.635
         LJsr_W        7848.920        7853.041        7843.653        7855.207        7854.066
        LJsr_PW        -138.444        -138.975        -139.270        -138.845        -138.911
           LJlr        -231.296        -231.292        -231.322        -231.239        -231.292
         LJlr_P          -0.318          -0.318          -0.318          -0.318          -0.318
         LJlr_W        -213.942        -213.937        -213.966        -213.889        -213.938
        LJlr_PW         -17.036         -17.037         -17.038         -17.032         -17.036
             EE      -60765.502      -60774.250      -60762.374      -60777.591      -60778.756
           EE_P       -1316.020       -1312.479       -1317.960       -1317.628       -1320.784
           EE_W      -58258.581      -58268.956      -58256.947      -58272.921      -58274.862
          EE_PW       -1190.901       -1192.815       -1187.467       -1187.042       -1183.110
           EE14       -2341.911       -2340.808       -2343.679       -2342.280       -2343.244
         EE14_P       -2341.911       -2340.808       -2343.679       -2342.280       -2343.244
           EEsr      -53784.893      -53794.748      -53780.225      -53795.682      -53796.865
         EEsr_P         227.501         229.985         227.637         226.503         225.315
         EEsr_W      -53394.688      -53404.839      -53390.900      -53406.860      -53409.487
        EEsr_PW        -617.706        -619.894        -616.962        -615.325        -612.693
           EElr       -4638.698       -4638.694       -4638.471       -4639.629       -4638.647
         EElr_P         798.390         798.344         798.081         798.149         797.145
         EElr_W       -4863.893       -4864.117       -4866.047       -4866.061       -4865.375
        EElr_PW        -573.195        -572.921        -570.505        -571.717        -570.417
         Bonded         426.729         427.664         428.990         427.449         429.353
       Bonded_P         426.729         427.664         428.990         427.449         429.353
           Bond          98.613          97.946          98.948          98.561          99.394
         Bond_P          98.613          97.946          98.948          98.561          99.394
          Angle         192.613         194.022         193.822         193.220         193.023
        Angle_P         192.613         194.022         193.822         193.220         193.023
            Dih         122.117         122.546         122.879         122.339         123.473
          Dih_P         122.117         122.546         122.879         122.339         123.473
            Imp          13.385          13.150          13.342          13.328          13.463
          Imp_P          13.385          13.150          13.342          13.328          13.463
             PV           2.356           2.356           2.355           2.356           2.356
           PV_P           2.356           2.356           2.355           2.356           2.356
           PV_W           2.356           2.356           2.355           2.356           2.356
          PV_PW          -2.356          -2.356          -2.355          -2.356          -2.356
