             PE      -38497.674      -38428.135      -38344.331      -38436.909      -38500.183
           PE_P         429.791         412.062         458.776         409.853         448.250
           PE_W      -37847.256      -37801.271      -37703.046      -37827.619      -37836.899
          PE_PW       -1080.209       -1038.926       -1100.061       -1019.143       -1111.534
            PE2      -38497.674      -38428.136      -38344.330      -38436.906      -38500.182
          PE2_P         429.791         412.062         458.776         409.853         448.250
          PE2_W      -37847.257      -37801.271      -37703.045      -37827.622      -37836.901
         PE2_PW       -1080.208       -1038.927       -1100.061       -1019.137       -1111.531
      Nonbonded      -38711.843      -38646.586      -38578.721      -38659.298      -38727.658
    Nonbonded_P         215.622         193.612         224.384         187.461         220.775
    Nonbonded_W      -37847.257      -37801.271      -37703.045      -37827.622      -37836.901
   Nonbonded_PW       -1080.208       -1038.927       -1100.060       -1019.137       -1111.532
             LJ        5446.054        5623.126        5546.881        5539.666        5570.405
           LJ_P         -19.597         -13.805         -17.827         -19.044         -18.781
           LJ_W        5559.874        5743.513        5667.318        5651.973        5671.700
          LJ_PW         -94.223        -106.582        -102.610         -93.263         -82.514
           LJ14          32.740          37.888          36.479          30.298          33.426
         LJ14_P          32.740          37.888          36.479          30.298          33.426
           LJsr        5586.897        5758.407        5683.843        5682.437        5710.103
         LJsr_P         -52.081         -51.437         -54.050         -49.086         -51.951
         LJsr_W        5719.865        5903.121        5827.177        5811.490        5831.267
        LJsr_PW         -80.887         -93.277         -89.284         -79.967         -69.213
           LJlr        -173.584        -173.169        -173.441        -173.070        -173.124
         LJlr_P          -0.256          -0.256          -0.256          -0.256          -0.256
         LJlr_W        -159.991        -159.608        -159.859        -159.517        -159.567
        LJlr_PW         -13.337         -13.305         -13.326         -13.297         -13.301
             EE      -44157.897      -44269.712      -44125.603      -44198.964      -44298.063
           EE_P         235.219         207.417         242.212         206.505         239.555
           EE_W      -43407.131      -43544.784      -43370.363      -43479.595      -43508.601
          EE_PW        -985.985        -932.345        -997.452        -925.874       -1029.017
           EE14         788.331         840.244         825.317         794.756         862.165
         EE14_P         788.331         840.244         825.317         794.756         862.165
           EEsr      -40587.889      -40724.331      -40575.487      -40643.704      -40757.948
         EEsr_P         -91.860        -130.543         -97.237        -103.742        -122.042
         EEsr_W      -39808.646      -39975.291      -39800.295      -39879.898      -39947.593
        EEsr_PW        -687.383        -618.497        -677.955        -660.064        -688.313
           EElr       -4358.340       -4385.625       -4375.433       -4350.016       -4402.280
         EElr_P        -461.253        -502.284        -485.868        -484.509        -500.568
         EElr_W       -3598.484       -3569.492       -3570.067       -3599.697       -3561.008
        EElr_PW        -298.603        -313.849        -319.498        -265.810        -340.704
         Bonded         214.169         218.451         234.392         222.392         227.476
       Bonded_P         214.169         218.451         234.392         222.392         227.476
           Bond          61.773          51.960          57.161          65.923          57.137
         Bond_P          61.773          51.960          57.161          65.923          57.137
          Angle         117.988         127.096         135.434         123.455         129.699
        Angle_P         117.988         127.096         135.434         123.455         129.699
            Dih          25.896          30.643          30.530          25.662          32.143
          Dih_P          25.896          30.643          30.530          25.662          32.143
            Imp           8.510           8.752          11.266           7.352           8.497
          Imp_P           8.510           8.752          11.266           7.352           8.497
             PV           1.761           1.765           1.762           1.766           1.765
           PV_P           1.761           1.765           1.762           1.766           1.765
           PV_W           1.761           1.765           1.762           1.766           1.765
          PV_PW          -1.761          -1.765          -1.762          -1.766          -1.765
