             PE      -60333.931      -60378.306      -60299.785      -60371.656      -60304.827
           PE_P       -1220.559       -1176.142       -1226.182       -1152.717       -1189.065
           PE_W      -57618.291      -57646.794      -57608.656      -57606.771      -57583.197
          PE_PW       -1495.081       -1555.370       -1464.947       -1612.168       -1532.565
            PE2      -60333.930      -60378.306      -60299.786      -60371.656      -60304.828
          PE2_P       -1220.559       -1176.142       -1226.182       -1152.717       -1189.065
          PE2_W      -57618.292      -57646.796      -57608.656      -57606.772      -57583.198
         PE2_PW       -1495.079       -1555.368       -1464.948       -1612.167       -1532.565
      Nonbonded      -60786.404      -60843.194      -60763.819      -60832.558      -60765.291
    Nonbonded_P       -1673.033       -1641.030       -1690.215       -1613.619       -1649.528
    Nonbonded_W      -57618.292      -57646.796      -57608.656      -57606.772      -57583.198
   Nonbonded_PW       -1495.079       -1555.368       -1464.948       -1612.167       -1532.565
             LJ        8543.587        8499.259        8532.119        8594.763        8497.711
           LJ_P         -40.448         -39.257         -34.411         -38.662         -38.522
           LJ_W        8712.361        8669.416        8694.330        8763.832        8663.503
          LJ_PW        -128.326        -130.900        -127.800        -130.407        -127.270
           LJ14          39.249          35.930          38.481          37.120          36.931
         LJ14_P          39.249          35.930          38.481          37.120          36.931
           LJsr        8768.583        8727.477        8757.644        8821.498        8724.918
         LJsr_P         -79.368         -74.858         -72.563         -75.454         -75.124
         LJsr_W        8957.787        8914.752        8939.534        9008.896        8908.829
        LJsr_PW        -109.836        -112.417        -109.327        -111.944        -108.787
           LJlr        -264.245        -264.149        -264.006        -263.855        -264.138
         LJlr_P          -0.329          -0.329          -0.329          -0.329          -0.329
         LJlr_W        -245.426        -245.337        -245.204        -245.064        -245.327
        LJlr_PW         -18.490         -18.483         -18.473         -18.462         -18.482
             EE      -69329.990      -69342.452      -69295.938      -69427.321      -69263.002
           EE_P       -1632.585       -1601.773       -1655.804       -1574.957       -1611.006
           EE_W      -66330.653      -66316.211      -66302.986      -66370.603      -66246.701
          EE_PW       -1366.752       -1424.468       -1337.148       -1481.761       -1405.295
           EE14       -2103.964       -2105.754       -2113.659       -2109.967       -2105.486
         EE14_P       -2103.964       -2105.754       -2113.659       -2109.967       -2105.486
           EEsr      -61792.306      -61795.750      -61745.073      -61875.236      -61712.811
         EEsr_P          91.602         101.390          81.960         118.904         101.910
         EEsr_W      -60978.225      -60980.865      -60938.214      -61042.715      -60893.578
        EEsr_PW        -905.683        -916.275        -888.819        -951.425        -921.143
           EElr       -5433.721       -5440.949       -5437.205       -5442.118       -5444.705
         EElr_P         379.777         402.590         375.895         416.105         392.570
         EElr_W       -5352.427       -5335.346       -5364.773       -5327.888       -5353.123
        EElr_PW        -461.071        -508.193        -448.327        -530.335        -484.152
         Bonded         452.474         464.888         464.033         460.902         460.463
       Bonded_P         452.474         464.888         464.033         460.902         460.463
           Bond          88.772          94.907          94.890          94.518          87.274
         Bond_P          88.772          94.907          94.890          94.518          87.274
          Angle         192.858         196.387         198.178         193.459         199.497
        Angle_P         192.858         196.387         198.178         193.459         199.497
            Dih         155.937         157.346         154.270         156.811         156.539
          Dih_P         155.937         157.346         154.270         156.811         156.539
            Imp          14.906          16.248          16.695          16.115          17.153
          Imp_P          14.906          16.248          16.695          16.115          17.153
             PV           2.688           2.689           2.690           2.692           2.689
           PV_P           2.688           2.689           2.690           2.692           2.689
           PV_W           2.688           2.689           2.690           2.692           2.689
          PV_PW          -2.688          -2.689          -2.690          -2.692          -2.689
