             PE      -64809.799      -64654.570      -64822.661      -64832.641      -64749.127
           PE_P        -173.705        -171.190        -191.911        -164.730        -177.894
           PE_W      -63678.060      -63527.788      -63696.459      -63705.458      -63625.702
          PE_PW        -958.034        -955.592        -934.291        -962.453        -945.531
            PE2      -64809.799      -64654.571      -64822.662      -64832.637      -64749.126
          PE2_P        -173.705        -171.190        -191.911        -164.730        -177.894
          PE2_W      -63678.061      -63527.784      -63696.459      -63705.461      -63625.704
         PE2_PW        -958.033        -955.597        -934.292        -962.446        -945.528
      Nonbonded      -65161.514      -65019.586      -65168.917      -65188.610      -65108.048
    Nonbonded_P        -525.420        -536.205        -538.167        -520.703        -536.816
    Nonbonded_W      -63678.061      -63527.784      -63696.459      -63705.461      -63625.704
   Nonbonded_PW        -958.033        -955.597        -934.291        -962.446        -945.528
             LJ        9526.511        9328.010        9397.832        9254.719        9363.894
           LJ_P         -17.762         -20.590         -29.119         -24.677         -23.060
           LJ_W        9708.751        9494.828        9583.699        9463.390        9551.434
          LJ_PW        -164.478        -146.228        -156.748        -183.994        -164.480
           LJ14          47.377          43.006          46.293          45.877          45.848
         LJ14_P          47.377          43.006          46.293          45.877          45.848
           LJsr        9766.116        9571.792        9638.578        9495.609        9604.900
         LJsr_P         -64.894         -63.352         -75.167         -70.308         -68.663
         LJsr_W        9978.697        9764.593        9853.700        9733.134        9821.260
        LJsr_PW        -147.687        -129.449        -139.955        -167.217        -147.697
           LJlr        -286.982        -286.789        -287.039        -286.766        -286.854
         LJlr_P          -0.245          -0.245          -0.245          -0.245          -0.245
         LJlr_W        -269.946        -269.765        -270.001        -269.744        -269.826
        LJlr_PW         -16.791         -16.779         -16.793         -16.777         -16.783
             EE      -74688.025      -74347.595      -74566.749      -74443.329      -74471.943
           EE_P        -507.658        -515.615        -509.048        -496.026        -513.756
           EE_W      -73386.811      -73022.611      -73280.158      -73168.850      -73177.138
          EE_PW        -793.556        -809.369        -777.543        -778.453        -781.049
           EE14        -874.802        -882.078        -878.591        -876.207        -888.252
         EE14_P        -874.802        -882.077        -878.591        -876.207        -888.252
           EEsr      -67819.409      -67471.053      -67697.069      -67571.458      -67600.092
         EEsr_P          83.526          85.170          87.705          95.565          90.042
         EEsr_W      -67410.528      -67056.271      -67310.239      -67199.030      -67207.202
        EEsr_PW        -492.407        -499.952        -474.535        -467.993        -482.932
           EElr       -5993.814       -5994.465       -5991.090       -5995.664       -5983.599
         EElr_P         283.618         281.292         281.838         284.615         284.453
         EElr_W       -5976.283       -5966.340       -5969.920       -5969.820       -5969.937
        EElr_PW        -301.149        -309.417        -303.008        -310.459        -298.115
         Bonded         351.715         365.015         346.256         355.973         358.922
       Bonded_P         351.715         365.015         346.256         355.973         358.922
           Bond          82.819          92.416          81.375          83.943          90.483
         Bond_P          82.819          92.416          81.375          83.943          90.483
          Angle         169.783         175.921         169.391         174.685         173.599
        Angle_P         169.783         175.921         169.391         174.685         173.599
            Dih          88.281          84.256          83.378          83.317          81.973
          Dih_P          88.281          84.256          83.378          83.317          81.973
            Imp          10.832          12.422          12.111          14.028          12.867
          Imp_P          10.832          12.422          12.111          14.028          12.867
             PV           2.961           2.963           2.960           2.963           2.962
           PV_P           2.961           2.963           2.960           2.963           2.962
           PV_W           2.961           2.963           2.960           2.963           2.962
          PV_PW          -2.961          -2.963          -2.960          -2.963          -2.962
