             PE      -59504.513      -59524.660      -59577.222      -59553.937      -59588.950
           PE_P       -1350.709       -1359.875       -1352.785       -1356.730       -1354.723
           PE_W      -56753.499      -56782.940      -56815.805      -56797.932      -56834.128
          PE_PW       -1400.305       -1381.845       -1408.632       -1399.275       -1400.099
            PE2      -59504.514      -59524.658      -59577.221      -59553.938      -59588.949
          PE2_P       -1350.709       -1359.875       -1352.785       -1356.730       -1354.723
          PE2_W      -56753.498      -56782.940      -56815.805      -56797.932      -56834.128
         PE2_PW       -1400.307       -1381.843       -1408.631       -1399.276       -1400.098
      Nonbonded      -60035.303      -60050.610      -60105.176      -60080.460      -60119.183
    Nonbonded_P       -1881.499       -1885.827       -1880.740       -1883.251       -1884.957
    Nonbonded_W      -56753.498      -56782.940      -56815.805      -56797.932      -56834.128
   Nonbonded_PW       -1400.306       -1381.843       -1408.631       -1399.277       -1400.098
             LJ        8337.289        8342.219        8351.207        8329.331        8342.963
           LJ_P         -31.987         -32.760         -35.825         -32.185         -33.972
           LJ_W        8539.383        8542.548        8560.264        8535.744        8556.968
          LJ_PW        -170.107        -167.569        -173.232        -174.228        -180.033
           LJ14          54.962          54.894          53.739          54.171          52.555
         LJ14_P          54.962          54.894          53.739          54.171          52.555
           LJsr        8542.839        8547.776        8558.253        8535.775        8551.207
         LJsr_P         -86.536         -87.241         -89.150         -85.943         -86.113
         LJsr_W        8779.050        8782.160        8800.182        8775.506        8796.899
        LJsr_PW        -149.675        -147.143        -152.779        -153.788        -159.579
           LJlr        -260.512        -260.451        -260.785        -260.615        -260.799
         LJlr_P          -0.413          -0.413          -0.413          -0.413          -0.413
         LJlr_W        -239.667        -239.611        -239.918        -239.762        -239.931
        LJlr_PW         -20.432         -20.427         -20.454         -20.440         -20.455
             EE      -68372.592      -68392.829      -68456.384      -68409.790      -68462.146
           EE_P       -1849.512       -1853.067       -1844.916       -1851.066       -1850.985
           EE_W      -65292.881      -65325.488      -65376.069      -65333.676      -65391.096
          EE_PW       -1230.199       -1214.274       -1235.399       -1225.048       -1220.065
           EE14       -2829.014       -2831.444       -2836.907       -2821.774       -2848.477
         EE14_P       -2829.014       -2831.444       -2836.906       -2821.774       -2848.477
           EEsr      -60331.682      -60356.767      -60422.178      -60377.289      -60416.244
         EEsr_P         218.881         213.553         214.367         208.715         218.190
         EEsr_W      -59818.747      -59851.807      -59912.291      -59861.639      -59924.492
        EEsr_PW        -731.816        -718.513        -724.254        -724.365        -709.942
           EElr       -5211.897       -5204.618       -5197.299       -5210.728       -5197.425
         EElr_P         760.620         764.824         777.624         761.993         779.302
         EElr_W       -5474.135       -5473.681       -5463.778       -5472.037       -5466.604
        EElr_PW        -498.382        -495.761        -511.145        -500.684        -510.123
         Bonded         530.790         525.952         527.956         526.521         530.234
       Bonded_P         530.790         525.952         527.956         526.521         530.234
           Bond         117.797         114.749         113.600         113.369         117.772
         Bond_P         117.797         114.749         113.600         113.369         117.772
          Angle         216.057         216.502         214.370         213.787         211.489
        Angle_P         216.057         216.502         214.370         213.787         211.489
            Dih         181.047         178.819         184.086         183.169         185.073
          Dih_P         181.047         178.819         184.086         183.169         185.073
            Imp          15.889          15.882          15.899          16.197          15.899
          Imp_P          15.889          15.882          15.899          16.197          15.899
             PV           2.649           2.649           2.646           2.648           2.646
           PV_P           2.649           2.649           2.646           2.648           2.646
           PV_W           2.649           2.649           2.646           2.648           2.646
          PV_PW          -2.649          -2.649          -2.646          -2.648          -2.646
