             PE      -49830.398      -49817.239      -49819.260      -49822.682      -49820.377
           PE_P        -171.134        -174.883        -185.770        -177.141        -175.445
           PE_W      -48236.911      -48230.759      -48240.021      -48235.019      -48230.969
          PE_PW       -1422.353       -1411.597       -1393.469       -1410.522       -1413.963
            PE2      -49830.398      -49817.239      -49819.260      -49822.682      -49820.377
          PE2_P        -171.134        -174.883        -185.770        -177.141        -175.445
          PE2_W      -48236.911      -48230.759      -48240.021      -48235.020      -48230.969
         PE2_PW       -1422.353       -1411.597       -1393.469       -1410.521       -1413.963
      Nonbonded      -50174.784      -50162.232      -50165.152      -50167.955      -50163.648
    Nonbonded_P        -515.521        -519.876        -531.662        -522.414        -518.716
    Nonbonded_W      -48236.911      -48230.759      -48240.021      -48235.020      -48230.969
   Nonbonded_PW       -1422.352       -1411.597       -1393.469       -1410.521       -1413.963
             LJ        7188.797        7181.884        7182.845        7176.084        7192.038
           LJ_P         -20.881         -20.969         -22.477         -21.603         -20.834
           LJ_W        7348.745        7341.126        7344.091        7338.052        7349.895
          LJ_PW        -139.067        -138.273        -138.769        -140.365        -137.023
           LJ14          51.667          51.908          50.970          51.073          52.200
         LJ14_P          51.667          51.908          50.970          51.073          52.200
           LJsr        7360.770        7353.562        7355.467        7348.712        7363.474
         LJsr_P         -72.192         -72.522         -73.090         -72.320         -72.677
         LJsr_W        7554.411        7546.743        7549.713        7543.774        7555.557
        LJsr_PW        -121.449        -120.659        -121.156        -122.742        -119.406
           LJlr        -223.640        -223.587        -223.592        -223.701        -223.635
         LJlr_P          -0.356          -0.356          -0.356          -0.356          -0.356
         LJlr_W        -205.666        -205.617        -205.622        -205.722        -205.662
        LJlr_PW         -17.618         -17.614         -17.614         -17.623         -17.617
             EE      -57363.581      -57344.116      -57347.997      -57344.039      -57355.686
           EE_P        -494.639        -498.906        -509.186        -500.811        -497.882
           EE_W      -55585.655      -55571.885      -55584.112      -55573.071      -55580.864
          EE_PW       -1283.287       -1273.325       -1254.699       -1270.157       -1276.940
           EE14        -521.013        -522.650        -524.583        -521.306        -523.367
         EE14_P        -521.013        -522.650        -524.583        -521.306        -523.367
           EEsr      -52099.843      -52079.311      -52083.365      -52080.287      -52091.437
         EEsr_P          12.620          10.958           9.604          10.182          12.758
         EEsr_W      -51323.243      -51307.131      -51313.844      -51307.059      -51315.503
        EEsr_PW        -789.220        -783.138        -779.125        -783.410        -788.692
           EElr       -4742.725       -4742.154       -4740.049       -4742.445       -4740.881
         EElr_P          13.754          12.786           5.794          10.313          12.727
         EElr_W       -4262.412       -4264.753       -4270.269       -4266.012       -4265.361
        EElr_PW        -494.067        -490.187        -475.574        -486.746        -488.247
         Bonded         344.386         344.992         345.892         345.273         343.271
       Bonded_P         344.386         344.992         345.892         345.273         343.271
           Bond          77.821          77.988          78.403          78.295          77.905
         Bond_P          77.821          77.988          78.403          78.295          77.905
          Angle         168.335         168.407         167.819         166.820         167.993
        Angle_P         168.335         168.407         167.819         166.820         167.993
            Dih          85.890          86.167          87.317          87.549          84.992
          Dih_P          85.890          86.167          87.317          87.549          84.992
            Imp          12.341          12.431          12.353          12.609          12.380
          Imp_P          12.341          12.431          12.353          12.609          12.380
             PV           2.276           2.277           2.277           2.276           2.276
           PV_P           2.276           2.277           2.277           2.276           2.276
           PV_W           2.276           2.277           2.277           2.276           2.276
          PV_PW          -2.276          -2.277          -2.277          -2.276          -2.276
