             PE      -46406.690      -46387.942      -46402.858      -46382.808      -46409.594
           PE_P        -189.970        -191.130        -193.952        -184.880        -185.227
           PE_W      -45508.721      -45489.310      -45501.408      -45485.997      -45504.707
          PE_PW        -707.999        -707.502        -707.498        -711.931        -719.660
            PE2      -46406.691      -46387.942      -46402.858      -46382.807      -46409.594
          PE2_P        -189.970        -191.130        -193.952        -184.880        -185.227
          PE2_W      -45508.722      -45489.310      -45501.408      -45485.998      -45504.706
         PE2_PW        -707.999        -707.502        -707.498        -711.929        -719.661
      Nonbonded      -46715.491      -46697.637      -46710.126      -46693.193      -46716.874
    Nonbonded_P        -498.770        -500.825        -501.219        -495.266        -492.507
    Nonbonded_W      -45508.722      -45489.310      -45501.408      -45485.998      -45504.706
   Nonbonded_PW        -707.999        -707.502        -707.499        -711.929        -719.661
             LJ        6761.288        6737.469        6761.826        6742.075        6752.400
           LJ_P         -10.753         -12.769         -11.501         -11.470         -10.824
           LJ_W        6901.001        6878.056        6904.182        6881.405        6890.095
          LJ_PW        -128.960        -127.818        -130.855        -127.860        -126.871
           LJ14          40.109          39.328          40.356          39.610          41.001
         LJ14_P          40.109          39.328          40.356          39.610          41.001
           LJsr        6929.180        6906.095        6929.463        6910.356        6919.357
         LJsr_P         -50.615         -51.849         -51.610         -50.833         -51.578
         LJsr_W        7094.341        7071.353        7097.515        7074.643        7083.395
        LJsr_PW        -114.546        -113.409        -116.442        -113.454        -112.460
           LJlr        -208.001        -207.954        -207.993        -207.892        -207.958
         LJlr_P          -0.247          -0.247          -0.247          -0.247          -0.247
         LJlr_W        -193.340        -193.296        -193.332        -193.238        -193.300
        LJlr_PW         -14.414         -14.411         -14.414         -14.407         -14.411
             EE      -53476.778      -53435.107      -53471.952      -53435.268      -53469.273
           EE_P        -488.017        -488.056        -489.718        -483.796        -481.683
           EE_W      -52409.723      -52367.366      -52405.590      -52367.403      -52394.801
          EE_PW        -579.038        -579.685        -576.644        -584.069        -592.789
           EE14        -111.244        -115.643        -114.068        -111.504        -108.690
         EE14_P        -111.244        -115.643        -114.068        -111.504        -108.690
           EEsr      -48820.301      -48777.029      -48813.825      -48779.733      -48816.340
         EEsr_P         -95.040         -92.134         -94.833         -93.051         -92.787
         EEsr_W      -48236.405      -48193.648      -48235.141      -48196.378      -48227.031
        EEsr_PW        -488.856        -491.247        -483.851        -490.304        -496.522
           EElr       -4545.233       -4542.434       -4544.059       -4544.030       -4544.244
         EElr_P        -281.733        -280.280        -280.817        -279.241        -280.206
         EElr_W       -4173.318       -4173.718       -4170.450       -4171.025       -4167.770
        EElr_PW         -90.182         -88.436         -92.792         -93.764         -96.268
         Bonded         308.800         309.695         307.268         310.386         307.280
       Bonded_P         308.800         309.695         307.268         310.386         307.280
           Bond          60.768          60.371          61.292          60.478          59.422
         Bond_P          60.768          60.371          61.292          60.478          59.422
          Angle         147.473         146.522         145.734         149.059         148.498
        Angle_P         147.473         146.522         145.734         149.059         148.498
            Dih          89.201          91.147          89.010          88.963          87.620
          Dih_P          89.201          91.147          89.010          88.963          87.620
            Imp          11.358          11.655          11.232          11.886          11.740
          Imp_P          11.358          11.655          11.232          11.886          11.740
             PV           2.129           2.130           2.129           2.130           2.130
           PV_P           2.129           2.130           2.129           2.130           2.130
           PV_W           2.129           2.130           2.129           2.130           2.130
          PV_PW          -2.129          -2.130          -2.129          -2.130          -2.130
