             PE      -40536.581      -40524.800      -40526.036      -40521.629      -40526.428
           PE_P          45.422          47.737          44.945          42.371          47.859
           PE_W      -39927.652      -39914.819      -39916.205      -39912.185      -39920.786
          PE_PW        -654.351        -657.718        -654.776        -651.815        -653.501
            PE2      -40536.581      -40524.800      -40526.036      -40521.629      -40526.428
          PE2_P          45.422          47.737          44.945          42.371          47.859
          PE2_W      -39927.652      -39914.819      -39916.205      -39912.185      -39920.786
         PE2_PW        -654.351        -657.718        -654.776        -651.815        -653.501
      Nonbonded      -40769.736      -40758.620      -40758.828      -40754.152      -40760.833
    Nonbonded_P        -187.733        -186.082        -187.847        -190.152        -186.545
    Nonbonded_W      -39927.652      -39914.819      -39916.205      -39912.185      -39920.786
   Nonbonded_PW        -654.351        -657.719        -654.776        -651.815        -653.502
             LJ        5909.732        5918.033        5912.515        5907.499        5902.700
           LJ_P         -16.749         -17.044         -18.033         -16.806         -17.269
           LJ_W        6041.047        6050.121        6046.129        6038.259        6035.540
          LJ_PW        -114.566        -115.044        -115.581        -113.954        -115.571
           LJ14          29.529          29.282          28.910          29.360          29.245
         LJ14_P          29.529          29.282          28.910          29.360          29.245
           LJsr        6062.573        6071.134        6066.056        6060.492        6055.840
         LJsr_P         -46.070         -46.118         -46.735         -45.959         -46.306
         LJsr_W        6210.797        6219.884        6215.954        6207.994        6205.304
        LJsr_PW        -102.154        -102.632        -103.163        -101.543        -103.158
           LJlr        -182.370        -182.383        -182.451        -182.354        -182.385
         LJlr_P          -0.208          -0.208          -0.208          -0.208          -0.208
         LJlr_W        -169.750        -169.762        -169.825        -169.735        -169.764
        LJlr_PW         -12.412         -12.413         -12.418         -12.411         -12.413
             EE      -46679.468      -46676.653      -46671.343      -46661.651      -46663.533
           EE_P        -170.985        -169.039        -169.815        -173.346        -169.277
           EE_W      -45968.699      -45964.940      -45962.333      -45950.444      -45956.327
          EE_PW        -539.784        -542.674        -539.195        -537.861        -537.929
           EE14         205.157         205.979         204.903         205.067         205.449
         EE14_P         205.157         205.979         204.903         205.067         205.449
           EEsr      -42840.016      -42838.593      -42832.453      -42821.478      -42826.246
         EEsr_P         -77.354         -76.170         -76.239         -77.410         -76.748
         EEsr_W      -42305.399      -42303.291      -42300.219      -42287.347      -42294.141
        EEsr_PW        -457.263        -459.132        -455.995        -456.721        -455.357
           EElr       -4044.609       -4044.039       -4043.793       -4045.240       -4042.736
         EElr_P        -298.787        -298.848        -298.478        -301.003        -297.978
         EElr_W       -3663.300       -3661.649       -3662.115       -3663.097       -3662.186
        EElr_PW         -82.522         -83.542         -83.200         -81.140         -82.572
         Bonded         233.155         233.820         232.792         232.523         234.404
       Bonded_P         233.155         233.820         232.792         232.523         234.404
           Bond          51.352          51.138          50.465          49.945          51.242
         Bond_P          51.352          51.138          50.465          49.945          51.242
          Angle         113.493         115.218         114.699         114.538         116.308
        Angle_P         113.493         115.218         114.699         114.538         116.308
            Dih          58.616          57.772          58.214          58.189          57.381
          Dih_P          58.616          57.772          58.214          58.189          57.381
            Imp           9.694           9.692           9.414           9.851           9.474
          Imp_P           9.694           9.692           9.414           9.851           9.474
             PV           1.868           1.868           1.868           1.869           1.868
           PV_P           1.868           1.868           1.868           1.869           1.868
           PV_W           1.868           1.868           1.868           1.869           1.868
          PV_PW          -1.868          -1.868          -1.868          -1.869          -1.868
