             PE      -52697.161      -52510.117      -52528.477      -52699.926      -52497.242
           PE_P        -264.111        -254.716        -301.312        -189.656        -225.654
           PE_W      -51487.692      -51230.484      -51352.402      -51451.854      -51264.688
          PE_PW        -945.358       -1024.917        -874.763       -1058.416       -1006.900
            PE2      -52697.159      -52510.121      -52528.481      -52699.932      -52497.241
          PE2_P        -264.111        -254.716        -301.312        -189.656        -225.654
          PE2_W      -51487.694      -51230.482      -51352.395      -51451.855      -51264.689
         PE2_PW        -945.354       -1024.923        -874.774       -1058.421       -1006.898
      Nonbonded      -53011.146      -52801.397      -52811.316      -53025.679      -52811.352
    Nonbonded_P        -578.099        -545.991        -584.147        -515.403        -539.764
    Nonbonded_W      -51487.694      -51230.482      -51352.395      -51451.855      -51264.689
   Nonbonded_PW        -945.353       -1024.924        -874.774       -1058.421       -1006.899
             LJ        7732.764        7245.918        7619.991        7616.389        7601.531
           LJ_P         -26.289         -34.032         -25.634         -34.253         -25.831
           LJ_W        7907.408        7385.654        7758.021        7794.115        7767.524
          LJ_PW        -148.355        -105.704        -112.396        -143.473        -140.162
           LJ14          36.653          33.614          39.666          31.424          39.866
         LJ14_P          36.653          33.614          39.666          31.424          39.866
           LJsr        7929.314        7444.283        7813.202        7817.909        7794.537
         LJsr_P         -62.706         -67.411         -65.064         -65.442         -65.462
         LJsr_W        8125.460        7602.561        7975.767        8011.925        7985.266
        LJsr_PW        -133.440         -90.867         -97.501        -128.574        -125.267
           LJlr        -233.203        -231.978        -232.876        -232.944        -232.873
         LJlr_P          -0.236          -0.235          -0.236          -0.236          -0.236
         LJlr_W        -218.052        -216.906        -217.746        -217.809        -217.743
        LJlr_PW         -14.915         -14.837         -14.894         -14.899         -14.894
             EE      -60743.911      -60047.315      -60431.308      -60642.068      -60412.883
           EE_P        -551.810        -511.959        -558.513        -481.150        -513.933
           EE_W      -59395.103      -58616.137      -59110.416      -59245.970      -59032.212
          EE_PW        -796.998        -919.219        -762.379        -914.948        -866.738
           EE14        -825.137        -835.729        -804.466        -826.713        -865.457
         EE14_P        -825.137        -835.729        -804.466        -826.713        -865.457
           EEsr      -54988.411      -54327.914      -54696.061      -54918.077      -54662.879
         EEsr_P          53.064          85.778          45.486          70.491          81.874
         EEsr_W      -54538.233      -53778.840      -54239.963      -54448.839      -54222.197
        EEsr_PW        -503.242        -634.852        -501.584        -539.729        -522.556
           EElr       -4930.362       -4883.672       -4930.781       -4897.278       -4884.547
         EElr_P         220.263         237.992         200.467         275.072         269.650
         EElr_W       -4856.870       -4837.297       -4870.453       -4797.131       -4810.016
        EElr_PW        -293.755        -284.367        -260.795        -375.219        -344.181
         Bonded         313.988         291.275         282.835         325.747         314.110
       Bonded_P         313.988         291.275         282.835         325.747         314.110
           Bond          79.496          68.618          61.644          76.238          73.272
         Bond_P          79.496          68.618          61.644          76.238          73.272
          Angle         153.057         154.100         143.029         151.118         142.332
        Angle_P         153.057         154.100         143.029         151.118         142.332
            Dih          71.222          57.728          69.837          89.690          85.648
          Dih_P          71.222          57.728          69.837          89.690          85.648
            Imp          10.213          10.829           8.325           8.701          12.858
          Imp_P          10.213          10.829           8.325           8.701          12.858
             PV           2.387           2.399           2.390           2.390           2.390
           PV_P           2.387           2.399           2.390           2.390           2.390
           PV_W           2.387           2.399           2.390           2.390           2.390
          PV_PW          -2.387          -2.399          -2.390          -2.390          -2.390
