             PE      -68545.959      -68482.734      -68474.484      -68480.847      -68488.538
           PE_P        -804.757        -815.614        -809.884        -809.854        -810.556
           PE_W      -66591.756      -66510.428      -66521.028      -66506.781      -66523.309
          PE_PW       -1149.446       -1156.692       -1143.572       -1164.212       -1154.673
            PE2      -68545.960      -68482.734      -68474.485      -68480.846      -68488.536
          PE2_P        -804.757        -815.614        -809.884        -809.854        -810.556
          PE2_W      -66591.758      -66510.427      -66521.028      -66506.781      -66523.310
         PE2_PW       -1149.445       -1156.693       -1143.573       -1164.211       -1154.670
      Nonbonded      -69049.408      -68975.715      -68973.950      -68975.483      -68986.437
    Nonbonded_P       -1308.205       -1308.595       -1309.348       -1304.490       -1308.457
    Nonbonded_W      -66591.758      -66510.427      -66521.028      -66506.781      -66523.310
   Nonbonded_PW       -1149.445       -1156.693       -1143.574       -1164.212       -1154.670
             LJ        9872.641        9823.837        9831.972        9877.540        9867.252
           LJ_P         -11.797         -11.444          -8.662         -12.729         -10.238
           LJ_W       10074.237       10024.705       10033.426       10080.589       10065.091
          LJ_PW        -189.799        -189.424        -192.792        -190.320        -187.601
           LJ14          63.014          63.923          64.312          63.049          62.704
         LJ14_P          63.014          63.923          64.312          63.049          62.704
           LJsr       10112.880       10062.840       10070.477       10117.196       10107.454
         LJsr_P         -74.452         -75.009         -72.615         -75.419         -72.583
         LJsr_W       10356.393       10306.557       10315.177       10362.235       10346.924
        LJsr_PW        -169.061        -168.708        -172.085        -169.620        -166.887
           LJlr        -303.253        -302.926        -302.817        -302.705        -302.906
         LJlr_P          -0.359          -0.359          -0.359          -0.359          -0.359
         LJlr_W        -282.156        -281.852        -281.751        -281.646        -281.833
        LJlr_PW         -20.738         -20.715         -20.707         -20.700         -20.714
             EE      -78922.049      -78799.552      -78805.922      -78853.023      -78853.690
           EE_P       -1296.408       -1297.150       -1300.686       -1291.761       -1298.219
           EE_W      -76665.995      -76535.132      -76554.454      -76587.370      -76588.400
          EE_PW        -959.646        -967.270        -950.782        -973.892        -967.071
           EE14       -1259.230       -1255.874       -1253.493       -1260.267       -1247.696
         EE14_P       -1259.230       -1255.874       -1253.493       -1260.267       -1247.696
           EEsr      -71030.679      -70907.788      -70915.051      -70962.270      -70961.942
         EEsr_P          34.001          30.534          32.417          35.349          22.739
         EEsr_W      -70436.746      -70310.604      -70326.243      -70363.094      -70363.394
        EEsr_PW        -627.934        -627.718        -621.225        -634.525        -621.287
           EElr       -6632.139       -6635.889       -6637.378       -6630.486       -6644.052
         EElr_P         -71.179         -71.810         -79.610         -66.844         -73.263
         EElr_W       -6229.249       -6224.528       -6228.211       -6224.276       -6225.006
        EElr_PW        -331.711        -339.551        -329.557        -339.366        -345.783
         Bonded         503.448         492.981         499.465         494.636         497.901
       Bonded_P         503.448         492.981         499.465         494.636         497.901
           Bond          93.874          92.984          90.452          91.306          91.924
         Bond_P          93.874          92.984          90.452          91.306          91.924
          Angle         220.632         214.070         221.609         217.505         218.938
        Angle_P         220.632         214.070         221.609         217.505         218.938
            Dih         174.358         172.140         172.946         171.423         172.799
          Dih_P         174.358         172.140         172.946         171.423         172.799
            Imp          14.584          13.787          14.457          14.402          14.240
          Imp_P          14.584          13.787          14.457          14.402          14.240
             PV           3.102           3.105           3.106           3.107           3.105
           PV_P           3.102           3.105           3.106           3.107           3.105
           PV_W           3.102           3.105           3.106           3.107           3.105
          PV_PW          -3.102          -3.105          -3.106          -3.107          -3.105
