             PE      -52568.885      -52517.713      -52511.242      -52570.767      -52591.217
           PE_P        -292.551        -255.176        -256.484        -245.435        -276.612
           PE_W      -51394.124      -51314.558      -51348.330      -51395.447      -51414.060
          PE_PW        -882.210        -947.979        -906.428        -929.885        -900.545
            PE2      -52568.884      -52517.715      -52511.243      -52570.771      -52591.215
          PE2_P        -292.551        -255.176        -256.484        -245.435        -276.612
          PE2_W      -51394.126      -51314.557      -51348.331      -51395.450      -51414.058
         PE2_PW        -882.207        -947.982        -906.428        -929.886        -900.545
      Nonbonded      -52894.174      -52829.895      -52838.578      -52911.744      -52911.117
    Nonbonded_P        -617.840        -567.356        -583.820        -586.408        -596.515
    Nonbonded_W      -51394.126      -51314.557      -51348.331      -51395.450      -51414.058
   Nonbonded_PW        -882.208        -947.982        -906.427        -929.886        -900.544
             LJ        7547.641        7611.994        7565.043        7734.482        7665.255
           LJ_P         -24.214         -18.879         -18.108         -22.192         -23.042
           LJ_W        7703.801        7772.124        7720.976        7901.498        7822.381
          LJ_PW        -131.946        -141.251        -137.825        -144.824        -134.084
           LJ14          35.842          40.448          38.606          35.615          37.745
         LJ14_P          35.842          40.448          38.606          35.615          37.745
           LJsr        7744.800        7804.440        7759.295        7931.577        7860.513
         LJsr_P         -59.820         -59.091         -56.479         -57.571         -60.551
         LJsr_W        7921.663        7989.886        7938.705        8119.088        8040.245
        LJsr_PW        -117.043        -126.355        -122.931        -129.940        -119.181
           LJlr        -233.001        -232.893        -232.859        -232.709        -233.003
         LJlr_P          -0.236          -0.236          -0.236          -0.235          -0.236
         LJlr_W        -217.863        -217.762        -217.729        -217.590        -217.864
        LJlr_PW         -14.902         -14.895         -14.894         -14.884         -14.903
             EE      -60441.815      -60441.889      -60403.621      -60646.226      -60576.372
           EE_P        -593.626        -548.477        -565.712        -564.216        -573.472
           EE_W      -59097.927      -59086.681      -59069.307      -59296.948      -59236.439
          EE_PW        -750.262        -806.731        -768.602        -785.062        -766.461
           EE14        -842.602        -851.157        -853.392        -865.303        -849.970
         EE14_P        -842.602        -851.157        -853.392        -865.303        -849.970
           EEsr      -54694.585      -54693.695      -54644.798      -54891.667      -54821.001
         EEsr_P          48.107          66.544          62.473          61.204          63.649
         EEsr_W      -54244.015      -54251.340      -54222.630      -54458.415      -54382.067
        EEsr_PW        -498.677        -508.899        -484.641        -494.456        -502.583
           EElr       -4904.628       -4897.038       -4905.431       -4889.257       -4905.402
         EElr_P         200.869         236.136         225.207         239.884         212.849
         EElr_W       -4853.911       -4835.341       -4846.677       -4838.533       -4854.372
        EElr_PW        -251.586        -297.833        -283.961        -290.608        -263.879
         Bonded         325.290         312.180         327.336         340.973         319.902
       Bonded_P         325.290         312.180         327.336         340.973         319.902
           Bond          73.304          70.808          74.517          77.264          77.223
         Bond_P          73.304          70.808          74.517          77.264          77.223
          Angle         160.407         156.805         164.853         172.300         155.725
        Angle_P         160.407         156.805         164.853         172.300         155.725
            Dih          79.324          74.243          77.615          81.471          77.077
          Dih_P          79.324          74.243          77.615          81.471          77.077
            Imp          12.255          10.324          10.351           9.938           9.878
          Imp_P          12.255          10.324          10.351           9.938           9.878
             PV           2.389           2.390           2.390           2.392           2.389
           PV_P           2.389           2.390           2.390           2.392           2.389
           PV_W           2.389           2.390           2.390           2.392           2.389
          PV_PW          -2.389          -2.390          -2.390          -2.392          -2.389
