             PE      -40534.444      -40539.978      -40532.632      -40522.959      -40532.380
           PE_P          22.486          22.374          21.866          21.978          23.675
           PE_W      -39947.778      -39951.734      -39944.675      -39934.225      -39945.104
          PE_PW        -609.152        -610.618        -609.823        -610.712        -610.951
            PE2      -40534.444      -40539.978      -40532.632      -40522.959      -40532.380
          PE2_P          22.486          22.374          21.866          21.978          23.675
          PE2_W      -39947.778      -39951.734      -39944.675      -39934.225      -39945.103
         PE2_PW        -609.152        -610.618        -609.823        -610.712        -610.952
      Nonbonded      -40767.071      -40772.888      -40765.891      -40756.376      -40766.439
    Nonbonded_P        -210.141        -210.536        -211.393        -211.440        -210.384
    Nonbonded_W      -39947.778      -39951.734      -39944.675      -39934.225      -39945.103
   Nonbonded_PW        -609.152        -610.618        -609.823        -610.711        -610.952
             LJ        5909.443        5908.261        5908.754        5902.963        5913.277
           LJ_P         -19.111         -19.375         -19.421         -19.677         -19.163
           LJ_W        6045.527        6043.295        6044.722        6037.839        6049.362
          LJ_PW        -116.973        -115.659        -116.547        -115.199        -116.922
           LJ14          28.260          28.195          28.036          27.976          28.259
         LJ14_P          28.260          28.195          28.036          27.976          28.259
           LJsr        6063.524        6062.433        6063.059        6057.295        6067.359
         LJsr_P         -47.163         -47.362         -47.249         -47.445         -47.214
         LJsr_W        6215.250        6213.041        6214.445        6207.530        6219.085
        LJsr_PW        -104.563        -103.246        -104.137        -102.790        -104.512
           LJlr        -182.341        -182.366        -182.341        -182.307        -182.341
         LJlr_P          -0.208          -0.208          -0.208          -0.208          -0.208
         LJlr_W        -169.723        -169.746        -169.723        -169.691        -169.723
        LJlr_PW         -12.410         -12.412         -12.410         -12.408         -12.410
             EE      -46676.514      -46681.150      -46674.645      -46659.340      -46679.715
           EE_P        -191.030        -191.162        -191.972        -191.763        -191.222
           EE_W      -45993.305      -45995.029      -45989.397      -45972.063      -45994.466
          EE_PW        -492.179        -494.959        -493.276        -495.514        -494.027
           EE14         196.454         195.866         197.066         197.218         198.470
         EE14_P         196.454         195.866         197.066         197.218         198.470
           EEsr      -42839.688      -42844.311      -42836.437      -42822.789      -42844.340
         EEsr_P         -87.937         -87.518         -87.495         -88.160         -88.779
         EEsr_W      -42323.876      -42326.127      -42319.085      -42303.605      -42325.665
        EEsr_PW        -427.875        -430.666        -429.857        -431.024        -429.896
           EElr       -4033.279       -4032.705       -4035.274       -4033.769       -4033.845
         EElr_P        -299.548        -299.510        -301.543        -300.821        -300.913
         EElr_W       -3669.429       -3668.902       -3670.313       -3668.459       -3668.801
        EElr_PW         -64.302         -64.293         -63.418         -64.489         -64.131
         Bonded         232.627         232.911         233.259         233.417         234.059
       Bonded_P         232.627         232.911         233.259         233.417         234.059
           Bond          49.960          49.571          49.698          49.803          50.187
         Bond_P          49.960          49.571          49.698          49.803          50.187
          Angle         111.239         112.070         111.840         111.476         112.603
        Angle_P         111.239         112.070         111.840         111.476         112.603
            Dih          61.621          61.360          61.810          62.305          61.391
          Dih_P          61.621          61.360          61.810          62.305          61.391
            Imp           9.808           9.909           9.911           9.834           9.878
          Imp_P           9.808           9.909           9.911           9.834           9.878
             PV           1.869           1.869           1.869           1.869           1.869
           PV_P           1.869           1.869           1.869           1.869           1.869
           PV_W           1.869           1.869           1.869           1.869           1.869
          PV_PW          -1.869          -1.869          -1.869          -1.869          -1.869
