             PE      -51087.830      -51128.979      -51097.084      -51064.600      -51128.816
           PE_P        -193.138        -191.122        -188.518        -188.797        -197.078
           PE_W      -49934.310      -49993.333      -49971.765      -49917.486      -49943.595
          PE_PW        -960.382        -944.524        -936.801        -958.317        -988.143
            PE2      -51087.833      -51128.981      -51097.085      -51064.598      -51128.813
          PE2_P        -193.138        -191.122        -188.518        -188.797        -197.078
          PE2_W      -49934.312      -49993.332      -49971.768      -49917.487      -49943.594
         PE2_PW        -960.383        -944.527        -936.799        -958.314        -988.141
      Nonbonded      -51394.700      -51443.577      -51419.022      -51386.278      -51420.320
    Nonbonded_P        -500.005        -505.718        -510.455        -510.476        -488.585
    Nonbonded_W      -49934.312      -49993.332      -49971.768      -49917.487      -49943.594
   Nonbonded_PW        -960.383        -944.527        -936.799        -958.315        -988.141
             LJ        7487.047        7389.851        7370.505        7336.701        7377.873
           LJ_P         -15.520         -17.887         -20.327         -21.215         -13.271
           LJ_W        7654.663        7557.653        7542.535        7507.681        7538.256
          LJ_PW        -152.096        -149.915        -151.703        -149.765        -147.112
           LJ14          43.522          36.980          36.380          36.514          41.923
         LJ14_P          43.522          36.980          36.381          36.514          41.923
           LJsr        7670.636        7579.370        7560.952        7527.053        7562.626
         LJsr_P         -58.793         -54.620         -56.459         -57.481         -54.946
         LJsr_W        7866.429        7768.849        7754.038        7719.220        7749.618
        LJsr_PW        -137.000        -134.859        -136.627        -134.686        -132.046
           LJlr        -227.110        -226.499        -226.827        -226.865        -226.676
         LJlr_P          -0.249          -0.248          -0.248          -0.248          -0.248
         LJlr_W        -211.766        -211.197        -211.503        -211.538        -211.362
        LJlr_PW         -15.095         -15.054         -15.076         -15.079         -15.066
             EE      -58881.748      -58833.428      -58789.527      -58722.979      -58798.193
           EE_P        -484.485        -487.831        -490.128        -489.261        -475.314
           EE_W      -57588.975      -57550.985      -57514.303      -57425.168      -57481.850
          EE_PW        -808.288        -794.612        -785.096        -808.550        -841.029
           EE14        -606.446        -626.822        -630.756        -628.884        -615.427
         EE14_P        -606.446        -626.822        -630.756        -628.884        -615.427
           EEsr      -53331.591      -53274.607      -53230.257      -53165.778      -53239.558
         EEsr_P          43.262          53.917          55.488          53.689          49.784
         EEsr_W      -52895.675      -52852.173      -52811.905      -52733.485      -52799.645
        EEsr_PW        -479.178        -476.351        -473.840        -485.982        -489.697
           EElr       -4943.711       -4931.998       -4928.514       -4928.317       -4943.208
         EElr_P          78.699          85.075          85.139          85.934          90.329
         EElr_W       -4693.301       -4698.811       -4702.398       -4691.683       -4682.205
        EElr_PW        -329.109        -318.262        -311.255        -322.568        -351.332
         Bonded         306.868         314.596         321.937         321.679         291.507
       Bonded_P         306.868         314.596         321.937         321.679         291.507
           Bond          65.724          69.130          68.396          66.800          68.618
         Bond_P          65.724          69.130          68.396          66.800          68.618
          Angle         144.954         152.630         164.551         160.449         134.813
        Angle_P         144.954         152.630         164.551         160.449         134.813
            Dih          83.476          81.733          79.022          83.330          79.325
          Dih_P          83.476          81.733          79.022          83.330          79.325
            Imp          12.713          11.103           9.969          11.101           8.751
          Imp_P          12.713          11.103           9.969          11.101           8.751
             PV           2.326           2.332           2.329           2.328           2.330
           PV_P           2.326           2.332           2.329           2.328           2.330
           PV_W           2.326           2.332           2.329           2.328           2.330
          PV_PW          -2.326          -2.332          -2.329          -2.328          -2.330
