             PE      -50645.874      -50655.185      -50639.899      -50618.270      -50670.856
           PE_P         -40.974         -64.987         -50.890         -70.290         -47.311
           PE_W      -48804.313      -48829.484      -48802.241      -48784.014      -48835.899
          PE_PW       -1800.587       -1760.714       -1786.768       -1763.966       -1787.646
            PE2      -50645.874      -50655.184      -50639.900      -50618.272      -50670.857
          PE2_P         -40.974         -64.987         -50.890         -70.290         -47.311
          PE2_W      -48804.314      -48829.484      -48802.240      -48784.014      -48835.899
         PE2_PW       -1800.586       -1760.713       -1786.770       -1763.968       -1787.647
      Nonbonded      -50961.079      -50981.817      -50955.378      -50936.290      -50986.137
    Nonbonded_P        -356.179        -391.620        -366.369        -388.308        -362.592
    Nonbonded_W      -48804.314      -48829.484      -48802.240      -48784.014      -48835.899
   Nonbonded_PW       -1800.586       -1760.713       -1786.769       -1763.968       -1787.646
             LJ        7278.583        7251.056        7275.947        7261.199        7288.738
           LJ_P          -2.868          -2.373          -3.692          -0.983          -4.060
           LJ_W        7378.205        7359.466        7375.987        7367.635        7390.266
          LJ_PW         -96.754        -106.037         -96.348        -105.453         -97.468
           LJ14          56.757          55.483          56.951          58.225          56.391
         LJ14_P          56.757          55.483          56.951          58.225          56.391
           LJsr        7445.216        7418.543        7442.200        7426.076        7455.710
         LJsr_P         -59.291         -57.523         -60.309         -58.875         -60.118
         LJsr_W        7584.070        7564.946        7581.681        7573.236        7596.108
        LJsr_PW         -79.563         -88.880         -79.172         -88.285         -80.280
           LJlr        -223.389        -222.971        -223.203        -223.102        -223.363
         LJlr_P          -0.334          -0.333          -0.333          -0.333          -0.334
         LJlr_W        -205.866        -205.480        -205.694        -205.601        -205.842
        LJlr_PW         -17.189         -17.158         -17.176         -17.168         -17.187
             EE      -58239.662      -58232.873      -58231.325      -58197.489      -58274.876
           EE_P        -353.312        -389.247        -362.677        -387.324        -358.532
           EE_W      -56182.518      -56188.951      -56178.227      -56151.649      -56226.165
          EE_PW       -1703.832       -1654.675       -1690.421       -1658.516       -1690.179
           EE14        1019.943        1026.385        1023.293        1019.825        1015.930
         EE14_P        1019.943        1026.385        1023.293        1019.825        1015.930
           EEsr      -52788.805      -52781.963      -52781.690      -52743.667      -52823.050
         EEsr_P        -228.559        -263.590        -237.490        -273.849        -234.102
         EEsr_W      -51540.680      -51563.051      -51538.333      -51531.199      -51587.643
        EEsr_PW       -1019.566        -955.322       -1005.867        -938.619       -1001.305
           EElr       -6470.799       -6477.296       -6472.928       -6473.647       -6467.755
         EElr_P       -1144.696       -1152.043       -1148.480       -1133.300       -1140.359
         EElr_W       -4641.838       -4625.900       -4639.894       -4620.451       -4638.522
        EElr_PW        -684.265        -699.353        -684.554        -719.896        -688.874
         Bonded         315.205         326.633         315.478         318.018         315.281
       Bonded_P         315.205         326.633         315.478         318.018         315.281
           Bond          67.821          72.428          66.809          71.314          67.368
         Bond_P          67.821          72.428          66.809          71.314          67.368
          Angle         178.499         183.255         177.441         175.361         177.540
        Angle_P         178.499         183.255         177.441         175.361         177.540
            Dih          58.031          59.521          60.065          60.159          59.052
          Dih_P          58.031          59.521          60.065          60.159          59.052
            Imp          10.854          11.430          11.164          11.184          11.320
          Imp_P          10.854          11.430          11.164          11.184          11.320
             PV           2.272           2.276           2.273           2.274           2.272
           PV_P           2.272           2.276           2.273           2.274           2.272
           PV_W           2.272           2.276           2.273           2.274           2.272
          PV_PW          -2.272          -2.276          -2.273          -2.274          -2.272
