             PE      -67329.528      -67326.096      -67338.146      -67324.426      -67333.060
           PE_P        -949.140        -947.609        -956.411        -953.330        -956.010
           PE_W      -64967.014      -64957.818      -64976.765      -64968.227      -64970.823
          PE_PW       -1413.374       -1420.669       -1404.970       -1402.869       -1406.227
            PE2      -67329.528      -67326.096      -67338.145      -67324.426      -67333.059
          PE2_P        -949.140        -947.609        -956.411        -953.330        -956.010
          PE2_W      -64967.013      -64957.818      -64976.764      -64968.227      -64970.823
         PE2_PW       -1413.375       -1420.669       -1404.970       -1402.869       -1406.226
      Nonbonded      -67737.242      -67731.518      -67741.437      -67732.043      -67736.758
    Nonbonded_P       -1356.853       -1353.031       -1359.703       -1360.948       -1359.709
    Nonbonded_W      -64967.013      -64957.818      -64976.764      -64968.227      -64970.823
   Nonbonded_PW       -1413.376       -1420.669       -1404.970       -1402.868       -1406.226
             LJ        9624.057        9615.759        9616.877        9608.839        9617.469
           LJ_P         -23.479         -22.767         -23.285         -23.962         -23.611
           LJ_W        9796.290        9785.950        9788.784        9779.531        9788.226
          LJ_PW        -148.754        -147.424        -148.622        -146.730        -147.146
           LJ14          30.150          30.357          30.620          30.006          30.175
         LJ14_P          30.150          30.357          30.620          30.006          30.175
           LJsr        9886.736        9878.113        9878.935        9871.626        9879.970
         LJsr_P         -53.395         -52.889         -53.670         -53.734         -53.551
         LJsr_W       10072.275       10061.824       10064.628       10055.483       10064.067
        LJsr_PW        -132.144        -130.822        -132.023        -130.123        -130.546
           LJlr        -292.829        -292.710        -292.678        -292.793        -292.675
         LJlr_P          -0.235          -0.235          -0.235          -0.235          -0.235
         LJlr_W        -275.986        -275.873        -275.843        -275.952        -275.841
        LJlr_PW         -16.608         -16.602         -16.600         -16.606         -16.599
             EE      -77361.299      -77347.277      -77358.314      -77340.882      -77354.228
           EE_P       -1333.374       -1330.264       -1336.418       -1336.985       -1336.098
           EE_W      -74763.303      -74743.769      -74765.549      -74747.759      -74759.049
          EE_PW       -1264.622       -1273.244       -1256.347       -1256.138       -1259.081
           EE14       -2273.563       -2270.810       -2273.546       -2273.497       -2272.275
         EE14_P       -2273.563       -2270.810       -2273.546       -2273.497       -2272.275
           EEsr      -69081.046      -69067.976      -69076.930      -69058.120      -69074.410
         EEsr_P         206.746         206.745         205.541         206.487         204.220
         EEsr_W      -68553.908      -68536.820      -68552.210      -68532.420      -68547.831
        EEsr_PW        -733.884        -737.901        -730.261        -732.187        -730.799
           EElr       -6006.689       -6008.491       -6007.839       -6009.265       -6007.543
         EElr_P         733.443         733.802         731.586         730.025         731.956
         EElr_W       -6209.395       -6206.949       -6213.338       -6215.338       -6211.218
        EElr_PW        -530.737        -535.344        -526.087        -523.952        -528.281
         Bonded         407.713         405.422         403.292         407.617         403.699
       Bonded_P         407.713         405.422         403.292         407.617         403.699
           Bond          79.870          80.014          79.563          81.214          79.771
         Bond_P          79.870          80.014          79.563          81.214          79.771
          Angle         171.738         169.577         168.409         170.322         167.323
        Angle_P         171.738         169.577         168.409         170.322         167.323
            Dih         141.736         141.663         140.985         141.718         142.553
          Dih_P         141.736         141.663         140.985         141.718         142.553
            Imp          14.369          14.168          14.335          14.363          14.053
          Imp_P          14.369          14.168          14.335          14.363          14.053
             PV           3.008           3.009           3.009           3.008           3.009
           PV_P           3.008           3.009           3.009           3.008           3.009
           PV_W           3.008           3.009           3.009           3.008           3.009
          PV_PW          -3.008          -3.009          -3.009          -3.008          -3.009
