             PE      -57250.356      -57252.691      -57286.992      -57309.350      -57231.854
           PE_P        -299.701        -290.091        -307.344        -308.411        -298.804
           PE_W      -55870.525      -55856.230      -55902.001      -55913.835      -55858.645
          PE_PW       -1080.130       -1106.370       -1077.647       -1087.104       -1074.405
            PE2      -57250.357      -57252.690      -57286.992      -57309.348      -57231.853
          PE2_P        -299.701        -290.091        -307.344        -308.411        -298.804
          PE2_W      -55870.525      -55856.230      -55902.003      -55913.836      -55858.646
         PE2_PW       -1080.131       -1106.369       -1077.645       -1087.101       -1074.403
      Nonbonded      -57641.245      -57652.999      -57669.371      -57699.966      -57630.680
    Nonbonded_P        -690.589        -690.401        -689.723        -699.029        -697.630
    Nonbonded_W      -55870.525      -55856.230      -55902.003      -55913.836      -55858.646
   Nonbonded_PW       -1080.131       -1106.368       -1077.645       -1087.101       -1074.404
             LJ        8268.982        8246.359        8269.605        8311.935        8243.100
           LJ_P         -29.103         -33.161         -27.453         -30.323         -27.448
           LJ_W        8456.911        8443.138        8463.583        8501.417        8434.081
          LJ_PW        -158.826        -163.618        -166.525        -159.159        -163.533
           LJ14          43.426          41.353          43.362          43.048          45.327
         LJ14_P          43.426          41.353          43.362          43.048          45.327
           LJsr        8480.265        8459.739        8481.125        8523.906        8452.347
         LJsr_P         -72.217         -74.201         -70.502         -73.058         -72.463
         LJsr_W        8693.570        8679.820        8700.403        8738.365        8670.615
        LJsr_PW        -141.088        -145.880        -148.776        -141.401        -145.805
           LJlr        -254.709        -254.733        -254.882        -255.019        -254.574
         LJlr_P          -0.313          -0.313          -0.313          -0.313          -0.313
         LJlr_W        -236.659        -236.682        -236.820        -236.947        -236.534
        LJlr_PW         -17.737         -17.738         -17.749         -17.759         -17.727
             EE      -65910.228      -65899.358      -65938.975      -66011.901      -65873.780
           EE_P        -661.486        -657.240        -662.270        -668.706        -670.182
           EE_W      -64327.435      -64299.368      -64365.586      -64415.253      -64292.726
          EE_PW        -921.307        -942.750        -911.119        -927.942        -910.872
           EE14       -1056.932       -1057.728       -1053.953       -1060.418       -1062.057
         EE14_P       -1056.932       -1057.728       -1053.953       -1060.418       -1062.057
           EEsr      -59580.787      -59564.604      -59611.199      -59679.387      -59539.890
         EEsr_P          94.633          97.345          93.319          93.808          91.427
         EEsr_W      -59079.753      -59057.857      -59116.984      -59173.127      -59047.458
        EEsr_PW        -595.667        -604.092        -587.534        -600.068        -583.859
           EElr       -5272.509       -5277.025       -5273.823       -5272.095       -5271.832
         EElr_P         300.813         303.143         298.364         297.905         300.448
         EElr_W       -5247.682       -5241.511       -5248.602       -5242.126       -5245.268
        EElr_PW        -325.640        -338.657        -323.585        -327.874        -327.012
         Bonded         390.888         400.309         382.379         390.618         398.826
       Bonded_P         390.888         400.309         382.379         390.618         398.826
           Bond          80.541          77.618          76.101          81.297          81.853
         Bond_P          80.541          77.618          76.101          81.297          81.853
          Angle         175.875         186.046         175.883         174.744         184.367
        Angle_P         175.875         186.046         175.883         174.744         184.367
            Dih         122.023         124.232         118.175         122.132         120.749
          Dih_P         122.023         124.232         118.175         122.132         120.749
            Imp          12.449          12.413          12.220          12.444          11.858
          Imp_P          12.449          12.413          12.220          12.444          11.858
             PV           2.610           2.609           2.608           2.606           2.611
           PV_P           2.610           2.609           2.608           2.606           2.611
           PV_W           2.610           2.609           2.608           2.606           2.611
          PV_PW          -2.610          -2.609          -2.608          -2.606          -2.611
