             PE      -69046.244      -69044.991      -69126.334      -69087.518      -68969.990
           PE_P        -139.867        -140.245        -154.725        -144.707        -132.685
           PE_W      -67973.231      -67988.760      -68053.626      -68010.603      -67884.068
          PE_PW        -933.146        -915.986        -917.983        -932.208        -953.237
            PE2      -69046.243      -69044.991      -69126.333      -69087.518      -68969.990
          PE2_P        -139.867        -140.245        -154.725        -144.707        -132.685
          PE2_W      -67973.231      -67988.759      -68053.628      -68010.605      -67884.067
         PE2_PW        -933.145        -915.987        -917.980        -932.206        -953.238
      Nonbonded      -69325.769      -69326.868      -69404.056      -69369.322      -69252.577
    Nonbonded_P        -419.393        -422.121        -432.448        -426.511        -415.272
    Nonbonded_W      -67973.231      -67988.759      -68053.628      -68010.605      -67884.067
   Nonbonded_PW        -933.145        -915.988        -917.980        -932.206        -953.238
             LJ       10082.630       10170.281       10075.784       10093.408        9980.694
           LJ_P         -18.472         -16.365         -17.129         -14.721         -16.241
           LJ_W       10235.929       10322.639       10234.277       10244.155       10131.507
          LJ_PW        -134.827        -135.993        -141.364        -136.026        -134.572
           LJ14          34.406          36.031          34.520          35.896          35.152
         LJ14_P          34.406          36.031          34.520          35.896          35.152
           LJsr       10352.123       10438.054       10345.092       10361.707       10249.545
         LJsr_P         -52.710         -52.229         -51.482         -50.451         -51.225
         LJsr_W       10525.200       10611.820       10523.481       10533.707       10420.877
        LJsr_PW        -120.367        -121.537        -126.907        -121.549        -120.107
           LJlr        -303.899        -303.804        -303.828        -304.195        -304.003
         LJlr_P          -0.167          -0.167          -0.167          -0.167          -0.167
         LJlr_W        -289.271        -289.181        -289.204        -289.553        -289.370
        LJlr_PW         -14.461         -14.456         -14.457         -14.475         -14.466
             EE      -79408.399      -79497.149      -79479.840      -79462.730      -79233.271
           EE_P        -400.921        -405.757        -415.319        -411.790        -399.031
           EE_W      -78209.160      -78311.398      -78287.905      -78254.759      -78015.573
          EE_PW        -798.318        -779.994        -776.616        -796.181        -818.667
           EE14        -705.774        -709.691        -713.857        -711.021        -711.345
         EE14_P        -705.774        -709.691        -713.857        -711.020        -711.345
           EEsr      -72277.200      -72365.481      -72344.441      -72329.595      -72108.997
         EEsr_P          67.093          65.810          64.061          62.123          67.589
         EEsr_W      -71829.772      -71933.967      -71908.159      -71883.018      -71656.625
        EEsr_PW        -514.521        -497.324        -500.343        -508.700        -519.961
           EElr       -6425.426       -6421.977       -6421.542       -6422.115       -6412.928
         EElr_P         237.760         238.125         234.477         237.108         244.724
         EElr_W       -6379.389       -6377.432       -6379.746       -6371.742       -6358.949
        EElr_PW        -283.797        -282.670        -276.273        -287.481        -298.703
         Bonded         279.526         281.877         277.723         281.804         282.587
       Bonded_P         279.526         281.877         277.723         281.804         282.587
           Bond          62.009          62.885          59.930          67.040          63.317
         Bond_P          62.009          62.885          59.930          67.040          63.317
          Angle         142.895         141.322         140.587         140.934         143.444
        Angle_P         142.895         141.322         140.587         140.934         143.444
            Dih          64.483          67.161          67.031          64.296          64.971
          Dih_P          64.483          67.161          67.031          64.296          64.971
            Imp          10.139          10.509          10.175           9.534          10.856
          Imp_P          10.139          10.509          10.175           9.534          10.856
             PV           3.146           3.147           3.147           3.143           3.145
           PV_P           3.146           3.147           3.147           3.143           3.145
           PV_W           3.146           3.147           3.147           3.143           3.145
          PV_PW          -3.146          -3.147          -3.147          -3.143          -3.145
