             PE      -39674.012      -39608.102      -39619.164      -39679.266      -39672.271
           PE_P         394.337         404.920         396.568         395.007         401.619
           PE_W      -39592.807      -39524.136      -39527.260      -39580.080      -39589.963
          PE_PW        -475.542        -488.886        -488.472        -494.193        -483.927
            PE2      -39674.011      -39608.101      -39619.164      -39679.266      -39672.271
          PE2_P         394.337         404.920         396.568         395.007         401.619
          PE2_W      -39592.804      -39524.137      -39527.258      -39580.082      -39589.960
         PE2_PW        -475.544        -488.884        -488.474        -494.191        -483.930
      Nonbonded      -39896.907      -39840.546      -39840.456      -39895.314      -39886.851
    Nonbonded_P         171.441         172.475         175.276         178.960         187.039
    Nonbonded_W      -39592.804      -39524.137      -39527.258      -39580.082      -39589.960
   Nonbonded_PW        -475.544        -488.884        -488.474        -494.192        -483.930
             LJ        5920.287        5895.080        5913.289        5855.874        5876.350
           LJ_P         -13.496         -12.662          -9.430          -5.496          -3.562
           LJ_W        6070.874        6043.454        6050.790        5992.281        6011.484
          LJ_PW        -137.091        -135.712        -128.071        -130.911        -131.572
           LJ14          33.152          33.501          36.885          37.306          39.190
         LJ14_P          33.152          33.501          36.885          37.306          39.190
           LJsr        6067.605        6042.295        6056.211        5998.841        6017.483
         LJsr_P         -46.433         -45.946         -46.100         -42.586         -42.537
         LJsr_W        6238.515        6211.324        6217.816        6159.738        6178.989
        LJsr_PW        -124.477        -123.083        -115.505        -118.311        -118.969
           LJlr        -180.470        -180.716        -179.807        -180.272        -180.323
         LJlr_P          -0.216          -0.216          -0.215          -0.215          -0.215
         LJlr_W        -167.641        -167.870        -167.026        -167.458        -167.505
        LJlr_PW         -12.613         -12.630         -12.566         -12.599         -12.603
             EE      -45817.194      -45735.626      -45753.744      -45751.188      -45763.201
           EE_P         184.937         185.137         184.705         184.456         190.600
           EE_W      -45663.678      -45567.591      -45578.048      -45572.363      -45601.444
          EE_PW        -338.453        -353.172        -360.401        -363.281        -352.357
           EE14         698.503         702.821         705.786         694.071         699.075
         EE14_P         698.504         702.821         705.786         694.071         699.075
           EEsr      -42393.655      -42320.178      -42338.014      -42323.059      -42345.210
         EEsr_P         -81.446         -83.340         -85.847         -79.938         -79.511
         EEsr_W      -42033.449      -41939.934      -41951.903      -41944.712      -41973.012
        EEsr_PW        -278.760        -296.904        -300.264        -298.409        -292.687
           EElr       -4122.043       -4118.270       -4121.516       -4122.200       -4117.066
         EElr_P        -432.121        -434.345        -435.234        -429.677        -428.964
         EElr_W       -3630.229       -3627.656       -3626.145       -3627.651       -3628.432
        EElr_PW         -59.693         -56.269         -60.137         -64.872         -59.670
         Bonded         222.896         232.445         221.292         216.047         214.580
       Bonded_P         222.896         232.445         221.292         216.047         214.580
           Bond          55.424          58.093          49.855          48.679          51.881
         Bond_P          55.424          58.093          49.855          48.679          51.881
          Angle         140.991         142.971         142.528         138.335         134.290
        Angle_P         140.991         142.971         142.528         138.335         134.290
            Dih          18.865          21.277          20.435          20.249          19.067
          Dih_P          18.865          21.277          20.435          20.249          19.067
            Imp           7.616          10.105           8.474           8.784           9.341
          Imp_P           7.616          10.105           8.474           8.784           9.341
             PV           1.851           1.848           1.858           1.853           1.852
           PV_P           1.851           1.848           1.858           1.853           1.852
           PV_W           1.851           1.848           1.858           1.853           1.852
          PV_PW          -1.851          -1.848          -1.858          -1.853          -1.852
