             PE      -69671.166      -69672.771      -69675.713      -69681.706      -69686.923
           PE_P        -805.512        -798.716        -811.845        -799.816        -818.982
           PE_W      -67542.715      -67550.506      -67564.743      -67550.784      -67584.238
          PE_PW       -1322.939       -1323.549       -1299.125       -1331.106       -1283.703
            PE2      -69671.165      -69672.771      -69675.713      -69681.708      -69686.923
          PE2_P        -805.512        -798.716        -811.845        -799.816        -818.982
          PE2_W      -67542.713      -67550.505      -67564.743      -67550.785      -67584.237
         PE2_PW       -1322.940       -1323.550       -1299.125       -1331.107       -1283.704
      Nonbonded      -70142.165      -70148.569      -70147.935      -70145.236      -70161.587
    Nonbonded_P       -1276.512       -1274.514       -1284.068       -1263.345       -1293.645
    Nonbonded_W      -67542.713      -67550.505      -67564.743      -67550.785      -67584.237
   Nonbonded_PW       -1322.940       -1323.550       -1299.124       -1331.106       -1283.705
             LJ        9986.592        9999.392        9990.443       10035.492        9978.478
           LJ_P         -16.322         -17.842         -18.047         -17.863         -19.829
           LJ_W       10193.140       10202.344       10193.235       10235.871       10184.875
          LJ_PW        -190.226        -185.110        -184.745        -182.516        -186.568
           LJ14          67.200          65.738          65.302          65.356          64.177
         LJ14_P          67.200          65.738          65.302          65.356          64.177
           LJsr       10226.046       10240.055       10231.629       10276.715       10220.868
         LJsr_P         -83.169         -83.226         -82.995         -82.865         -83.652
         LJsr_W       10478.754       10487.722       10478.693       10521.415       10470.407
        LJsr_PW        -169.539        -164.441        -164.069        -161.835        -165.887
           LJlr        -306.655        -306.401        -306.488        -306.579        -306.567
         LJlr_P          -0.354          -0.354          -0.354          -0.354          -0.354
         LJlr_W        -285.614        -285.377        -285.458        -285.543        -285.531
        LJlr_PW         -20.687         -20.670         -20.676         -20.682         -20.682
             EE      -80128.757      -80147.961      -80138.378      -80180.728      -80140.066
           EE_P       -1260.190       -1256.672       -1266.021       -1245.481       -1273.817
           EE_W      -77735.854      -77752.849      -77757.979      -77786.656      -77769.112
          EE_PW       -1132.713       -1138.440       -1114.378       -1148.591       -1097.137
           EE14       -1831.947       -1833.039       -1833.529       -1834.940       -1838.220
         EE14_P       -1831.947       -1833.039       -1833.529       -1834.940       -1838.220
           EEsr      -71745.850      -71767.728      -71754.744      -71800.048      -71752.645
         EEsr_P         151.796         155.400         150.976         158.863         154.015
         EEsr_W      -71289.393      -71307.756      -71297.304      -71342.844      -71308.330
        EEsr_PW        -608.253        -615.372        -608.416        -616.067        -598.330
           EElr       -6550.959       -6547.193       -6550.105       -6545.740       -6549.201
         EElr_P         419.962         420.967         416.532         430.596         410.388
         EElr_W       -6446.461       -6445.093       -6460.674       -6443.812       -6460.782
        EElr_PW        -524.460        -523.067        -505.963        -532.524        -498.807
         Bonded         471.000         475.798         472.222         463.529         474.664
       Bonded_P         471.000         475.798         472.222         463.529         474.664
           Bond          97.240          97.333          93.972          94.745          96.402
         Bond_P          97.240          97.333          93.972          94.745          96.402
          Angle         216.179         218.368         223.236         216.836         219.026
        Angle_P         216.179         218.368         223.236         216.836         219.026
            Dih         144.701         146.222         141.811         139.771         145.854
          Dih_P         144.701         146.222         141.811         139.771         145.854
            Imp          12.880          13.875          13.203          12.176          13.383
          Imp_P          12.880          13.875          13.203          12.176          13.383
             PV           3.139           3.142           3.141           3.140           3.140
           PV_P           3.139           3.142           3.141           3.140           3.140
           PV_W           3.139           3.142           3.141           3.140           3.140
          PV_PW          -3.139          -3.142          -3.141          -3.140          -3.140
