             PE      -69658.663      -69645.457      -69682.343      -69699.817      -69664.100
           PE_P        -820.499        -823.317        -818.110        -822.292        -823.168
           PE_W      -67539.385      -67520.311      -67567.739      -67577.397      -67545.963
          PE_PW       -1298.779       -1301.829       -1296.494       -1300.128       -1294.969
            PE2      -69658.663      -69645.457      -69682.342      -69699.817      -69664.100
          PE2_P        -820.499        -823.317        -818.110        -822.292        -823.168
          PE2_W      -67539.385      -67520.311      -67567.739      -67577.397      -67545.963
         PE2_PW       -1298.779       -1301.829       -1296.493       -1300.128       -1294.969
      Nonbonded      -70118.047      -70104.753      -70142.399      -70157.771      -70120.211
    Nonbonded_P       -1279.883       -1282.612       -1278.167       -1280.246       -1279.280
    Nonbonded_W      -67539.385      -67520.311      -67567.739      -67577.397      -67545.963
   Nonbonded_PW       -1298.779       -1301.830       -1296.493       -1300.128       -1294.968
             LJ        9980.439        9983.601        9966.156        9972.817        9974.149
           LJ_P         -14.684         -15.525         -15.411         -14.397         -13.142
           LJ_W       10183.359       10189.439       10171.461       10178.544       10178.245
          LJ_PW        -188.236        -190.313        -189.894        -191.330        -190.954
           LJ14          66.786          66.142          67.275          67.521          68.340
         LJ14_P          66.786          66.142          67.275          67.521          68.340
           LJsr       10219.948       10223.987       10205.372       10211.709       10212.365
         LJsr_P         -81.117         -81.313         -82.332         -81.564         -81.128
         LJsr_W       10468.639       10474.935       10456.921       10463.933       10463.767
        LJsr_PW        -167.574        -169.635        -169.217        -170.660        -170.274
           LJlr        -306.296        -306.528        -306.491        -306.413        -306.557
         LJlr_P          -0.354          -0.354          -0.354          -0.354          -0.354
         LJlr_W        -285.279        -285.496        -285.461        -285.389        -285.522
        LJlr_PW         -20.663         -20.678         -20.676         -20.670         -20.681
             EE      -80098.485      -80088.353      -80108.555      -80130.587      -80094.360
           EE_P       -1265.198       -1267.088       -1262.757       -1265.848       -1266.138
           EE_W      -77722.745      -77709.750      -77739.199      -77755.941      -77724.207
          EE_PW       -1110.542       -1111.515       -1106.599       -1108.798       -1104.015
           EE14       -1836.775       -1838.790       -1836.351       -1836.372       -1836.191
         EE14_P       -1836.774       -1838.790       -1836.351       -1836.372       -1836.191
           EEsr      -71711.478      -71704.236      -71724.369      -71747.240      -71711.342
         EEsr_P         154.089         153.189         151.873         154.041         153.896
         EEsr_W      -71272.535      -71261.031      -71291.133      -71307.704      -71274.281
        EEsr_PW        -593.032        -596.394        -585.109        -593.577        -590.957
           EElr       -6550.233       -6545.327       -6547.835       -6546.975       -6546.827
         EElr_P         417.487         418.514         421.721         416.483         416.157
         EElr_W       -6450.210       -6448.719       -6448.067       -6448.237       -6449.927
        EElr_PW        -517.510        -515.122        -521.489        -515.221        -513.057
         Bonded         459.384         459.296         460.057         457.953         456.111
       Bonded_P         459.384         459.296         460.057         457.953         456.111
           Bond          95.241          94.690          96.014          95.345          93.881
         Bond_P          95.241          94.690          96.014          95.345          93.881
          Angle         210.838         210.743         211.691         209.691         209.722
        Angle_P         210.838         210.743         211.691         209.691         209.722
            Dih         139.979         140.824         138.764         139.648         139.314
          Dih_P         139.979         140.824         138.764         139.648         139.314
            Imp          13.326          13.039          13.588          13.269          13.194
          Imp_P          13.326          13.039          13.588          13.269          13.194
             PV           3.143           3.141           3.141           3.142           3.140
           PV_P           3.143           3.141           3.141           3.142           3.140
           PV_W           3.143           3.141           3.141           3.142           3.140
          PV_PW          -3.143          -3.141          -3.141          -3.142          -3.140
