             PE      -51095.460      -51040.139      -51059.287      -51125.174      -51141.996
           PE_P        -268.649        -268.319        -276.245        -277.374        -284.581
           PE_W      -50027.607      -49986.026      -50020.847      -50087.602      -50090.608
          PE_PW        -799.204        -785.794        -762.195        -760.198        -766.807
            PE2      -51095.459      -51040.137      -51059.287      -51125.172      -51141.996
          PE2_P        -268.649        -268.319        -276.245        -277.374        -284.581
          PE2_W      -50027.607      -49986.026      -50020.844      -50087.601      -50090.608
         PE2_PW        -799.203        -785.792        -762.198        -760.197        -766.807
      Nonbonded      -51400.644      -51345.129      -51372.136      -51433.222      -51445.598
    Nonbonded_P        -573.834        -573.310        -589.094        -585.424        -588.183
    Nonbonded_W      -50027.607      -49986.026      -50020.844      -50087.601      -50090.608
   Nonbonded_PW        -799.203        -785.793        -762.198        -760.197        -766.807
             LJ        7387.575        7407.566        7403.282        7407.262        7433.436
           LJ_P          -8.866          -9.298         -17.684         -16.369         -11.616
           LJ_W        7539.376        7558.475        7558.287        7568.988        7592.348
          LJ_PW        -142.935        -141.611        -137.321        -145.357        -147.296
           LJ14          45.489          45.979          41.915          44.151          44.632
         LJ14_P          45.489          45.979          41.915          44.151          44.632
           LJsr        7568.837        7588.531        7588.271        7590.336        7615.805
         LJsr_P         -54.106         -55.029         -59.351         -60.272         -55.999
         LJsr_W        7750.807        7770.087        7769.862        7780.863        7804.013
        LJsr_PW        -127.864        -126.527        -122.240        -130.255        -132.209
           LJlr        -226.751        -226.945        -226.904        -227.226        -227.001
         LJlr_P          -0.248          -0.249          -0.249          -0.249          -0.249
         LJlr_W        -211.431        -211.613        -211.574        -211.874        -211.665
        LJlr_PW         -15.072         -15.083         -15.081         -15.103         -15.087
             EE      -58788.220      -58752.694      -58775.418      -58840.483      -58879.035
           EE_P        -564.968        -564.013        -571.410        -569.055        -576.567
           EE_W      -57566.983      -57544.500      -57579.132      -57656.589      -57682.956
          EE_PW        -656.269        -644.181        -624.876        -614.839        -619.512
           EE14        -616.840        -616.865        -624.181        -618.254        -623.840
         EE14_P        -616.840        -616.865        -624.181        -618.254        -623.840
           EEsr      -53229.121      -53195.397      -53214.143      -53285.546      -53315.321
         EEsr_P          31.637          33.758          31.845          28.108          26.535
         EEsr_W      -52824.206      -52794.088      -52829.978      -52909.269      -52930.713
        EEsr_PW        -436.552        -435.067        -416.010        -404.385        -411.143
           EElr       -4942.259       -4940.432       -4937.094       -4936.683       -4939.874
         EElr_P          20.235          19.095          20.927          21.092          20.738
         EElr_W       -4742.777       -4750.413       -4749.154       -4747.320       -4752.243
        EElr_PW        -219.717        -209.114        -208.867        -210.455        -208.369
         Bonded         305.185         304.991         312.849         308.050         303.602
       Bonded_P         305.185         304.991         312.849         308.050         303.602
           Bond          66.758          66.538          67.437          65.711          69.062
         Bond_P          66.758          66.538          67.437          65.711          69.062
          Angle         160.734         160.505         166.408         160.033         156.322
        Angle_P         160.734         160.505         166.408         160.033         156.322
            Dih          67.230          67.782          68.549          71.692          67.888
          Dih_P          67.230          67.782          68.549          71.692          67.888
            Imp          10.463          10.167          10.454          10.614          10.330
          Imp_P          10.463          10.167          10.454          10.614          10.330
             PV           2.330           2.328           2.328           2.325           2.327
           PV_P           2.330           2.328           2.328           2.325           2.327
           PV_W           2.330           2.328           2.328           2.325           2.327
          PV_PW          -2.330          -2.328          -2.328          -2.325          -2.327
