             PE      -58685.171      -58694.398      -58726.281      -58634.729      -58594.491
           PE_P        -890.033        -894.829        -903.070        -904.145        -887.923
           PE_W      -56587.236      -56593.906      -56641.332      -56566.854      -56509.579
          PE_PW       -1207.902       -1205.663       -1181.879       -1163.730       -1196.989
            PE2      -58685.172      -58694.399      -58726.283      -58634.729      -58594.492
          PE2_P        -890.033        -894.829        -903.070        -904.145        -887.923
          PE2_W      -56587.235      -56593.908      -56641.333      -56566.855      -56509.580
         PE2_PW       -1207.904       -1205.662       -1181.880       -1163.729       -1196.989
      Nonbonded      -59182.045      -59195.730      -59232.197      -59138.835      -59096.513
    Nonbonded_P       -1386.906       -1396.160       -1408.983       -1408.251       -1389.944
    Nonbonded_W      -56587.235      -56593.908      -56641.333      -56566.855      -56509.580
   Nonbonded_PW       -1207.904       -1205.662       -1181.881       -1163.729       -1196.989
             LJ        8364.764        8333.241        8353.439        8278.719        8328.140
           LJ_P         -30.241         -25.822         -24.738         -25.855         -23.873
           LJ_W        8558.845        8524.517        8550.387        8469.792        8526.145
          LJ_PW        -163.840        -165.454        -172.210        -165.218        -174.132
           LJ14          54.013          55.690          55.482          56.755          52.719
         LJ14_P          54.013          55.690          55.482          56.755          52.719
           LJsr        8570.418        8537.586        8557.961        8481.567        8535.260
         LJsr_P         -83.870         -81.127         -79.835         -82.227         -76.208
         LJsr_W        8798.415        8764.426        8790.267        8709.302        8765.873
        LJsr_PW        -144.127        -145.713        -152.471        -145.508        -154.405
           LJlr        -259.667        -260.035        -260.004        -259.603        -259.839
         LJlr_P          -0.384          -0.384          -0.384          -0.384          -0.384
         LJlr_W        -239.570        -239.909        -239.880        -239.510        -239.728
        LJlr_PW         -19.713         -19.742         -19.740         -19.709         -19.727
             EE      -67546.809      -67528.971      -67585.636      -67417.554      -67424.653
           EE_P       -1356.664       -1370.339       -1384.245       -1382.396       -1366.071
           EE_W      -65146.081      -65118.425      -65191.720      -65036.647      -65035.725
          EE_PW       -1044.064       -1040.207       -1009.671        -998.511       -1022.857
           EE14       -1682.336       -1696.773       -1708.420       -1707.024       -1698.572
         EE14_P       -1682.336       -1696.773       -1708.420       -1707.024       -1698.572
           EEsr      -60493.175      -60459.471      -60520.539      -60353.028      -60363.229
         EEsr_P          56.567          57.742          56.648          54.248          64.133
         EEsr_W      -59844.055      -59802.043      -59878.650      -59721.281      -59720.225
        EEsr_PW        -705.687        -715.170        -698.537        -685.995        -707.137
           EElr       -5371.297       -5372.727       -5356.677       -5357.502       -5362.851
         EElr_P         269.105         268.692         267.527         270.381         268.369
         EElr_W       -5302.025       -5316.381       -5313.070       -5315.366       -5315.500
        EElr_PW        -338.377        -325.038        -311.134        -312.517        -315.720
         Bonded         496.873         501.331         505.913         504.106         502.020
       Bonded_P         496.873         501.331         505.913         504.106         502.020
           Bond          86.159          88.994          92.384          92.612          93.538
         Bond_P          86.159          88.994          92.384          92.612          93.539
          Angle         196.720         198.775         197.309         199.903         199.663
        Angle_P         196.720         198.775         197.309         199.903         199.663
            Dih         198.331         197.645         199.844         195.491         192.946
          Dih_P         198.331         197.645         199.844         195.491         192.946
            Imp          15.663          15.916          16.377          16.100          15.872
          Imp_P          15.663          15.916          16.377          16.100          15.872
             PV           2.645           2.641           2.641           2.645           2.643
           PV_P           2.645           2.641           2.641           2.645           2.643
           PV_W           2.645           2.641           2.641           2.645           2.643
          PV_PW          -2.645          -2.641          -2.641          -2.645          -2.643
