             PE      -39224.618      -39231.427      -39220.067      -39217.329      -39200.275
           PE_P         380.156         377.177         378.495         376.508         381.430
           PE_W      -38548.738      -38555.971      -38550.337      -38545.768      -38523.170
          PE_PW       -1056.036       -1052.633       -1048.225       -1048.069       -1058.535
            PE2      -39224.618      -39231.427      -39220.067      -39217.329      -39200.275
          PE2_P         380.156         377.178         378.495         376.508         381.430
          PE2_W      -38548.738      -38555.971      -38550.337      -38545.768      -38523.170
         PE2_PW       -1056.036       -1052.634       -1048.225       -1048.069       -1058.535
      Nonbonded      -39471.151      -39474.602      -39466.141      -39459.469      -39444.170
    Nonbonded_P         133.623         134.003         132.421         134.368         137.536
    Nonbonded_W      -38548.738      -38555.971      -38550.337      -38545.768      -38523.170
   Nonbonded_PW       -1056.036       -1052.634       -1048.225       -1048.069       -1058.536
             LJ        5717.583        5713.510        5726.398        5726.261        5700.446
           LJ_P         -14.782         -14.024         -13.642         -13.731         -13.484
           LJ_W        5842.482        5836.747        5849.352        5851.950        5823.765
          LJ_PW        -110.117        -109.213        -109.312        -111.958        -109.835
           LJ14          39.189          39.837          39.901          39.936          39.298
         LJ14_P          39.189          39.837          39.901          39.936          39.298
           LJsr        5855.185        5850.520        5863.252        5863.134        5837.822
         LJsr_P         -53.694         -53.583         -53.265         -53.389         -52.505
         LJsr_W        6004.995        5999.311        6011.831        6014.478        5986.169
        LJsr_PW         -96.116         -95.208         -95.314         -97.955         -95.842
           LJlr        -176.792        -176.847        -176.755        -176.809        -176.674
         LJlr_P          -0.278          -0.278          -0.278          -0.278          -0.278
         LJlr_W        -162.512        -162.564        -162.479        -162.529        -162.404
        LJlr_PW         -14.002         -14.005         -13.998         -14.002         -13.992
             EE      -45188.734      -45188.112      -45192.539      -45185.730      -45144.616
           EE_P         148.406         148.027         146.062         148.099         151.020
           EE_W      -44391.220      -44392.718      -44399.689      -44397.717      -44346.935
          EE_PW        -945.920        -943.421        -938.912        -936.112        -948.701
           EE14         808.170         809.238         800.337         804.328         819.024
         EE14_P         808.170         809.238         800.337         804.328         819.024
           EEsr      -41475.474      -41477.979      -41478.812      -41473.078      -41437.522
         EEsr_P         -91.548         -92.365         -91.513         -91.137         -93.558
         EEsr_W      -40752.415      -40754.434      -40759.069      -40756.464      -40706.763
        EEsr_PW        -631.511        -631.180        -628.230        -625.477        -637.201
           EElr       -4521.430       -4519.371       -4514.064       -4516.980       -4526.118
         EElr_P        -568.217        -568.846        -562.762        -565.093        -574.446
         EElr_W       -3638.805       -3638.284       -3640.620       -3641.254       -3640.173
        EElr_PW        -314.408        -312.241        -310.682        -310.633        -311.499
         Bonded         246.533         243.175         246.075         242.140         243.895
       Bonded_P         246.533         243.175         246.075         242.140         243.895
           Bond          58.833          56.544          56.495          57.546          58.052
         Bond_P          58.833          56.544          56.495          57.546          58.052
          Angle         142.778         143.297         144.552         142.789         143.678
        Angle_P         142.778         143.297         144.552         142.789         143.678
            Dih          35.712          34.128          35.578          32.307          32.824
          Dih_P          35.712          34.128          35.578          32.307          32.824
            Imp           9.211           9.206           9.450           9.498           9.340
          Imp_P           9.211           9.206           9.450           9.498           9.340
             PV           1.800           1.799           1.800           1.800           1.801
           PV_P           1.800           1.799           1.800           1.800           1.801
           PV_W           1.800           1.799           1.800           1.800           1.801
          PV_PW          -1.800          -1.799          -1.800          -1.800          -1.801
