             PE      -54743.510      -54804.893      -54782.327      -54738.063      -54778.801
           PE_P        -910.139        -923.100        -937.869        -926.458        -917.915
           PE_W      -52135.474      -52189.016      -52172.525      -52176.352      -52166.187
          PE_PW       -1697.897       -1692.777       -1671.933       -1635.253       -1694.699
            PE2      -54743.512      -54804.892      -54782.327      -54738.065      -54778.800
          PE2_P        -910.139        -923.100        -937.869        -926.458        -917.915
          PE2_W      -52135.473      -52189.014      -52172.524      -52176.353      -52166.186
         PE2_PW       -1697.900       -1692.778       -1671.934       -1635.254       -1694.699
      Nonbonded      -55213.504      -55273.471      -55252.888      -55208.868      -55242.050
    Nonbonded_P       -1380.132       -1391.680       -1408.430       -1397.262       -1381.165
    Nonbonded_W      -52135.473      -52189.014      -52172.524      -52176.353      -52166.186
   Nonbonded_PW       -1697.899       -1692.777       -1671.934       -1635.253       -1694.699
             LJ        7800.876        7765.974        7751.407        7802.795        7762.253
           LJ_P         -13.507         -13.455         -12.873         -11.359         -12.007
           LJ_W        7952.265        7928.213        7904.917        7959.099        7910.680
          LJ_PW        -137.882        -148.784        -140.637        -144.945        -136.420
           LJ14          55.077          55.668          55.508          55.692          53.976
         LJ14_P          55.077          55.668          55.508          55.692          53.976
           LJsr        7988.262        7952.774        7938.505        7989.767        7951.055
         LJsr_P         -68.187         -68.725         -67.983         -66.653         -65.585
         LJsr_W        8174.918        8150.869        8127.699        8181.936        8133.620
        LJsr_PW        -118.469        -129.370        -121.211        -125.516        -116.980
           LJlr        -242.464        -242.468        -242.606        -242.665        -242.777
         LJlr_P          -0.398          -0.398          -0.398          -0.398          -0.398
         LJlr_W        -222.652        -222.656        -222.783        -222.836        -222.940
        LJlr_PW         -19.414         -19.414         -19.425         -19.431         -19.439
             EE      -63014.380      -63039.445      -63004.294      -63011.663      -63004.303
           EE_P       -1366.624       -1378.224       -1395.557       -1385.903       -1369.158
           EE_W      -60087.739      -60117.227      -60077.440      -60135.452      -60076.866
          EE_PW       -1560.017       -1543.994       -1531.297       -1490.308       -1558.279
           EE14       -1126.206       -1134.815       -1147.130       -1137.335       -1135.491
         EE14_P       -1126.206       -1134.815       -1147.130       -1137.335       -1135.490
           EEsr      -56458.625      -56482.331      -56441.701      -56456.423      -56440.781
         EEsr_P          -2.013          -4.963          -1.292          -2.221           1.952
         EEsr_W      -55504.513      -55534.315      -55488.322      -55542.516      -55491.896
        EEsr_PW        -952.099        -943.053        -952.087        -911.686        -950.837
           EElr       -5429.549       -5422.299       -5415.464       -5417.906       -5428.032
         EElr_P        -238.405        -238.447        -247.135        -246.347        -235.620
         EElr_W       -4583.226       -4582.912       -4589.118       -4592.936       -4584.970
        EElr_PW        -607.918        -600.940        -579.211        -578.623        -607.442
         Bonded         469.993         468.579         470.561         470.803         463.250
       Bonded_P         469.993         468.579         470.561         470.803         463.250
           Bond          86.064          87.082          89.746          87.633          87.500
         Bond_P          86.064          87.082          89.746          87.633          87.500
          Angle         212.264         210.207         208.771         215.805         205.032
        Angle_P         212.264         210.207         208.771         215.805         205.032
            Dih         157.508         155.658         156.189         151.318         154.647
          Dih_P         157.508         155.658         156.189         151.318         154.647
            Imp          14.156          15.632          15.855          16.047          16.071
          Imp_P          14.156          15.632          15.855          16.047          16.071
             PV           2.465           2.465           2.463           2.463           2.462
           PV_P           2.465           2.465           2.463           2.463           2.462
           PV_W           2.465           2.465           2.463           2.463           2.462
          PV_PW          -2.465          -2.465          -2.463          -2.463          -2.462
