             PE      -47580.989      -47498.900      -47525.359      -47601.205      -47529.139
           PE_P        -852.878        -828.331        -836.855        -825.414        -826.712
           PE_W      -44427.303      -44343.425      -44371.168      -44409.676      -44349.602
          PE_PW       -2300.808       -2327.144       -2317.336       -2366.115       -2352.825
            PE2      -47580.990      -47498.900      -47525.360      -47601.204      -47529.140
          PE2_P        -852.878        -828.331        -836.855        -825.414        -826.712
          PE2_W      -44427.303      -44343.425      -44371.169      -44409.675      -44349.602
         PE2_PW       -2300.809       -2327.144       -2317.336       -2366.115       -2352.826
      Nonbonded      -48040.414      -47962.314      -47982.855      -48052.343      -47983.359
    Nonbonded_P       -1312.302       -1291.745       -1294.350       -1276.553       -1280.931
    Nonbonded_W      -44427.303      -44343.425      -44371.169      -44409.675      -44349.602
   Nonbonded_PW       -2300.809       -2327.144       -2317.336       -2366.115       -2352.826
             LJ        6659.182        6654.794        6628.473        6640.450        6591.136
           LJ_P         -26.417         -27.400         -33.452         -25.629         -28.270
           LJ_W        6784.042        6787.146        6775.472        6769.179        6721.888
          LJ_PW         -98.443        -104.952        -113.547        -103.100        -102.482
           LJ14          50.801          52.362          46.224          51.212          50.732
         LJ14_P          50.801          52.362          46.224          51.212          50.732
           LJsr        6817.326        6811.330        6791.299        6798.518        6749.958
         LJsr_P         -76.751         -79.296         -79.210         -76.374         -78.535
         LJsr_W        6973.221        6976.283        6964.745        6958.661        6911.617
        LJsr_PW         -79.144         -85.657         -94.236         -83.769         -83.124
           LJlr        -208.945        -208.899        -209.050        -209.281        -209.554
         LJlr_P          -0.466          -0.466          -0.466          -0.467          -0.468
         LJlr_W        -189.178        -189.136        -189.273        -189.482        -189.729
        LJlr_PW         -19.301         -19.297         -19.311         -19.332         -19.357
             EE      -54699.595      -54617.108      -54611.328      -54692.793      -54574.496
           EE_P       -1285.886       -1264.345       -1260.898       -1250.924       -1252.661
           EE_W      -51211.345      -51130.571      -51146.641      -51178.854      -51071.489
          EE_PW       -2202.364       -2222.192       -2203.789       -2263.015       -2250.346
           EE14       -1088.086       -1081.266       -1105.337       -1062.821       -1065.003
         EE14_P       -1088.085       -1081.266       -1105.336       -1062.821       -1065.003
           EEsr      -48574.726      -48499.066      -48489.814      -48580.704      -48463.426
         EEsr_P         -22.829          -8.293          -9.863         -22.058         -15.411
         EEsr_W      -47266.273      -47197.763      -47210.011      -47261.089      -47148.986
        EEsr_PW       -1285.624       -1293.010       -1269.940       -1297.557       -1299.029
           EElr       -5036.783       -5036.776       -5016.177       -5049.268       -5046.067
         EElr_P        -174.971        -174.787        -145.699        -166.045        -172.247
         EElr_W       -3945.072       -3932.808       -3936.629       -3917.765       -3922.503
        EElr_PW        -916.740        -929.181        -933.849        -965.458        -951.317
         Bonded         459.424         463.414         457.495         451.139         454.219
       Bonded_P         459.424         463.414         457.495         451.139         454.219
           Bond          86.579          87.593          83.892          86.849          82.056
         Bond_P          86.579          87.593          83.892          86.849          82.056
          Angle         189.801         195.167         188.453         184.514         195.074
        Angle_P         189.801         195.167         188.453         184.514         195.074
            Dih         166.407         163.781         166.397         163.566         159.431
          Dih_P         166.407         163.781         166.397         163.566         159.431
            Imp          16.637          16.873          18.754          16.209          17.658
          Imp_P          16.637          16.873          18.754          16.209          17.658
             PV           2.101           2.102           2.100           2.098           2.095
           PV_P           2.101           2.102           2.100           2.098           2.095
           PV_W           2.101           2.102           2.100           2.098           2.095
          PV_PW          -2.101          -2.102          -2.100          -2.098          -2.095
