             PE      -50215.691      -50232.148      -50217.885      -50221.626      -50211.466
           PE_P         501.544         500.532         502.416         500.161         500.456
           PE_W      -50102.429      -50121.280      -50107.356      -50112.875      -50105.583
          PE_PW        -614.806        -611.400        -612.945        -608.912        -606.339
            PE2      -50215.691      -50232.148      -50217.885      -50221.626      -50211.466
          PE2_P         501.544         500.532         502.416         500.161         500.456
          PE2_W      -50102.429      -50121.280      -50107.356      -50112.875      -50105.583
         PE2_PW        -614.806        -611.400        -612.945        -608.912        -606.339
      Nonbonded      -50524.687      -50542.022      -50529.479      -50533.893      -50524.142
    Nonbonded_P         192.548         190.658         190.823         187.893         187.779
    Nonbonded_W      -50102.429      -50121.280      -50107.356      -50112.875      -50105.583
   Nonbonded_PW        -614.806        -611.400        -612.946        -608.911        -606.338
             LJ        7361.808        7384.047        7372.341        7359.875        7382.991
           LJ_P         -15.644         -15.661         -16.409         -16.813         -17.299
           LJ_W        7575.500        7596.404        7585.603        7575.203        7595.952
          LJ_PW        -198.048        -196.696        -196.853        -198.515        -195.662
           LJ14          67.211          67.388          66.608          66.192          66.586
         LJ14_P          67.211          67.388          66.608          66.192          66.586
           LJsr        7524.932        7547.097        7536.073        7524.092        7546.835
         LJsr_P         -82.470         -82.664         -82.633         -82.620         -83.501
         LJsr_W        7786.939        7807.939        7797.048        7786.710        7807.478
        LJsr_PW        -179.537        -178.178        -178.342        -179.998        -177.142
           LJlr        -230.335        -230.439        -230.341        -230.409        -230.430
         LJlr_P          -0.384          -0.385          -0.384          -0.384          -0.384
         LJlr_W        -211.439        -211.534        -211.445        -211.507        -211.526
        LJlr_PW         -18.512         -18.520         -18.512         -18.518         -18.520
             EE      -57886.495      -57926.069      -57901.819      -57893.768      -57907.133
           EE_P         208.192         206.319         207.231         204.706         205.079
           EE_W      -57677.930      -57717.685      -57692.959      -57688.078      -57701.536
          EE_PW        -416.757        -414.703        -416.091        -410.396        -410.676
           EE14         510.108         509.576         508.186         508.961         508.170
         EE14_P         510.108         509.576         508.186         508.961         508.170
           EEsr      -53490.111      -53528.773      -53503.822      -53496.471      -53509.800
         EEsr_P         -75.286         -76.103         -74.662         -76.521         -76.193
         EEsr_W      -53079.200      -53117.585      -53093.769      -53087.611      -53102.761
        EEsr_PW        -335.625        -335.085        -335.391        -332.339        -330.846
           EElr       -4906.491       -4906.872       -4906.183       -4906.257       -4905.504
         EElr_P        -226.630        -227.155        -226.293        -227.734        -226.898
         EElr_W       -4598.730       -4600.100       -4599.190       -4600.467       -4598.775
        EElr_PW         -81.131         -79.617         -80.700         -78.056         -79.831
         Bonded         308.996         309.874         311.593         312.267         312.677
       Bonded_P         308.996         309.874         311.593         312.267         312.677
           Bond          75.034          75.662          76.422          76.966          76.180
         Bond_P          75.034          75.662          76.422          76.966          76.180
          Angle         153.495         152.940         153.229         153.722         154.511
        Angle_P         153.495         152.940         153.229         153.722         154.511
            Dih          70.200          70.990          71.469          71.053          71.779
          Dih_P          70.200          70.990          71.469          71.053          71.779
            Imp          10.267          10.282          10.473          10.526          10.207
          Imp_P          10.267          10.282          10.473          10.526          10.207
             PV           2.358           2.357           2.358           2.357           2.357
           PV_P           2.358           2.357           2.358           2.357           2.357
           PV_W           2.358           2.357           2.358           2.357           2.357
          PV_PW          -2.358          -2.357          -2.358          -2.357          -2.357
