             PE      -52460.516      -52458.235      -52465.784      -52457.988      -52460.403
           PE_P        -598.414        -597.707        -596.114        -598.748        -595.391
           PE_W      -50928.500      -50927.953      -50935.188      -50928.680      -50926.924
          PE_PW        -933.602        -932.575        -934.482        -930.560        -938.088
            PE2      -52460.516      -52458.235      -52465.784      -52457.988      -52460.403
          PE2_P        -598.414        -597.707        -596.114        -598.748        -595.391
          PE2_W      -50928.500      -50927.954      -50935.189      -50928.680      -50926.924
         PE2_PW        -933.602        -932.574        -934.481        -930.560        -938.088
      Nonbonded      -52836.185      -52834.086      -52840.797      -52833.273      -52835.326
    Nonbonded_P        -974.083        -973.558        -971.128        -974.034        -970.314
    Nonbonded_W      -50928.500      -50927.954      -50935.189      -50928.680      -50926.924
   Nonbonded_PW        -933.602        -932.574        -934.480        -930.559        -938.088
             LJ        7512.948        7517.963        7520.621        7510.506        7515.173
           LJ_P         -28.854         -28.346         -28.022         -28.751         -29.250
           LJ_W        7685.878        7691.512        7692.733        7683.836        7687.571
          LJ_PW        -144.076        -145.203        -144.090        -144.579        -143.148
           LJ14          34.756          34.862          35.194          34.668          34.826
         LJ14_P          34.756          34.862          35.194          34.668          34.826
           LJsr        7709.812        7714.663        7717.039        7707.418        7711.941
         LJsr_P         -63.347         -62.945         -62.953         -63.157         -63.813
         LJsr_W        7901.631        7907.212        7908.479        7899.554        7903.301
        LJsr_PW        -128.472        -129.604        -128.487        -128.979        -127.547
           LJlr        -231.619        -231.561        -231.611        -231.580        -231.593
         LJlr_P          -0.262          -0.262          -0.262          -0.262          -0.262
         LJlr_W        -215.754        -215.700        -215.746        -215.718        -215.730
        LJlr_PW         -15.603         -15.599         -15.603         -15.600         -15.601
             EE      -60349.133      -60352.050      -60361.418      -60343.779      -60350.499
           EE_P        -945.229        -945.212        -943.106        -945.283        -941.065
           EE_W      -58614.378      -58619.466      -58627.921      -58612.516      -58614.495
          EE_PW        -789.526        -787.372        -790.391        -785.980        -794.939
           EE14       -1317.477       -1315.938       -1314.521       -1321.742       -1316.956
         EE14_P       -1317.477       -1315.938       -1314.521       -1321.742       -1316.956
           EEsr      -54234.175      -54239.137      -54247.648      -54228.348      -54237.156
         EEsr_P          90.793          89.585          91.884          92.943          92.353
         EEsr_W      -53806.734      -53812.102      -53819.278      -53803.701      -53808.316
        EEsr_PW        -518.234        -516.620        -520.254        -517.590        -521.193
           EElr       -4797.481       -4796.975       -4799.250       -4793.690       -4796.387
         EElr_P         281.455         281.141         279.530         283.517         283.539
         EElr_W       -4807.644       -4807.364       -4808.643       -4808.815       -4806.180
        EElr_PW        -271.292        -270.752        -270.137        -268.392        -273.746
         Bonded         375.669         375.851         375.014         375.285         374.923
       Bonded_P         375.669         375.851         375.014         375.285         374.923
           Bond          81.010          80.424          80.950          80.653          80.222
         Bond_P          81.010          80.424          80.950          80.653          80.222
          Angle         168.216         168.969         168.916         168.390         167.860
        Angle_P         168.216         168.969         168.916         168.390         167.860
            Dih         114.009         114.086         112.740         113.796         114.431
          Dih_P         114.009         114.086         112.740         113.796         114.431
            Imp          12.434          12.372          12.408          12.446          12.410
          Imp_P          12.434          12.372          12.408          12.446          12.410
             PV           2.371           2.372           2.371           2.372           2.372
           PV_P           2.371           2.372           2.371           2.372           2.372
           PV_W           2.371           2.372           2.371           2.372           2.372
          PV_PW          -2.371          -2.372          -2.371          -2.372          -2.372
