             PE      -38911.200      -38839.411      -38891.969      -38821.549      -38847.741
           PE_P         126.613         120.129         106.044         113.936         119.090
           PE_W      -37919.654      -37838.658      -37848.250      -37827.682      -37859.524
          PE_PW       -1118.159       -1120.882       -1149.763       -1107.803       -1107.307
            PE2      -38911.199      -38839.410      -38891.973      -38821.551      -38847.738
          PE2_P         126.613         120.129         106.044         113.936         119.090
          PE2_W      -37919.656      -37838.659      -37848.255      -37827.681      -37859.523
         PE2_PW       -1118.156       -1120.880       -1149.762       -1107.806       -1107.305
      Nonbonded      -39198.762      -39121.859      -39170.622      -39101.116      -39130.096
    Nonbonded_P        -160.950        -162.320        -172.606        -165.630        -163.268
    Nonbonded_W      -37919.656      -37838.659      -37848.255      -37827.681      -37859.523
   Nonbonded_PW       -1118.156       -1120.880       -1149.761       -1107.805       -1107.305
             LJ        5585.820        5653.350        5590.420        5600.796        5622.293
           LJ_P         -28.001         -25.555         -30.941         -25.105         -19.915
           LJ_W        5727.737        5790.296        5727.917        5726.525        5739.500
          LJ_PW        -113.916        -111.391        -106.556        -100.624         -97.292
           LJ14          30.319          31.647          27.464          31.379          32.414
         LJ14_P          30.319          31.647          27.464          31.379          32.414
           LJsr        5729.507        5796.043        5737.076        5743.228        5763.757
         LJsr_P         -58.034         -56.916         -58.120         -56.199         -52.044
         LJsr_W        5887.445        5950.311        5887.729        5886.053        5899.090
        LJsr_PW         -99.904         -97.352         -92.533         -86.626         -83.289
           LJlr        -174.006        -174.341        -174.120        -173.811        -173.878
         LJlr_P          -0.285          -0.286          -0.286          -0.285          -0.285
         LJlr_W        -159.707        -160.015        -159.812        -159.528        -159.590
        LJlr_PW         -14.014         -14.040         -14.022         -13.998         -14.003
             EE      -44784.581      -44775.209      -44761.042      -44701.913      -44752.389
           EE_P        -132.949        -136.766        -141.665        -140.525        -143.352
           EE_W      -43647.394      -43628.955      -43576.172      -43554.206      -43599.023
          EE_PW       -1004.238       -1009.488       -1043.205       -1007.182       -1010.014
           EE14         336.253         319.402         335.588         321.837         305.927
         EE14_P         336.253         319.402         335.588         321.837         305.927
           EEsr      -40836.450      -40824.901      -40791.912      -40753.944      -40787.456
         EEsr_P         -77.793         -75.026         -91.058         -78.892         -65.693
         EEsr_W      -40058.848      -40060.029      -39997.061      -39974.183      -40024.911
        EEsr_PW        -699.809        -689.846        -703.793        -700.869        -696.852
           EElr       -4284.384       -4269.709       -4304.719       -4269.805       -4270.859
         EElr_P        -391.409        -381.142        -386.195        -383.469        -383.586
         EElr_W       -3588.545       -3568.926       -3579.111       -3580.024       -3574.112
        EElr_PW        -304.430        -319.641        -339.413        -306.312        -313.161
         Bonded         287.563         282.449         278.649         279.566         282.358
       Bonded_P         287.563         282.449         278.649         279.566         282.358
           Bond          63.665          61.629          57.213          59.110          73.478
         Bond_P          63.665          61.629          57.213          59.110          73.478
          Angle         144.929         142.236         136.815         138.293         137.649
        Angle_P         144.929         142.236         136.815         138.293         137.649
            Dih          67.867          68.461          71.835          70.560          60.919
          Dih_P          67.867          68.461          71.835          70.560          60.919
            Imp          11.101          10.122          12.787          11.603          10.311
          Imp_P          11.101          10.122          12.787          11.603          10.311
             PV           1.768           1.764           1.766           1.770           1.769
           PV_P           1.768           1.764           1.766           1.770           1.769
           PV_W           1.768           1.764           1.766           1.770           1.769
          PV_PW          -1.768          -1.764          -1.766          -1.770          -1.769
