             PE      -62466.523      -62465.610      -62456.790      -62435.282      -62494.560
           PE_P         166.956         169.503         161.927         171.591         174.896
           PE_W      -61987.504      -61980.126      -61984.725      -61962.619      -62024.458
          PE_PW        -645.975        -654.987        -633.992        -644.254        -644.998
            PE2      -62466.523      -62465.610      -62456.788      -62435.283      -62494.561
          PE2_P         166.956         169.503         161.927         171.591         174.896
          PE2_W      -61987.503      -61980.127      -61984.725      -61962.619      -62024.457
         PE2_PW        -645.976        -654.986        -633.990        -644.255        -645.000
      Nonbonded      -62796.786      -62794.688      -62780.419      -62769.643      -62824.875
    Nonbonded_P        -163.307        -159.574        -161.704        -162.769        -155.418
    Nonbonded_W      -61987.503      -61980.127      -61984.725      -61962.619      -62024.457
   Nonbonded_PW        -645.976        -654.987        -633.990        -644.255        -645.000
             LJ        9206.381        9164.935        9216.746        9193.794        9205.519
           LJ_P          15.158          13.229          18.826          13.868          17.248
           LJ_W        9387.162        9344.282        9389.588        9372.932        9377.671
          LJ_PW        -195.939        -192.576        -191.668        -193.006        -189.400
           LJ14          82.870          82.981          85.553          82.325          82.575
         LJ14_P          82.870          82.981          85.553          82.325          82.575
           LJsr        9405.020        9363.996        9412.789        9393.471        9404.820
         LJsr_P         -67.392         -69.431         -66.407         -68.136         -65.007
         LJsr_W        9649.411        9607.027        9651.918        9635.640        9640.262
        LJsr_PW        -176.999        -173.600        -172.722        -174.033        -170.435
           LJlr        -281.509        -282.042        -281.597        -282.002        -281.877
         LJlr_P          -0.321          -0.321          -0.321          -0.321          -0.321
         LJlr_W        -262.249        -262.745        -262.331        -262.708        -262.591
        LJlr_PW         -18.939         -18.976         -18.945         -18.973         -18.965
             EE      -72003.166      -71959.623      -71997.165      -71963.437      -72030.394
           EE_P        -178.465        -172.803        -180.530        -176.637        -172.666
           EE_W      -71374.666      -71324.408      -71374.313      -71335.551      -71402.128
          EE_PW        -450.035        -462.412        -442.322        -451.249        -455.600
           EE14         672.065         675.644         662.452         675.883         667.302
         EE14_P         672.065         675.644         662.452         675.883         667.302
           EEsr      -66213.294      -66167.250      -66194.516      -66171.420      -66235.967
         EEsr_P        -159.084        -153.947        -152.106        -155.982        -149.888
         EEsr_W      -65674.738      -65623.213      -65666.319      -65632.393      -65701.985
        EEsr_PW        -379.472        -390.090        -376.091        -383.045        -384.094
           EElr       -6461.937       -6468.017       -6465.101       -6467.900       -6461.729
         EElr_P        -691.446        -694.500        -690.876        -696.538        -690.080
         EElr_W       -5699.928       -5701.195       -5707.993       -5703.158       -5700.144
        EElr_PW         -70.563         -72.322         -66.232         -68.204         -71.505
         Bonded         330.263         329.077         323.631         334.360         330.314
       Bonded_P         330.263         329.077         323.631         334.360         330.314
           Bond          78.304          76.239          75.990          76.774          77.949
         Bond_P          78.304          76.239          75.990          76.774          77.949
          Angle         180.080         180.129         175.629         179.097         178.373
        Angle_P         180.080         180.129         175.629         179.097         178.373
            Dih          62.417          63.993          62.809          69.128          64.575
          Dih_P          62.417          63.993          62.809          69.128          64.575
            Imp           9.462           8.716           9.203           9.361           9.418
          Imp_P           9.462           8.716           9.203           9.361           9.418
             PV           2.907           2.901           2.906           2.901           2.903
           PV_P           2.907           2.901           2.906           2.901           2.903
           PV_W           2.907           2.901           2.906           2.901           2.903
          PV_PW          -2.907          -2.901          -2.906          -2.901          -2.903
