             PE      -48670.954      -48697.725      -48688.498      -48691.982      -48707.827
           PE_P        -579.127        -583.254        -579.388        -585.924        -577.817
           PE_W      -47126.416      -47150.122      -47138.917      -47149.572      -47160.630
          PE_PW        -965.411        -964.349        -970.193        -956.486        -969.380
            PE2      -48670.954      -48697.725      -48688.498      -48691.981      -48707.826
          PE2_P        -579.127        -583.254        -579.388        -585.924        -577.817
          PE2_W      -47126.416      -47150.123      -47138.916      -47149.572      -47160.631
         PE2_PW        -965.411        -964.348        -970.194        -956.485        -969.378
      Nonbonded      -49042.616      -49070.155      -49059.503      -49064.378      -49083.248
    Nonbonded_P        -950.790        -955.684        -950.393        -958.321        -953.239
    Nonbonded_W      -47126.416      -47150.123      -47138.916      -47149.572      -47160.631
   Nonbonded_PW        -965.410        -964.348        -970.194        -956.485        -969.378
             LJ        6950.644        6938.248        6941.259        6937.339        6941.839
           LJ_P         -27.755         -27.953         -27.844         -26.790         -29.828
           LJ_W        7120.963        7111.799        7114.589        7111.393        7114.954
          LJ_PW        -142.564        -145.598        -145.486        -147.264        -143.287
           LJ14          34.987          35.255          35.299          35.495          33.547
         LJ14_P          34.987          35.255          35.299          35.495          33.547
           LJsr        7131.040        7118.459        7121.419        7117.396        7123.806
         LJsr_P         -62.459         -62.925         -62.861         -62.002         -63.093
         LJsr_W        7320.489        7311.401        7314.184        7311.075        7314.601
        LJsr_PW        -126.990        -130.017        -129.904        -131.677        -127.702
           LJlr        -215.384        -215.466        -215.458        -215.552        -215.514
         LJlr_P          -0.283          -0.283          -0.283          -0.283          -0.283
         LJlr_W        -199.526        -199.602        -199.595        -199.682        -199.647
        LJlr_PW         -15.575         -15.581         -15.580         -15.587         -15.584
             EE      -55993.260      -56008.403      -56000.762      -56001.717      -56025.087
           EE_P        -923.035        -927.731        -922.549        -931.531        -923.411
           EE_W      -54247.379      -54261.922      -54253.506      -54260.965      -54275.585
          EE_PW        -822.846        -818.750        -824.707        -809.221        -826.091
           EE14       -1296.151       -1297.858       -1289.767       -1286.038       -1303.659
         EE14_P       -1296.151       -1297.858       -1289.767       -1286.038       -1303.659
           EEsr      -50229.942      -50244.192      -50239.367      -50241.313      -50258.645
         EEsr_P          98.176          94.610          96.906          89.612          99.929
         EEsr_W      -49795.836      -49811.263      -49801.840      -49805.988      -49822.921
        EEsr_PW        -532.282        -527.539        -534.433        -524.937        -535.653
           EElr       -4467.167       -4466.352       -4471.628       -4474.367       -4462.782
         EElr_P         274.940         275.518         270.311         264.895         280.320
         EElr_W       -4451.543       -4450.659       -4451.665       -4454.977       -4452.664
        EElr_PW        -290.564        -291.211        -290.274        -284.285        -290.438
         Bonded         371.662         372.430         371.005         372.397         375.422
       Bonded_P         371.662         372.430         371.005         372.397         375.422
           Bond          79.492          80.322          81.885          80.889          79.638
         Bond_P          79.492          80.322          81.885          80.889          79.638
          Angle         166.758         166.680         162.997         165.767         167.270
        Angle_P         166.758         166.680         162.997         165.767         167.270
            Dih         112.721         113.078         113.391         113.180         115.988
          Dih_P         112.721         113.078         113.391         113.180         115.988
            Imp          12.692          12.350          12.732          12.561          12.526
          Imp_P          12.692          12.350          12.732          12.561          12.526
             PV           2.200           2.200           2.200           2.199           2.199
           PV_P           2.200           2.200           2.200           2.199           2.199
           PV_W           2.200           2.200           2.200           2.199           2.199
          PV_PW          -2.200          -2.200          -2.200          -2.199          -2.199
