             PE      -50961.271      -50988.442      -50973.367      -50999.620      -50991.770
           PE_P         -58.208         -63.386         -59.898         -65.752         -61.549
           PE_W      -49556.946      -49583.965      -49564.841      -49585.635      -49582.333
          PE_PW       -1346.117       -1341.091       -1348.628       -1348.233       -1347.888
            PE2      -50961.271      -50988.442      -50973.367      -50999.620      -50991.770
          PE2_P         -58.208         -63.386         -59.898         -65.752         -61.549
          PE2_W      -49556.946      -49583.965      -49564.842      -49585.635      -49582.334
         PE2_PW       -1346.117       -1341.091       -1348.627       -1348.233       -1347.887
      Nonbonded      -51299.395      -51328.398      -51309.108      -51333.739      -51326.421
    Nonbonded_P        -396.331        -403.342        -395.638        -399.871        -396.200
    Nonbonded_W      -49556.946      -49583.965      -49564.842      -49585.635      -49582.334
   Nonbonded_PW       -1346.118       -1341.091       -1348.628       -1348.233       -1347.887
             LJ        7340.040        7375.631        7373.968        7357.598        7374.523
           LJ_P         -13.254         -14.756         -13.631         -12.738         -13.011
           LJ_W        7480.303        7518.221        7513.421        7497.776        7513.807
          LJ_PW        -127.009        -127.834        -125.822        -127.440        -126.273
           LJ14          62.495          60.657          61.808          62.265          62.533
         LJ14_P          62.495          60.657          61.808          62.265          62.533
           LJsr        7505.274        7542.772        7539.994        7523.121        7539.810
         LJsr_P         -75.398         -75.062         -75.087         -74.652         -75.192
         LJsr_W        7689.963        7727.945        7723.178        7707.490        7723.549
        LJsr_PW        -109.291        -110.111        -108.097        -109.717        -108.547
           LJlr        -227.729        -227.798        -227.834        -227.788        -227.819
         LJlr_P          -0.351          -0.351          -0.351          -0.351          -0.351
         LJlr_W        -209.660        -209.724        -209.757        -209.714        -209.743
        LJlr_PW         -17.718         -17.723         -17.726         -17.723         -17.725
             EE      -58639.435      -58704.029      -58683.075      -58691.337      -58700.944
           EE_P        -383.077        -388.586        -382.007        -387.133        -383.189
           EE_W      -57037.249      -57102.186      -57078.263      -57083.412      -57096.140
          EE_PW       -1219.109       -1213.257       -1222.805       -1220.792       -1221.615
           EE14         431.116         428.272         420.072         425.757         430.139
         EE14_P         431.116         428.272         420.072         425.757         430.139
           EEsr      -53383.001      -53444.611      -53420.345      -53430.307      -53440.484
         EEsr_P        -154.447        -157.473        -148.227        -153.242        -152.295
         EEsr_W      -52411.423      -52474.193      -52449.743      -52455.693      -52465.902
        EEsr_PW        -817.131        -812.945        -822.375        -821.372        -822.287
           EElr       -5687.550       -5687.690       -5682.802       -5686.787       -5690.599
         EElr_P        -659.747        -659.385        -653.853        -659.649        -661.033
         EElr_W       -4625.826       -4627.993       -4628.520       -4627.719       -4630.238
        EElr_PW        -401.977        -400.312        -400.429        -399.419        -399.328
         Bonded         338.124         339.956         335.741         334.119         334.651
       Bonded_P         338.124         339.956         335.741         334.119         334.651
           Bond          73.121          73.916          72.835          71.810          74.343
         Bond_P          73.121          73.916          72.835          71.810          74.343
          Angle         164.909         164.548         164.589         163.684         162.233
        Angle_P         164.909         164.548         164.589         163.684         162.233
            Dih          88.445          89.372          86.688          86.714          86.479
          Dih_P          88.445          89.372          86.688          86.714          86.479
            Imp          11.648          12.120          11.629          11.911          11.595
          Imp_P          11.648          12.120          11.629          11.911          11.595
             PV           2.318           2.318           2.317           2.318           2.318
           PV_P           2.318           2.318           2.317           2.318           2.318
           PV_W           2.318           2.318           2.317           2.318           2.318
          PV_PW          -2.318          -2.318          -2.317          -2.318          -2.318
