             PE      -39473.314      -39475.557      -39468.658      -39476.873      -39473.181
           PE_P         504.143         499.248         518.940         505.687         512.315
           PE_W      -38238.516      -38245.143      -38220.422      -38239.461      -38233.228
          PE_PW       -1738.941       -1729.662       -1767.176       -1743.099       -1752.268
            PE2      -39473.314      -39475.557      -39468.658      -39476.872      -39473.181
          PE2_P         504.143         499.248         518.940         505.687         512.315
          PE2_W      -38238.516      -38245.142      -38220.422      -38239.461      -38233.228
         PE2_PW       -1738.941       -1729.663       -1767.176       -1743.098       -1752.268
      Nonbonded      -39705.432      -39711.343      -39704.566      -39710.356      -39708.784
    Nonbonded_P         272.024         263.462         283.032         272.203         276.712
    Nonbonded_W      -38238.516      -38245.142      -38220.422      -38239.461      -38233.228
   Nonbonded_PW       -1738.940       -1729.663       -1767.176       -1743.098       -1752.268
             LJ        5696.492        5698.992        5689.150        5693.256        5700.561
           LJ_P         -21.636         -22.131         -23.027         -21.895         -22.616
           LJ_W        5789.738        5796.022        5784.611        5788.318        5796.542
          LJ_PW         -71.610         -74.899         -72.434         -73.167         -73.365
           LJ14          33.214          32.394          31.874          32.766          32.426
         LJ14_P          33.214          32.394          31.874          32.766          32.426
           LJsr        5838.672        5842.039        5832.693        5835.841        5843.573
         LJsr_P         -54.567         -54.243         -54.618         -54.379         -54.760
         LJsr_W        5950.898        5957.225        5945.792        5949.438        5957.742
        LJsr_PW         -57.659         -60.943         -58.481         -59.218         -59.409
           LJlr        -175.393        -175.441        -175.416        -175.351        -175.437
         LJlr_P          -0.282          -0.282          -0.282          -0.282          -0.282
         LJlr_W        -161.160        -161.204        -161.181        -161.121        -161.200
        LJlr_PW         -13.951         -13.955         -13.953         -13.948         -13.955
             EE      -45401.924      -45410.334      -45393.716      -45403.611      -45409.345
           EE_P         293.660         285.593         306.059         294.099         299.328
           EE_W      -44028.254      -44041.164      -44005.033      -44027.778      -44029.769
          EE_PW       -1667.330       -1654.763       -1694.742       -1669.932       -1678.904
           EE14         885.633         891.760         897.107         892.590         891.001
         EE14_P         885.633         891.760         897.107         892.590         891.001
           EEsr      -41448.639      -41459.946      -41445.669      -41453.537      -41459.114
         EEsr_P        -105.333        -112.483        -109.900        -109.210        -108.889
         EEsr_W      -40373.653      -40386.561      -40363.618      -40375.193      -40381.916
        EEsr_PW        -969.653        -960.902        -972.151        -969.134        -968.309
           EElr       -4838.918       -4842.148       -4845.154       -4842.665       -4841.232
         EElr_P        -486.639        -493.683        -481.148        -489.282        -482.784
         EElr_W       -3654.601       -3654.603       -3641.415       -3652.585       -3647.854
        EElr_PW        -697.678        -693.862        -722.591        -700.798        -710.594
         Bonded         232.118         235.786         235.908         233.483         235.603
       Bonded_P         232.118         235.786         235.908         233.483         235.603
           Bond          58.424          59.362          59.117          58.532          58.376
         Bond_P          58.424          59.362          59.117          58.532          58.376
          Angle         133.707         136.523         135.731         135.055         136.214
        Angle_P         133.707         136.523         135.731         135.055         136.214
            Dih          29.157          28.976          29.994          28.921          29.942
          Dih_P          29.157          28.976          29.994          28.921          29.942
            Imp          10.830          10.925          11.066          10.975          11.071
          Imp_P          10.830          10.925          11.066          10.975          11.071
             PV           1.778           1.778           1.778           1.779           1.778
           PV_P           1.778           1.778           1.778           1.779           1.778
           PV_W           1.778           1.778           1.778           1.779           1.778
          PV_PW          -1.778          -1.778          -1.778          -1.779          -1.778
