             PE      -57659.816      -57771.936      -57714.699      -57636.067      -57736.313
           PE_P         159.559         214.711         202.148         193.866         221.299
           PE_W      -56197.000      -56285.118      -56225.811      -56149.899      -56297.001
          PE_PW       -1622.375       -1701.529       -1691.036       -1680.034       -1660.611
            PE2      -57659.815      -57771.932      -57714.696      -57636.071      -57736.310
          PE2_P         159.558         214.711         202.148         193.866         221.299
          PE2_W      -56197.006      -56285.117      -56225.811      -56149.901      -56297.006
         PE2_PW       -1622.367       -1701.526       -1691.033       -1680.036       -1660.603
      Nonbonded      -57940.379      -58092.374      -58034.440      -57947.132      -58064.025
    Nonbonded_P        -121.005        -105.731        -117.596        -117.195        -106.417
    Nonbonded_W      -56197.006      -56285.117      -56225.811      -56149.901      -56297.006
   Nonbonded_PW       -1622.368       -1701.526       -1691.033       -1680.036       -1660.602
             LJ        8478.230        8281.638        8342.534        8543.116        8364.455
           LJ_P         -10.331          -9.272         -12.124         -25.049         -13.543
           LJ_W        8611.587        8428.872        8473.159        8705.083        8503.732
          LJ_PW        -123.026        -137.962        -118.501        -136.918        -125.734
           LJ14          72.304          65.923          68.296          59.205          69.505
         LJ14_P          72.304          65.923          68.296          59.205          69.505
           LJsr        8662.290        8471.938        8529.785        8739.050        8550.663
         LJsr_P         -82.281         -74.840         -80.067         -83.900         -82.694
         LJsr_W        8848.789        8665.944        8709.606        8941.152        8740.332
        LJsr_PW        -104.218        -119.166         -99.754        -118.202        -106.975
           LJlr        -256.363        -256.223        -255.547        -255.139        -255.713
         LJlr_P          -0.355          -0.355          -0.354          -0.353          -0.354
         LJlr_W        -237.202        -237.072        -236.447        -236.069        -236.600
        LJlr_PW         -18.806         -18.796         -18.746         -18.717         -18.759
             EE      -66418.609      -66374.012      -66376.974      -66490.248      -66428.480
           EE_P        -110.674         -96.459        -105.472         -92.146         -92.874
           EE_W      -64808.594      -64713.988      -64698.971      -64854.984      -64800.738
          EE_PW       -1499.341       -1563.565       -1572.531       -1543.118       -1534.868
           EE14         816.016         847.770         823.426         834.386         836.450
         EE14_P         816.016         847.770         823.426         834.386         836.450
           EEsr      -60548.500      -60492.271      -60482.652      -60616.859      -60541.201
         EEsr_P        -215.756        -216.924        -210.701        -199.526        -205.672
         EEsr_W      -59527.172      -59405.816      -59387.572      -59553.484      -59465.030
        EEsr_PW        -805.572        -869.531        -884.379        -863.849        -870.499
           EElr       -6686.125       -6729.510       -6717.747       -6707.775       -6723.729
         EElr_P        -710.935        -727.305        -718.197        -727.007        -723.651
         EElr_W       -5281.422       -5308.172       -5311.398       -5301.500       -5335.708
        EElr_PW        -693.768        -694.033        -688.152        -679.268        -664.370
         Bonded         280.564         320.442         319.744         311.061         327.715
       Bonded_P         280.564         320.442         319.744         311.061         327.715
           Bond          53.078          91.392          59.550          81.323          88.055
         Bond_P          53.078          91.392          59.550          81.323          88.055
          Angle         151.411         154.431         174.802         159.877         166.937
        Angle_P         151.411         154.431         174.802         159.877         166.937
            Dih          66.882          63.364          69.589          57.714          57.619
          Dih_P          66.882          63.364          69.589          57.714          57.619
            Imp           9.193          11.255          15.803          12.147          15.105
          Imp_P           9.193          11.255          15.803          12.147          15.105
             PV           2.603           2.605           2.612           2.616           2.610
           PV_P           2.603           2.605           2.612           2.616           2.610
           PV_W           2.603           2.605           2.612           2.616           2.610
          PV_PW          -2.603          -2.605          -2.612          -2.616          -2.610
