             PE      -46107.584      -46125.895      -46099.193      -46110.832      -46126.134
           PE_P        -390.763        -400.382        -395.520        -402.608        -399.585
           PE_W      -44694.978      -44714.817      -44680.305      -44692.272      -44711.509
          PE_PW       -1021.843       -1010.696       -1023.368       -1015.952       -1015.040
            PE2      -46107.583      -46125.895      -46099.194      -46110.831      -46126.135
          PE2_P        -390.763        -400.382        -395.520        -402.608        -399.585
          PE2_W      -44694.978      -44714.818      -44680.305      -44692.271      -44711.509
         PE2_PW       -1021.842       -1010.695       -1023.369       -1015.952       -1015.041
      Nonbonded      -46472.895      -46484.491      -46459.873      -46467.097      -46490.043
    Nonbonded_P        -756.074        -758.978        -756.199        -758.873        -763.493
    Nonbonded_W      -44694.978      -44714.818      -44680.305      -44692.271      -44711.509
   Nonbonded_PW       -1021.843       -1010.695       -1023.369       -1015.953       -1015.041
             LJ        6570.729        6548.394        6576.805        6599.169        6587.106
           LJ_P         -24.616         -21.838         -22.870         -21.736         -21.784
           LJ_W        6734.700        6713.046        6740.191        6757.463        6749.731
          LJ_PW        -139.355        -142.814        -140.516        -136.558        -140.841
           LJ14          37.953          40.334          40.294          40.601          40.701
         LJ14_P          37.953          40.334          40.294          40.601          40.701
           LJsr        6738.014        6713.327        6741.724        6763.790        6751.703
         LJsr_P         -62.261         -61.864         -62.856         -62.029         -62.176
         LJsr_W        6923.791        6902.164        6929.258        6946.539        6938.877
        LJsr_PW        -123.516        -126.973        -124.678        -120.720        -124.998
           LJlr        -205.238        -205.267        -205.213        -205.221        -205.298
         LJlr_P          -0.308          -0.308          -0.308          -0.308          -0.308
         LJlr_W        -189.091        -189.118        -189.068        -189.076        -189.146
        LJlr_PW         -15.839         -15.841         -15.837         -15.837         -15.844
             EE      -53043.623      -53032.885      -53036.678      -53066.266      -53077.149
           EE_P        -731.458        -737.140        -733.330        -737.137        -741.709
           EE_W      -51429.678      -51427.864      -51420.496      -51449.734      -51461.240
          EE_PW        -882.487        -867.881        -882.852        -879.395        -874.200
           EE14        -999.494        -992.322        -993.090        -993.258        -992.957
         EE14_P        -999.494        -992.322        -993.090        -993.258        -992.957
           EEsr      -47743.578      -47733.666      -47733.044      -47766.663      -47777.417
         EEsr_P          46.101          40.732          45.283          42.291          38.282
         EEsr_W      -47206.511      -47198.734      -47192.900      -47224.989      -47236.237
        EEsr_PW        -583.168        -575.664        -585.427        -583.965        -579.462
           EElr       -4300.550       -4306.897       -4310.544       -4306.345       -4306.775
         EElr_P         221.935         214.450         214.478         213.829         212.966
         EElr_W       -4223.166       -4229.129       -4227.596       -4224.746       -4225.002
        EElr_PW        -299.319        -292.218        -297.426        -295.428        -294.739
         Bonded         365.311         358.596         360.679         356.265         363.908
       Bonded_P         365.311         358.596         360.679         356.265         363.908
           Bond          72.638          71.748          72.023          70.884          71.973
         Bond_P          72.638          71.748          72.023          70.884          71.973
          Angle         162.686         161.811         163.551         159.536         163.996
        Angle_P         162.686         161.811         163.551         159.536         163.996
            Dih         116.991         113.036         113.689         113.753         115.848
          Dih_P         116.991         113.036         113.689         113.753         115.848
            Imp          12.997          12.002          11.416          12.092          12.090
          Imp_P          12.997          12.002          11.416          12.092          12.090
             PV           2.088           2.088           2.089           2.089           2.088
           PV_P           2.088           2.088           2.089           2.089           2.088
           PV_W           2.088           2.088           2.089           2.089           2.088
          PV_PW          -2.088          -2.088          -2.089          -2.089          -2.088
