             PE      -58472.173      -58662.006      -58583.533      -58644.767      -58567.017
           PE_P        -892.482        -875.053        -891.910        -891.242        -899.114
           PE_W      -56392.611      -56551.987      -56463.698      -56565.248      -56466.033
          PE_PW       -1187.080       -1234.966       -1227.925       -1188.277       -1201.870
            PE2      -58472.174      -58662.003      -58583.530      -58644.765      -58567.019
          PE2_P        -892.482        -875.053        -891.910        -891.242        -899.114
          PE2_W      -56392.612      -56551.984      -56463.704      -56565.248      -56466.031
         PE2_PW       -1187.080       -1234.966       -1227.916       -1188.275       -1201.874
      Nonbonded      -58957.671      -59177.975      -59082.425      -59135.665      -59057.663
    Nonbonded_P       -1377.978       -1391.026       -1390.805       -1382.141       -1389.758
    Nonbonded_W      -56392.612      -56551.984      -56463.704      -56565.248      -56466.031
   Nonbonded_PW       -1187.081       -1234.965       -1227.916       -1188.276       -1201.874
             LJ        8340.035        8309.835        8285.517        8251.298        8324.942
           LJ_P         -21.674         -30.071         -28.011         -30.144         -28.733
           LJ_W        8528.266        8515.151        8451.735        8451.030        8528.680
          LJ_PW        -166.557        -175.245        -138.207        -169.588        -175.005
           LJ14          57.573          56.214          52.498          54.503          56.549
         LJ14_P          57.573          56.214          52.498          54.503          56.549
           LJsr        8541.972        8513.386        8492.668        8456.847        8528.552
         LJsr_P         -78.863         -85.901         -80.124         -84.263         -84.897
         LJsr_W        8767.691        8754.811        8691.287        8690.955        8768.703
        LJsr_PW        -146.856        -155.524        -118.495        -149.845        -155.254
           LJlr        -259.510        -259.765        -259.649        -260.052        -260.158
         LJlr_P          -0.384          -0.384          -0.384          -0.384          -0.385
         LJlr_W        -239.425        -239.660        -239.552        -239.925        -240.023
        LJlr_PW         -19.701         -19.721         -19.713         -19.743         -19.750
             EE      -67297.706      -67487.811      -67367.942      -67386.963      -67382.605
           EE_P       -1356.305       -1360.954       -1362.795       -1351.997       -1361.025
           EE_W      -64920.878      -65067.135      -64915.439      -65016.279      -64994.710
          EE_PW       -1020.523       -1059.722       -1089.708       -1018.687       -1026.870
           EE14       -1694.563       -1733.436       -1689.420       -1725.290       -1720.356
         EE14_P       -1694.563       -1733.436       -1689.420       -1725.290       -1720.356
           EEsr      -60241.629      -60404.124      -60304.882      -60326.572      -60315.619
         EEsr_P          78.166         100.850          71.583          65.814          73.749
         EEsr_W      -59593.125      -59740.655      -59584.408      -59696.132      -59672.136
        EEsr_PW        -726.670        -764.319        -792.057        -696.254        -717.232
           EElr       -5361.514       -5350.250       -5373.641       -5335.101       -5346.630
         EElr_P         260.092         271.632         255.041         307.479         285.582
         EElr_W       -5327.753       -5326.480       -5331.031       -5320.147       -5322.574
        EElr_PW        -293.853        -295.402        -297.651        -322.433        -309.638
         Bonded         485.497         515.973         498.895         490.900         490.644
       Bonded_P         485.497         515.973         498.895         490.900         490.644
           Bond          87.866          96.930          94.325          85.518          87.590
         Bond_P          87.866          96.930          94.325          85.518          87.590
          Angle         190.646         205.332         192.957         188.496         189.339
        Angle_P         190.646         205.332         192.957         188.496         189.339
            Dih         190.585         198.837         192.717         201.069         197.819
          Dih_P         190.585         198.837         192.717         201.069         197.819
            Imp          16.399          14.874          18.897          15.817          15.896
          Imp_P          16.399          14.874          18.897          15.817          15.896
             PV           2.646           2.644           2.645           2.641           2.640
           PV_P           2.646           2.644           2.645           2.641           2.640
           PV_W           2.646           2.644           2.645           2.641           2.640
          PV_PW          -2.646          -2.644          -2.645          -2.641          -2.640
