             PE      -67269.718      -67268.563      -67233.746      -67258.845      -67249.486
           PE_P       -1390.028       -1373.793       -1376.331       -1403.570       -1393.693
           PE_W      -64442.997      -64449.476      -64417.901      -64465.815      -64442.429
          PE_PW       -1436.693       -1445.294       -1439.514       -1389.460       -1413.364
            PE2      -67269.718      -67268.563      -67233.746      -67258.845      -67249.486
          PE2_P       -1390.028       -1373.793       -1376.331       -1403.570       -1393.693
          PE2_W      -64442.998      -64449.476      -64417.900      -64465.815      -64442.429
         PE2_PW       -1436.692       -1445.294       -1439.515       -1389.460       -1413.364
      Nonbonded      -67773.339      -67775.867      -67736.438      -67766.193      -67753.042
    Nonbonded_P       -1893.649       -1881.097       -1879.022       -1910.919       -1897.248
    Nonbonded_W      -64442.998      -64449.476      -64417.900      -64465.815      -64442.429
   Nonbonded_PW       -1436.692       -1445.294       -1439.516       -1389.459       -1413.365
             LJ        9582.219        9577.897        9566.395        9577.625        9561.078
           LJ_P         -17.736         -18.058         -21.872         -19.755         -18.289
           LJ_W        9751.333        9746.380        9741.142        9749.041        9730.674
          LJ_PW        -151.378        -150.425        -152.875        -151.661        -151.307
           LJ14          55.027          54.240          53.966          54.154          54.849
         LJ14_P          55.027          54.240          53.966          54.154          54.849
           LJsr        9821.528        9818.012        9806.784        9817.752        9800.586
         LJsr_P         -72.410         -71.945         -75.485         -73.556         -72.786
         LJsr_W       10025.085       10020.150       10014.911       10022.741       10004.446
        LJsr_PW        -131.147        -130.193        -132.642        -131.433        -131.074
           LJlr        -294.336        -294.355        -294.355        -294.281        -294.357
         LJlr_P          -0.353          -0.353          -0.353          -0.353          -0.353
         LJlr_W        -273.752        -273.770        -273.770        -273.701        -273.772
        LJlr_PW         -20.231         -20.232         -20.232         -20.227         -20.232
             EE      -77355.558      -77353.764      -77302.832      -77343.818      -77314.120
           EE_P       -1875.913       -1863.039       -1857.151       -1891.163       -1878.959
           EE_W      -74194.331      -74195.856      -74159.042      -74214.856      -74173.104
          EE_PW       -1285.314       -1294.869       -1286.639       -1237.799       -1262.057
           EE14       -2010.257       -2005.914       -2014.373       -2007.405       -2010.217
         EE14_P       -2010.257       -2005.914       -2014.373       -2007.405       -2010.217
           EEsr      -69074.384      -69073.360      -69024.618      -69064.429      -69033.850
         EEsr_P         -25.317         -18.375         -13.320         -32.024         -24.354
         EEsr_W      -68213.718      -68208.084      -68173.684      -68216.791      -68181.885
        EEsr_PW        -835.349        -846.901        -837.614        -815.614        -827.611
           EElr       -6270.917       -6274.490       -6263.841       -6271.984       -6270.053
         EElr_P         159.661         161.250         170.543         148.266         155.612
         EElr_W       -5980.613       -5987.772       -5985.358       -5998.065       -5991.218
        EElr_PW        -449.965        -447.968        -449.026        -422.185        -434.447
         Bonded         503.621         507.304         502.692         507.348         503.556
       Bonded_P         503.621         507.304         502.692         507.348         503.556
           Bond          97.100          96.727          94.803          95.710          95.536
         Bond_P          97.100          96.727          94.803          95.710          95.536
          Angle         210.106         214.144         213.496         214.647         213.253
        Angle_P         210.106         214.144         213.496         214.647         213.253
            Dih         180.037         179.983         178.404         180.323         178.403
          Dih_P         180.037         179.983         178.404         180.323         178.403
            Imp          16.378          16.450          15.989          16.669          16.364
          Imp_P          16.378          16.450          15.989          16.669          16.364
             PV           3.008           3.008           3.008           3.009           3.008
           PV_P           3.008           3.008           3.008           3.009           3.008
           PV_W           3.008           3.008           3.008           3.009           3.008
          PV_PW          -3.008          -3.008          -3.008          -3.009          -3.008
