             PE      -55577.470      -55573.276      -55584.085      -55625.873      -55622.616
           PE_P        -683.987        -679.399        -686.357        -682.324        -681.880
           PE_W      -53594.327      -53594.584      -53588.739      -53645.673      -53625.171
          PE_PW       -1299.156       -1299.293       -1308.989       -1297.876       -1315.565
            PE2      -55577.470      -55573.277      -55584.083      -55625.872      -55622.616
          PE2_P        -683.987        -679.399        -686.357        -682.324        -681.880
          PE2_W      -53594.326      -53594.584      -53588.740      -53645.673      -53625.171
         PE2_PW       -1299.157       -1299.294       -1308.986       -1297.875       -1315.565
      Nonbonded      -55976.364      -55981.957      -55983.535      -56034.504      -56028.704
    Nonbonded_P       -1082.882       -1088.079       -1085.808       -1090.956       -1087.969
    Nonbonded_W      -53594.326      -53594.584      -53588.740      -53645.673      -53625.171
   Nonbonded_PW       -1299.156       -1299.294       -1308.987       -1297.875       -1315.564
             LJ        7894.623        7910.318        7909.160        7881.607        7916.812
           LJ_P         -10.037         -12.887         -13.067         -12.158         -10.792
           LJ_W        8082.544        8097.286        8091.499        8074.146        8104.623
          LJ_PW        -177.884        -174.081        -169.272        -180.381        -177.019
           LJ14          54.170          53.181          52.055          52.097          51.512
         LJ14_P          54.170          53.181          52.055          52.097          51.512
           LJsr        8085.564        8102.367        8102.258        8074.847        8110.507
         LJsr_P         -63.852         -65.712         -64.766         -63.899         -61.948
         LJsr_W        8308.845        8323.696        8317.839        8300.655        8331.013
        LJsr_PW        -159.429        -155.617        -150.815        -161.909        -158.558
           LJlr        -245.111        -245.230        -245.153        -245.336        -245.208
         LJlr_P          -0.356          -0.356          -0.356          -0.356          -0.356
         LJlr_W        -226.301        -226.410        -226.340        -226.509        -226.390
        LJlr_PW         -18.454         -18.464         -18.457         -18.471         -18.462
             EE      -63870.987      -63892.275      -63892.695      -63916.112      -63945.517
           EE_P       -1072.845       -1075.192       -1072.741       -1078.798       -1077.177
           EE_W      -61676.870      -61691.869      -61680.239      -61719.819      -61729.794
          EE_PW       -1121.272       -1125.214       -1139.715       -1117.495       -1138.546
           EE14       -1943.867       -1949.608       -1948.521       -1947.378       -1941.682
         EE14_P       -1943.867       -1949.608       -1948.521       -1947.378       -1941.682
           EEsr      -56981.847      -56994.390      -56994.751      -57018.253      -57048.915
         EEsr_P         162.219         164.777         165.240         159.986         156.088
         EEsr_W      -56499.664      -56507.234      -56495.240      -56537.386      -56549.829
        EEsr_PW        -644.402        -651.933        -664.751        -640.853        -655.174
           EElr       -4945.272       -4948.277       -4949.423       -4950.481       -4954.920
         EElr_P         708.803         709.639         710.539         708.594         708.417
         EElr_W       -5177.206       -5184.635       -5184.998       -5182.433       -5179.965
        EElr_PW        -476.869        -473.281        -474.964        -476.642        -483.372
         Bonded         398.895         408.681         399.451         408.632         406.089
       Bonded_P         398.895         408.681         399.451         408.632         406.089
           Bond          84.729          88.153          84.701          87.206          87.444
         Bond_P          84.729          88.153          84.701          87.206          87.444
          Angle         178.194         179.507         172.945         176.008         177.942
        Angle_P         178.194         179.507         172.945         176.008         177.942
            Dih         123.304         127.514         128.651         131.388         126.732
          Dih_P         123.304         127.514         128.651         131.388         126.732
            Imp          12.668          13.506          13.154          14.030          13.971
          Imp_P          12.668          13.506          13.154          14.030          13.971
             PV           2.495           2.493           2.494           2.492           2.494
           PV_P           2.495           2.493           2.494           2.492           2.494
           PV_W           2.495           2.493           2.494           2.492           2.494
          PV_PW          -2.495          -2.493          -2.494          -2.492          -2.494
