             PE      -56824.411      -56705.595      -56689.996      -56648.533      -56719.965
           PE_P        -885.934        -863.399        -893.832        -876.536        -860.590
           PE_W      -54924.415      -54787.737      -54813.341      -54735.820      -54782.279
          PE_PW       -1014.062       -1054.459        -982.823       -1036.177       -1077.096
            PE2      -56824.412      -56705.594      -56689.995      -56648.535      -56719.967
          PE2_P        -885.934        -863.399        -893.832        -876.536        -860.590
          PE2_W      -54924.416      -54787.737      -54813.345      -54735.822      -54782.279
         PE2_PW       -1014.062       -1054.458        -982.818       -1036.177       -1077.098
      Nonbonded      -57252.253      -57134.896      -57124.969      -57078.679      -57154.427
    Nonbonded_P       -1313.776       -1292.701       -1328.807       -1306.680       -1295.050
    Nonbonded_W      -54924.416      -54787.737      -54813.345      -54735.822      -54782.279
   Nonbonded_PW       -1014.061       -1054.458        -982.817       -1036.177       -1077.098
             LJ        8136.133        8051.960        8118.600        8067.453        8092.917
           LJ_P         -15.796         -20.249         -19.275         -20.618         -15.919
           LJ_W        8293.965        8217.694        8280.206        8231.167        8256.123
          LJ_PW        -142.036        -145.485        -142.331        -143.096        -147.287
           LJ14          46.606          42.897          45.594          41.890          43.997
         LJ14_P          46.606          42.897          45.594          41.890          43.997
           LJsr        8339.824        8259.004        8323.014        8275.311        8298.990
         LJsr_P         -62.099         -62.844         -64.566         -62.206         -59.613
         LJsr_W        8526.577        8449.976        8512.550        8463.270        8488.526
        LJsr_PW        -124.654        -128.128        -124.970        -125.753        -129.923
           LJlr        -250.297        -249.941        -250.008        -249.748        -250.070
         LJlr_P          -0.303          -0.302          -0.302          -0.302          -0.303
         LJlr_W        -232.613        -232.282        -232.344        -232.103        -232.402
        LJlr_PW         -17.381         -17.357         -17.362         -17.343         -17.365
             EE      -65388.386      -65186.857      -65243.569      -65146.131      -65247.343
           EE_P       -1297.980       -1272.452       -1309.532       -1286.062       -1279.131
           EE_W      -63218.381      -63005.431      -63093.551      -62966.989      -63038.403
          EE_PW        -872.025        -908.974        -840.486        -893.080        -929.809
           EE14       -1280.731       -1284.511       -1291.913       -1284.272       -1271.252
         EE14_P       -1280.731       -1284.511       -1291.913       -1284.272       -1271.252
           EEsr      -58658.499      -58463.329      -58519.338      -58421.364      -58510.964
         EEsr_P           7.446          22.285           2.762          12.341          25.272
         EEsr_W      -58027.554      -57828.999      -57901.743      -57790.211      -57849.912
        EEsr_PW        -638.391        -656.615        -620.357        -643.494        -686.324
           EElr       -5449.156       -5439.017       -5432.317       -5440.495       -5465.127
         EElr_P         -24.695         -10.225         -20.380         -14.131         -33.151
         EElr_W       -5190.826       -5176.432       -5191.808       -5176.778       -5188.491
        EElr_PW        -233.635        -252.360        -220.129        -249.586        -243.485
         Bonded         427.842         429.302         434.974         430.144         434.459
       Bonded_P         427.842         429.302         434.974         430.144         434.460
           Bond          77.288          81.782          81.081          82.986          77.872
         Bond_P          77.288          81.782          81.081          82.986          77.872
          Angle         186.097         181.932         190.353         179.249         192.244
        Angle_P         186.097         181.932         190.353         179.249         192.244
            Dih         149.844         152.658         149.217         156.134         150.396
          Dih_P         149.844         152.658         149.217         156.134         150.396
            Imp          14.613          12.930          14.323          11.775          13.947
          Imp_P          14.613          12.930          14.323          11.775          13.947
             PV           2.550           2.554           2.553           2.556           2.552
           PV_P           2.550           2.554           2.553           2.556           2.552
           PV_W           2.550           2.554           2.553           2.556           2.552
          PV_PW          -2.550          -2.554          -2.553          -2.556          -2.552
