             PE      -41470.389      -41466.230      -41491.122      -41473.320      -41463.220
           PE_P         330.018         326.783         331.387         335.343         326.286
           PE_W      -39953.557      -39954.884      -39969.903      -39948.237      -39945.088
          PE_PW       -1846.850       -1838.129       -1852.606       -1860.426       -1844.418
            PE2      -41470.389      -41466.230      -41491.122      -41473.321      -41463.220
          PE2_P         330.018         326.783         331.387         335.343         326.286
          PE2_W      -39953.557      -39954.884      -39969.903      -39948.237      -39945.088
         PE2_PW       -1846.850       -1838.129       -1852.606       -1860.427       -1844.418
      Nonbonded      -41703.554      -41699.199      -41723.140      -41706.385      -41694.251
    Nonbonded_P          96.853          93.814          99.369         102.278          95.255
    Nonbonded_W      -39953.557      -39954.884      -39969.903      -39948.237      -39945.088
   Nonbonded_PW       -1846.850       -1838.129       -1852.606       -1860.426       -1844.418
             LJ        5971.467        5960.375        5970.756        5951.638        5969.963
           LJ_P         -19.914         -19.652         -20.118         -19.396         -19.608
           LJ_W        6061.329        6050.141        6062.572        6043.611        6061.987
          LJ_PW         -69.948         -70.114         -71.698         -72.577         -72.416
           LJ14          36.295          36.385          36.119          36.434          36.360
         LJ14_P          36.295          36.385          36.119          36.434          36.360
           LJsr        6118.448        6107.325        6118.018        6098.600        6116.970
         LJsr_P         -55.928         -55.757         -55.957         -55.550         -55.687
         LJsr_W        6230.081        6218.947        6231.421        6212.474        6230.822
        LJsr_PW         -55.705         -55.865         -57.446         -58.324         -58.165
           LJlr        -183.276        -183.335        -183.382        -183.397        -183.366
         LJlr_P          -0.281          -0.281          -0.281          -0.281          -0.281
         LJlr_W        -168.752        -168.806        -168.849        -168.863        -168.835
        LJlr_PW         -14.243         -14.248         -14.252         -14.253         -14.250
             EE      -47675.020      -47659.574      -47693.896      -47658.023      -47664.215
           EE_P         116.767         113.467         119.487         121.675         114.863
           EE_W      -46014.886      -46005.025      -46032.475      -45991.848      -46007.076
          EE_PW       -1776.901       -1768.016       -1780.908       -1787.850       -1772.002
           EE14         902.962         896.860         901.908         898.265         899.707
         EE14_P         902.962         896.860         901.908         898.265         899.707
           EEsr      -43419.528      -43402.760      -43438.387      -43401.662      -43408.071
         EEsr_P        -170.977        -170.429        -170.583        -170.086        -171.483
         EEsr_W      -42215.326      -42202.551      -42234.593      -42199.472      -42206.285
        EEsr_PW       -1033.225       -1029.780       -1033.211       -1032.104       -1030.303
           EElr       -5158.455       -5153.674       -5157.417       -5154.626       -5155.850
         EElr_P        -615.218        -612.965        -611.838        -606.504        -613.361
         EElr_W       -3799.560       -3802.474       -3797.881       -3792.376       -3800.791
        EElr_PW        -743.677        -738.235        -747.698        -755.746        -741.698
         Bonded         233.165         232.969         232.018         233.065         231.031
       Bonded_P         233.165         232.969         232.018         233.065         231.031
           Bond          57.222          58.026          57.072          57.127          56.386
         Bond_P          57.222          58.026          57.072          57.127          56.386
          Angle         133.668         133.428         133.385         133.681         132.704
        Angle_P         133.668         133.428         133.385         133.681         132.704
            Dih          31.746          31.032          31.080          31.447          31.228
          Dih_P          31.746          31.032          31.080          31.447          31.228
            Imp          10.529          10.482          10.481          10.811          10.714
          Imp_P          10.529          10.482          10.481          10.811          10.714
             PV           1.858           1.858           1.857           1.857           1.857
           PV_P           1.858           1.858           1.857           1.857           1.857
           PV_W           1.858           1.858           1.857           1.857           1.857
          PV_PW          -1.858          -1.858          -1.857          -1.857          -1.857
