             PE      -37059.771      -37066.983      -37056.522      -37056.204      -37056.574
           PE_P          39.652          41.431          40.215          39.884          39.211
           PE_W      -36420.076      -36426.892      -36413.578      -36418.362      -36417.729
          PE_PW        -679.347        -681.522        -683.159        -677.726        -678.056
            PE2      -37059.770      -37066.983      -37056.522      -37056.204      -37056.573
          PE2_P          39.652          41.431          40.215          39.884          39.211
          PE2_W      -36420.076      -36426.893      -36413.578      -36418.362      -36417.728
         PE2_PW        -679.346        -681.521        -683.159        -677.726        -678.056
      Nonbonded      -37328.854      -37334.318      -37323.790      -37325.386      -37324.827
    Nonbonded_P        -229.432        -225.905        -227.053        -229.298        -229.044
    Nonbonded_W      -36420.076      -36426.893      -36413.578      -36418.362      -36417.728
   Nonbonded_PW        -679.346        -681.520        -683.159        -677.726        -678.055
             LJ        5382.747        5384.411        5367.616        5399.526        5378.232
           LJ_P         -12.689         -12.158         -12.115         -13.050         -12.495
           LJ_W        5530.410        5531.491        5515.336        5548.118        5526.610
          LJ_PW        -134.974        -134.922        -135.605        -135.542        -135.883
           LJ14          35.526          35.983          36.217          35.601          35.274
         LJ14_P          35.526          35.983          36.217          35.601          35.274
           LJsr        5515.385        5516.664        5499.612        5532.114        5511.285
         LJsr_P         -47.943         -47.868         -48.059         -48.379         -47.497
         LJsr_W        5684.742        5685.889        5669.712        5702.473        5681.091
        LJsr_PW        -121.414        -121.357        -122.041        -121.980        -122.309
           LJlr        -168.165        -168.236        -168.213        -168.190        -168.327
         LJlr_P          -0.273          -0.273          -0.273          -0.273          -0.273
         LJlr_W        -154.332        -154.398        -154.377        -154.355        -154.481
        LJlr_PW         -13.560         -13.565         -13.563         -13.562         -13.573
             EE      -42711.601      -42718.729      -42691.406      -42724.912      -42703.059
           EE_P        -216.743        -213.747        -214.939        -216.248        -216.548
           EE_W      -41950.486      -41958.384      -41928.914      -41966.480      -41944.338
          EE_PW        -544.372        -546.598        -547.553        -542.184        -542.173
           EE14         241.788         243.136         240.805         245.048         241.924
         EE14_P         241.788         243.136         240.805         245.048         241.924
           EEsr      -39125.888      -39132.658      -39104.993      -39141.411      -39117.168
         EEsr_P         -70.215         -68.444         -68.465         -70.069         -69.982
         EEsr_W      -38623.767      -38630.034      -38601.651      -38638.360      -38615.574
        EEsr_PW        -431.906        -434.180        -434.877        -432.982        -431.612
           EElr       -3827.500       -3829.206       -3827.219       -3828.549       -3827.816
         EElr_P        -388.315        -388.438        -387.279        -391.228        -388.491
         EElr_W       -3326.718       -3328.349       -3327.263       -3328.120       -3328.765
        EElr_PW        -112.467        -112.419        -112.677        -109.201        -110.560
         Bonded         269.084         267.335         267.268         269.182         268.254
       Bonded_P         269.084         267.335         267.268         269.182         268.254
           Bond          55.422          54.638          53.615          54.961          55.924
         Bond_P          55.422          54.638          53.615          54.961          55.924
          Angle         134.329         134.095         134.354         134.923         133.386
        Angle_P         134.329         134.095         134.354         134.923         133.386
            Dih          69.582          68.826          69.478          69.746          69.109
          Dih_P          69.582          68.826          69.478          69.746          69.109
            Imp           9.751           9.777           9.822           9.552           9.835
          Imp_P           9.751           9.777           9.822           9.552           9.835
             PV           1.715           1.714           1.714           1.714           1.713
           PV_P           1.715           1.714           1.714           1.714           1.713
           PV_W           1.715           1.714           1.714           1.714           1.713
          PV_PW          -1.715          -1.714          -1.714          -1.714          -1.713
