             PE      -58275.527      -58279.723      -58276.030      -58275.243      -58287.169
           PE_P         255.960         256.291         255.157         254.493         256.257
           PE_W      -57206.795      -57210.476      -57210.755      -57208.357      -57218.126
          PE_PW       -1324.692       -1325.538       -1320.432       -1321.379       -1325.300
            PE2      -58275.527      -58279.723      -58276.030      -58275.243      -58287.169
          PE2_P         255.960         256.291         255.157         254.493         256.257
          PE2_W      -57206.795      -57210.476      -57210.755      -57208.357      -57218.126
         PE2_PW       -1324.692       -1325.538       -1320.432       -1321.379       -1325.300
      Nonbonded      -58592.288      -58595.448      -58592.598      -58591.801      -58603.546
    Nonbonded_P         -60.801         -59.434         -61.411         -62.065         -60.120
    Nonbonded_W      -57206.795      -57210.476      -57210.755      -57208.357      -57218.126
   Nonbonded_PW       -1324.692       -1325.538       -1320.432       -1321.379       -1325.300
             LJ        8509.449        8504.453        8498.124        8502.504        8499.290
           LJ_P         -12.266         -12.323         -12.569         -12.158         -11.327
           LJ_W        8664.678        8659.721        8653.759        8657.800        8653.937
          LJ_PW        -142.963        -142.945        -143.066        -143.138        -143.320
           LJ14          75.724          75.655          74.970          75.277          76.158
         LJ14_P          75.724          75.655          74.970          75.277          76.158
           LJsr        8694.969        8690.024        8684.354        8688.406        8684.378
         LJsr_P         -87.641         -87.630         -87.191         -87.087         -87.137
         LJsr_W        8906.676        8901.703        8895.718        8899.738        8895.938
        LJsr_PW        -124.066        -124.049        -124.173        -124.245        -124.423
           LJlr        -261.243        -261.226        -261.200        -261.179        -261.246
         LJlr_P          -0.348          -0.348          -0.348          -0.348          -0.348
         LJlr_W        -241.998        -241.983        -241.959        -241.939        -242.001
        LJlr_PW         -18.897         -18.895         -18.893         -18.892         -18.897
             EE      -67101.738      -67099.901      -67090.722      -67094.304      -67102.836
           EE_P         -48.536         -47.111         -48.842         -49.907         -48.793
           EE_W      -65871.472      -65870.197      -65864.513      -65866.156      -65872.063
          EE_PW       -1181.730       -1182.593       -1177.367       -1178.241       -1181.980
           EE14         788.131         787.191         786.646         786.074         786.252
         EE14_P         788.131         787.191         786.646         786.074         786.252
           EEsr      -61482.169      -61480.203      -61470.357      -61473.100      -61480.931
         EEsr_P        -165.506        -163.849        -164.615        -164.723        -164.750
         EEsr_W      -60546.694      -60545.490      -60538.020      -60540.050      -60545.824
        EEsr_PW        -769.969        -770.864        -767.722        -768.327        -770.357
           EElr       -6407.700       -6406.890       -6407.011       -6407.278       -6408.157
         EElr_P        -671.160        -670.454        -670.873        -671.257        -670.295
         EElr_W       -5324.778       -5324.707       -5326.494       -5326.106       -5326.239
        EElr_PW        -411.762        -411.729        -409.644        -409.915        -411.623
         Bonded         316.761         315.725         316.568         316.558         316.377
       Bonded_P         316.761         315.725         316.568         316.558         316.377
           Bond          77.010          76.842          77.200          76.831          76.575
         Bond_P          77.010          76.842          77.200          76.831          76.575
          Angle         161.592         161.080         161.547         161.535         162.071
        Angle_P         161.592         161.080         161.547         161.535         162.071
            Dih          66.840          66.656          66.762          67.005          66.395
          Dih_P          66.840          66.656          66.762          67.005          66.395
            Imp          11.319          11.148          11.059          11.188          11.336
          Imp_P          11.319          11.148          11.059          11.188          11.336
             PV           2.673           2.673           2.673           2.673           2.673
           PV_P           2.673           2.673           2.673           2.673           2.673
           PV_W           2.673           2.673           2.673           2.673           2.673
          PV_PW          -2.673          -2.673          -2.673          -2.673          -2.673
