             PE      -50215.701      -50214.135      -50215.226      -50213.473      -50204.424
           PE_P        -662.534        -636.912        -651.992        -666.955        -656.083
           PE_W      -48462.784      -48439.849      -48460.308      -48466.097      -48447.780
          PE_PW       -1090.383       -1137.374       -1102.926       -1080.421       -1100.561
            PE2      -50215.701      -50214.135      -50215.226      -50213.473      -50204.424
          PE2_P        -662.534        -636.912        -651.992        -666.955        -656.083
          PE2_W      -48462.784      -48439.849      -48460.308      -48466.096      -48447.780
         PE2_PW       -1090.383       -1137.374       -1102.926       -1080.422       -1100.561
      Nonbonded      -50625.820      -50623.771      -50627.826      -50622.775      -50614.356
    Nonbonded_P       -1072.653       -1046.549       -1064.592       -1076.258       -1066.014
    Nonbonded_W      -48462.784      -48439.849      -48460.308      -48466.096      -48447.780
   Nonbonded_PW       -1090.383       -1137.373       -1102.926       -1080.421       -1100.562
             LJ        7174.824        7186.820        7185.013        7191.624        7170.002
           LJ_P         -26.651         -27.677         -27.012         -26.472         -27.808
           LJ_W        7349.177        7360.014        7358.743        7364.914        7343.342
          LJ_PW        -147.702        -145.517        -146.718        -146.818        -145.532
           LJ14          50.626          50.762          51.030          51.320          50.841
         LJ14_P          50.626          50.762          51.030          51.320          50.841
           LJsr        7349.014        7360.834        7358.770        7365.107        7343.886
         LJsr_P         -76.879         -78.041         -77.644         -77.394         -78.251
         LJsr_W        7555.002        7565.802        7564.542        7570.726        7549.084
        LJsr_PW        -129.109        -126.927        -128.128        -128.225        -126.947
           LJlr        -224.815        -224.776        -224.787        -224.802        -224.725
         LJlr_P          -0.398          -0.398          -0.398          -0.398          -0.398
         LJlr_W        -205.824        -205.788        -205.799        -205.812        -205.742
        LJlr_PW         -18.593         -18.590         -18.590         -18.592         -18.585
             EE      -57800.644      -57810.591      -57812.839      -57814.400      -57784.357
           EE_P       -1046.002       -1018.872       -1037.580       -1049.786       -1038.206
           EE_W      -55811.961      -55799.863      -55819.051      -55831.010      -55791.122
          EE_PW        -942.681        -991.856        -956.208        -933.604        -955.029
           EE14        -886.873        -889.395        -890.472        -885.407        -890.676
         EE14_P        -886.873        -889.395        -890.472        -885.407        -890.676
           EEsr      -52202.084      -52212.170      -52212.903      -52216.613      -52184.554
         EEsr_P         -77.738         -62.899         -70.251         -78.342         -71.197
         EEsr_W      -51424.111      -51423.807      -51433.098      -51439.301      -51403.524
        EEsr_PW        -700.235        -725.464        -709.554        -698.970        -709.833
           EElr       -4711.688       -4709.026       -4709.465       -4712.380       -4709.128
         EElr_P         -81.392         -66.577         -76.857         -86.037         -76.334
         EElr_W       -4387.850       -4376.055       -4385.954       -4391.709       -4387.598
        EElr_PW        -242.446        -266.394        -246.654        -234.634        -245.196
         Bonded         410.119         409.636         412.600         409.303         409.931
       Bonded_P         410.119         409.636         412.600         409.303         409.931
           Bond          83.763          84.499          84.775          83.468          83.574
         Bond_P          83.763          84.499          84.775          83.468          83.574
          Angle         182.834         180.484         182.272         180.618         181.573
        Angle_P         182.834         180.484         182.272         180.618         181.573
            Dih         129.261         130.640         131.431         131.018         130.549
          Dih_P         129.261         130.640         131.431         131.018         130.549
            Imp          14.260          14.014          14.122          14.198          14.236
          Imp_P          14.260          14.014          14.122          14.198          14.236
             PV           2.282           2.282           2.282           2.282           2.283
           PV_P           2.282           2.282           2.282           2.282           2.283
           PV_W           2.282           2.282           2.282           2.282           2.283
          PV_PW          -2.282          -2.282          -2.282          -2.282          -2.283
