             PE      -62367.019      -62305.040      -62354.953      -62408.488      -62388.512
           PE_P        -499.716        -479.185        -494.482        -501.452        -481.246
           PE_W      -60991.591      -60919.997      -60966.147      -61029.520      -60993.214
          PE_PW        -875.712        -905.858        -894.324        -877.516        -914.052
            PE2      -62367.020      -62305.041      -62354.953      -62408.487      -62388.513
          PE2_P        -499.716        -479.185        -494.482        -501.452        -481.246
          PE2_W      -60991.590      -60919.998      -60966.147      -61029.519      -60993.214
         PE2_PW        -875.714        -905.858        -894.324        -877.516        -914.053
      Nonbonded      -62790.383      -62730.981      -62774.511      -62827.273      -62809.814
    Nonbonded_P        -923.078        -905.126        -914.040        -920.237        -902.547
    Nonbonded_W      -60991.590      -60919.998      -60966.147      -61029.519      -60993.214
   Nonbonded_PW        -875.715        -905.857        -894.324        -877.517        -914.053
             LJ        9021.594        9063.281        9020.169        9016.864        9036.152
           LJ_P         -18.732         -18.728         -18.192         -20.992         -19.096
           LJ_W        9202.810        9244.252        9196.733        9200.109        9214.292
          LJ_PW        -162.484        -162.243        -158.372        -162.253        -159.044
           LJ14          49.177          47.136          48.571          47.754          49.346
         LJ14_P          49.177          47.136          48.571          47.754          49.346
           LJsr        9249.861        9293.287        9249.235        9246.438        9263.949
         LJsr_P         -67.622         -65.577         -66.476         -68.460         -68.155
         LJsr_W        9462.168        9503.326        9456.271        9459.358        9473.367
        LJsr_PW        -144.685        -144.462        -140.560        -144.460        -141.263
           LJlr        -277.444        -277.142        -277.638        -277.328        -277.143
         LJlr_P          -0.287          -0.286          -0.287          -0.286          -0.286
         LJlr_W        -259.357        -259.074        -259.538        -259.249        -259.075
        LJlr_PW         -17.800         -17.782         -17.813         -17.793         -17.782
             EE      -71811.977      -71794.262      -71794.679      -71844.137      -71845.965
           EE_P        -904.347        -886.398        -895.848        -899.245        -883.451
           EE_W      -70194.400      -70164.249      -70162.880      -70229.629      -70207.506
          EE_PW        -713.230        -743.615        -735.951        -715.263        -755.008
           EE14        -460.092        -449.069        -444.775        -459.731        -453.381
         EE14_P        -460.092        -449.069        -444.775        -459.731        -453.381
           EEsr      -65264.726      -65255.789      -65249.177      -65292.079      -65299.093
         EEsr_P         -81.253         -79.434         -87.637         -77.470         -73.910
         EEsr_W      -64608.055      -64600.407      -64584.836      -64642.437      -64631.180
        EEsr_PW        -575.418        -575.948        -576.704        -572.172        -594.003
           EElr       -6087.158       -6089.404       -6100.727       -6092.327       -6093.492
         EElr_P        -363.002        -357.894        -363.436        -362.044        -356.160
         EElr_W       -5586.346       -5563.842       -5578.043       -5587.192       -5576.327
        EElr_PW        -137.810        -167.668        -159.248        -143.091        -161.005
         Bonded         423.363         425.940         419.558         418.785         421.301
       Bonded_P         423.363         425.940         419.558         418.785         421.301
           Bond          77.624          75.161          76.401          74.889          75.980
         Bond_P          77.624          75.161          76.401          74.889          75.980
          Angle         175.912         178.406         173.902         174.021         170.709
        Angle_P         175.912         178.406         173.902         174.021         170.709
            Dih         156.136         157.019         154.480         155.478         160.090
          Dih_P         156.136         157.019         154.480         155.478         160.090
            Imp          13.691          15.354          14.775          14.398          14.522
          Imp_P          13.691          15.354          14.775          14.398          14.522
             PV           2.849           2.852           2.847           2.850           2.852
           PV_P           2.849           2.852           2.847           2.850           2.852
           PV_W           2.849           2.852           2.847           2.850           2.852
          PV_PW          -2.849          -2.852          -2.847          -2.850          -2.852
