             PE      -51545.925      -51532.876      -51529.285      -51519.428      -51569.295
           PE_P         354.941         356.251         356.555         362.278         356.603
           PE_W      -50165.850      -50148.227      -50165.182      -50140.862      -50170.772
          PE_PW       -1735.016       -1740.900       -1720.658       -1740.844       -1755.126
            PE2      -51545.925      -51532.876      -51529.287      -51519.429      -51569.295
          PE2_P         354.941         356.251         356.555         362.278         356.603
          PE2_W      -50165.852      -50148.225      -50165.181      -50140.861      -50170.774
         PE2_PW       -1735.014       -1740.902       -1720.661       -1740.846       -1755.124
      Nonbonded      -51815.313      -51799.145      -51801.887      -51793.853      -51835.911
    Nonbonded_P          85.553          89.982          83.955          87.854          89.987
    Nonbonded_W      -50165.852      -50148.225      -50165.181      -50140.861      -50170.774
   Nonbonded_PW       -1735.014       -1740.902       -1720.661       -1740.846       -1755.124
             LJ        7465.809        7463.729        7471.477        7442.877        7438.226
           LJ_P         -25.074         -23.294         -23.769         -25.347         -25.212
           LJ_W        7591.093        7591.635        7596.387        7567.733        7568.804
          LJ_PW        -100.210        -104.612        -101.141         -99.509        -105.366
           LJ14          44.173          43.835          43.265          43.298          42.572
         LJ14_P          44.173          43.835          43.265          43.298          42.572
           LJsr        7649.768        7648.148        7656.498        7627.723        7623.748
         LJsr_P         -68.956         -66.838         -66.744         -68.354         -67.493
         LJsr_W        7802.799        7803.453        7808.235        7779.449        7780.474
        LJsr_PW         -84.075         -88.467         -84.993         -83.372         -89.233
           LJlr        -228.132        -228.254        -228.286        -228.144        -228.093
         LJlr_P          -0.291          -0.291          -0.291          -0.291          -0.291
         LJlr_W        -211.705        -211.818        -211.848        -211.716        -211.669
        LJlr_PW         -16.136         -16.145         -16.147         -16.137         -16.133
             EE      -59281.121      -59262.874      -59273.365      -59236.730      -59274.137
           EE_P         110.627         113.276         107.724         113.201         115.199
           EE_W      -57756.946      -57739.860      -57761.568      -57708.593      -57739.578
          EE_PW       -1634.802       -1636.290       -1619.521       -1641.338       -1649.758
           EE14         842.023         836.560         819.944         826.767         831.358
         EE14_P         842.023         836.560         819.944         826.767         831.358
           EEsr      -54112.154      -54089.965      -54098.984      -54065.342      -54101.782
         EEsr_P        -179.476        -179.892        -175.038        -174.101        -175.046
         EEsr_W      -53006.034      -52998.871      -53009.245      -52962.208      -52997.010
        EEsr_PW        -926.644        -911.202        -914.701        -929.033        -929.726
           EElr       -6010.991       -6009.469       -5994.325       -5998.155       -6003.713
         EElr_P        -551.920        -543.392        -537.182        -539.465        -541.113
         EElr_W       -4750.911       -4740.989       -4752.324       -4746.385       -4742.568
        EElr_PW        -708.160        -725.088        -704.819        -712.305        -720.032
         Bonded         269.387         266.269         272.600         274.425         266.616
       Bonded_P         269.387         266.269         272.600         274.425         266.616
           Bond          66.671          65.664          65.717          67.319          64.081
         Bond_P          66.671          65.664          65.717          67.319          64.081
          Angle         141.668         139.130         147.774         147.476         141.682
        Angle_P         141.668         139.130         147.774         147.476         141.682
            Dih          49.558          49.724          47.620          48.235          48.090
          Dih_P          49.558          49.724          47.620          48.235          48.090
            Imp          11.490          11.750          11.489          11.395          12.762
          Imp_P          11.490          11.750          11.489          11.395          12.762
             PV           2.330           2.329           2.328           2.330           2.330
           PV_P           2.330           2.329           2.328           2.330           2.330
           PV_W           2.330           2.329           2.328           2.330           2.330
          PV_PW          -2.330          -2.329          -2.328          -2.330          -2.330
