             PE      -68972.412      -68966.084      -68966.656      -68989.025      -69086.225
           PE_P        -473.823        -475.303        -473.940        -501.973        -485.931
           PE_W      -67474.985      -67438.550      -67450.611      -67497.169      -67561.594
          PE_PW       -1023.604       -1052.231       -1042.105        -989.883       -1038.700
            PE2      -68972.409      -68966.085      -68966.655      -68989.022      -69086.226
          PE2_P        -473.823        -475.303        -473.940        -501.973        -485.931
          PE2_W      -67474.986      -67438.553      -67450.611      -67497.170      -67561.593
         PE2_PW       -1023.600       -1052.229       -1042.104        -989.879       -1038.702
      Nonbonded      -69446.541      -69429.075      -69429.274      -69452.029      -69547.036
    Nonbonded_P        -947.956        -938.292        -936.559        -964.980        -946.741
    Nonbonded_W      -67474.986      -67438.553      -67450.611      -67497.170      -67561.593
   Nonbonded_PW       -1023.599       -1052.230       -1042.104        -989.879       -1038.702
             LJ       10021.170       10071.137        9949.175       10045.991       10037.096
           LJ_P          -8.201         -12.152          -9.071         -15.486         -12.956
           LJ_W       10232.594       10280.195       10153.024       10247.417       10252.348
          LJ_PW        -203.223        -196.906        -194.778        -185.940        -202.296
           LJ14          76.973          73.691          77.334          76.089          73.340
         LJ14_P          76.973          73.691          77.334          76.089          73.340
           LJsr       10251.469       10304.343       10178.775       10276.689       10271.138
         LJsr_P         -84.803         -85.473         -86.034         -91.203         -85.924
         LJsr_W       10518.322       10565.576       10438.438       10532.695       10538.179
        LJsr_PW        -182.050        -175.760        -173.629        -164.803        -181.117
           LJlr        -307.272        -306.897        -306.934        -306.787        -307.382
         LJlr_P          -0.372          -0.371          -0.371          -0.371          -0.372
         LJlr_W        -285.728        -285.380        -285.415        -285.278        -285.831
        LJlr_PW         -21.172         -21.146         -21.148         -21.138         -21.179
             EE      -79467.712      -79500.212      -79378.448      -79498.020      -79584.131
           EE_P        -939.754        -926.140        -927.488        -949.494        -933.785
           EE_W      -77707.579      -77718.748      -77603.635      -77744.587      -77813.941
          EE_PW        -820.379        -855.324        -847.325        -803.939        -836.405
           EE14        -973.667        -953.901        -959.333        -967.743        -973.636
         EE14_P        -973.667        -953.901        -959.333        -967.743        -973.636
           EEsr      -71902.961      -71953.858      -71824.901      -71961.207      -72028.980
         EEsr_P          13.715          13.002          13.944           4.892          11.612
         EEsr_W      -71366.550      -71380.323      -71265.379      -71414.289      -71477.846
        EEsr_PW        -550.126        -586.537        -573.466        -551.810        -562.746
           EElr       -6591.083       -6592.453       -6594.215       -6569.069       -6581.515
         EElr_P          20.198          14.759          17.900          13.357          28.240
         EElr_W       -6341.029       -6338.425       -6338.256       -6330.298       -6336.095
        EElr_PW        -270.252        -268.787        -273.859        -252.128        -273.660
         Bonded         474.133         462.990         462.619         463.007         460.810
       Bonded_P         474.133         462.990         462.619         463.007         460.810
           Bond         100.158          93.341          95.662          92.252          94.052
         Bond_P         100.158          93.341          95.662          92.252          94.052
          Angle         203.787         205.204         200.620         204.336         202.747
        Angle_P         203.787         205.204         200.620         204.336         202.747
            Dih         156.743         150.976         153.298         154.325         149.507
          Dih_P         156.743         150.976         153.298         154.325         149.507
            Imp          13.444          13.468          13.039          12.095          14.504
          Imp_P          13.444          13.468          13.039          12.095          14.504
             PV           3.148           3.152           3.151           3.153           3.147
           PV_P           3.148           3.152           3.151           3.153           3.147
           PV_W           3.148           3.152           3.151           3.153           3.147
          PV_PW          -3.148          -3.152          -3.151          -3.153          -3.147
