             PE      -39220.030      -39221.563      -39206.651      -39214.624      -39217.274
           PE_P         377.349         373.299         372.835         374.571         373.071
           PE_W      -38545.244      -38552.089      -38537.563      -38545.669      -38549.788
          PE_PW       -1052.135       -1042.773       -1041.923       -1043.526       -1040.557
            PE2      -39220.031      -39221.563      -39206.651      -39214.624      -39217.274
          PE2_P         377.349         373.299         372.835         374.571         373.071
          PE2_W      -38545.244      -38552.089      -38537.564      -38545.669      -38549.788
         PE2_PW       -1052.136       -1042.773       -1041.922       -1043.526       -1040.557
      Nonbonded      -39464.296      -39463.914      -39450.281      -39459.524      -39460.751
    Nonbonded_P         133.084         130.948         129.205         129.672         129.594
    Nonbonded_W      -38545.244      -38552.089      -38537.564      -38545.669      -38549.788
   Nonbonded_PW       -1052.136       -1042.773       -1041.922       -1043.527       -1040.557
             LJ        5712.997        5701.538        5711.554        5721.302        5712.372
           LJ_P         -14.633         -13.587         -14.209         -13.926         -13.402
           LJ_W        5837.683        5827.589        5836.950        5846.191        5837.069
          LJ_PW        -110.053        -112.464        -111.187        -110.963        -111.295
           LJ14          39.504          39.970          39.441          39.286          39.907
         LJ14_P          39.504          39.970          39.441          39.286          39.907
           LJsr        5850.296        5838.391        5848.966        5858.866        5849.234
         LJsr_P         -53.860         -53.279         -53.372         -52.933         -53.030
         LJsr_W        6000.206        5990.131        5999.519        6008.756        5999.560
        LJsr_PW         -96.050         -98.461         -97.181         -96.957         -97.296
           LJlr        -176.803        -176.823        -176.853        -176.849        -176.769
         LJlr_P          -0.278          -0.278          -0.278          -0.278          -0.278
         LJlr_W        -162.523        -162.541        -162.569        -162.565        -162.491
        LJlr_PW         -14.002         -14.004         -14.006         -14.006         -14.000
             EE      -45177.292      -45165.452      -45161.835      -45180.826      -45173.122
           EE_P         147.717         144.535         143.414         143.598         142.995
           EE_W      -44382.927      -44379.678      -44374.514      -44391.860      -44386.857
          EE_PW        -942.082        -930.309        -930.735        -932.564        -929.260
           EE14         814.686         810.261         809.424         813.422         811.474
         EE14_P         814.686         810.261         809.424         813.422         811.474
           EEsr      -41470.006      -41454.539      -41452.599      -41472.284      -41463.922
         EEsr_P         -95.019         -96.241         -95.938         -97.050         -96.405
         EEsr_W      -40743.694      -40739.413      -40732.879      -40751.099      -40746.035
        EEsr_PW        -631.293        -618.885        -623.782        -624.135        -621.482
           EElr       -4521.973       -4521.175       -4518.659       -4521.964       -4520.674
         EElr_P        -571.950        -569.485        -570.072        -572.775        -572.074
         EElr_W       -3639.234       -3640.265       -3641.634       -3640.760       -3640.822
        EElr_PW        -310.789        -311.425        -306.953        -308.429        -307.778
         Bonded         244.265         242.351         243.630         244.899         243.477
       Bonded_P         244.265         242.351         243.630         244.899         243.477
           Bond          59.407          58.130          57.910          58.738          57.692
         Bond_P          59.407          58.130          57.910          58.738          57.692
          Angle         142.199         142.981         143.417         144.297         142.734
        Angle_P         142.199         142.981         143.417         144.297         142.734
            Dih          33.340          32.280          33.316          32.822          33.449
          Dih_P          33.340          32.280          33.316          32.822          33.449
            Imp           9.319           8.960           8.987           9.042           9.602
          Imp_P           9.319           8.960           8.987           9.042           9.602
             PV           1.800           1.800           1.799           1.799           1.800
           PV_P           1.800           1.800           1.799           1.799           1.800
           PV_W           1.800           1.800           1.799           1.799           1.800
          PV_PW          -1.800          -1.800          -1.799          -1.799          -1.800
