             PE      -50731.060      -50805.419      -50833.280      -50769.576      -50743.694
           PE_P        -337.014        -340.102        -329.546        -335.624        -317.796
           PE_W      -49539.897      -49603.943      -49621.494      -49551.790      -49535.878
          PE_PW        -854.149        -861.374        -882.240        -882.162        -890.020
            PE2      -50731.059      -50805.419      -50833.281      -50769.575      -50743.693
          PE2_P        -337.014        -340.102        -329.546        -335.624        -317.796
          PE2_W      -49539.896      -49603.944      -49621.495      -49551.790      -49535.876
         PE2_PW        -854.149        -861.373        -882.240        -882.161        -890.021
      Nonbonded      -51050.515      -51136.828      -51167.337      -51104.573      -51081.758
    Nonbonded_P        -656.470        -671.511        -663.602        -670.623        -655.861
    Nonbonded_W      -49539.896      -49603.944      -49621.495      -49551.790      -49535.876
   Nonbonded_PW        -854.149        -861.373        -882.240        -882.160        -890.021
             LJ        7327.781        7284.414        7384.653        7287.316        7292.004
           LJ_P          -8.744         -11.143         -14.836         -13.648         -12.579
           LJ_W        7497.193        7452.009        7549.217        7448.538        7457.618
          LJ_PW        -160.668        -156.452        -149.728        -147.574        -153.035
           LJ14          45.794          45.117          44.232          42.210          45.325
         LJ14_P          45.794          45.117          44.232          42.210          45.325
           LJsr        7507.543        7464.808        7565.999        7470.569        7472.300
         LJsr_P         -54.270         -55.992         -58.800         -55.590         -57.637
         LJsr_W        7706.907        7661.682        7758.953        7658.167        7667.394
        LJsr_PW        -145.094        -140.882        -134.154        -132.008        -137.457
           LJlr        -225.555        -225.510        -225.578        -225.462        -225.621
         LJlr_P          -0.268          -0.267          -0.268          -0.267          -0.268
         LJlr_W        -209.715        -209.673        -209.736        -209.629        -209.776
        LJlr_PW         -15.572         -15.570         -15.574         -15.566         -15.577
             EE      -58378.296      -58421.242      -58551.990      -58391.890      -58373.762
           EE_P        -647.727        -660.368        -648.766        -656.975        -643.282
           EE_W      -57037.089      -57055.953      -57170.712      -57000.328      -56993.494
          EE_PW        -693.480        -704.921        -732.512        -734.587        -736.986
           EE14        -830.437        -848.208        -837.142        -816.347        -840.975
         EE14_P        -830.436        -848.208        -837.142        -816.347        -840.975
           EEsr      -52699.476      -52730.499      -52866.482      -52714.209      -52682.640
         EEsr_P          82.508          86.507          89.699          64.927          88.747
         EEsr_W      -52339.479      -52373.994      -52489.787      -52313.393      -52306.297
        EEsr_PW        -442.505        -443.012        -466.394        -465.743        -465.090
           EElr       -4848.384       -4842.536       -4848.365       -4861.334       -4850.146
         EElr_P         100.201         101.333          98.677          94.446         108.947
         EElr_W       -4697.609       -4681.959       -4680.925       -4686.935       -4687.197
        EElr_PW        -250.976        -261.910        -266.117        -268.845        -271.896
         Bonded         319.456         331.409         334.056         334.999         338.065
       Bonded_P         319.456         331.409         334.056         334.999         338.065
           Bond          77.692          84.461          75.003          76.399          77.984
         Bond_P          77.692          84.461          75.003          76.399          77.984
          Angle         158.996         164.469         172.963         171.833         174.157
        Angle_P         158.996         164.469         172.963         171.833         174.157
            Dih          70.867          73.959          75.149          76.972          76.169
          Dih_P          70.867          73.959          75.149          76.972          76.169
            Imp          11.902           8.520          10.942           9.794           9.755
          Imp_P          11.902           8.520          10.942           9.794           9.755
             PV           2.311           2.312           2.311           2.312           2.311
           PV_P           2.311           2.312           2.311           2.312           2.311
           PV_W           2.311           2.312           2.311           2.312           2.311
          PV_PW          -2.311          -2.312          -2.311          -2.312          -2.311
