             PE      -38191.042      -38162.491      -38196.058      -38172.516      -38174.502
           PE_P         397.932         406.277         409.931         397.868         402.035
           PE_W      -38076.974      -38030.192      -38059.838      -38060.624      -38050.717
          PE_PW        -512.000        -538.576        -546.151        -509.760        -525.820
            PE2      -38191.042      -38162.491      -38196.057      -38172.516      -38174.501
          PE2_P         397.932         406.277         409.931         397.868         402.035
          PE2_W      -38076.974      -38030.192      -38059.838      -38060.626      -38050.717
         PE2_PW        -512.000        -538.576        -546.150        -509.758        -525.819
      Nonbonded      -38402.525      -38376.142      -38406.105      -38385.194      -38388.873
    Nonbonded_P         186.449         192.626         199.883         185.189         187.663
    Nonbonded_W      -38076.974      -38030.192      -38059.838      -38060.626      -38050.717
   Nonbonded_PW        -512.000        -538.576        -546.150        -509.757        -525.819
             LJ        5631.648        5612.501        5582.679        5637.224        5614.797
           LJ_P         -12.422         -14.794         -12.904         -11.590         -13.829
           LJ_W        5780.823        5762.017        5729.702        5784.068        5762.329
          LJ_PW        -136.753        -134.722        -134.119        -135.254        -133.703
           LJ14          34.766          33.417          33.918          34.739          33.577
         LJ14_P          34.766          33.417          33.918          34.739          33.577
           LJsr        5770.844        5753.093        5722.733        5776.269        5755.218
         LJsr_P         -46.965         -47.988         -46.598         -46.105         -47.182
         LJsr_W        5941.969        5923.207        5890.857        5945.049        5923.508
        LJsr_PW        -124.160        -122.126        -121.526        -122.675        -121.108
           LJlr        -173.962        -174.009        -173.972        -173.784        -173.997
         LJlr_P          -0.224          -0.224          -0.224          -0.223          -0.224
         LJlr_W        -161.146        -161.189        -161.156        -160.981        -161.179
        LJlr_PW         -12.592         -12.596         -12.592         -12.580         -12.594
             EE      -44034.173      -43988.644      -43988.784      -44022.418      -44003.670
           EE_P         198.871         207.420         212.787         196.779         201.492
           EE_W      -43857.797      -43792.209      -43789.539      -43844.694      -43813.046
          EE_PW        -375.247        -403.855        -412.032        -374.503        -392.116
           EE14         669.073         671.924         673.879         665.245         670.714
         EE14_P         669.073         671.924         673.879         665.245         670.714
           EEsr      -40737.300      -40693.413      -40694.961      -40725.686      -40707.194
         EEsr_P         -62.642         -62.985         -62.379         -62.364         -63.449
         EEsr_W      -40367.531      -40310.583      -40305.549      -40351.920      -40324.891
        EEsr_PW        -307.127        -319.845        -327.033        -311.402        -318.854
           EElr       -3965.946       -3967.155       -3967.703       -3961.978       -3967.191
         EElr_P        -407.560        -401.518        -398.714        -406.102        -405.773
         EElr_W       -3490.266       -3481.626       -3483.990       -3492.774       -3488.154
        EElr_PW         -68.120         -84.011         -84.999         -63.102         -73.264
         Bonded         211.483         213.651         210.048         212.678         214.372
       Bonded_P         211.483         213.651         210.048         212.678         214.372
           Bond          52.733          49.184          48.845          53.913          51.975
         Bond_P          52.733          49.184          48.845          53.913          51.975
          Angle         125.967         124.242         128.201         127.862         129.740
        Angle_P         125.967         124.242         128.201         127.862         129.740
            Dih          24.601          31.673          25.293          23.289          24.791
          Dih_P          24.601          31.673          25.293          23.289          24.791
            Imp           8.182           8.552           7.709           7.614           7.866
          Imp_P           8.182           8.552           7.709           7.614           7.866
             PV           1.785           1.784           1.785           1.787           1.784
           PV_P           1.785           1.784           1.785           1.787           1.784
           PV_W           1.785           1.784           1.785           1.787           1.784
          PV_PW          -1.785          -1.784          -1.785          -1.787          -1.784
