             PE      -47932.008      -47922.198      -47928.843      -47933.822      -47921.947
           PE_P        -205.880        -200.460        -200.852        -201.442        -200.277
           PE_W      -46811.078      -46797.677      -46799.100      -46809.202      -46799.635
          PE_PW        -915.050        -924.061        -928.891        -923.178        -922.035
            PE2      -47932.008      -47922.197      -47928.843      -47933.822      -47921.947
          PE2_P        -205.880        -200.460        -200.852        -201.442        -200.277
          PE2_W      -46811.078      -46797.678      -46799.100      -46809.201      -46799.635
         PE2_PW        -915.050        -924.059        -928.891        -923.179        -922.035
      Nonbonded      -48282.245      -48268.183      -48273.997      -48280.359      -48268.961
    Nonbonded_P        -556.116        -546.446        -546.006        -547.979        -547.291
    Nonbonded_W      -46811.078      -46797.678      -46799.100      -46809.201      -46799.635
   Nonbonded_PW        -915.051        -924.059        -928.891        -923.179        -922.035
             LJ        6890.031        6881.587        6904.771        6900.220        6890.645
           LJ_P         -23.990         -23.862         -23.772         -24.216         -23.918
           LJ_W        7077.788        7070.159        7093.052        7088.384        7078.315
          LJ_PW        -163.767        -164.710        -164.509        -163.948        -163.752
           LJ14          46.927          47.335          47.456          47.468          47.347
         LJ14_P          46.927          47.335          47.456          47.468          47.347
           LJsr        7057.779        7048.950        7071.963        7067.423        7057.935
         LJsr_P         -70.586         -70.865         -70.896         -71.352         -70.934
         LJsr_W        7275.424        7267.816        7290.663        7286.017        7275.916
        LJsr_PW        -147.059        -148.001        -147.804        -147.242        -147.047
           LJlr        -214.675        -214.697        -214.647        -214.671        -214.637
         LJlr_P          -0.331          -0.331          -0.331          -0.331          -0.331
         LJlr_W        -197.636        -197.657        -197.611        -197.632        -197.601
        LJlr_PW         -16.708         -16.709         -16.705         -16.708         -16.705
             EE      -55172.276      -55149.771      -55178.768      -55180.580      -55159.606
           EE_P        -532.126        -522.584        -522.234        -523.763        -523.373
           EE_W      -53888.866      -53867.837      -53892.152      -53897.586      -53877.950
          EE_PW        -751.284        -759.350        -764.382        -759.231        -758.283
           EE14        -885.856        -883.299        -882.221        -883.218        -880.865
         EE14_P        -885.856        -883.299        -882.221        -883.218        -880.865
           EEsr      -49852.170      -49831.802      -49860.111      -49861.911      -49843.787
         EEsr_P          86.621          90.578          89.727          90.073          88.333
         EEsr_W      -49461.890      -49442.314      -49467.089      -49472.208      -49452.649
        EEsr_PW        -476.901        -480.066        -482.749        -479.776        -479.471
           EElr       -4434.250       -4434.669       -4436.435       -4435.451       -4434.954
         EElr_P         267.109         270.138         270.260         269.381         269.159
         EElr_W       -4426.977       -4425.523       -4425.063       -4425.378       -4425.301
        EElr_PW        -274.382        -279.284        -281.632        -279.454        -278.812
         Bonded         350.237         345.986         345.154         346.537         347.014
       Bonded_P         350.237         345.986         345.154         346.537         347.014
           Bond          83.939          83.459          83.437          83.680          82.853
         Bond_P          83.939          83.459          83.437          83.680          82.853
          Angle         168.818         167.197         166.112         167.308         168.028
        Angle_P         168.818         167.197         166.112         167.308         168.028
            Dih          85.996          83.948          84.296          84.107          84.624
          Dih_P          85.996          83.948          84.296          84.107          84.624
            Imp          11.484          11.381          11.309          11.442          11.509
          Imp_P          11.484          11.381          11.309          11.442          11.509
             PV           2.188           2.187           2.188           2.188           2.188
           PV_P           2.188           2.187           2.188           2.188           2.188
           PV_W           2.188           2.187           2.188           2.188           2.188
          PV_PW          -2.188          -2.187          -2.188          -2.188          -2.188
