             PE      -61141.229      -61132.593      -61203.788      -61239.186      -61226.272
           PE_P        -278.991        -291.305        -285.176        -320.035        -272.925
           PE_W      -59544.288      -59521.028      -59602.713      -59621.430      -59577.901
          PE_PW       -1317.950       -1320.260       -1315.899       -1297.721       -1375.446
            PE2      -61141.231      -61132.592      -61203.788      -61239.185      -61226.274
          PE2_P        -278.991        -291.305        -285.176        -320.035        -272.925
          PE2_W      -59544.289      -59521.026      -59602.712      -59621.428      -59577.898
         PE2_PW       -1317.951       -1320.261       -1315.900       -1297.722       -1375.451
      Nonbonded      -61531.838      -61502.574      -61589.383      -61604.076      -61615.067
    Nonbonded_P        -669.598        -661.287        -670.771        -684.926        -661.718
    Nonbonded_W      -59544.289      -59521.026      -59602.712      -59621.428      -59577.898
   Nonbonded_PW       -1317.951       -1320.261       -1315.900       -1297.722       -1375.451
             LJ        8858.534        8867.623        8893.027        8847.959        8639.326
           LJ_P         -24.212         -20.923         -23.720         -18.975         -19.198
           LJ_W        9014.234        9022.483        9049.385        8999.226        8770.309
          LJ_PW        -131.488        -133.937        -132.638        -132.292        -111.785
           LJ14          57.934          55.946          56.166          58.698          59.037
         LJ14_P          57.934          55.946          56.166          58.698          59.037
           LJsr        9071.433        9082.479        9107.951        9060.220        8851.636
         LJsr_P         -81.837         -76.560         -79.576         -77.363         -77.926
         LJsr_W        9266.557        9274.779        9301.949        9251.667        9023.112
        LJsr_PW        -113.287        -115.740        -114.422        -114.084         -93.550
           LJlr        -270.833        -270.803        -271.091        -270.959        -271.347
         LJlr_P          -0.309          -0.309          -0.309          -0.309          -0.310
         LJlr_W        -252.324        -252.296        -252.564        -252.441        -252.803
        LJlr_PW         -18.200         -18.198         -18.218         -18.209         -18.234
             EE      -70390.372      -70370.196      -70482.410      -70452.035      -70254.393
           EE_P        -645.386        -640.364        -647.051        -665.952        -642.519
           EE_W      -68558.523      -68543.509      -68652.097      -68620.655      -68348.207
          EE_PW       -1186.463       -1186.323       -1183.262       -1165.428       -1263.667
           EE14          43.346          56.112          30.237          26.417          37.437
         EE14_P          43.346          56.112          30.237          26.417          37.437
           EEsr      -63934.899      -63926.065      -64031.226      -64006.104      -63789.867
         EEsr_P        -128.576        -137.852        -132.512        -137.127        -134.690
         EEsr_W      -62994.511      -62973.124      -63098.466      -63068.831      -62796.611
        EEsr_PW        -811.812        -815.089        -800.248        -800.146        -858.566
           EElr       -6498.819       -6500.242       -6481.420       -6472.348       -6501.964
         EElr_P        -560.156        -558.624        -544.775        -555.242        -545.266
         EElr_W       -5564.012       -5570.385       -5553.630       -5551.824       -5551.596
        EElr_PW        -374.651        -371.233        -383.015        -365.282        -405.102
         Bonded         390.607         369.982         385.595         364.891         388.793
       Bonded_P         390.607         369.982         385.595         364.891         388.793
           Bond          81.955          70.730          75.298          64.038          81.419
         Bond_P          81.955          70.730          75.298          64.038          81.419
          Angle         176.377         170.673         172.165         166.186         169.599
        Angle_P         176.377         170.673         172.165         166.186         169.599
            Dih         119.225         116.720         124.255         120.473         124.878
          Dih_P         119.225         116.720         124.255         120.473         124.878
            Imp          13.050          11.858          13.877          14.194          12.897
          Imp_P          13.050          11.858          13.877          14.194          12.897
             PV           2.778           2.779           2.776           2.777           2.773
           PV_P           2.778           2.779           2.776           2.777           2.773
           PV_W           2.778           2.779           2.776           2.777           2.773
          PV_PW          -2.778          -2.779          -2.776          -2.777          -2.773
