             PE      -54754.573      -54744.605      -54761.757      -54743.178      -54750.711
           PE_P        -993.874        -994.320        -997.294        -992.784        -988.234
           PE_W      -52225.112      -52213.114      -52233.347      -52207.255      -52214.504
          PE_PW       -1535.587       -1537.171       -1531.116       -1543.139       -1547.973
            PE2      -54754.572      -54744.605      -54761.758      -54743.178      -54750.710
          PE2_P        -993.874        -994.320        -997.294        -992.784        -988.234
          PE2_W      -52225.112      -52213.114      -52233.347      -52207.255      -52214.504
         PE2_PW       -1535.586       -1537.171       -1531.117       -1543.139       -1547.972
      Nonbonded      -55234.301      -55221.073      -55239.332      -55222.043      -55229.227
    Nonbonded_P       -1473.603       -1470.787       -1474.868       -1471.649       -1466.750
    Nonbonded_W      -52225.112      -52213.114      -52233.347      -52207.255      -52214.504
   Nonbonded_PW       -1535.586       -1537.172       -1531.117       -1543.139       -1547.973
             LJ        7786.752        7794.721        7779.311        7786.102        7787.457
           LJ_P         -19.044         -17.633         -18.612         -18.078         -19.691
           LJ_W        7940.930        7948.655        7934.010        7940.512        7945.205
          LJ_PW        -135.134        -136.301        -136.087        -136.332        -138.057
           LJ14          55.059          55.208          54.995          56.087          54.993
         LJ14_P          55.059          55.208          54.995          56.087          54.993
           LJsr        7974.246        7982.056        7966.770        7972.533        7974.972
         LJsr_P         -73.704         -72.444         -73.209         -73.768         -74.286
         LJsr_W        8163.664        8171.379        8156.653        8163.214        8167.898
        LJsr_PW        -115.714        -116.879        -116.674        -116.913        -118.640
           LJlr        -242.553        -242.543        -242.454        -242.519        -242.508
         LJlr_P          -0.398          -0.398          -0.398          -0.398          -0.398
         LJlr_W        -222.734        -222.725        -222.643        -222.702        -222.693
        LJlr_PW         -19.421         -19.420         -19.413         -19.419         -19.417
             EE      -63021.053      -63015.794      -63018.643      -63008.145      -63016.684
           EE_P       -1454.559       -1453.154       -1456.256       -1453.570       -1447.058
           EE_W      -60166.042      -60161.768      -60167.357      -60147.767      -60159.709
          EE_PW       -1400.452       -1400.872       -1395.030       -1406.808       -1409.917
           EE14       -1088.329       -1082.291       -1087.551       -1084.370       -1086.949
         EE14_P       -1088.329       -1082.291       -1087.551       -1084.370       -1086.949
           EEsr      -56471.913      -56469.927      -56471.830      -56461.668      -56468.538
         EEsr_P         -38.275         -40.365         -37.808         -38.282         -35.617
         EEsr_W      -55533.086      -55529.858      -55534.142      -55516.765      -55529.719
        EEsr_PW        -900.552        -899.704        -899.880        -906.621        -903.202
           EElr       -5460.811       -5463.577       -5459.261       -5462.106       -5461.197
         EElr_P        -327.955        -330.499        -330.897        -330.918        -324.492
         EElr_W       -4632.956       -4631.910       -4633.214       -4631.002       -4629.990
        EElr_PW        -499.900        -501.168        -495.150        -500.186        -506.715
         Bonded         479.729         476.468         477.574         478.865         478.516
       Bonded_P         479.729         476.468         477.574         478.865         478.516
           Bond          86.368          86.178          86.414          86.258          86.899
         Bond_P          86.368          86.178          86.414          86.258          86.899
          Angle         209.982         209.195         208.196         209.310         209.364
        Angle_P         209.982         209.195         208.196         209.310         209.364
            Dih         167.671         165.708         167.273         167.472         166.628
          Dih_P         167.671         165.708         167.273         167.472         166.628
            Imp          15.708          15.387          15.691          15.825          15.625
          Imp_P          15.708          15.387          15.691          15.825          15.625
             PV           2.464           2.464           2.465           2.464           2.464
           PV_P           2.464           2.464           2.465           2.464           2.464
           PV_W           2.464           2.464           2.465           2.464           2.464
          PV_PW          -2.464          -2.464          -2.465          -2.464          -2.464
