             PE      -59310.284      -59331.263      -59299.991      -59314.872      -59284.569
           PE_P         367.730         366.690         367.072         362.691         366.447
           PE_W      -59096.650      -59109.299      -59090.600      -59095.614      -59061.865
          PE_PW        -581.364        -588.654        -576.463        -581.949        -589.151
            PE2      -59310.284      -59331.263      -59299.991      -59314.872      -59284.569
          PE2_P         367.730         366.690         367.072         362.691         366.447
          PE2_W      -59096.651      -59109.299      -59090.600      -59095.614      -59061.866
         PE2_PW        -581.363        -588.654        -576.463        -581.949        -589.150
      Nonbonded      -59596.372      -59617.070      -59591.381      -59597.148      -59568.997
    Nonbonded_P          81.642          80.883          75.683          80.415          82.019
    Nonbonded_W      -59096.651      -59109.299      -59090.600      -59095.614      -59061.866
   Nonbonded_PW        -581.363        -588.654        -576.464        -581.949        -589.150
             LJ        8708.339        8716.458        8752.020        8722.324        8740.526
           LJ_P          -6.102          -6.426          -8.166          -6.481          -6.423
           LJ_W        8895.449        8905.500        8939.588        8910.851        8927.698
          LJ_PW        -181.008        -182.616        -179.402        -182.046        -180.749
           LJ14          68.266          68.710          67.518          69.025          69.545
         LJ14_P          68.266          68.710          67.518          69.025          69.545
           LJsr        8908.120        8916.052        8952.456        8921.307        8938.882
         LJsr_P         -74.083         -74.850         -75.399         -75.221         -75.684
         LJsr_W        9145.770        9156.061        9189.823        9161.137        9177.884
        LJsr_PW        -163.567        -165.159        -161.968        -164.609        -163.318
           LJlr        -268.046        -268.304        -267.954        -268.008        -267.902
         LJlr_P          -0.285          -0.285          -0.285          -0.285          -0.285
         LJlr_W        -250.321        -250.562        -250.236        -250.286        -250.187
        LJlr_PW         -17.440         -17.457         -17.433         -17.437         -17.430
             EE      -68304.711      -68333.528      -68343.401      -68319.472      -68309.523
           EE_P          87.744          87.309          83.848          86.896          88.442
           EE_W      -67992.100      -68014.799      -68030.188      -68006.465      -67989.563
          EE_PW        -400.355        -406.038        -397.061        -399.903        -408.402
           EE14         562.795         561.841         560.517         564.180         564.588
         EE14_P         562.795         561.841         560.517         564.180         564.588
           EEsr      -62967.808      -62998.228      -63005.588      -62985.783      -62976.540
         EEsr_P         -83.322         -83.739         -85.251         -85.156         -84.820
         EEsr_W      -62561.588      -62590.500      -62603.236      -62580.588      -62567.120
        EEsr_PW        -322.898        -323.989        -317.101        -320.039        -324.600
           EElr       -5899.698       -5897.141       -5898.329       -5897.869       -5897.571
         EElr_P        -391.729        -390.793        -391.418        -392.128        -391.327
         EElr_W       -5430.512       -5424.300       -5426.952       -5425.878       -5422.444
        EElr_PW         -77.457         -82.048         -79.959         -79.863         -83.800
         Bonded         286.088         285.807         291.389         282.276         284.428
       Bonded_P         286.088         285.807         291.389         282.276         284.428
           Bond          71.299          69.483          69.864          68.209          70.183
         Bond_P          71.299          69.483          69.864          68.209          70.183
          Angle         153.770         151.482         157.222         152.170         155.007
        Angle_P         153.770         151.482         157.222         152.170         155.007
            Dih          51.689          55.200          55.439          51.814          50.406
          Dih_P          51.689          55.200          55.439          51.814          50.406
            Imp           9.330           9.642           8.864          10.083           8.832
          Imp_P           9.330           9.642           8.864          10.083           8.832
             PV           2.763           2.760           2.764           2.763           2.764
           PV_P           2.763           2.760           2.764           2.763           2.764
           PV_W           2.763           2.760           2.764           2.763           2.764
          PV_PW          -2.763          -2.760          -2.764          -2.763          -2.764
