             PE      -53056.880      -52924.309      -52847.861      -52880.044      -52946.948
           PE_P        -933.090        -884.756        -946.520        -910.928        -887.801
           PE_W      -50827.158      -50657.379      -50594.291      -50643.010      -50643.896
          PE_PW       -1296.632       -1382.174       -1307.050       -1326.106       -1415.251
            PE2      -53056.884      -52924.309      -52847.857      -52880.045      -52946.947
          PE2_P        -933.090        -884.756        -946.519        -910.928        -887.801
          PE2_W      -50827.157      -50657.385      -50594.285      -50643.012      -50643.897
         PE2_PW       -1296.637       -1382.168       -1307.053       -1326.105       -1415.249
      Nonbonded      -53470.101      -53367.124      -53285.592      -53310.329      -53367.966
    Nonbonded_P       -1346.306       -1327.572       -1384.254       -1341.212       -1308.820
    Nonbonded_W      -50827.157      -50657.385      -50594.285      -50643.012      -50643.897
   Nonbonded_PW       -1296.638       -1382.167       -1307.053       -1326.105       -1415.249
             LJ        7510.097        7510.182        7261.029        7421.356        7421.328
           LJ_P         -23.809         -27.762         -27.681         -28.070         -27.204
           LJ_W        7697.990        7697.865        7438.273        7606.650        7600.209
          LJ_PW        -164.084        -159.921        -149.563        -157.224        -151.677
           LJ14          43.826          44.739          39.052          39.154          38.743
         LJ14_P          43.826          44.739          39.052          39.154          38.743
           LJsr        7697.624        7696.600        7453.877        7613.078        7614.041
         LJsr_P         -67.317         -72.184         -66.414         -66.906         -65.629
         LJsr_W        7911.984        7911.677        7652.774        7820.203        7814.298
        LJsr_PW        -147.043        -142.893        -132.483        -140.219        -134.628
           LJlr        -231.353        -231.157        -231.900        -230.876        -231.456
         LJlr_P          -0.318          -0.318          -0.319          -0.317          -0.318
         LJlr_W        -213.994        -213.812        -214.500        -213.553        -214.089
        LJlr_PW         -17.041         -17.027         -17.081         -17.006         -17.049
             EE      -60980.197      -60877.306      -60546.621      -60731.685      -60789.295
           EE_P       -1322.496       -1299.810       -1356.573       -1313.142       -1281.616
           EE_W      -58525.146      -58355.250      -58032.559      -58249.663      -58244.106
          EE_PW       -1132.555       -1222.246       -1157.489       -1168.880       -1263.573
           EE14       -2330.909       -2328.701       -2317.076       -2340.133       -2333.117
         EE14_P       -2330.909       -2328.701       -2317.076       -2340.133       -2333.116
           EEsr      -54018.827      -53904.914      -53594.467      -53758.149      -53819.326
         EEsr_P         220.846         229.247         205.623         231.867         228.948
         EEsr_W      -53644.709      -53496.414      -53147.020      -53378.124      -53397.364
        EEsr_PW        -594.964        -637.747        -653.070        -611.892        -650.910
           EElr       -4630.461       -4643.691       -4635.078       -4633.403       -4636.852
         EElr_P         787.566         799.645         754.880         795.123         822.552
         EElr_W       -4880.438       -4858.836       -4885.539       -4871.539       -4846.742
        EElr_PW        -537.589        -584.500        -504.419        -556.987        -612.662
         Bonded         413.216         442.816         437.735         430.284         421.019
       Bonded_P         413.216         442.816         437.735         430.284         421.019
           Bond          85.217         100.663         100.745          99.129          92.014
         Bond_P          85.217         100.663         100.745          99.129          92.014
          Angle         185.614         210.119         196.097         193.723         198.141
        Angle_P         185.614         210.119         196.097         193.723         198.141
            Dih         131.214         118.134         121.582         123.633         118.770
          Dih_P         131.214         118.134         121.582         123.633         118.770
            Imp          11.172          13.899          19.310          13.800          12.093
          Imp_P          11.172          13.899          19.310          13.800          12.093
             PV           2.355           2.357           2.349           2.360           2.354
           PV_P           2.355           2.357           2.349           2.360           2.354
           PV_W           2.355           2.357           2.349           2.360           2.354
          PV_PW          -2.355          -2.357          -2.349          -2.360          -2.354
