             PE      -42754.893      -42787.410      -42811.647      -42686.867      -42808.008
           PE_P         514.182         506.876         510.486         547.399         516.048
           PE_W      -42148.269      -42227.508      -42224.236      -42064.318      -42206.499
          PE_PW       -1120.806       -1066.778       -1097.897       -1169.948       -1117.557
            PE2      -42754.894      -42787.410      -42811.647      -42686.866      -42808.010
          PE2_P         514.182         506.876         510.486         547.399         516.048
          PE2_W      -42148.271      -42227.507      -42224.236      -42064.317      -42206.499
         PE2_PW       -1120.805       -1066.779       -1097.897       -1169.948       -1117.559
      Nonbonded      -43000.119      -43044.113      -43063.044      -42943.614      -43059.752
    Nonbonded_P         268.957         250.173         259.089         290.651         264.306
    Nonbonded_W      -42148.271      -42227.507      -42224.236      -42064.317      -42206.499
   Nonbonded_PW       -1120.805       -1066.779       -1097.897       -1169.948       -1117.559
             LJ        6237.929        6266.305        6256.371        6280.119        6252.626
           LJ_P         -21.254         -17.740         -18.399         -25.443         -17.267
           LJ_W        6381.575        6406.230        6403.207        6431.279        6393.209
          LJ_PW        -122.392        -122.185        -128.437        -125.717        -123.316
           LJ14          42.643          45.521          43.924          41.369          46.116
         LJ14_P          42.643          45.521          43.924          41.369          46.116
           LJsr        6388.348        6414.292        6405.860        6431.726        6399.963
         LJsr_P         -63.594         -62.959         -62.020         -66.509         -63.081
         LJsr_W        6559.194        6584.260        6581.149        6608.820        6571.188
        LJsr_PW        -107.252        -107.009        -113.269        -110.585        -108.144
           LJlr        -193.061        -193.508        -193.412        -192.976        -193.453
         LJlr_P          -0.302          -0.303          -0.303          -0.302          -0.303
         LJlr_W        -177.619        -178.030        -177.942        -177.541        -177.979
        LJlr_PW         -15.140         -15.175         -15.167         -15.133         -15.171
             EE      -49238.049      -49310.418      -49319.415      -49223.733      -49312.378
           EE_P         290.211         267.914         277.488         316.094         281.573
           EE_W      -48529.846      -48633.738      -48627.443      -48495.596      -48599.708
          EE_PW        -998.414        -944.594        -969.460       -1044.231        -994.243
           EE14         769.180         755.855         767.372         773.616         765.108
         EE14_P         769.180         755.855         767.372         773.616         765.108
           EEsr      -45302.315      -45368.219      -45384.601      -45294.251      -45373.236
         EEsr_P         -78.681         -82.062         -83.454         -73.151         -74.992
         EEsr_W      -44560.046      -44651.618      -44653.054      -44539.979      -44629.451
        EEsr_PW        -663.588        -634.539        -648.093        -681.121        -668.793
           EElr       -4704.914       -4698.054       -4702.186       -4703.098       -4704.249
         EElr_P        -400.287        -405.880        -406.429        -384.371        -408.542
         EElr_W       -3969.800       -3982.120       -3974.389       -3955.617       -3970.256
        EElr_PW        -334.827        -310.054        -321.368        -363.110        -325.451
         Bonded         245.225         256.703         251.397         256.748         251.742
       Bonded_P         245.225         256.703         251.397         256.748         251.742
           Bond          62.558          64.776          62.030          68.644          64.133
         Bond_P          62.558          64.776          62.030          68.644          64.133
          Angle         136.047         144.722         139.138         132.131         141.632
        Angle_P         136.047         144.722         139.138         132.131         141.632
            Dih          36.578          37.285          39.260          44.972          36.453
          Dih_P          36.578          37.285          39.260          44.972          36.453
            Imp          10.041           9.920          10.968          11.000           9.524
          Imp_P          10.041           9.920          10.968          11.000           9.524
             PV           1.976           1.971           1.972           1.977           1.972
           PV_P           1.976           1.971           1.972           1.977           1.972
           PV_W           1.976           1.971           1.972           1.977           1.972
          PV_PW          -1.976          -1.971          -1.972          -1.977          -1.972
