             PE      -52572.027      -52583.725      -52594.576      -52584.172      -52597.184
           PE_P         119.867         113.511         106.642         120.038          98.904
           PE_W      -50076.305      -50088.581      -50113.647      -50079.381      -50106.882
          PE_PW       -2615.589       -2608.655       -2587.571       -2624.829       -2589.206
            PE2      -52572.028      -52583.725      -52594.576      -52584.171      -52597.184
          PE2_P         119.867         113.511         106.642         120.038          98.904
          PE2_W      -50076.304      -50088.581      -50113.647      -50079.380      -50106.882
         PE2_PW       -2615.591       -2608.655       -2587.571       -2624.829       -2589.206
      Nonbonded      -52921.364      -52930.590      -52942.822      -52930.553      -52942.097
    Nonbonded_P        -229.469        -233.354        -241.605        -226.344        -246.009
    Nonbonded_W      -50076.304      -50088.581      -50113.647      -50079.380      -50106.882
   Nonbonded_PW       -2615.591       -2608.655       -2587.570       -2624.829       -2589.206
             LJ        7483.670        7478.419        7493.409        7499.124        7489.750
           LJ_P         -30.098         -28.584         -30.923         -28.222         -30.118
           LJ_W        7584.659        7578.752        7596.443        7599.908        7591.177
          LJ_PW         -70.891         -71.749         -72.111         -72.562         -71.309
           LJ14          44.523          44.123          44.348          44.859          44.944
         LJ14_P          44.523          44.123          44.348          44.859          44.944
           LJsr        7668.947        7664.163        7678.880        7684.069        7674.851
         LJsr_P         -74.254         -72.339         -74.903         -72.714         -74.693
         LJsr_W        7796.051        7790.205        7807.853        7811.304        7802.794
        LJsr_PW         -52.850         -53.703         -54.070         -54.521         -53.250
           LJlr        -229.801        -229.867        -229.820        -229.804        -230.045
         LJlr_P          -0.368          -0.368          -0.368          -0.368          -0.368
         LJlr_W        -211.393        -211.453        -211.410        -211.396        -211.617
        LJlr_PW         -18.040         -18.046         -18.042         -18.040         -18.060
             EE      -60405.034      -60409.009      -60436.231      -60429.677      -60431.846
           EE_P        -199.371        -204.770        -210.682        -198.121        -215.891
           EE_W      -57660.963      -57667.333      -57710.090      -57679.288      -57698.059
          EE_PW       -2544.700       -2536.906       -2515.459       -2552.268       -2517.896
           EE14         640.001         638.960         643.764         642.953         638.051
         EE14_P         640.001         638.960         643.764         642.953         638.051
           EEsr      -54496.373      -54498.796      -54528.013      -54521.134      -54520.942
         EEsr_P        -207.000        -210.485        -208.523        -207.916        -209.915
         EEsr_W      -52894.902      -52900.491      -52928.420      -52915.525      -52920.815
        EEsr_PW       -1394.471       -1387.820       -1391.070       -1397.693       -1390.212
           EElr       -6548.662       -6549.173       -6551.982       -6551.495       -6548.955
         EElr_P        -632.371        -633.246        -645.923        -633.158        -644.027
         EElr_W       -4766.061       -4766.842       -4781.671       -4763.763       -4777.244
        EElr_PW       -1150.230       -1149.085       -1124.388       -1154.574       -1127.684
         Bonded         349.336         346.865         348.246         346.382         344.913
       Bonded_P         349.336         346.865         348.246         346.382         344.913
           Bond          75.554          74.820          76.131          75.384          75.181
         Bond_P          75.554          74.820          76.131          75.384          75.181
          Angle         162.905         162.696         161.841         161.568         160.788
        Angle_P         162.905         162.696         161.841         161.568         160.788
            Dih          95.358          94.073          95.224          94.402          93.485
          Dih_P          95.358          94.073          95.224          94.402          93.485
            Imp          15.520          15.276          15.050          15.029          15.460
          Imp_P          15.520          15.276          15.050          15.029          15.460
             PV           2.327           2.326           2.326           2.327           2.324
           PV_P           2.327           2.326           2.326           2.327           2.324
           PV_W           2.327           2.326           2.326           2.327           2.324
          PV_PW          -2.327          -2.326          -2.326          -2.327          -2.324
