             PE      -47962.044      -47967.007      -47976.160      -47986.946      -47964.937
           PE_P        -422.930        -433.620        -427.757        -426.724        -437.975
           PE_W      -46497.307      -46513.952      -46527.121      -46533.176      -46510.481
          PE_PW       -1041.807       -1019.435       -1021.282       -1027.046       -1016.481
            PE2      -47962.043      -47967.007      -47976.160      -47986.945      -47964.936
          PE2_P        -422.930        -433.620        -427.757        -426.724        -437.975
          PE2_W      -46497.307      -46513.952      -46527.120      -46533.175      -46510.483
         PE2_PW       -1041.806       -1019.435       -1021.283       -1027.046       -1016.478
      Nonbonded      -48348.875      -48349.257      -48364.264      -48370.758      -48341.733
    Nonbonded_P        -809.762        -815.870        -815.861        -810.537        -814.772
    Nonbonded_W      -46497.307      -46513.952      -46527.120      -46533.175      -46510.483
   Nonbonded_PW       -1041.806       -1019.435       -1021.283       -1027.046       -1016.478
             LJ        6864.626        6859.066        6857.461        6840.801        6793.587
           LJ_P         -23.199         -23.394         -25.782         -21.311         -22.838
           LJ_W        7046.460        7039.226        7042.943        7019.065        6975.001
          LJ_PW        -158.635        -156.766        -159.700        -156.953        -158.576
           LJ14          49.897          50.065          49.469          49.725          50.731
         LJ14_P          49.897          50.065          49.469          49.725          50.731
           LJsr        7028.822        7023.186        7022.418        7005.458        6957.230
         LJsr_P         -72.731         -73.094         -74.886         -70.671         -73.204
         LJsr_W        7242.747        7235.597        7239.536        7215.617        7171.546
        LJsr_PW        -141.194        -139.317        -142.232        -139.488        -141.112
           LJlr        -214.093        -214.185        -214.426        -214.382        -214.374
         LJlr_P          -0.365          -0.365          -0.365          -0.365          -0.365
         LJlr_W        -196.287        -196.371        -196.592        -196.552        -196.545
        LJlr_PW         -17.441         -17.449         -17.469         -17.465         -17.464
             EE      -55213.501      -55208.324      -55221.725      -55211.559      -55135.320
           EE_P        -786.563        -792.476        -790.079        -789.226        -791.934
           EE_W      -53543.768      -53553.178      -53570.063      -53552.240      -53485.484
          EE_PW        -883.170        -862.670        -861.583        -870.093        -857.902
           EE14       -1039.852       -1046.809       -1049.220       -1040.513       -1039.238
         EE14_P       -1039.852       -1046.809       -1049.220       -1040.513       -1039.238
           EEsr      -49704.881      -49693.015      -49706.973      -49697.603      -49625.568
         EEsr_P          26.073          27.857          29.688          27.078          23.896
         EEsr_W      -49165.880      -49164.986      -49185.047      -49162.912      -49094.143
        EEsr_PW        -565.074        -555.886        -551.614        -561.769        -555.321
           EElr       -4468.768       -4468.500       -4465.533       -4473.442       -4470.515
         EElr_P         227.216         226.476         229.453         224.210         223.407
         EElr_W       -4377.888       -4388.191       -4385.016       -4389.328       -4391.340
        EElr_PW        -318.096        -306.785        -309.970        -308.324        -302.582
         Bonded         386.832         382.250         388.104         383.813         376.797
       Bonded_P         386.832         382.250         388.104         383.813         376.797
           Bond          78.591          82.662          79.707          81.676          76.343
         Bond_P          78.591          82.662          79.707          81.676          76.343
          Angle         166.673         160.802         167.973         164.632         160.241
        Angle_P         166.673         160.802         167.973         164.632         160.241
            Dih         128.644         124.822         127.587         124.938         127.360
          Dih_P         128.644         124.822         127.587         124.938         127.360
            Imp          12.924          13.964          12.837          12.566          12.852
          Imp_P          12.924          13.964          12.837          12.566          12.852
             PV           2.180           2.179           2.177           2.177           2.177
           PV_P           2.180           2.179           2.177           2.177           2.177
           PV_W           2.180           2.179           2.177           2.177           2.177
          PV_PW          -2.180          -2.179          -2.177          -2.177          -2.177
