             PE      -42052.288      -42041.693      -42061.358      -42047.892      -42046.627
           PE_P         -61.399         -62.299         -57.112         -57.491         -58.733
           PE_W      -41320.782      -41311.628      -41332.665      -41317.328      -41311.715
          PE_PW        -670.107        -667.766        -671.581        -673.073        -676.179
            PE2      -42052.288      -42041.693      -42061.358      -42047.892      -42046.627
          PE2_P         -61.399         -62.299         -57.112         -57.491         -58.733
          PE2_W      -41320.782      -41311.628      -41332.665      -41317.328      -41311.715
         PE2_PW        -670.107        -667.766        -671.581        -673.073        -676.179
      Nonbonded      -42316.067      -42304.420      -42323.927      -42313.250      -42309.974
    Nonbonded_P        -325.178        -325.025        -319.681        -322.849        -322.080
    Nonbonded_W      -41320.782      -41311.628      -41332.665      -41317.328      -41311.715
   Nonbonded_PW        -670.107        -667.767        -671.581        -673.073        -676.179
             LJ        6115.936        6127.764        6103.296        6125.482        6112.108
           LJ_P         -11.093         -10.708          -9.053         -11.188         -11.443
           LJ_W        6254.250        6266.635        6239.018        6264.351        6251.068
          LJ_PW        -127.221        -128.163        -126.669        -127.681        -127.517
           LJ14          35.539          36.175          36.948          35.830          35.309
         LJ14_P          35.539          36.175          36.948          35.830          35.309
           LJsr        6269.467        6280.770        6255.448        6278.686        6265.870
         LJsr_P         -46.399         -46.650         -45.768         -46.784         -46.518
         LJsr_W        6429.703        6442.191        6414.500        6439.771        6426.522
        LJsr_PW        -113.837        -114.771        -113.284        -114.301        -114.134
           LJlr        -189.069        -189.181        -189.101        -189.033        -189.070
         LJlr_P          -0.233          -0.233          -0.233          -0.233          -0.233
         LJlr_W        -175.453        -175.556        -175.482        -175.419        -175.454
        LJlr_PW         -13.383         -13.392         -13.386         -13.381         -13.383
             EE      -48432.003      -48432.184      -48427.223      -48438.732      -48422.082
           EE_P        -314.086        -314.317        -310.629        -311.661        -310.637
           EE_W      -47575.032      -47578.263      -47571.683      -47581.680      -47562.783
          EE_PW        -542.885        -539.604        -544.911        -545.391        -548.662
           EE14         244.979         251.613         250.928         250.096         246.548
         EE14_P         244.979         251.613         250.928         250.096         246.548
           EEsr      -44341.083      -44343.039      -44338.308      -44349.242      -44330.593
         EEsr_P         -98.757        -100.746        -100.089         -98.415         -96.601
         EEsr_W      -43790.745      -43792.313      -43786.385      -43796.464      -43777.496
        EEsr_PW        -451.581        -449.980        -451.834        -454.363        -456.496
           EElr       -4335.899       -4340.758       -4339.843       -4339.586       -4338.037
         EElr_P        -460.308        -465.183        -461.468        -463.341        -460.584
         EElr_W       -3784.287       -3785.950       -3785.298       -3785.216       -3785.287
        EElr_PW         -91.304         -89.625         -93.077         -91.029         -92.166
         Bonded         263.779         262.726         262.569         265.358         263.347
       Bonded_P         263.779         262.726         262.569         265.358         263.347
           Bond          54.049          52.806          52.810          53.218          54.480
         Bond_P          54.049          52.806          52.810          53.218          54.480
          Angle         127.791         128.870         128.333         128.511         126.770
        Angle_P         127.791         128.870         128.333         128.511         126.770
            Dih          71.612          71.271          71.590          73.196          72.351
          Dih_P          71.612          71.271          71.590          73.196          72.351
            Imp          10.328           9.779           9.836          10.434           9.746
          Imp_P          10.328           9.779           9.836          10.434           9.746
             PV           1.936           1.935           1.936           1.936           1.936
           PV_P           1.936           1.935           1.936           1.936           1.936
           PV_W           1.936           1.935           1.936           1.936           1.936
          PV_PW          -1.936          -1.935          -1.936          -1.936          -1.936
