             PE      -38750.219      -38729.243      -38738.632      -38766.564      -38734.915
           PE_P         385.257         377.180         383.659         376.263         369.495
           PE_W      -38067.287      -38054.427      -38051.437      -38091.459      -38057.427
          PE_PW       -1068.189       -1051.996       -1070.854       -1051.368       -1046.983
            PE2      -38750.218      -38729.243      -38738.632      -38766.565      -38734.914
          PE2_P         385.257         377.180         383.659         376.263         369.495
          PE2_W      -38067.286      -38054.426      -38051.437      -38091.460      -38057.427
         PE2_PW       -1068.189       -1051.997       -1070.854       -1051.368       -1046.982
      Nonbonded      -38994.399      -38969.858      -38979.473      -39005.372      -38974.097
    Nonbonded_P         141.077         136.564         142.818         137.457         130.312
    Nonbonded_W      -38067.286      -38054.426      -38051.437      -38091.460      -38057.427
   Nonbonded_PW       -1068.190       -1051.996       -1070.854       -1051.369       -1046.982
             LJ        5633.192        5635.126        5620.707        5640.125        5631.939
           LJ_P         -15.500         -14.592         -15.584         -14.077         -14.746
           LJ_W        5763.055        5761.463        5747.675        5767.030        5759.185
          LJ_PW        -114.363        -111.745        -111.384        -112.828        -112.500
           LJ14          38.503          39.148          39.188          39.289          39.750
         LJ14_P          38.503          39.148          39.188          39.289          39.750
           LJsr        5769.389        5770.784        5756.203        5775.625        5767.063
         LJsr_P         -53.722         -53.458         -54.491         -53.085         -54.215
         LJsr_W        5923.479        5921.984        5908.084        5927.536        5919.769
        LJsr_PW        -100.368         -97.742         -97.390         -98.826         -98.491
           LJlr        -174.700        -174.806        -174.684        -174.789        -174.874
         LJlr_P          -0.281          -0.281          -0.281          -0.281          -0.282
         LJlr_W        -160.424        -160.521        -160.409        -160.506        -160.583
        LJlr_PW         -13.995         -14.004         -13.994         -14.002         -14.009
             EE      -44627.590      -44604.985      -44600.179      -44645.497      -44606.036
           EE_P         156.576         151.156         158.402         151.534         145.058
           EE_W      -43830.341      -43815.889      -43799.112      -43858.490      -43816.612
          EE_PW        -953.825        -940.252        -959.469        -938.541        -934.482
           EE14         808.970         809.436         807.152         804.611         795.370
         EE14_P         808.970         809.436         807.152         804.610         795.370
           EEsr      -40960.521      -40940.035      -40931.596      -40975.824      -40932.528
         EEsr_P         -89.590         -92.148         -88.376         -86.461         -87.627
         EEsr_W      -40238.171      -40221.493      -40206.526      -40259.944      -40220.133
        EEsr_PW        -632.760        -626.394        -636.694        -629.419        -624.768
           EElr       -4476.040       -4474.385       -4475.735       -4474.284       -4468.878
         EElr_P        -562.804        -566.132        -560.374        -566.615        -562.685
         EElr_W       -3592.170       -3594.396       -3592.586       -3598.546       -3596.479
        EElr_PW        -321.066        -313.857        -322.775        -309.123        -309.714
         Bonded         244.180         240.616         240.841         238.807         239.183
       Bonded_P         244.180         240.616         240.841         238.807         239.183
           Bond          58.058          56.091          57.482          56.466          57.726
         Bond_P          58.058          56.091          57.482          56.466          57.726
          Angle         141.953         142.792         139.685         142.056         140.600
        Angle_P         141.953         142.792         139.685         142.056         140.600
            Dih          35.165          32.369          34.322          31.249          31.761
          Dih_P          35.165          32.369          34.322          31.249          31.761
            Imp           9.005           9.364           9.351           9.036           9.096
          Imp_P           9.005           9.364           9.351           9.036           9.096
             PV           1.778           1.777           1.779           1.777           1.777
           PV_P           1.778           1.777           1.779           1.777           1.777
           PV_W           1.778           1.777           1.779           1.777           1.777
          PV_PW          -1.778          -1.777          -1.779          -1.777          -1.777
