             PE      -50791.794      -50802.795      -50797.686      -50786.488      -50810.989
           PE_P        -332.523        -331.737        -331.909        -331.429        -334.014
           PE_W      -49584.139      -49591.994      -49591.267      -49577.305      -49602.866
          PE_PW        -875.132        -879.064        -874.510        -877.754        -874.109
            PE2      -50791.794      -50802.795      -50797.686      -50786.488      -50810.989
          PE2_P        -332.523        -331.737        -331.909        -331.429        -334.014
          PE2_W      -49584.140      -49591.993      -49591.268      -49577.305      -49602.866
         PE2_PW        -875.131        -879.065        -874.509        -877.754        -874.109
      Nonbonded      -51126.051      -51136.513      -51131.701      -51120.867      -51144.363
    Nonbonded_P        -666.780        -665.455        -665.925        -665.809        -667.388
    Nonbonded_W      -49584.140      -49591.993      -49591.268      -49577.305      -49602.866
   Nonbonded_PW        -875.131        -879.065        -874.508        -877.753        -874.109
             LJ        7322.104        7323.542        7320.183        7313.920        7324.882
           LJ_P         -14.236         -14.421         -14.590         -14.775         -14.557
           LJ_W        7489.678        7490.687        7487.052        7480.674        7492.650
          LJ_PW        -153.338        -152.724        -152.279        -151.979        -153.211
           LJ14          44.040          43.696          43.697          43.846          44.157
         LJ14_P          44.040          43.696          43.697          43.846          44.157
           LJsr        7503.684        7505.457        7502.053        7495.686        7506.316
         LJsr_P         -58.009         -57.849         -58.020         -58.354         -58.447
         LJsr_W        7699.455        7700.454        7696.778        7690.443        7702.399
        LJsr_PW        -137.762        -137.148        -136.705        -136.403        -137.636
           LJlr        -225.621        -225.611        -225.567        -225.613        -225.591
         LJlr_P          -0.268          -0.268          -0.268          -0.268          -0.268
         LJlr_W        -209.776        -209.767        -209.726        -209.769        -209.749
        LJlr_PW         -15.577         -15.576         -15.573         -15.576         -15.574
             EE      -58448.154      -58460.056      -58451.884      -58434.787      -58469.245
           EE_P        -652.544        -651.034        -651.335        -651.034        -652.831
           EE_W      -57073.818      -57082.680      -57078.319      -57057.979      -57095.516
          EE_PW        -721.792        -726.342        -722.230        -725.774        -720.898
           EE14        -836.280        -835.672        -834.516        -835.568        -838.264
         EE14_P        -836.280        -835.672        -834.516        -835.568        -838.264
           EEsr      -52763.466      -52774.620      -52768.353      -52750.406      -52781.496
         EEsr_P          82.976          82.773          82.313          83.479          84.180
         EEsr_W      -52389.855      -52397.054      -52393.675      -52374.070      -52409.116
        EEsr_PW        -456.587        -460.339        -456.991        -459.815        -456.560
           EElr       -4848.409       -4849.764       -4849.015       -4848.814       -4849.484
         EElr_P         100.760         101.864         100.869         101.055         101.253
         EElr_W       -4683.963       -4685.626       -4684.644       -4683.909       -4686.400
        EElr_PW        -265.206        -266.002        -265.240        -265.960        -264.337
         Bonded         334.257         333.718         334.016         334.380         333.374
       Bonded_P         334.257         333.718         334.016         334.380         333.374
           Bond          77.538          78.333          78.209          78.178          77.513
         Bond_P          77.538          78.333          78.209          78.178          77.513
          Angle         169.935         168.600         169.017         169.813         170.215
        Angle_P         169.935         168.600         169.017         169.813         170.215
            Dih          76.155          76.266          76.173          75.973          75.060
          Dih_P          76.155          76.266          76.173          75.973          75.060
            Imp          10.628          10.520          10.617          10.416          10.585
          Imp_P          10.628          10.520          10.617          10.416          10.585
             PV           2.311           2.311           2.311           2.311           2.311
           PV_P           2.311           2.311           2.311           2.311           2.311
           PV_W           2.311           2.311           2.311           2.311           2.311
          PV_PW          -2.311          -2.311          -2.311          -2.311          -2.311
