             PE      -39471.226      -39420.734      -39336.853      -39409.679      -39457.873
           PE_P         130.401         144.051         166.937         139.804         145.700
           PE_W      -38983.313      -38930.371      -38823.477      -38930.519      -38950.173
          PE_PW        -618.314        -634.414        -680.313        -618.964        -653.400
            PE2      -39471.223      -39420.735      -39336.858      -39409.678      -39457.877
          PE2_P         130.401         144.051         166.937         139.804         145.700
          PE2_W      -38983.315      -38930.370      -38823.477      -38930.520      -38950.167
         PE2_PW        -618.309        -634.416        -680.318        -618.962        -653.410
      Nonbonded      -39743.665      -39682.002      -39613.216      -39677.418      -39707.519
    Nonbonded_P        -142.041        -117.216        -109.421        -127.935        -103.942
    Nonbonded_W      -38983.315      -38930.370      -38823.477      -38930.520      -38950.167
   Nonbonded_PW        -618.309        -634.416        -680.318        -618.963        -653.410
             LJ        5768.639        5736.391        5674.404        5685.982        5804.786
           LJ_P         -27.862         -15.046         -18.148         -18.857         -20.065
           LJ_W        5916.670        5882.712        5823.924        5825.930        5933.809
          LJ_PW        -120.169        -131.275        -131.372        -121.091        -108.958
           LJ14          31.925          37.683          36.802          34.704          34.276
         LJ14_P          31.925          37.683          36.802          34.704          34.276
           LJsr        5915.090        5877.597        5816.117        5830.143        5948.862
         LJsr_P         -59.538         -52.480         -54.702         -53.312         -54.093
         LJsr_W        6081.427        6047.942        5988.810        5991.138        6098.542
        LJsr_PW        -106.799        -117.865        -117.991        -107.683         -95.587
           LJlr        -178.376        -178.889        -178.516        -178.866        -178.351
         LJlr_P          -0.248          -0.249          -0.249          -0.249          -0.248
         LJlr_W        -164.756        -165.230        -164.885        -165.208        -164.733
        LJlr_PW         -13.372         -13.410         -13.382         -13.409         -13.370
             EE      -45512.304      -45418.393      -45287.619      -45363.400      -45512.305
           EE_P        -114.179        -102.170         -91.273        -109.079         -83.877
           EE_W      -44899.985      -44813.082      -44647.402      -44756.450      -44883.976
          EE_PW        -498.140        -503.141        -548.944        -497.871        -544.452
           EE14         208.445         229.852         208.043         199.334         248.707
         EE14_P         208.445         229.852         208.043         199.334         248.707
           EEsr      -41814.211      -41735.675      -41588.652      -41663.616      -41844.852
         EEsr_P         -75.105         -65.596         -55.731         -58.324         -68.372
         EEsr_W      -41335.487      -41264.246      -41094.447      -41197.109      -41340.588
        EEsr_PW        -403.619        -405.833        -438.474        -408.183        -435.892
           EElr       -3906.538       -3912.570       -3907.010       -3899.118       -3916.161
         EElr_P        -247.520        -266.426        -243.585        -250.089        -264.212
         EElr_W       -3564.498       -3548.835       -3552.954       -3559.340       -3543.387
        EElr_PW         -94.520         -97.309        -110.471         -89.689        -108.562
         Bonded         272.443         261.267         276.358         267.739         249.642
       Bonded_P         272.443         261.267         276.358         267.739         249.642
           Bond          60.636          53.058          56.855          60.078          59.846
         Bond_P          60.636          53.058          56.855          60.078          59.846
          Angle         130.541         132.815         143.139         128.470         114.210
        Angle_P         130.541         132.815         143.139         128.470         114.210
            Dih          73.284          66.609          65.603          69.206          64.552
          Dih_P          73.284          66.609          65.603          69.206          64.552
            Imp           7.981           8.786          10.761           9.985          11.035
          Imp_P           7.981           8.786          10.761           9.985          11.035
             PV           1.827           1.822           1.825           1.822           1.827
           PV_P           1.827           1.822           1.825           1.822           1.827
           PV_W           1.827           1.822           1.825           1.822           1.827
          PV_PW          -1.827          -1.822          -1.825          -1.822          -1.827
