             PE      -40484.208      -40479.478      -40498.616      -40473.796      -40496.936
           PE_P         508.348         501.352         492.776         498.609         501.779
           PE_W      -39898.492      -39903.528      -39923.995      -39898.212      -39925.138
          PE_PW       -1094.064       -1077.302       -1067.397       -1074.193       -1073.577
            PE2      -40484.209      -40479.477      -40498.615      -40473.796      -40496.936
          PE2_P         508.348         501.352         492.776         498.609         501.779
          PE2_W      -39898.492      -39903.528      -39923.995      -39898.212      -39925.138
         PE2_PW       -1094.065       -1077.301       -1067.396       -1074.193       -1073.577
      Nonbonded      -40738.660      -40731.777      -40754.423      -40727.622      -40753.988
    Nonbonded_P         253.897         249.052         236.968         244.782         244.727
    Nonbonded_W      -39898.492      -39903.528      -39923.995      -39898.212      -39925.138
   Nonbonded_PW       -1094.065       -1077.301       -1067.396       -1074.192       -1073.577
             LJ        5921.440        5912.937        5918.126        5917.568        5890.377
           LJ_P         -23.567         -19.261         -20.233         -18.463         -22.309
           LJ_W        6066.238        6058.651        6067.260        6062.396        6036.123
          LJ_PW        -121.231        -126.453        -128.901        -126.365        -123.437
           LJ14          42.566          43.466          43.943          44.222          42.369
         LJ14_P          42.566          43.466          43.943          44.222          42.369
           LJsr        6062.456        6052.980        6057.824        6056.872        6031.519
         LJsr_P         -65.813         -62.407         -63.856         -62.365         -64.358
         LJsr_W        6234.341        6226.687        6235.418        6230.448        6204.160
        LJsr_PW        -106.072        -111.300        -113.738        -111.211        -108.283
           LJlr        -183.582        -183.510        -183.642        -183.526        -183.510
         LJlr_P          -0.320          -0.320          -0.320          -0.320          -0.320
         LJlr_W        -168.103        -168.036        -168.157        -168.051        -168.037
        LJlr_PW         -15.159         -15.154         -15.165         -15.155         -15.153
             EE      -46660.100      -46644.714      -46672.549      -46645.191      -46644.365
           EE_P         277.464         268.313         257.201         263.245         267.036
           EE_W      -45964.729      -45962.179      -45991.255      -45960.609      -45961.261
          EE_PW        -972.835        -950.848        -938.495        -947.827        -950.140
           EE14         766.517         762.111         750.518         755.251         762.480
         EE14_P         766.517         762.111         750.518         755.251         762.480
           EEsr      -42936.501      -42923.362      -42942.152      -42916.763      -42917.149
         EEsr_P         -82.643         -85.518         -85.959         -84.349         -85.317
         EEsr_W      -42208.195      -42200.430      -42222.381      -42196.831      -42194.416
        EEsr_PW        -645.663        -637.414        -633.812        -635.583        -637.416
           EElr       -4490.115       -4483.463       -4480.915       -4483.679       -4489.697
         EElr_P        -406.409        -408.280        -407.358        -407.657        -410.127
         EElr_W       -3756.534       -3761.749       -3768.873       -3763.777       -3766.845
        EElr_PW        -327.172        -313.434        -304.684        -312.245        -312.725
         Bonded         254.451         252.300         255.808         253.827         257.052
       Bonded_P         254.451         252.300         255.808         253.827         257.052
           Bond          62.692          63.865          63.300          61.392          63.821
         Bond_P          62.692          63.865          63.300          61.392          63.821
          Angle         138.992         138.314         140.185         141.126         141.443
        Angle_P         138.992         138.314         140.185         141.126         141.443
            Dih          42.054          40.288          41.903          40.639          41.753
          Dih_P          42.054          40.288          41.903          40.639          41.753
            Imp          10.713           9.833          10.419          10.669          10.035
          Imp_P          10.713           9.833          10.419          10.669          10.035
             PV           1.865           1.866           1.864           1.865           1.866
           PV_P           1.865           1.866           1.864           1.865           1.866
           PV_W           1.865           1.866           1.864           1.865           1.866
          PV_PW          -1.865          -1.866          -1.864          -1.865          -1.866
