             PE      -54436.237      -54434.961      -54351.810      -54308.954      -54388.897
           PE_P         400.029         416.193         384.629         422.384         413.461
           PE_W      -53743.347      -53723.635      -53636.819      -53600.026      -53685.792
          PE_PW       -1092.919       -1127.519       -1099.620       -1131.312       -1116.566
            PE2      -54436.239      -54434.962      -54351.810      -54308.953      -54388.896
          PE2_P         400.029         416.193         384.629         422.384         413.461
          PE2_W      -53743.348      -53723.635      -53636.822      -53600.026      -53685.794
         PE2_PW       -1092.920       -1127.520       -1099.617       -1131.311       -1116.563
      Nonbonded      -54743.285      -54727.477      -54635.162      -54612.316      -54700.221
    Nonbonded_P          92.983         123.678         101.278         119.021         102.136
    Nonbonded_W      -53743.348      -53723.635      -53636.822      -53600.026      -53685.794
   Nonbonded_PW       -1092.920       -1127.520       -1099.618       -1131.311       -1116.563
             LJ        7908.273        8169.637        7889.272        7969.663        7919.998
           LJ_P         -25.667         -14.788         -13.959         -14.424         -24.626
           LJ_W        8098.578        8334.395        8054.173        8132.045        8110.070
          LJ_PW        -164.638        -149.970        -150.942        -147.958        -165.446
           LJ14          49.180          57.095          57.164          56.425          49.871
         LJ14_P          49.180          57.095          57.164          56.425          49.871
           LJsr        8103.007        8356.676        8076.612        8157.418        8114.195
         LJsr_P         -74.533         -71.569         -70.808         -70.534         -74.183
         LJsr_W        8324.850        8560.872        8280.993        8358.564        8336.485
        LJsr_PW        -147.310        -132.627        -133.573        -130.612        -148.107
           LJlr        -243.914        -244.135        -244.504        -244.179        -244.068
         LJlr_P          -0.314          -0.314          -0.315          -0.314          -0.314
         LJlr_W        -226.273        -226.477        -226.820        -226.519        -226.415
        LJlr_PW         -17.327         -17.344         -17.369         -17.346         -17.339
             EE      -62651.559      -62897.114      -62524.434      -62581.980      -62620.219
           EE_P         118.650         138.466         115.237         133.445         126.762
           EE_W      -61841.926      -62058.030      -61690.994      -61732.071      -61795.864
          EE_PW        -928.283        -977.550        -948.677        -983.354        -951.117
           EE14         686.064         697.186         686.719         696.366         691.744
         EE14_P         686.064         697.186         686.719         696.366         691.744
           EEsr      -57539.383      -57788.626      -57406.484      -57476.729      -57506.951
         EEsr_P        -135.172        -130.746        -139.686        -128.369        -129.276
         EEsr_W      -56826.259      -57037.141      -56663.580      -56722.217      -56768.940
        EEsr_PW        -577.952        -620.739        -603.218        -626.143        -608.735
           EElr       -5798.240       -5805.674       -5804.668       -5801.616       -5805.012
         EElr_P        -432.241        -427.973        -431.795        -434.551        -435.705
         EElr_W       -5015.667       -5020.889       -5027.414       -5009.854       -5026.924
        EElr_PW        -350.332        -356.812        -345.459        -357.211        -342.383
         Bonded         307.046         292.516         283.351         303.363         311.325
       Bonded_P         307.046         292.516         283.351         303.363         311.325
           Bond          70.701          66.654          63.384          69.236          69.013
         Bond_P          70.701          66.654          63.384          69.236          69.013
          Angle         146.478         149.808         139.019         150.576         155.899
        Angle_P         146.478         149.808         139.019         150.576         155.899
            Dih          80.182          66.280          69.632          72.801          76.844
          Dih_P          80.182          66.280          69.632          72.801          76.844
            Imp           9.685           9.774          11.316          10.750           9.568
          Imp_P           9.685           9.774          11.316          10.750           9.568
             PV           2.507           2.505           2.501           2.505           2.506
           PV_P           2.507           2.505           2.501           2.505           2.506
           PV_W           2.507           2.505           2.501           2.505           2.506
          PV_PW          -2.507          -2.505          -2.501          -2.505          -2.506
