             PE      -44465.567      -44469.561      -44463.237      -44456.987      -44462.041
           PE_P        -209.520        -209.390        -209.772        -208.635        -209.849
           PE_W      -43249.375      -43256.368      -43251.220      -43241.225      -43246.272
          PE_PW       -1006.672       -1003.803       -1002.245       -1007.127       -1005.920
            PE2      -44465.567      -44469.561      -44463.236      -44456.987      -44462.041
          PE2_P        -209.520        -209.390        -209.772        -208.635        -209.849
          PE2_W      -43249.375      -43256.368      -43251.220      -43241.225      -43246.272
         PE2_PW       -1006.672       -1003.803       -1002.244       -1007.127       -1005.920
      Nonbonded      -44716.638      -44721.898      -44715.807      -44709.562      -44712.955
    Nonbonded_P        -460.592        -461.727        -462.343        -461.209        -460.763
    Nonbonded_W      -43249.375      -43256.368      -43251.220      -43241.225      -43246.272
   Nonbonded_PW       -1006.671       -1003.803       -1002.244       -1007.128       -1005.920
             LJ        6418.866        6409.857        6414.283        6415.339        6411.540
           LJ_P         -10.711         -11.375         -10.909         -10.923         -11.224
           LJ_W        6527.909        6520.925        6524.061        6523.290        6522.121
          LJ_PW         -98.332         -99.693         -98.869         -97.028         -99.357
           LJ14          37.424          36.918          37.213          36.780          36.948
         LJ14_P          37.424          36.918          37.213          36.780          36.948
           LJsr        6578.326        6569.863        6573.987        6575.401        6571.471
         LJsr_P         -47.901         -48.058         -47.887         -47.469         -47.938
         LJsr_W        6710.940        6703.991        6707.121        6706.281        6705.146
        LJsr_PW         -84.713         -86.070         -85.247         -83.411         -85.737
           LJlr        -196.885        -196.924        -196.917        -196.842        -196.879
         LJlr_P          -0.235          -0.235          -0.235          -0.235          -0.235
         LJlr_W        -183.030        -183.067        -183.060        -182.991        -183.025
        LJlr_PW         -13.620         -13.622         -13.622         -13.616         -13.619
             EE      -51135.504      -51131.755      -51130.090      -51124.901      -51124.495
           EE_P        -449.881        -450.352        -451.434        -450.286        -449.539
           EE_W      -49777.285      -49777.293      -49775.280      -49764.515      -49768.393
          EE_PW        -908.338        -904.110        -903.376        -910.100        -906.563
           EE14         368.020         368.018         367.011         365.946         367.338
         EE14_P         368.020         368.018         367.011         365.946         367.338
           EEsr      -46571.123      -46567.817      -46565.136      -46560.419      -46560.188
         EEsr_P        -236.323        -236.642        -235.747        -235.868        -235.217
         EEsr_W      -45681.499      -45680.063      -45677.195      -45668.810      -45671.817
        EEsr_PW        -653.301        -651.112        -652.194        -655.741        -653.154
           EElr       -4932.401       -4931.956       -4931.964       -4930.428       -4931.645
         EElr_P        -581.577        -581.728        -582.699        -580.364        -581.661
         EElr_W       -4095.785       -4097.230       -4098.086       -4095.705       -4096.575
        EElr_PW        -255.039        -252.998        -251.179        -254.359        -253.409
         Bonded         251.072         252.337         252.571         252.575         250.914
       Bonded_P         251.072         252.337         252.571         252.575         250.914
           Bond          56.552          56.383          56.636          56.519          56.492
         Bond_P          56.552          56.383          56.636          56.519          56.492
          Angle         127.734         129.560         129.497         128.395         127.685
        Angle_P         127.734         129.560         129.497         128.395         127.685
            Dih          55.702          55.423          55.404          56.732          55.909
          Dih_P          55.702          55.423          55.404          56.732          55.909
            Imp          11.084          10.971          11.033          10.930          10.828
          Imp_P          11.084          10.971          11.033          10.930          10.828
             PV           2.009           2.009           2.009           2.010           2.009
           PV_P           2.009           2.009           2.009           2.010           2.009
           PV_W           2.009           2.009           2.009           2.010           2.009
          PV_PW          -2.009          -2.009          -2.009          -2.010          -2.009
