             PE      -57260.702      -57284.248      -57280.669      -57251.988      -57278.009
           PE_P        -342.583        -333.909        -347.457        -335.392        -337.410
           PE_W      -55911.807      -55921.652      -55933.076      -55902.373      -55920.916
          PE_PW       -1006.312       -1028.687       -1000.136       -1014.223       -1019.683
            PE2      -57260.701      -57284.249      -57280.669      -57251.988      -57278.009
          PE2_P        -342.583        -333.909        -347.457        -335.392        -337.410
          PE2_W      -55911.806      -55921.651      -55933.076      -55902.372      -55920.916
         PE2_PW       -1006.312       -1028.689       -1000.136       -1014.224       -1019.683
      Nonbonded      -57644.119      -57664.292      -57662.135      -57636.438      -57658.247
    Nonbonded_P        -726.000        -713.952        -728.923        -719.842        -717.648
    Nonbonded_W      -55911.806      -55921.651      -55933.076      -55902.372      -55920.916
   Nonbonded_PW       -1006.313       -1028.689       -1000.136       -1014.224       -1019.683
             LJ        8249.743        8263.563        8250.398        8258.341        8259.269
           LJ_P         -24.937         -22.585         -22.129         -23.389         -21.490
           LJ_W        8441.249        8452.438        8440.681        8447.581        8447.769
          LJ_PW        -166.569        -166.290        -168.154        -165.851        -167.010
           LJ14          50.057          51.590          51.565          51.590          51.819
         LJ14_P          50.057          51.590          51.565          51.590          51.819
           LJsr        8454.465        8466.799        8453.666        8461.676        8462.243
         LJsr_P         -74.682         -73.862         -73.381         -74.665         -72.997
         LJsr_W        8677.973        8689.206        8677.455        8684.441        8684.507
        LJsr_PW        -148.826        -148.545        -150.408        -148.100        -149.267
           LJlr        -254.779        -254.825        -254.832        -254.925        -254.793
         LJlr_P          -0.313          -0.313          -0.313          -0.313          -0.313
         LJlr_W        -236.725        -236.767        -236.774        -236.860        -236.737
        LJlr_PW         -17.741         -17.745         -17.745         -17.752         -17.743
             EE      -65893.862      -65927.855      -65912.533      -65894.778      -65917.516
           EE_P        -701.063        -691.367        -706.794        -696.453        -696.158
           EE_W      -64353.055      -64374.090      -64373.758      -64349.953      -64368.685
          EE_PW        -839.744        -862.398        -831.981        -848.372        -852.673
           EE14       -1041.706       -1044.116       -1046.607       -1043.487       -1043.221
         EE14_P       -1041.706       -1044.116       -1046.607       -1043.487       -1043.221
           EEsr      -59576.575      -59607.392      -59589.634      -59576.351      -59593.910
         EEsr_P          64.269          70.792          64.495          66.681          69.822
         EEsr_W      -59088.092      -59114.061      -59107.468      -59085.356      -59104.289
        EEsr_PW        -552.752        -564.123        -546.661        -557.676        -559.443
           EElr       -5275.582       -5276.348       -5276.293       -5274.940       -5280.385
         EElr_P         276.374         281.956         275.319         280.353         277.241
         EElr_W       -5264.963       -5260.028       -5266.289       -5264.596       -5264.396
        EElr_PW        -286.993        -298.276        -285.323        -290.697        -293.230
         Bonded         383.417         380.043         381.466         384.449         380.238
       Bonded_P         383.417         380.043         381.466         384.449         380.238
           Bond          79.170          78.736          79.169          81.066          79.130
         Bond_P          79.170          78.736          79.169          81.066          79.130
          Angle         171.724         167.941         170.488         169.716         170.370
        Angle_P         171.724         167.941         170.488         169.716         170.370
            Dih         119.925         120.322         119.501         121.384         118.162
          Dih_P         119.925         120.322         119.501         121.384         118.162
            Imp          12.599          13.045          12.307          12.284          12.576
          Imp_P          12.599          13.045          12.307          12.284          12.576
             PV           2.609           2.608           2.608           2.607           2.609
           PV_P           2.609           2.608           2.608           2.607           2.609
           PV_W           2.609           2.608           2.608           2.607           2.609
          PV_PW          -2.609          -2.608          -2.608          -2.607          -2.609
