             PE      -50795.773      -50782.660      -50806.515      -50799.381      -50782.213
           PE_P        -331.762        -336.304        -337.683        -337.196        -334.649
           PE_W      -49587.036      -49576.054      -49598.994      -49598.846      -49582.262
          PE_PW        -876.975        -870.302        -869.838        -863.339        -865.302
            PE2      -50795.772      -50782.659      -50806.515      -50799.382      -50782.213
          PE2_P        -331.762        -336.304        -337.683        -337.196        -334.649
          PE2_W      -49587.035      -49576.053      -49598.994      -49598.845      -49582.262
         PE2_PW        -876.975        -870.302        -869.838        -863.341        -865.302
      Nonbonded      -51128.995      -51113.177      -51137.257      -51133.793      -51115.664
    Nonbonded_P        -664.984        -666.822        -668.424        -671.607        -668.100
    Nonbonded_W      -49587.035      -49576.053      -49598.994      -49598.845      -49582.262
   Nonbonded_PW        -876.976        -870.302        -869.839        -863.341        -865.302
             LJ        7315.310        7322.568        7323.608        7314.586        7326.478
           LJ_P         -13.253         -13.700         -13.964         -14.225         -14.976
           LJ_W        7482.918        7488.756        7489.340        7481.937        7495.848
          LJ_PW        -154.355        -152.488        -151.768        -153.126        -154.394
           LJ14          44.269          44.964          44.589          43.551          43.244
         LJ14_P          44.269          44.964          44.589          43.551          43.244
           LJsr        7496.708        7503.142        7504.637        7496.631        7508.781
         LJsr_P         -57.254         -58.397         -58.285         -57.508         -57.952
         LJsr_W        7692.737        7698.456        7699.113        7691.689        7705.555
        LJsr_PW        -138.775        -136.917        -136.191        -137.550        -138.822
           LJlr        -225.667        -225.539        -225.618        -225.595        -225.546
         LJlr_P          -0.268          -0.267          -0.268          -0.268          -0.267
         LJlr_W        -209.819        -209.700        -209.773        -209.752        -209.707
        LJlr_PW         -15.580         -15.572         -15.577         -15.575         -15.572
             EE      -58444.305      -58435.745      -58460.865      -58448.379      -58442.142
           EE_P        -651.731        -653.121        -654.460        -657.382        -653.124
           EE_W      -57069.954      -57064.809      -57088.335      -57080.783      -57078.111
          EE_PW        -722.620        -717.815        -718.070        -710.214        -710.907
           EE14        -838.610        -836.574        -839.653        -838.357        -835.898
         EE14_P        -838.610        -836.575        -839.653        -838.357        -835.898
           EEsr      -52757.370      -52750.160      -52775.043      -52762.061      -52758.136
         EEsr_P          84.658          84.070          85.094          82.119          84.238
         EEsr_W      -52383.369      -52379.972      -52400.910      -52390.970      -52390.264
        EEsr_PW        -458.659        -454.258        -459.227        -453.210        -452.110
           EElr       -4848.325       -4849.011       -4846.168       -4847.961       -4848.108
         EElr_P         102.220          99.383         100.100          98.856          98.537
         EElr_W       -4686.584       -4684.837       -4687.425       -4689.813       -4687.846
        EElr_PW        -263.961        -263.557        -258.843        -257.004        -258.799
         Bonded         333.222         330.518         330.741         334.411         333.451
       Bonded_P         333.222         330.518         330.741         334.411         333.451
           Bond          78.411          78.481          77.580          76.284          77.829
         Bond_P          78.411          78.481          77.580          76.284          77.829
          Angle         170.806         168.141         169.122         171.741         169.626
        Angle_P         170.806         168.141         169.122         171.741         169.626
            Dih          73.518          73.706          73.122          75.809          75.461
          Dih_P          73.518          73.706          73.122          75.809          75.461
            Imp          10.486          10.190          10.917          10.577          10.535
          Imp_P          10.486          10.190          10.917          10.577          10.535
             PV           2.310           2.311           2.311           2.311           2.311
           PV_P           2.310           2.311           2.311           2.311           2.311
           PV_W           2.310           2.311           2.311           2.311           2.311
          PV_PW          -2.310          -2.311          -2.311          -2.311          -2.311
