             PE      -49385.989      -49370.218      -49382.233      -49387.334      -49390.297
           PE_P        -299.147        -285.343        -298.961        -295.578        -295.698
           PE_W      -48312.957      -48289.023      -48308.858      -48304.546      -48309.798
          PE_PW        -773.885        -795.852        -774.414        -787.210        -784.801
            PE2      -49385.989      -49370.218      -49382.233      -49387.334      -49390.297
          PE2_P        -299.147        -285.343        -298.961        -295.578        -295.698
          PE2_W      -48312.958      -48289.024      -48308.858      -48304.546      -48309.798
         PE2_PW        -773.884        -795.851        -774.414        -787.210        -784.801
      Nonbonded      -49719.957      -49711.908      -49717.311      -49720.534      -49720.065
    Nonbonded_P        -633.115        -627.033        -634.039        -628.779        -625.466
    Nonbonded_W      -48312.958      -48289.024      -48308.858      -48304.546      -48309.798
   Nonbonded_PW        -773.884        -795.851        -774.414        -787.209        -784.801
             LJ        7154.665        7171.910        7171.531        7192.760        7165.751
           LJ_P         -14.575         -14.648         -14.367         -13.774         -14.114
           LJ_W        7299.389        7313.703        7317.421        7332.029        7308.622
          LJ_PW        -130.149        -127.145        -131.523        -125.495        -128.757
           LJ14          42.064          41.731          42.294          42.666          42.667
         LJ14_P          42.064          41.731          42.294          42.666          42.667
           LJsr        7333.185        7350.645        7349.737        7370.566        7343.642
         LJsr_P         -56.390         -56.131         -56.412         -56.191         -56.532
         LJsr_W        7504.821        7519.025        7522.774        7537.356        7514.030
        LJsr_PW        -115.246        -112.249        -116.625        -110.599        -113.856
           LJlr        -220.584        -220.466        -220.500        -220.472        -220.559
         LJlr_P          -0.249          -0.249          -0.249          -0.249          -0.249
         LJlr_W        -205.431        -205.322        -205.353        -205.327        -205.408
        LJlr_PW         -14.904         -14.895         -14.898         -14.896         -14.902
             EE      -56874.622      -56883.818      -56888.842      -56913.294      -56885.816
           EE_P        -618.540        -612.385        -619.673        -615.005        -611.352
           EE_W      -55612.347      -55602.727      -55626.279      -55636.575      -55618.420
          EE_PW        -643.735        -668.706        -642.890        -661.714        -656.044
           EE14         -82.883         -90.514         -90.767         -84.273         -83.942
         EE14_P         -82.883         -90.514         -90.767         -84.273         -83.942
           EEsr      -51815.944      -51827.823      -51831.008      -51854.759      -51830.177
         EEsr_P        -101.856         -95.710        -100.178         -99.031         -97.781
         EEsr_W      -51183.272      -51181.983      -51202.353      -51213.660      -51193.562
        EEsr_PW        -530.816        -550.130        -528.477        -542.068        -538.834
           EElr       -4975.795       -4965.481       -4967.067       -4974.262       -4971.697
         EElr_P        -433.801        -426.161        -428.727        -431.701        -429.629
         EElr_W       -4429.075       -4420.744       -4423.926       -4422.916       -4424.858
        EElr_PW        -112.919        -118.576        -114.414        -119.645        -117.210
         Bonded         333.967         341.690         335.078         333.200         329.768
       Bonded_P         333.967         341.690         335.078         333.200         329.768
           Bond          63.416          63.657          61.952          61.819          59.927
         Bond_P          63.416          63.657          61.952          61.819          59.927
          Angle         149.459         154.517         151.197         147.316         151.037
        Angle_P         149.459         154.517         151.197         147.316         151.037
            Dih         109.434         111.271         109.908         111.948         106.732
          Dih_P         109.434         111.271         109.908         111.948         106.732
            Imp          11.657          12.245          12.022          12.118          12.071
          Imp_P          11.657          12.245          12.022          12.118          12.071
             PV           2.260           2.261           2.261           2.261           2.261
           PV_P           2.260           2.261           2.261           2.261           2.261
           PV_W           2.260           2.261           2.261           2.261           2.261
          PV_PW          -2.260          -2.261          -2.261          -2.261          -2.261
