             PE      -39219.195      -39265.850      -39360.128      -39316.706      -39288.388
           PE_P         434.805         423.283         428.955         430.805         445.135
           PE_W      -38662.359      -38707.012      -38790.683      -38777.356      -38740.937
          PE_PW        -991.641        -982.121        -998.400        -970.155        -992.586
            PE2      -39219.197      -39265.849      -39360.127      -39316.704      -39288.389
          PE2_P         434.805         423.283         428.955         430.804         445.135
          PE2_W      -38662.359      -38707.009      -38790.684      -38777.357      -38740.937
         PE2_PW        -991.643        -982.123        -998.398        -970.151        -992.587
      Nonbonded      -39425.848      -39467.844      -39557.901      -39540.724      -39506.634
    Nonbonded_P         228.154         221.288         231.181         206.785         226.890
    Nonbonded_W      -38662.359      -38707.009      -38790.684      -38777.357      -38740.937
   Nonbonded_PW        -991.643        -982.123        -998.398        -970.152        -992.587
             LJ        5829.180        5959.248        5776.651        5699.754        5703.730
           LJ_P          -7.054          -1.300          -9.003         -12.310         -14.041
           LJ_W        5928.774        6076.214        5891.364        5824.190        5820.192
          LJ_PW         -92.540        -115.666        -105.710        -112.126        -102.421
           LJ14          35.516          40.720          31.999          29.826          29.402
         LJ14_P          35.516          40.720          31.999          29.826          29.402
           LJsr        5970.032        6094.230        5921.303        5846.797        5850.806
         LJsr_P         -42.347         -41.799         -40.780         -41.913         -43.222
         LJsr_W        6092.383        6239.206        6055.237        5988.265        5983.905
        LJsr_PW         -80.004        -103.177         -93.154         -99.555         -89.877
           LJlr        -176.367        -175.702        -176.651        -176.869        -176.478
         LJlr_P          -0.222          -0.221          -0.222          -0.222          -0.222
         LJlr_W        -163.610        -162.992        -163.873        -164.075        -163.713
        LJlr_PW         -12.535         -12.489         -12.556         -12.572         -12.543
             EE      -45255.028      -45427.092      -45334.552      -45240.478      -45210.363
           EE_P         235.208         222.589         240.184         219.096         240.931
           EE_W      -44591.133      -44783.223      -44682.048      -44601.546      -44561.129
          EE_PW        -899.103        -866.458        -892.688        -858.028        -890.165
           EE14         728.300         722.147         734.481         735.411         726.336
         EE14_P         728.300         722.147         734.481         735.411         726.336
           EEsr      -41613.346      -41775.641      -41699.545      -41616.170      -41572.832
         EEsr_P         -76.940         -79.821         -78.167         -94.711         -73.206
         EEsr_W      -40917.143      -41098.530      -41012.840      -40940.516      -40888.240
        EEsr_PW        -619.263        -597.290        -608.538        -580.943        -611.386
           EElr       -4369.982       -4373.599       -4369.489       -4359.720       -4363.867
         EElr_P        -416.151        -419.737        -416.130        -421.605        -412.198
         EElr_W       -3673.990       -3684.693       -3669.208       -3661.030       -3672.889
        EElr_PW        -279.841        -269.169        -284.151        -277.085        -278.780
         Bonded         206.651         201.995         197.774         224.019         218.245
       Bonded_P         206.651         201.995         197.774         224.019         218.245
           Bond          54.310          45.016          50.804          56.594          57.374
         Bond_P          54.310          45.016          50.804          56.594          57.374
          Angle         120.390         123.058         121.360         127.408         132.350
        Angle_P         120.390         123.058         121.360         127.408         132.350
            Dih          23.171          24.141          17.026          30.263          20.642
          Dih_P          23.171          24.141          17.026          30.263          20.642
            Imp           8.780           9.779           8.584           9.754           7.879
          Imp_P           8.780           9.779           8.584           9.754           7.879
             PV           1.807           1.813           1.804           1.801           1.805
           PV_P           1.807           1.813           1.804           1.801           1.805
           PV_W           1.807           1.813           1.804           1.801           1.805
          PV_PW          -1.807          -1.813          -1.804          -1.801          -1.805
