             PE      -44844.713      -44856.928      -44842.017      -44858.593      -44863.245
           PE_P         589.405         586.883         591.609         589.511         590.272
           PE_W      -44842.831      -44851.894      -44840.262      -44857.271      -44858.138
          PE_PW        -591.287        -591.917        -593.364        -590.833        -595.379
            PE2      -44844.713      -44856.928      -44842.017      -44858.593      -44863.245
          PE2_P         589.405         586.883         591.609         589.511         590.272
          PE2_W      -44842.831      -44851.894      -44840.263      -44857.271      -44858.138
         PE2_PW        -591.287        -591.917        -593.363        -590.833        -595.379
      Nonbonded      -45120.131      -45130.842      -45119.553      -45135.642      -45138.785
    Nonbonded_P         313.987         312.969         314.073         312.462         314.733
    Nonbonded_W      -44842.831      -44851.894      -44840.263      -44857.271      -44858.138
   Nonbonded_PW        -591.287        -591.917        -593.363        -590.833        -595.380
             LJ        6604.683        6606.212        6613.772        6596.685        6609.731
           LJ_P         -14.997         -15.972         -14.732         -16.196         -15.197
           LJ_W        6796.763        6797.696        6805.159        6788.326        6801.627
          LJ_PW        -177.083        -175.512        -176.655        -175.445        -176.699
           LJ14          54.888          54.790          55.399          54.187          54.533
         LJ14_P          54.888          54.790          55.399          54.187          54.533
           LJsr        6756.038        6757.643        6764.580        6748.812        6761.423
         LJsr_P         -69.552         -70.429         -69.798         -70.051         -69.398
         LJsr_W        6986.289        6987.202        6994.651        6977.918        6991.137
        LJsr_PW        -160.699        -159.130        -160.273        -159.055        -160.316
           LJlr        -206.243        -206.221        -206.207        -206.314        -206.226
         LJlr_P          -0.333          -0.333          -0.333          -0.333          -0.333
         LJlr_W        -189.526        -189.506        -189.493        -189.592        -189.510
        LJlr_PW         -16.384         -16.382         -16.381         -16.389         -16.383
             EE      -51724.814      -51737.055      -51733.324      -51732.326      -51748.516
           EE_P         328.984         328.941         328.805         328.659         329.930
           EE_W      -51639.593      -51649.590      -51645.421      -51645.596      -51659.765
          EE_PW        -414.205        -416.406        -416.708        -415.389        -418.681
           EE14         617.999         618.888         618.135         618.687         617.205
         EE14_P         617.999         618.888         618.135         618.687         617.205
           EEsr      -47918.824      -47930.398      -47927.038      -47925.873      -47941.272
         EEsr_P         -61.305         -60.852         -61.067         -61.346         -59.722
         EEsr_W      -47526.822      -47535.087      -47532.014      -47531.083      -47546.199
        EEsr_PW        -330.697        -334.459        -333.957        -333.444        -335.351
           EElr       -4423.988       -4425.544       -4424.421       -4425.141       -4424.450
         EElr_P        -227.710        -229.095        -228.263        -228.683        -227.553
         EElr_W       -4112.772       -4114.503       -4113.408       -4114.513       -4113.565
        EElr_PW         -83.506         -81.946         -82.750         -81.945         -83.332
         Bonded         275.418         273.914         277.536         277.049         275.540
       Bonded_P         275.418         273.914         277.536         277.049         275.540
           Bond          68.102          68.133          70.109          69.051          68.417
         Bond_P          68.102          68.133          70.109          69.051          68.417
          Angle         144.877         144.674         145.571         145.212         144.583
        Angle_P         144.877         144.674         145.571         145.212         144.583
            Dih          52.842          51.431          52.354          53.230          52.934
          Dih_P          52.842          51.431          52.354          53.230          52.934
            Imp           9.598           9.676           9.502           9.555           9.606
          Imp_P           9.598           9.676           9.502           9.555           9.606
             PV           2.108           2.108           2.109           2.107           2.108
           PV_P           2.108           2.108           2.109           2.107           2.108
           PV_W           2.108           2.108           2.109           2.107           2.108
          PV_PW          -2.108          -2.108          -2.109          -2.107          -2.108
