             PE      -50586.350      -50584.953      -50589.569      -50585.090      -50604.154
           PE_P         389.221         388.749         390.945         385.741         386.528
           PE_W      -50362.690      -50359.623      -50365.382      -50360.563      -50376.960
          PE_PW        -612.881        -614.079        -615.132        -610.268        -613.722
            PE2      -50586.350      -50584.953      -50589.568      -50585.090      -50604.154
          PE2_P         389.221         388.749         390.945         385.741         386.528
          PE2_W      -50362.690      -50359.624      -50365.382      -50360.563      -50376.959
         PE2_PW        -612.881        -614.078        -615.131        -610.268        -613.723
      Nonbonded      -50812.978      -50812.668      -50818.149      -50811.192      -50831.473
    Nonbonded_P         162.594         161.033         162.364         159.638         159.209
    Nonbonded_W      -50362.690      -50359.624      -50365.382      -50360.563      -50376.959
   Nonbonded_PW        -612.882        -614.077        -615.131        -610.267        -613.723
             LJ        7457.663        7453.026        7461.308        7451.786        7467.210
           LJ_P         -10.845         -11.639         -11.594         -10.782         -11.279
           LJ_W        7615.550        7611.152        7618.871        7610.200        7624.848
          LJ_PW        -147.042        -146.487        -145.969        -147.632        -146.359
           LJ14          43.592          43.092          43.141          43.689          43.247
         LJ14_P          43.592          43.092          43.141          43.689          43.247
           LJsr        7642.321        7638.147        7646.380        7636.281        7652.191
         LJsr_P         -54.221         -54.516         -54.520         -54.256         -54.311
         LJsr_W        7829.490        7825.058        7832.777        7824.080        7838.769
        LJsr_PW        -132.948        -132.395        -131.877        -133.543        -132.267
           LJlr        -228.249        -228.213        -228.212        -228.185        -228.228
         LJlr_P          -0.215          -0.215          -0.215          -0.215          -0.215
         LJlr_W        -213.941        -213.906        -213.906        -213.880        -213.921
        LJlr_PW         -14.093         -14.092         -14.091         -14.090         -14.092
             EE      -58270.641      -58265.693      -58279.457      -58262.979      -58298.683
           EE_P         173.438         172.673         173.958         170.420         170.488
           EE_W      -57978.240      -57970.775      -57984.253      -57970.764      -58001.807
          EE_PW        -465.839        -467.591        -469.162        -462.635        -467.364
           EE14         546.687         546.892         547.141         546.703         545.701
         EE14_P         546.687         546.892         547.141         546.703         545.701
           EEsr      -53817.168      -53813.868      -53827.245      -53809.477      -53844.156
         EEsr_P         -80.434         -80.871         -80.524         -81.590         -81.137
         EEsr_W      -53357.420      -53351.776      -53365.108      -53349.355      -53381.095
        EEsr_PW        -379.314        -381.221        -381.613        -378.532        -381.924
           EElr       -5000.160       -4998.718       -4999.353       -5000.205       -5000.228
         EElr_P        -292.815        -293.349        -292.659        -294.694        -294.076
         EElr_W       -4620.820       -4618.999       -4619.145       -4621.408       -4620.713
        EElr_PW         -86.525         -86.370         -87.549         -84.103         -85.439
         Bonded         226.628         227.715         228.581         226.102         227.319
       Bonded_P         226.628         227.715         228.581         226.102         227.319
           Bond          55.822          55.753          56.057          55.618          56.015
         Bond_P          55.822          55.753          56.057          55.618          56.015
          Angle         121.566         122.181         122.409         121.348         120.781
        Angle_P         121.566         122.181         122.409         121.348         120.781
            Dih          40.535          40.959          41.282          40.327          41.831
          Dih_P          40.535          40.959          41.282          40.327          41.831
            Imp           8.704           8.822           8.833           8.809           8.691
          Imp_P           8.704           8.822           8.833           8.809           8.691
             PV           2.353           2.353           2.353           2.353           2.353
           PV_P           2.353           2.353           2.353           2.353           2.353
           PV_W           2.353           2.353           2.353           2.353           2.353
          PV_PW          -2.353          -2.353          -2.353          -2.353          -2.353
