             PE      -49817.548      -49821.005      -49771.118      -49839.023      -49788.108
           PE_P        -637.780        -654.682        -673.025        -640.933        -644.416
           PE_W      -47657.997      -47717.920      -47662.971      -47692.031      -47648.746
          PE_PW       -1521.771       -1448.403       -1435.122       -1506.059       -1494.946
            PE2      -49817.548      -49821.004      -49771.118      -49839.023      -49788.108
          PE2_P        -637.780        -654.682        -673.025        -640.933        -644.416
          PE2_W      -47657.997      -47717.919      -47662.969      -47692.027      -47648.748
         PE2_PW       -1521.771       -1448.403       -1435.124       -1506.063       -1494.944
      Nonbonded      -50212.468      -50217.852      -50163.727      -50223.685      -50185.730
    Nonbonded_P       -1032.701       -1051.530       -1065.635       -1025.595       -1042.038
    Nonbonded_W      -47657.997      -47717.919      -47662.969      -47692.027      -47648.748
   Nonbonded_PW       -1521.770       -1448.403       -1435.123       -1506.063       -1494.944
             LJ        7103.528        7175.057        7034.996        7107.439        7099.951
           LJ_P         -19.651         -16.865         -12.560         -10.715         -20.943
           LJ_W        7236.390        7308.706        7180.686        7251.377        7235.129
          LJ_PW        -113.211        -116.784        -133.130        -133.223        -114.235
           LJ14          52.252          51.366          51.489          52.355          50.044
         LJ14_P          52.252          51.366          51.489          52.355          50.044
           LJsr        7272.511        7345.313        7205.194        7276.330        7271.266
         LJsr_P         -71.541         -67.869         -63.687         -62.709         -70.626
         LJsr_W        7439.560        7512.233        7384.272        7454.558        7438.414
        LJsr_PW         -95.508         -99.051        -115.391        -115.519         -96.522
           LJlr        -221.235        -221.623        -221.687        -221.246        -221.360
         LJlr_P          -0.361          -0.362          -0.362          -0.361          -0.361
         LJlr_W        -203.170        -203.526        -203.585        -203.181        -203.285
        LJlr_PW         -17.704         -17.735         -17.740         -17.704         -17.714
             EE      -57315.997      -57392.908      -57198.723      -57331.124      -57285.681
           EE_P       -1013.050       -1034.666       -1053.074       -1014.880       -1021.095
           EE_W      -54894.387      -55026.625      -54843.655      -54943.404      -54883.877
          EE_PW       -1408.560       -1331.617       -1301.994       -1372.840       -1380.709
           EE14        -805.914        -810.368        -826.459        -801.587        -804.651
         EE14_P        -805.914        -810.368        -826.459        -801.587        -804.651
           EEsr      -51598.376      -51673.417      -51497.917      -51631.597      -51578.633
         EEsr_P         -11.442           0.402         -25.407          -7.965          -2.317
         EEsr_W      -50702.126      -50795.945      -50626.845      -50741.983      -50677.194
        EEsr_PW        -884.808        -877.874        -845.665        -881.649        -899.122
           EElr       -4911.707       -4909.123       -4874.347       -4897.940       -4902.397
         EElr_P        -195.694        -224.700        -201.208        -205.328        -214.127
         EElr_W       -4192.261       -4230.680       -4216.811       -4201.421       -4206.682
        EElr_PW        -523.752        -453.743        -456.328        -491.191        -481.588
         Bonded         394.921         396.848         392.609         384.662         397.622
       Bonded_P         394.921         396.848         392.609         384.662         397.622
           Bond          78.878          79.552          75.174          68.467          74.699
         Bond_P          78.878          79.552          75.174          68.467          74.699
          Angle         175.256         179.803         189.230         185.342         184.613
        Angle_P         175.256         179.803         189.230         185.342         184.613
            Dih         127.458         124.965         114.892         119.271         125.111
          Dih_P         127.458         124.965         114.892         119.271         125.111
            Imp          13.328          12.528          13.314          11.581          13.199
          Imp_P          13.328          12.528          13.314          11.581          13.199
             PV           2.252           2.248           2.247           2.252           2.250
           PV_P           2.252           2.248           2.247           2.252           2.250
           PV_W           2.252           2.248           2.247           2.252           2.250
          PV_PW          -2.252          -2.248          -2.247          -2.252          -2.250
