             PE      -60970.242      -60989.793      -60963.907      -60947.615      -60969.125
           PE_P        -342.021        -339.259        -333.933        -338.881        -340.383
           PE_W      -59621.394      -59635.855      -59604.162      -59594.961      -59613.548
          PE_PW       -1006.827       -1014.679       -1025.812       -1013.773       -1015.194
            PE2      -60970.242      -60989.793      -60963.907      -60947.615      -60969.125
          PE2_P        -342.021        -339.259        -333.933        -338.881        -340.383
          PE2_W      -59621.394      -59635.856      -59604.162      -59594.962      -59613.548
         PE2_PW       -1006.827       -1014.678       -1025.812       -1013.772       -1015.194
      Nonbonded      -61370.020      -61391.017      -61362.693      -61347.341      -61366.474
    Nonbonded_P        -741.799        -740.483        -732.719        -738.607        -737.732
    Nonbonded_W      -59621.394      -59635.856      -59604.162      -59594.962      -59613.548
   Nonbonded_PW       -1006.827       -1014.678       -1025.812       -1013.772       -1015.194
             LJ        8814.601        8824.628        8808.419        8788.900        8805.501
           LJ_P         -30.429         -34.117         -30.412         -30.880         -32.911
           LJ_W        9006.044        9022.663        9001.338        8980.804        9002.276
          LJ_PW        -161.014        -163.918        -162.507        -161.024        -163.864
           LJ14          47.465          44.901          46.813          47.344          46.068
         LJ14_P          47.465          44.901          46.813          47.344          46.068
           LJsr        9037.795        9050.336        9032.197        9012.154        9030.045
         LJsr_P         -77.600         -78.724         -76.932         -77.931         -78.685
         LJsr_W        9258.642        9275.215        9253.872        9233.345        9254.829
        LJsr_PW        -143.247        -146.155        -144.743        -143.260        -146.099
           LJlr        -270.660        -270.610        -270.591        -270.598        -270.612
         LJlr_P          -0.294          -0.294          -0.294          -0.294          -0.294
         LJlr_W        -252.598        -252.552        -252.534        -252.541        -252.554
        LJlr_PW         -17.768         -17.764         -17.763         -17.763         -17.764
             EE      -70184.621      -70215.644      -70171.112      -70136.241      -70171.975
           EE_P        -711.370        -706.366        -702.307        -707.727        -704.820
           EE_W      -68627.438      -68658.519      -68605.500      -68575.765      -68615.824
          EE_PW        -845.813        -850.759        -863.305        -852.749        -851.331
           EE14       -1017.041       -1014.851       -1016.697       -1015.944       -1022.242
         EE14_P       -1017.041       -1014.851       -1016.697       -1015.944       -1022.242
           EEsr      -63515.394      -63553.023      -63507.047      -63470.008      -63503.638
         EEsr_P          60.422          62.383          64.038          62.921          64.688
         EEsr_W      -63021.603      -63060.045      -63008.588      -62973.014      -63016.444
        EEsr_PW        -554.213        -555.361        -562.497        -559.915        -551.882
           EElr       -5652.185       -5647.770       -5647.368       -5650.289       -5646.094
         EElr_P         245.249         246.102         250.352         245.296         252.734
         EElr_W       -5605.835       -5598.474       -5596.912       -5602.752       -5599.379
        EElr_PW        -291.599        -295.398        -300.808        -292.833        -299.449
         Bonded         399.778         401.224         398.786         399.726         397.348
       Bonded_P         399.778         401.224         398.786         399.726         397.348
           Bond          78.016          82.093          81.288          79.643          79.691
         Bond_P          78.016          82.093          81.288          79.643          79.691
          Angle         173.240         169.505         171.907         172.328         170.336
        Angle_P         173.240         169.505         171.907         172.328         170.336
            Dih         135.043         136.530         132.136         134.346         134.132
          Dih_P         135.043         136.530         132.136         134.346         134.132
            Imp          13.479          13.096          13.456          13.409          13.189
          Imp_P          13.479          13.096          13.456          13.409          13.189
             PV           2.776           2.777           2.777           2.777           2.777
           PV_P           2.776           2.777           2.777           2.777           2.777
           PV_W           2.776           2.777           2.777           2.777           2.777
          PV_PW          -2.776          -2.777          -2.777          -2.777          -2.777
