             PE      -50817.072      -51011.344      -50753.703      -50903.384      -50770.682
           PE_P        -181.917        -179.191        -223.411        -202.165        -167.004
           PE_W      -49748.721      -49971.895      -49642.352      -49861.107      -49701.438
          PE_PW        -886.434        -860.258        -887.940        -840.112        -902.240
            PE2      -50817.065      -51011.342      -50753.705      -50903.387      -50770.678
          PE2_P        -181.917        -179.191        -223.411        -202.165        -167.004
          PE2_W      -49748.731      -49971.897      -49642.350      -49861.109      -49701.437
         PE2_PW        -886.417        -860.254        -887.944        -840.113        -902.237
      Nonbonded      -51183.926      -51378.068      -51090.062      -51241.888      -51140.161
    Nonbonded_P        -548.778        -545.917        -559.769        -540.666        -536.487
    Nonbonded_W      -49748.731      -49971.897      -49642.350      -49861.109      -49701.437
   Nonbonded_PW        -886.417        -860.254        -887.943        -840.113        -902.237
             LJ        7324.274        7507.461        7208.277        7290.158        7128.373
           LJ_P         -11.984         -12.435         -12.896         -12.129         -19.885
           LJ_W        7469.941        7655.191        7337.752        7450.344        7289.383
          LJ_PW        -133.683        -135.295        -116.579        -148.057        -141.125
           LJ14          48.714          41.548          38.225          58.096          49.836
         LJ14_P          48.714          41.548          38.225          58.096          49.836
           LJsr        7503.833        7693.762        7398.911        7460.544        7307.843
         LJsr_P         -60.403         -53.690         -50.826         -69.930         -69.425
         LJsr_W        7681.594        7866.450        7549.947        7662.190        7501.993
        LJsr_PW        -117.358        -118.998        -100.210        -131.716        -124.725
           LJlr        -228.274        -227.849        -228.859        -228.482        -229.306
         LJlr_P          -0.294          -0.294          -0.295          -0.295          -0.296
         LJlr_W        -211.653        -211.259        -212.195        -211.846        -212.610
        LJlr_PW         -16.327         -16.296         -16.369         -16.341         -16.400
             EE      -58508.200      -58885.529      -58298.339      -58532.045      -58268.533
           EE_P        -536.795        -533.482        -546.873        -528.537        -516.602
           EE_W      -57218.672      -57627.089      -56980.102      -57311.453      -56990.820
          EE_PW        -752.733        -724.958        -771.364        -692.055        -761.111
           EE14        -102.484         -89.215        -108.242         -89.069         -99.889
         EE14_P        -102.484         -89.215        -108.242         -89.069         -99.889
           EEsr      -53399.029      -53764.751      -53151.051      -53436.473      -53178.230
         EEsr_P        -110.690        -116.849        -119.338        -120.036        -108.627
         EEsr_W      -52658.031      -53036.521      -52389.914      -52740.816      -52465.398
        EEsr_PW        -630.308        -611.381        -641.799        -575.621        -604.205
           EElr       -5006.688       -5031.562       -5039.047       -5006.504       -4990.414
         EElr_P        -323.621        -327.417        -319.294        -319.432        -308.085
         EElr_W       -4560.641       -4590.568       -4590.188       -4570.637       -4525.422
        EElr_PW        -122.426        -113.577        -129.565        -116.435        -156.907
         Bonded         366.861         366.726         336.358         338.500         369.483
       Bonded_P         366.861         366.726         336.358         338.500         369.483
           Bond          70.084          69.592          81.016          69.073          67.351
         Bond_P          70.084          69.592          81.016          69.073          67.351
          Angle         159.684         173.791         125.242         142.613         165.987
        Angle_P         159.684         173.791         125.242         142.613         165.987
            Dih         125.936         111.156         118.051         118.269         129.180
          Dih_P         125.936         111.156         118.051         118.269         129.180
            Imp          11.157          12.186          12.048           8.546           6.965
          Imp_P          11.157          12.186          12.048           8.546           6.965
             PV           2.337           2.341           2.331           2.335           2.326
           PV_P           2.337           2.341           2.331           2.335           2.326
           PV_W           2.337           2.341           2.331           2.335           2.326
          PV_PW          -2.337          -2.341          -2.331          -2.335          -2.326
