             PE      -38859.120      -38810.637      -38830.171      -38829.580      -38852.236
           PE_P         110.943         116.888         115.802         118.635         117.023
           PE_W      -37872.464      -37822.649      -37846.891      -37841.771      -37867.787
          PE_PW       -1097.599       -1104.876       -1099.082       -1106.444       -1101.472
            PE2      -38859.120      -38810.637      -38830.171      -38829.580      -38852.237
          PE2_P         110.943         116.888         115.802         118.635         117.023
          PE2_W      -37872.464      -37822.649      -37846.891      -37841.773      -37867.788
         PE2_PW       -1097.599       -1104.876       -1099.082       -1106.442       -1101.472
      Nonbonded      -39140.239      -39091.125      -39106.539      -39108.746      -39131.835
    Nonbonded_P        -170.177        -163.600        -160.567        -160.531        -162.576
    Nonbonded_W      -37872.464      -37822.649      -37846.891      -37841.773      -37867.788
   Nonbonded_PW       -1097.598       -1104.876       -1099.081       -1106.442       -1101.471
             LJ        5577.710        5562.785        5603.119        5560.815        5629.982
           LJ_P         -24.913         -25.705         -25.016         -23.188         -23.998
           LJ_W        5712.313        5690.749        5732.049        5689.286        5759.110
          LJ_PW        -109.690        -102.259        -103.914        -105.283        -105.130
           LJ14          32.336          32.353          30.757          32.139          31.779
         LJ14_P          32.336          32.353          30.757          32.139          31.779
           LJsr        5719.442        5704.485        5746.445        5702.718        5772.326
         LJsr_P         -56.963         -57.773         -55.487         -55.042         -55.491
         LJsr_W        5872.077        5850.499        5891.827        5849.027        5918.925
        LJsr_PW         -95.672         -88.241         -89.895         -91.267         -91.108
           LJlr        -174.069        -174.053        -174.083        -174.043        -174.124
         LJlr_P          -0.286          -0.285          -0.286          -0.285          -0.286
         LJlr_W        -159.765        -159.750        -159.778        -159.741        -159.815
        LJlr_PW         -14.018         -14.018         -14.019         -14.017         -14.023
             EE      -44717.949      -44653.911      -44709.659      -44669.561      -44761.817
           EE_P        -145.264        -137.894        -135.551        -137.343        -138.578
           EE_W      -43584.777      -43513.397      -43578.940      -43531.059      -43626.898
          EE_PW        -987.908       -1002.620        -995.168       -1001.159        -996.341
           EE14         338.068         330.176         333.732         332.964         339.985
         EE14_P         338.068         330.176         333.732         332.964         339.985
           EEsr      -40773.817      -40706.755      -40761.025      -40721.687      -40817.014
         EEsr_P         -87.079         -76.998         -77.848         -78.470         -83.417
         EEsr_W      -40008.350      -39930.330      -39998.741      -39950.277      -40044.270
        EEsr_PW        -678.388        -699.427        -684.436        -692.940        -689.327
           EElr       -4282.200       -4277.331       -4282.366       -4280.838       -4284.787
         EElr_P        -396.253        -391.072        -391.436        -391.838        -395.146
         EElr_W       -3576.427       -3583.067       -3580.199       -3580.782       -3582.628
        EElr_PW        -309.520        -303.192        -310.731        -308.218        -307.013
         Bonded         281.119         280.488         276.369         279.166         279.599
       Bonded_P         281.119         280.488         276.369         279.166         279.599
           Bond          61.709          61.192          60.347          58.999          61.641
         Bond_P          61.709          61.192          60.347          58.999          61.641
          Angle         141.784         140.586         138.429         141.160         140.628
        Angle_P         141.784         140.586         138.429         141.160         140.628
            Dih          66.331          67.983          66.086          67.839          66.185
          Dih_P          66.331          67.983          66.086          67.839          66.185
            Imp          11.295          10.727          11.507          11.168          11.145
          Imp_P          11.295          10.727          11.507          11.168          11.145
             PV           1.767           1.767           1.767           1.767           1.766
           PV_P           1.767           1.767           1.767           1.767           1.766
           PV_W           1.767           1.767           1.767           1.767           1.766
          PV_PW          -1.767          -1.767          -1.767          -1.767          -1.766
