             PE      -64364.184      -64416.515      -64391.192      -64340.689      -64382.094
           PE_P        -677.554        -679.408        -676.755        -668.342        -669.050
           PE_W      -62429.707      -62475.793      -62453.544      -62399.166      -62424.837
          PE_PW       -1256.923       -1261.314       -1260.893       -1273.181       -1288.207
            PE2      -64364.184      -64416.516      -64391.193      -64340.690      -64382.094
          PE2_P        -677.554        -679.408        -676.755        -668.342        -669.050
          PE2_W      -62429.708      -62475.792      -62453.544      -62399.167      -62424.837
         PE2_PW       -1256.922       -1261.316       -1260.894       -1273.181       -1288.207
      Nonbonded      -64788.129      -64839.979      -64812.454      -64765.699      -64807.999
    Nonbonded_P       -1101.499       -1102.870       -1098.016       -1093.351       -1094.956
    Nonbonded_W      -62429.708      -62475.792      -62453.544      -62399.167      -62424.837
   Nonbonded_PW       -1256.922       -1261.317       -1260.894       -1273.181       -1288.206
             LJ        9241.385        9225.585        9212.915        9219.867        9227.375
           LJ_P         -23.234         -25.536         -24.390         -27.350         -25.474
           LJ_W        9432.170        9419.348        9405.897        9413.308        9419.012
          LJ_PW        -167.551        -168.227        -168.592        -166.091        -166.163
           LJ14          54.508          52.208          53.145          52.501          52.882
         LJ14_P          54.508          52.208          53.145          52.501          52.882
           LJsr        9469.992        9456.889        9443.146        9450.710        9457.833
         LJsr_P         -77.420         -77.422         -77.212         -79.528         -78.033
         LJsr_W        9695.984        9683.534        9669.955        9677.337        9683.036
        LJsr_PW        -148.572        -149.223        -149.597        -147.099        -147.170
           LJlr        -283.115        -283.513        -283.376        -283.344        -283.339
         LJlr_P          -0.323          -0.323          -0.323          -0.323          -0.323
         LJlr_W        -263.815        -264.186        -264.058        -264.028        -264.024
        LJlr_PW         -18.977         -19.004         -18.995         -18.993         -18.992
             EE      -74029.514      -74065.563      -74025.369      -73985.566      -74035.375
           EE_P       -1078.264       -1077.334       -1073.626       -1066.001       -1069.482
           EE_W      -71861.877      -71895.140      -71859.441      -71812.475      -71843.849
          EE_PW       -1089.373       -1093.089       -1092.302       -1107.090       -1122.044
           EE14       -1933.277       -1926.333       -1935.327       -1940.283       -1936.520
         EE14_P       -1933.277       -1926.333       -1935.327       -1940.283       -1936.520
           EEsr      -66332.037      -66368.833      -66324.676      -66285.756      -66333.642
         EEsr_P         158.020         146.781         158.022         167.598         164.218
         EEsr_W      -65857.613      -65892.282      -65850.417      -65812.549      -65850.599
        EEsr_PW        -632.444        -623.332        -632.281        -640.805        -647.261
           EElr       -5764.200       -5770.397       -5765.366       -5759.527       -5765.212
         EElr_P         696.993         702.218         703.679         706.684         702.820
         EElr_W       -6004.264       -6002.859       -6009.025       -5999.926       -5993.250
        EElr_PW        -456.929        -469.756        -460.020        -466.285        -474.782
         Bonded         423.944         423.462         421.261         425.009         425.906
       Bonded_P         423.944         423.462         421.261         425.009         425.906
           Bond          88.373          88.752          88.595          88.585          91.063
         Bond_P          88.373          88.752          88.595          88.585          91.063
          Angle         184.668         184.287         186.442         186.895         185.844
        Angle_P         184.668         184.287         186.442         186.895         185.844
            Dih         137.329         137.754         132.602         136.231         135.110
          Dih_P         137.329         137.754         132.602         136.231         135.110
            Imp          13.575          12.669          13.621          13.298          13.889
          Imp_P          13.575          12.669          13.621          13.298          13.889
             PV           2.903           2.899           2.901           2.901           2.901
           PV_P           2.903           2.899           2.901           2.901           2.901
           PV_W           2.903           2.899           2.901           2.901           2.901
          PV_PW          -2.903          -2.899          -2.901          -2.901          -2.901
