             PE      -57162.744      -57175.564      -57118.470      -57064.150      -57172.380
           PE_P        -676.088        -702.224        -684.835        -708.074        -701.068
           PE_W      -55128.482      -55134.576      -55054.866      -55009.766      -55117.677
          PE_PW       -1358.174       -1338.764       -1378.769       -1346.310       -1353.635
            PE2      -57162.742      -57175.566      -57118.470      -57064.148      -57172.379
          PE2_P        -676.088        -702.224        -684.835        -708.074        -701.068
          PE2_W      -55128.481      -55134.575      -55054.867      -55009.766      -55117.676
         PE2_PW       -1358.173       -1338.767       -1378.768       -1346.308       -1353.635
      Nonbonded      -57651.042      -57652.194      -57594.387      -57531.699      -57641.729
    Nonbonded_P       -1164.388       -1178.853       -1160.752       -1175.624       -1170.418
    Nonbonded_W      -55128.481      -55134.575      -55054.867      -55009.766      -55117.676
   Nonbonded_PW       -1358.173       -1338.766       -1378.768       -1346.309       -1353.635
             LJ        8128.642        8128.791        8107.984        8020.455        8126.776
           LJ_P         -14.280         -15.024         -12.442         -12.415         -15.275
           LJ_W        8320.199        8327.388        8306.475        8223.693        8326.455
          LJ_PW        -177.277        -183.573        -186.049        -190.823        -184.404
           LJ14          62.556          64.137          62.176          64.104          62.633
         LJ14_P          62.556          64.137          62.176          64.104          62.633
           LJsr        8318.872        8317.767        8298.389        8209.350        8317.384
         LJsr_P         -76.412         -78.738         -74.195         -76.095         -77.484
         LJsr_W        8552.178        8559.667        8538.266        8455.866        8558.852
        LJsr_PW        -156.894        -163.162        -165.682        -170.421        -163.984
           LJlr        -252.786        -253.114        -252.581        -252.999        -253.242
         LJlr_P          -0.423          -0.424          -0.423          -0.424          -0.424
         LJlr_W        -231.979        -232.279        -231.791        -232.174        -232.397
        LJlr_PW         -20.384         -20.411         -20.367         -20.401         -20.421
             EE      -65779.684      -65780.985      -65702.372      -65552.154      -65768.505
           EE_P       -1150.108       -1163.828       -1148.310       -1163.209       -1155.143
           EE_W      -63448.681      -63461.963      -63361.342      -63233.458      -63444.131
          EE_PW       -1180.895       -1155.194       -1192.720       -1155.487       -1169.231
           EE14       -1838.346       -1835.038       -1832.858       -1824.063       -1830.839
         EE14_P       -1838.346       -1835.038       -1832.858       -1824.063       -1830.839
           EEsr      -58653.189      -58657.162      -58579.345      -58443.350      -58650.990
         EEsr_P         134.308         129.468         128.085         124.038         132.051
         EEsr_W      -58156.673      -58159.325      -58087.724      -57939.562      -58152.371
        EEsr_PW        -630.824        -627.305        -619.706        -627.826        -630.670
           EElr       -5288.149       -5288.785       -5290.169       -5284.740       -5286.676
         EElr_P         553.929         541.742         556.462         536.816         543.644
         EElr_W       -5292.007       -5302.638       -5273.617       -5293.896       -5291.760
        EElr_PW        -550.071        -527.889        -573.014        -527.660        -538.560
         Bonded         488.300         476.628         475.917         467.551         469.350
       Bonded_P         488.300         476.628         475.917         467.551         469.350
           Bond         100.666         101.044         103.612          96.921          97.969
         Bond_P         100.666         101.044         103.612          96.921          97.969
          Angle         225.830         218.153         214.729         221.955         218.369
        Angle_P         225.830         218.153         214.729         221.955         218.369
            Dih         146.616         142.804         144.691         135.348         139.601
          Dih_P         146.616         142.804         144.691         135.348         139.601
            Imp          15.188          14.628          12.885          13.327          13.411
          Imp_P          15.188          14.628          12.885          13.327          13.411
             PV           2.573           2.570           2.576           2.571           2.569
           PV_P           2.573           2.570           2.576           2.571           2.569
           PV_W           2.573           2.570           2.576           2.571           2.569
          PV_PW          -2.573          -2.570          -2.576          -2.571          -2.569
