             PE      -52890.955      -52893.281      -52886.484      -52882.681      -52885.564
           PE_P        -919.934        -930.165        -917.288        -921.172        -928.531
           PE_W      -50625.898      -50640.856      -50627.963      -50631.586      -50631.874
          PE_PW       -1345.123       -1322.260       -1341.233       -1329.923       -1325.159
            PE2      -52890.954      -52893.281      -52886.483      -52882.681      -52885.564
          PE2_P        -919.934        -930.165        -917.288        -921.172        -928.531
          PE2_W      -50625.897      -50640.856      -50627.963      -50631.586      -50631.873
         PE2_PW       -1345.123       -1322.260       -1341.232       -1329.923       -1325.160
      Nonbonded      -53317.063      -53318.714      -53318.624      -53310.683      -53317.905
    Nonbonded_P       -1346.043       -1355.598       -1349.429       -1349.174       -1360.872
    Nonbonded_W      -50625.897      -50640.856      -50627.963      -50631.586      -50631.873
   Nonbonded_PW       -1345.123       -1322.260       -1341.232       -1329.923       -1325.160
             LJ        7465.138        7469.031        7452.111        7455.864        7455.196
           LJ_P         -29.897         -29.209         -28.040         -26.581         -31.916
           LJ_W        7650.583        7656.319        7635.742        7640.371        7642.924
          LJ_PW        -155.548        -158.079        -155.591        -157.926        -155.812
           LJ14          38.749          38.934          38.825          39.876          36.904
         LJ14_P          38.749          38.934          38.825          39.876          36.904
           LJsr        7657.771        7661.457        7644.516        7647.281        7649.542
         LJsr_P         -68.328         -67.826         -66.547         -66.140         -68.502
         LJsr_W        7864.603        7870.320        7849.622        7854.310        7856.824
        LJsr_PW        -138.504        -141.037        -138.559        -140.889        -138.780
           LJlr        -231.382        -231.361        -231.230        -231.293        -231.251
         LJlr_P          -0.318          -0.318          -0.318          -0.318          -0.318
         LJlr_W        -214.021        -214.001        -213.880        -213.938        -213.900
        LJlr_PW         -17.043         -17.042         -17.032         -17.037         -17.033
             EE      -60782.201      -60787.744      -60770.735      -60766.548      -60773.101
           EE_P       -1316.146       -1326.389       -1321.389       -1322.593       -1328.956
           EE_W      -58276.480      -58297.175      -58263.706      -58271.957      -58274.797
          EE_PW       -1189.575       -1164.180       -1185.640       -1171.998       -1169.348
           EE14       -2343.448       -2344.225       -2343.915       -2340.779       -2348.922
         EE14_P       -2343.448       -2344.225       -2343.915       -2340.779       -2348.921
           EEsr      -53798.637      -53806.955      -53788.392      -53785.967      -53787.579
         EEsr_P         225.635         226.847         227.379         225.295         229.703
         EEsr_W      -53411.653      -53426.258      -53395.473      -53400.902      -53403.848
        EEsr_PW        -612.619        -607.544        -620.298        -610.360        -613.434
           EElr       -4640.116       -4636.564       -4638.429       -4639.801       -4636.600
         EElr_P         801.668         790.989         795.147         792.891         790.262
         EElr_W       -4864.827       -4870.917       -4868.233       -4871.055       -4870.950
        EElr_PW        -576.957        -556.636        -565.343        -561.637        -555.912
         Bonded         426.109         425.433         432.141         428.002         432.342
       Bonded_P         426.109         425.433         432.141         428.002         432.342
           Bond          99.143          98.631          98.191          99.569         101.110
         Bond_P          99.143          98.631          98.191          99.569         101.110
          Angle         192.918         192.640         196.608         194.271         195.285
        Angle_P         192.918         192.640         196.608         194.271         195.285
            Dih         121.646         120.776         123.936         120.581         122.902
          Dih_P         121.646         120.776         123.936         120.581         122.902
            Imp          12.402          13.385          13.406          13.582          13.045
          Imp_P          12.402          13.385          13.406          13.582          13.045
             PV           2.355           2.355           2.356           2.356           2.356
           PV_P           2.355           2.355           2.356           2.356           2.356
           PV_W           2.355           2.355           2.356           2.356           2.356
          PV_PW          -2.355          -2.355          -2.356          -2.356          -2.356
