             PE      -56731.473      -56729.219      -56729.030      -56731.306      -56727.962
           PE_P        -818.401        -819.318        -819.205        -819.541        -818.387
           PE_W      -54748.685      -54748.395      -54745.480      -54749.052      -54745.100
          PE_PW       -1164.387       -1161.506       -1164.345       -1162.713       -1164.475
            PE2      -56731.473      -56729.219      -56729.030      -56731.306      -56727.962
          PE2_P        -818.401        -819.318        -819.205        -819.541        -818.387
          PE2_W      -54748.685      -54748.395      -54745.480      -54749.051      -54745.100
         PE2_PW       -1164.387       -1161.506       -1164.345       -1162.714       -1164.475
      Nonbonded      -57149.192      -57147.337      -57146.312      -57147.969      -57145.210
    Nonbonded_P       -1236.119       -1237.436       -1236.487       -1236.205       -1235.635
    Nonbonded_W      -54748.685      -54748.395      -54745.480      -54749.051      -54745.100
   Nonbonded_PW       -1164.388       -1161.506       -1164.345       -1162.713       -1164.475
             LJ        8104.378        8107.345        8101.934        8107.345        8104.147
           LJ_P         -14.681         -14.775         -14.566         -14.216         -14.798
           LJ_W        8267.595        8270.656        8265.423        8269.594        8267.496
          LJ_PW        -148.536        -148.536        -148.923        -148.033        -148.551
           LJ14          47.803          47.729          47.966          47.978          47.869
         LJ14_P          47.803          47.729          47.966          47.978          47.869
           LJsr        8306.532        8309.561        8303.951        8309.337        8306.195
         LJsr_P         -62.182         -62.201         -62.229         -61.892         -62.364
         LJsr_W        8499.893        8502.941        8497.745        8501.904        8499.756
        LJsr_PW        -131.179        -131.179        -131.565        -130.675        -131.197
           LJlr        -249.958        -249.944        -249.983        -249.971        -249.917
         LJlr_P          -0.302          -0.302          -0.302          -0.302          -0.302
         LJlr_W        -232.298        -232.285        -232.321        -232.310        -232.260
        LJlr_PW         -17.358         -17.357         -17.360         -17.359         -17.355
             EE      -65253.570      -65254.682      -65248.246      -65255.314      -65249.357
           EE_P       -1221.439       -1222.661       -1221.921       -1221.989       -1220.837
           EE_W      -63016.280      -63019.051      -63010.903      -63018.646      -63012.596
          EE_PW       -1015.851       -1012.970       -1015.422       -1014.679       -1015.924
           EE14       -1273.759       -1273.271       -1274.481       -1274.109       -1273.929
         EE14_P       -1273.759       -1273.271       -1274.481       -1274.109       -1273.929
           EEsr      -58535.265      -58536.396      -58529.522      -58536.308      -58531.109
         EEsr_P          30.245          29.091          30.668          30.388          30.463
         EEsr_W      -57870.746      -57872.595      -57865.686      -57872.544      -57867.470
        EEsr_PW        -694.764        -692.892        -694.504        -694.152        -694.102
           EElr       -5444.547       -5445.015       -5444.242       -5444.897       -5444.319
         EElr_P          22.075          21.520          21.892          21.732          22.629
         EElr_W       -5145.534       -5146.456       -5145.217       -5146.102       -5145.126
        EElr_PW        -321.088        -320.079        -320.917        -320.527        -321.822
         Bonded         417.719         418.118         417.282         416.664         417.248
       Bonded_P         417.719         418.118         417.282         416.664         417.248
           Bond          78.343          78.266          78.141          77.581          78.009
         Bond_P          78.343          78.266          78.141          77.581          78.009
          Angle         177.738         178.228         177.992         177.547         177.883
        Angle_P         177.738         178.228         177.992         177.547         177.883
            Dih         147.882         147.837         147.408         147.691         147.632
          Dih_P         147.882         147.837         147.408         147.691         147.632
            Imp          13.756          13.787          13.741          13.844          13.725
          Imp_P          13.756          13.787          13.741          13.844          13.725
             PV           2.554           2.554           2.553           2.553           2.554
           PV_P           2.554           2.554           2.553           2.553           2.554
           PV_W           2.554           2.554           2.553           2.553           2.554
          PV_PW          -2.554          -2.554          -2.553          -2.553          -2.554
