             PE      -57149.472      -57144.124      -57138.977      -57138.106      -57141.930
           PE_P        -714.134        -714.383        -711.282        -710.880        -717.573
           PE_W      -55133.572      -55127.359      -55120.559      -55123.693      -55136.532
          PE_PW       -1301.766       -1302.382       -1307.136       -1303.533       -1287.825
            PE2      -57149.472      -57144.124      -57138.977      -57138.106      -57141.930
          PE2_P        -714.134        -714.383        -711.282        -710.880        -717.573
          PE2_W      -55133.572      -55127.359      -55120.559      -55123.693      -55136.533
         PE2_PW       -1301.766       -1302.382       -1307.136       -1303.533       -1287.824
      Nonbonded      -57610.817      -57606.526      -57601.173      -57600.048      -57606.992
    Nonbonded_P       -1175.479       -1176.785       -1173.478       -1172.821       -1182.635
    Nonbonded_W      -55133.572      -55127.359      -55120.559      -55123.693      -55136.533
   Nonbonded_PW       -1301.766       -1302.382       -1307.136       -1303.534       -1287.824
             LJ        8119.582        8118.581        8103.075        8109.693        8117.053
           LJ_P         -24.133         -23.053         -24.849         -23.848         -24.532
           LJ_W        8322.044        8320.116        8304.738        8311.290        8319.415
          LJ_PW        -178.329        -178.482        -176.814        -177.749        -177.830
           LJ14          61.820          62.390          61.898          62.331          61.869
         LJ14_P          61.820          62.390          61.898          62.331          61.869
           LJsr        8310.908        8309.301        8294.335        8300.384        8308.286
         LJsr_P         -85.529         -85.018         -86.323         -85.755         -85.977
         LJsr_W        8554.353        8552.392        8537.057        8543.485        8551.683
        LJsr_PW        -157.916        -158.073        -156.399        -157.346        -157.420
           LJlr        -253.146        -253.110        -253.157        -253.021        -253.101
         LJlr_P          -0.424          -0.424          -0.424          -0.424          -0.424
         LJlr_W        -232.309        -232.276        -232.319        -232.194        -232.268
        LJlr_PW         -20.413         -20.410         -20.414         -20.403         -20.409
             EE      -65730.399      -65725.107      -65704.248      -65709.741      -65724.045
           EE_P       -1151.346       -1153.733       -1148.629       -1148.973       -1158.103
           EE_W      -63455.616      -63447.476      -63425.297      -63434.983      -63455.948
          EE_PW       -1123.437       -1123.898       -1130.322       -1125.785       -1109.994
           EE14       -1837.857       -1838.998       -1836.760       -1837.621       -1839.465
         EE14_P       -1837.857       -1838.998       -1836.760       -1837.621       -1839.465
           EEsr      -58615.976      -58609.811      -58590.535      -58596.209      -58609.298
         EEsr_P         159.011         159.173         158.964         157.857         156.883
         EEsr_W      -58139.707      -58131.621      -58111.363      -58120.965      -58133.503
        EEsr_PW        -635.280        -637.363        -638.136        -633.101        -632.678
           EElr       -5276.566       -5276.298       -5276.954       -5275.911       -5275.281
         EElr_P         527.500         526.092         529.167         530.792         524.480
         EElr_W       -5315.909       -5315.855       -5313.934       -5314.019       -5322.444
        EElr_PW        -488.157        -486.535        -492.187        -492.684        -477.317
         Bonded         461.345         462.402         462.196         461.942         465.062
       Bonded_P         461.345         462.402         462.196         461.942         465.062
           Bond          95.466          96.061          95.463          96.384          96.677
         Bond_P          95.466          96.061          95.463          96.384          96.677
          Angle         212.860         213.027         212.874         213.170         214.658
        Angle_P         212.860         213.027         212.874         213.170         214.658
            Dih         139.808         140.119         140.390         139.520         140.567
          Dih_P         139.808         140.119         140.390         139.520         140.567
            Imp          13.212          13.195          13.470          12.868          13.161
          Imp_P          13.212          13.195          13.470          12.868          13.161
             PV           2.570           2.570           2.570           2.571           2.570
           PV_P           2.570           2.570           2.570           2.571           2.570
           PV_W           2.570           2.570           2.570           2.571           2.570
          PV_PW          -2.570          -2.570          -2.570          -2.571          -2.570
