             PE      -69581.203      -69609.607      -69567.773      -69615.982      -69578.682
           PE_P        -715.082        -719.481        -734.734        -725.430        -727.421
           PE_W      -67467.063      -67498.375      -67475.318      -67529.132      -67487.134
          PE_PW       -1399.058       -1391.751       -1357.721       -1361.420       -1364.127
            PE2      -69581.203      -69609.607      -69567.772      -69615.981      -69578.680
          PE2_P        -715.082        -719.481        -734.734        -725.430        -727.421
          PE2_W      -67467.063      -67498.377      -67475.316      -67529.131      -67487.133
         PE2_PW       -1399.058       -1391.749       -1357.722       -1361.420       -1364.126
      Nonbonded      -70023.669      -70049.884      -70010.895      -70060.996      -70025.705
    Nonbonded_P       -1157.548       -1159.758       -1177.857       -1170.445       -1174.446
    Nonbonded_W      -67467.063      -67498.377      -67475.316      -67529.131      -67487.133
   Nonbonded_PW       -1399.058       -1391.749       -1357.722       -1361.420       -1364.126
             LJ        9997.824       10014.827        9977.882        9998.957        9989.022
           LJ_P         -17.175         -17.054         -17.303         -21.844         -17.890
           LJ_W       10195.139       10208.633       10172.604       10193.914       10185.827
          LJ_PW        -180.140        -176.752        -177.419        -173.113        -178.915
           LJ14          63.384          64.335          63.518          64.639          63.799
         LJ14_P          63.384          64.335          63.518          64.639          63.799
           LJsr       10240.354       10256.303       10220.235       10240.376       10231.216
         LJsr_P         -80.230         -81.059         -80.490         -86.153         -81.358
         LJsr_W       10480.735       10494.133       10458.159       10479.643       10471.496
        LJsr_PW        -160.151        -156.771        -157.434        -153.114        -158.922
           LJlr        -305.915        -305.811        -305.871        -306.058        -305.993
         LJlr_P          -0.330          -0.330          -0.330          -0.331          -0.330
         LJlr_W        -285.596        -285.499        -285.555        -285.729        -285.669
        LJlr_PW         -19.989         -19.982         -19.986         -19.998         -19.994
             EE      -80021.493      -80064.712      -79988.777      -80059.953      -80014.727
           EE_P       -1140.373       -1142.704       -1160.554       -1148.601       -1156.556
           EE_W      -77662.202      -77707.010      -77647.920      -77723.045      -77672.960
          EE_PW       -1218.918       -1214.998       -1180.303       -1188.307       -1185.211
           EE14       -1838.384       -1840.424       -1843.985       -1839.081       -1843.338
         EE14_P       -1838.384       -1840.424       -1843.985       -1839.081       -1843.338
           EEsr      -71743.701      -71789.166      -71709.146      -71779.916      -71735.905
         EEsr_P         144.758         145.816         144.214         146.053         143.966
         EEsr_W      -71244.200      -71289.679      -71208.524      -71285.656      -71244.238
        EEsr_PW        -644.259        -645.303        -644.836        -640.313        -635.633
           EElr       -6439.407       -6435.122       -6435.645       -6440.956       -6435.484
         EElr_P         553.254         551.903         539.218         544.427         542.817
         EElr_W       -6418.003       -6417.331       -6439.396       -6437.389       -6428.722
        EElr_PW        -574.658        -569.694        -535.467        -547.994        -549.579
         Bonded         442.466         440.278         443.123         445.015         447.025
       Bonded_P         442.466         440.278         443.123         445.015         447.025
           Bond          91.907          93.809          94.025          95.712          94.620
         Bond_P          91.907          93.809          94.025          95.712          94.620
          Angle         198.016         194.410         199.351         194.682         198.497
        Angle_P         198.016         194.410         199.351         194.682         198.497
            Dih         139.203         139.044         136.318         141.650         140.609
          Dih_P         139.203         139.044         136.318         141.650         140.609
            Imp          13.340          13.014          13.429          12.972          13.300
          Imp_P          13.340          13.014          13.429          12.972          13.300
             PV           3.136           3.137           3.136           3.134           3.135
           PV_P           3.136           3.137           3.136           3.134           3.135
           PV_W           3.136           3.137           3.136           3.134           3.135
          PV_PW          -3.136          -3.137          -3.136          -3.134          -3.135
