             PE      -46821.014      -46818.438      -46820.976      -46816.548      -46824.135
           PE_P        -408.035        -427.997        -391.150        -398.971        -405.396
           PE_W      -45219.470      -45238.564      -45204.419      -45209.313      -45221.994
          PE_PW       -1193.509       -1151.877       -1225.407       -1208.264       -1196.745
            PE2      -46821.014      -46818.438      -46820.976      -46816.548      -46824.135
          PE2_P        -408.035        -427.997        -391.150        -398.971        -405.396
          PE2_W      -45219.470      -45238.563      -45204.419      -45209.313      -45221.994
         PE2_PW       -1193.509       -1151.878       -1225.407       -1208.264       -1196.745
      Nonbonded      -47151.304      -47150.619      -47151.655      -47149.905      -47154.016
    Nonbonded_P        -738.326        -760.179        -721.829        -732.328        -735.277
    Nonbonded_W      -45219.470      -45238.563      -45204.419      -45209.313      -45221.994
   Nonbonded_PW       -1193.508       -1151.877       -1225.407       -1208.264       -1196.745
             LJ        6736.384        6725.937        6727.289        6715.221        6731.348
           LJ_P         -23.473         -23.863         -24.788         -23.768         -23.491
           LJ_W        6879.401        6870.720        6871.557        6860.076        6873.005
          LJ_PW        -119.544        -120.920        -119.480        -121.087        -118.166
           LJ14          36.417          35.617          35.799          35.874          35.931
         LJ14_P          36.417          35.617          35.799          35.874          35.931
           LJsr        6908.510        6898.924        6900.075        6887.930        6903.996
         LJsr_P         -59.599         -59.190         -60.296         -59.351         -59.131
         LJsr_W        7072.172        7063.547        7064.366        7052.883        7065.808
        LJsr_PW        -104.063        -105.433        -103.995        -105.602        -102.681
           LJlr        -208.544        -208.604        -208.586        -208.583        -208.579
         LJlr_P          -0.290          -0.291          -0.291          -0.291          -0.290
         LJlr_W        -192.771        -192.827        -192.809        -192.807        -192.803
        LJlr_PW         -15.483         -15.486         -15.486         -15.485         -15.486
             EE      -53887.688      -53876.556      -53878.944      -53865.127      -53885.364
           EE_P        -714.853        -736.316        -697.041        -708.561        -711.787
           EE_W      -52098.871      -52109.284      -52075.976      -52069.390      -52094.998
          EE_PW       -1073.964       -1030.956       -1105.927       -1087.176       -1078.579
           EE14        -723.443        -717.954        -731.111        -738.240        -731.077
         EE14_P        -723.443        -717.954        -731.111        -738.240        -731.077
           EEsr      -48753.875      -48742.847      -48742.448      -48724.326      -48747.773
         EEsr_P          26.957          17.217          36.601          34.323          31.202
         EEsr_W      -48058.033      -48054.815      -48044.974      -48034.527      -48054.553
        EEsr_PW        -722.799        -705.249        -734.075        -724.122        -724.422
           EElr       -4410.369       -4415.755       -4405.385       -4402.561       -4406.514
         EElr_P         -18.367         -35.580          -2.532          -4.644         -11.911
         EElr_W       -4040.838       -4054.469       -4031.002       -4034.863       -4040.446
        EElr_PW        -351.164        -325.706        -371.851        -363.054        -354.157
         Bonded         330.290         332.182         330.680         333.357         329.881
       Bonded_P         330.290         332.182         330.680         333.357         329.881
           Bond          78.428          78.483          78.995          78.464          77.818
         Bond_P          78.428          78.483          78.995          78.464          77.818
          Angle         163.755         165.264         163.302         165.916         164.812
        Angle_P         163.755         165.264         163.302         165.916         164.812
            Dih          75.988          76.433          76.348          76.726          75.286
          Dih_P          75.988          76.433          76.348          76.726          75.286
            Imp          12.119          12.001          12.035          12.251          11.966
          Imp_P          12.119          12.001          12.035          12.251          11.966
             PV           2.128           2.128           2.128           2.128           2.128
           PV_P           2.128           2.128           2.128           2.128           2.128
           PV_W           2.128           2.128           2.128           2.128           2.128
          PV_PW          -2.128          -2.128          -2.128          -2.128          -2.128
