             PE      -46814.843      -46800.410      -46826.921      -46823.261      -46813.689
           PE_P        -389.639        -409.143        -379.400        -384.469        -412.337
           PE_W      -45195.045      -45197.000      -45202.638      -45202.912      -45210.521
          PE_PW       -1230.159       -1194.267       -1244.883       -1235.880       -1190.831
            PE2      -46814.843      -46800.410      -46826.921      -46823.261      -46813.689
          PE2_P        -389.639        -409.143        -379.400        -384.469        -412.337
          PE2_W      -45195.046      -45197.001      -45202.638      -45202.912      -45210.522
         PE2_PW       -1230.158       -1194.266       -1244.883       -1235.880       -1190.830
      Nonbonded      -47146.536      -47131.885      -47159.277      -47151.147      -47145.711
    Nonbonded_P        -721.332        -740.618        -711.755        -712.356        -744.359
    Nonbonded_W      -45195.046      -45197.001      -45202.638      -45202.912      -45210.522
   Nonbonded_PW       -1230.158       -1194.266       -1244.884       -1235.879       -1190.830
             LJ        6722.307        6705.910        6716.199        6720.659        6718.206
           LJ_P         -24.802         -25.102         -25.253         -24.276         -25.819
           LJ_W        6864.684        6852.032        6860.495        6864.832        6862.071
          LJ_PW        -117.575        -121.020        -119.043        -119.897        -118.046
           LJ14          35.246          35.122          35.051          35.986          35.719
         LJ14_P          35.246          35.122          35.051          35.986          35.719
           LJsr        6895.614        6879.389        6889.724        6893.255        6891.073
         LJsr_P         -59.757         -59.933         -60.013         -59.972         -61.247
         LJsr_W        7057.462        7044.857        7053.295        7057.639        7054.880
        LJsr_PW        -102.091        -105.535        -103.558        -104.412        -102.560
           LJlr        -208.552        -208.602        -208.576        -208.583        -208.586
         LJlr_P          -0.290          -0.291          -0.290          -0.291          -0.291
         LJlr_W        -192.779        -192.825        -192.801        -192.807        -192.809
        LJlr_PW         -15.483         -15.486         -15.485         -15.485         -15.486
             EE      -53868.844      -53837.794      -53875.476      -53871.806      -53863.917
           EE_P        -696.531        -715.516        -686.503        -688.079        -718.539
           EE_W      -52059.729      -52049.033      -52063.133      -52067.744      -52072.592
          EE_PW       -1112.584       -1073.245       -1125.840       -1115.983       -1072.786
           EE14        -728.800        -723.943        -725.597        -713.963        -732.312
         EE14_P        -728.800        -723.943        -725.597        -713.963        -732.312
           EEsr      -48732.276      -48702.679      -48740.100      -48742.386      -48725.268
         EEsr_P          36.162          29.571          45.968          36.487          30.622
         EEsr_W      -48028.752      -48008.221      -48031.562      -48036.631      -48028.142
        EEsr_PW        -739.686        -724.029        -754.506        -742.242        -727.748
           EElr       -4407.768       -4411.172       -4409.779       -4415.457       -4406.337
         EElr_P          -3.893         -21.144          -6.873         -10.603         -16.850
         EElr_W       -4030.978       -4040.812       -4031.571       -4031.113       -4044.451
        EElr_PW        -372.897        -349.216        -371.335        -373.741        -345.036
         Bonded         331.693         331.474         332.355         327.886         332.022
       Bonded_P         331.693         331.474         332.355         327.886         332.022
           Bond          79.014          78.451          79.134          77.462          79.053
         Bond_P          79.014          78.451          79.134          77.462          79.053
          Angle         164.733         163.185         163.985         161.810         163.339
        Angle_P         164.733         163.185         163.985         161.810         163.339
            Dih          75.953          77.765          77.460          76.107          77.723
          Dih_P          75.953          77.765          77.460          76.107          77.723
            Imp          11.993          12.073          11.775          12.507          11.907
          Imp_P          11.993          12.073          11.775          12.507          11.907
             PV           2.128           2.128           2.128           2.128           2.128
           PV_P           2.128           2.128           2.128           2.128           2.128
           PV_W           2.128           2.128           2.128           2.128           2.128
          PV_PW          -2.128          -2.128          -2.128          -2.128          -2.128
