             PE      -50877.854      -50857.205      -50783.595      -50931.665      -50853.918
           PE_P        -192.225        -226.075        -213.737        -209.713        -212.671
           PE_W      -49830.872      -49833.317      -49753.834      -49909.713      -49820.381
          PE_PW        -854.757        -797.813        -816.024        -812.239        -820.866
            PE2      -50877.853      -50857.205      -50783.598      -50931.666      -50853.919
          PE2_P        -192.225        -226.075        -213.737        -209.713        -212.671
          PE2_W      -49830.872      -49833.317      -49753.835      -49909.712      -49820.380
         PE2_PW        -854.756        -797.813        -816.026        -812.241        -820.868
      Nonbonded      -51212.749      -51182.228      -51116.977      -51264.734      -51180.705
    Nonbonded_P        -527.121        -551.098        -547.116        -542.782        -539.457
    Nonbonded_W      -49830.872      -49833.317      -49753.835      -49909.712      -49820.380
   Nonbonded_PW        -854.756        -797.813        -816.026        -812.240        -820.868
             LJ        7398.437        7377.376        7403.298        7441.149        7429.060
           LJ_P          -0.790          -2.866          -6.086          -2.656          -0.982
           LJ_W        7540.208        7530.040        7546.974        7591.335        7578.951
          LJ_PW        -140.981        -149.798        -137.590        -147.530        -148.909
           LJ14          58.489          56.531          54.100          56.100          59.513
         LJ14_P          58.489          56.531          54.100          56.100          59.513
           LJsr        7568.390        7549.255        7577.475        7613.407        7598.045
         LJsr_P         -58.985         -59.102         -59.891         -58.462         -60.200
         LJsr_W        7752.016        7741.819        7758.629        7803.066        7790.810
        LJsr_PW        -124.641        -133.462        -121.263        -131.197        -132.565
           LJlr        -228.441        -228.409        -228.277        -228.358        -228.497
         LJlr_P          -0.295          -0.294          -0.294          -0.294          -0.295
         LJlr_W        -211.808        -211.778        -211.655        -211.731        -211.859
        LJlr_PW         -16.338         -16.337         -16.328         -16.333         -16.343
             EE      -58611.186      -58559.604      -58520.275      -58705.883      -58609.765
           EE_P        -526.331        -548.233        -541.031        -540.126        -538.475
           EE_W      -57371.081      -57363.357      -57300.809      -57501.047      -57399.330
          EE_PW        -713.774        -648.014        -678.435        -664.710        -671.960
           EE14        -103.420        -105.019        -101.815        -106.508         -88.639
         EE14_P        -103.420        -105.019        -101.815        -106.508         -88.639
           EEsr      -53506.127      -53457.315      -53412.307      -53600.068      -53509.814
         EEsr_P         -94.972        -107.915        -100.896        -102.861        -107.362
         EEsr_W      -52806.228      -52788.714      -52716.012      -52926.631      -52828.401
        EEsr_PW        -604.927        -560.686        -595.399        -570.576        -574.051
           EElr       -5001.639       -4997.270       -5006.153       -4999.307       -5011.312
         EElr_P        -327.939        -335.299        -338.320        -330.757        -342.474
         EElr_W       -4564.853       -4574.644       -4584.797       -4574.416       -4570.929
        EElr_PW        -108.847         -87.327         -83.036         -94.134         -97.909
         Bonded         334.896         325.023         333.380         333.069         326.786
       Bonded_P         334.896         325.023         333.380         333.069         326.786
           Bond          70.205          68.216          79.518          73.919          69.510
         Bond_P          70.205          68.216          79.518          73.919          69.510
          Angle         157.279         144.422         145.308         148.254         149.765
        Angle_P         157.279         144.422         145.308         148.254         149.765
            Dih          95.236         100.352          94.707          98.390          95.522
          Dih_P          95.236         100.352          94.707          98.390          95.522
            Imp          12.175          12.033          13.847          12.505          11.989
          Imp_P          12.175          12.033          13.847          12.505          11.989
             PV           2.335           2.335           2.337           2.336           2.335
           PV_P           2.335           2.335           2.337           2.336           2.335
           PV_W           2.335           2.335           2.337           2.336           2.335
          PV_PW          -2.335          -2.335          -2.337          -2.336          -2.335
