             PE      -38017.468      -38071.887      -38080.139      -38044.833      -38111.206
           PE_P         199.087         198.051         197.694         201.114         200.254
           PE_W      -37156.984      -37217.601      -37237.057      -37188.408      -37245.493
          PE_PW       -1059.571       -1052.337       -1040.776       -1057.539       -1065.967
            PE2      -38017.467      -38071.888      -38080.140      -38044.833      -38111.206
          PE2_P         199.087         198.051         197.694         201.114         200.254
          PE2_W      -37156.983      -37217.601      -37237.057      -37188.408      -37245.495
         PE2_PW       -1059.571       -1052.338       -1040.777       -1057.539       -1065.965
      Nonbonded      -38244.810      -38301.756      -38308.720      -38272.985      -38337.682
    Nonbonded_P         -28.257         -31.817         -30.886         -27.038         -26.222
    Nonbonded_W      -37156.983      -37217.601      -37237.057      -37188.408      -37245.495
   Nonbonded_PW       -1059.570       -1052.338       -1040.777       -1057.539       -1065.965
             LJ        5490.476        5505.269        5478.235        5544.807        5545.927
           LJ_P         -18.409         -16.707         -17.441         -18.838         -17.094
           LJ_W        5612.560        5627.081        5603.128        5672.321        5668.982
          LJ_PW        -103.675        -105.105        -107.452        -108.676        -105.961
           LJ14          34.528          36.228          35.580          34.645          36.223
         LJ14_P          34.528          36.228          35.580          34.645          36.223
           LJsr        5626.621        5639.688        5613.495        5680.992        5680.810
         LJsr_P         -52.670         -52.667         -52.753         -53.215         -53.048
         LJsr_W        5769.472        5783.969        5760.192        5829.377        5826.291
        LJsr_PW         -90.181         -91.614         -93.944         -95.170         -92.433
           LJlr        -170.674        -170.648        -170.839        -170.830        -171.106
         LJlr_P          -0.267          -0.267          -0.268          -0.268          -0.268
         LJlr_W        -156.912        -156.888        -157.064        -157.056        -157.310
        LJlr_PW         -13.495         -13.493         -13.507         -13.506         -13.528
             EE      -43735.286      -43807.025      -43786.955      -43817.791      -43883.609
           EE_P          -9.848         -15.110         -13.445          -8.200          -9.128
           EE_W      -42769.543      -42844.682      -42840.184      -42860.729      -42914.476
          EE_PW        -955.895        -947.233        -933.326        -948.862        -960.005
           EE14         716.686         710.729         714.564         711.432         713.273
         EE14_P         716.686         710.729         714.564         711.432         713.273
           EEsr      -40019.718      -40084.630      -40065.295      -40098.127      -40158.649
         EEsr_P        -130.715        -130.849        -130.928        -126.226        -128.486
         EEsr_W      -39268.055      -39337.130      -39324.147      -39357.986      -39402.815
        EEsr_PW        -620.948        -616.651        -610.220        -613.915        -627.348
           EElr       -4432.253       -4433.123       -4436.223       -4431.096       -4438.233
         EElr_P        -595.819        -594.990        -597.081        -593.406        -593.915
         EElr_W       -3501.488       -3507.552       -3516.037       -3502.743       -3511.661
        EElr_PW        -334.946        -330.581        -323.105        -334.947        -332.657
         Bonded         227.343         229.868         228.580         228.152         226.476
       Bonded_P         227.343         229.868         228.580         228.152         226.476
           Bond          52.565          52.412          54.417          52.763          54.437
         Bond_P          52.565          52.412          54.417          52.763          54.437
          Angle         130.009         131.800         129.468         132.251         128.780
        Angle_P         130.009         131.800         129.468         132.251         128.780
            Dih          35.313          35.786          34.976          34.236          34.400
          Dih_P          35.313          35.786          34.976          34.236          34.400
            Imp           9.456           9.870           9.720           8.901           8.859
          Imp_P           9.456           9.870           9.720           8.901           8.859
             PV           1.739           1.739           1.737           1.737           1.735
           PV_P           1.739           1.739           1.737           1.737           1.735
           PV_W           1.739           1.739           1.737           1.737           1.735
          PV_PW          -1.739          -1.739          -1.737          -1.737          -1.735
