             PE      -41019.580      -41010.120      -41213.129      -41006.881      -41054.799
           PE_P          88.728         112.370          70.851          88.772         106.790
           PE_W      -40489.134      -40496.690      -40708.214      -40493.860      -40528.926
          PE_PW        -619.174        -625.800        -575.766        -601.793        -632.663
            PE2      -41019.578      -41010.120      -41213.131      -41006.880      -41054.798
          PE2_P          88.728         112.370          70.851          88.772         106.790
          PE2_W      -40489.133      -40496.689      -40708.213      -40493.861      -40528.926
         PE2_PW        -619.173        -625.801        -575.769        -601.791        -632.662
      Nonbonded      -41324.100      -41324.286      -41483.964      -41304.019      -41349.625
    Nonbonded_P        -215.794        -201.796        -199.982        -208.367        -188.038
    Nonbonded_W      -40489.133      -40496.689      -40708.213      -40493.861      -40528.926
   Nonbonded_PW        -619.173        -625.801        -575.769        -601.791        -632.661
             LJ        6006.767        5908.160        6142.072        5996.934        5857.234
           LJ_P         -11.761         -22.182          -2.277         -10.743         -12.479
           LJ_W        6165.887        6077.148        6291.978        6151.228        6014.362
          LJ_PW        -147.359        -146.806        -147.629        -143.551        -144.649
           LJ14          38.218          30.791          41.214          36.091          38.237
         LJ14_P          38.218          30.791          41.214          36.091          38.237
           LJsr        6154.083        6063.723        6286.226        6146.128        6005.103
         LJsr_P         -49.714         -52.708         -43.227         -46.569         -50.451
         LJsr_W        6337.101        6249.118        6463.039        6322.211        6186.104
        LJsr_PW        -133.304        -132.687        -133.586        -129.514        -130.550
           LJlr        -185.534        -186.354        -185.368        -185.284        -186.107
         LJlr_P          -0.264          -0.265          -0.264          -0.264          -0.265
         LJlr_W        -171.213        -171.970        -171.060        -170.983        -171.742
        LJlr_PW         -14.057         -14.119         -14.044         -14.037         -14.100
             EE      -47330.868      -47232.446      -47626.036      -47300.954      -47206.859
           EE_P        -204.033        -179.614        -197.705        -197.625        -175.558
           EE_W      -46655.021      -46573.836      -47000.191      -46645.089      -46543.288
          EE_PW        -471.814        -478.996        -428.140        -458.240        -488.013
           EE14         252.093         231.748         257.135         229.084         226.745
         EE14_P         252.093         231.748         257.135         229.084         226.745
           EEsr      -43390.445      -43303.057      -43715.470      -43370.199      -43271.566
         EEsr_P         -62.606         -49.581         -70.805         -60.400         -47.797
         EEsr_W      -42940.325      -42870.223      -43285.928      -42933.580      -42842.297
        EEsr_PW        -387.514        -383.253        -358.737        -376.219        -381.472
           EElr       -4192.516       -4161.137       -4167.701       -4159.838       -4162.038
         EElr_P        -393.520        -361.780        -384.035        -366.309        -354.506
         EElr_W       -3714.695       -3703.614       -3714.263       -3711.509       -3700.991
        EElr_PW         -84.301         -95.743         -69.403         -82.020        -106.541
         Bonded         304.522         314.166         270.833         297.139         294.828
       Bonded_P         304.522         314.166         270.833         297.139         294.828
           Bond          64.998          66.180          39.414          55.931          56.220
         Bond_P          64.998          66.180          39.414          55.931          56.220
          Angle         154.029         167.166         152.476         159.024         155.607
        Angle_P         154.029         167.166         152.476         159.024         155.607
            Dih          73.167          67.672          64.961          72.725          72.829
          Dih_P          73.167          67.672          64.961          72.725          72.829
            Imp          12.329          13.148          13.982           9.459          10.171
          Imp_P          12.329          13.148          13.982           9.459          10.171
             PV           1.904           1.896           1.906           1.907           1.899
           PV_P           1.904           1.896           1.906           1.907           1.899
           PV_W           1.904           1.896           1.906           1.907           1.899
          PV_PW          -1.904          -1.896          -1.906          -1.907          -1.899
