             PE      -59301.618      -59317.744      -59318.289      -59305.086      -59289.487
           PE_P         354.958         357.721         358.241         360.117         356.698
           PE_W      -59113.057      -59130.618      -59129.385      -59120.786      -59102.576
          PE_PW        -543.519        -544.847        -547.145        -544.417        -543.609
            PE2      -59301.618      -59317.744      -59318.289      -59305.086      -59289.487
          PE2_P         354.958         357.721         358.241         360.117         356.698
          PE2_W      -59113.056      -59130.618      -59129.385      -59120.786      -59102.576
         PE2_PW        -543.520        -544.847        -547.145        -544.417        -543.609
      Nonbonded      -59584.212      -59602.657      -59601.609      -59594.067      -59574.946
    Nonbonded_P          72.364          72.809          74.921          71.135          71.239
    Nonbonded_W      -59113.056      -59130.618      -59129.385      -59120.786      -59102.576
   Nonbonded_PW        -543.520        -544.848        -547.145        -544.416        -543.609
             LJ        8743.178        8747.893        8758.349        8730.097        8738.925
           LJ_P          -6.527          -7.262          -6.669          -7.290          -7.654
           LJ_W        8933.115        8937.743        8950.187        8920.441        8930.091
          LJ_PW        -183.410        -182.588        -185.169        -183.054        -183.512
           LJ14          66.660          66.435          66.647          65.997          66.095
         LJ14_P          66.660          66.435          66.647          65.997          66.095
           LJsr        8944.548        8949.446        8959.692        8932.144        8940.820
         LJsr_P         -72.902         -73.412         -73.031         -73.002         -73.464
         LJsr_W        9183.421        9188.009        9200.456        9170.761        9180.361
        LJsr_PW        -165.971        -165.151        -167.733        -165.615        -166.077
           LJlr        -268.030        -267.987        -267.990        -268.045        -267.990
         LJlr_P          -0.285          -0.285          -0.285          -0.285          -0.285
         LJlr_W        -250.306        -250.266        -250.269        -250.320        -250.269
        LJlr_PW         -17.439         -17.436         -17.436         -17.440         -17.436
             EE      -68327.390      -68350.550      -68359.958      -68324.164      -68313.871
           EE_P          78.891          80.071          81.590          78.425          78.892
           EE_W      -68046.171      -68068.360      -68079.572      -68041.227      -68032.667
          EE_PW        -360.110        -362.261        -361.976        -361.362        -360.096
           EE14         552.106         552.615         554.870         553.272         552.252
         EE14_P         552.106         552.615         554.870         553.272         552.252
           EEsr      -62989.193      -63012.672      -63023.183      -62987.020      -62976.856
         EEsr_P         -79.553         -79.374         -79.789         -80.692         -79.928
         EEsr_W      -62611.239      -62633.754      -62644.109      -62606.739      -62598.473
        EEsr_PW        -298.401        -299.544        -299.285        -299.589        -298.455
           EElr       -5890.303       -5890.493       -5891.645       -5890.416       -5889.267
         EElr_P        -393.662        -393.170        -393.491        -394.156        -393.431
         EElr_W       -5434.933       -5434.606       -5435.464       -5434.489       -5434.194
        EElr_PW         -61.708         -62.717         -62.690         -61.771         -61.642
         Bonded         282.593         284.912         283.320         288.982         285.459
       Bonded_P         282.593         284.912         283.320         288.982         285.459
           Bond          69.831          70.326          69.542          71.445          70.664
         Bond_P          69.831          70.326          69.542          71.445          70.664
          Angle         155.956         157.708         157.086         158.709         157.716
        Angle_P         155.956         157.708         157.086         158.709         157.716
            Dih          47.448          47.701          47.228          49.183          48.010
          Dih_P          47.448          47.701          47.228          49.183          48.010
            Imp           9.358           9.178           9.465           9.645           9.069
          Imp_P           9.358           9.178           9.465           9.645           9.069
             PV           2.763           2.763           2.763           2.763           2.763
           PV_P           2.763           2.763           2.763           2.763           2.763
           PV_W           2.763           2.763           2.763           2.763           2.763
          PV_PW          -2.763          -2.763          -2.763          -2.763          -2.763
