             PE      -39481.900      -39448.870      -39462.219      -39464.771      -39473.117
           PE_P         521.551         509.333         509.487         514.385         513.482
           PE_W      -38226.984      -38213.447      -38218.576      -38220.538      -38226.621
          PE_PW       -1776.467       -1744.756       -1753.130       -1758.618       -1759.978
            PE2      -39481.900      -39448.870      -39462.219      -39464.771      -39473.117
          PE2_P         521.551         509.333         509.487         514.385         513.482
          PE2_W      -38226.984      -38213.447      -38218.576      -38220.538      -38226.621
         PE2_PW       -1776.467       -1744.756       -1753.130       -1758.618       -1759.978
      Nonbonded      -39714.556      -39683.454      -39697.422      -39698.008      -39706.599
    Nonbonded_P         288.896         274.749         274.284         281.148         280.000
    Nonbonded_W      -38226.984      -38213.447      -38218.576      -38220.538      -38226.621
   Nonbonded_PW       -1776.468       -1744.756       -1753.130       -1758.618       -1759.978
             LJ        5692.999        5678.728        5681.485        5692.638        5692.423
           LJ_P         -22.107         -22.501         -22.489         -22.314         -22.889
           LJ_W        5787.018        5774.431        5777.482        5787.900        5788.110
          LJ_PW         -71.912         -73.202         -73.508         -72.948         -72.798
           LJ14          33.295          32.243          32.365          32.681          32.800
         LJ14_P          33.295          32.243          32.365          32.681          32.800
           LJsr        5835.145        5821.901        5824.598        5835.487        5835.095
         LJsr_P         -55.120         -54.462         -54.571         -54.712         -55.407
         LJsr_W        5948.222        5935.612        5938.720        5949.185        5949.343
        LJsr_PW         -57.957         -59.249         -59.551         -58.986         -58.841
           LJlr        -175.442        -175.416        -175.478        -175.530        -175.473
         LJlr_P          -0.282          -0.282          -0.282          -0.283          -0.282
         LJlr_W        -161.204        -161.180        -161.237        -161.285        -161.233
        LJlr_PW         -13.956         -13.954         -13.959         -13.962         -13.958
             EE      -45407.554      -45362.183      -45378.907      -45390.645      -45399.022
           EE_P         311.002         297.250         296.773         303.462         302.889
           EE_W      -44014.001      -43987.878      -43996.058      -44008.438      -44014.731
          EE_PW       -1704.555       -1671.555       -1679.622       -1685.669       -1687.180
           EE14         890.768         893.182         885.703         889.195         888.366
         EE14_P         890.768         893.182         885.703         889.195         888.366
           EEsr      -41455.926      -41413.112      -41426.977      -41440.019      -41446.090
         EEsr_P        -103.917        -110.135        -105.389        -105.253        -104.230
         EEsr_W      -40372.908      -40337.961      -40346.076      -40361.180      -40366.525
        EEsr_PW        -979.101        -965.016        -975.512        -973.586        -975.335
           EElr       -4842.397       -4842.252       -4837.632       -4839.822       -4841.298
         EElr_P        -475.849        -485.797        -483.541        -480.480        -481.247
         EElr_W       -3641.094       -3649.917       -3649.981       -3647.258       -3648.206
        EElr_PW        -725.454        -706.538        -704.110        -712.084        -711.845
         Bonded         232.655         234.584         235.203         233.237         233.482
       Bonded_P         232.655         234.584         235.203         233.237         233.482
           Bond          59.090          58.200          59.356          59.356          58.059
         Bond_P          59.090          58.200          59.356          59.356          58.059
          Angle         134.730         135.897         135.162         134.383         134.365
        Angle_P         134.730         135.897         135.162         134.383         134.365
            Dih          28.432          29.673          29.831          28.832          30.159
          Dih_P          28.432          29.673          29.831          28.832          30.159
            Imp          10.403          10.814          10.854          10.666          10.898
          Imp_P          10.403          10.814          10.854          10.666          10.898
             PV           1.778           1.778           1.777           1.777           1.777
           PV_P           1.778           1.778           1.777           1.777           1.777
           PV_W           1.778           1.778           1.777           1.777           1.777
          PV_PW          -1.778          -1.778          -1.777          -1.777          -1.777
