             PE      -67253.503      -67169.239      -67301.412      -67321.894      -67282.112
           PE_P        -942.503        -957.940        -957.315        -953.441        -942.511
           PE_W      -64890.950      -64872.647      -64955.867      -64970.348      -64933.220
          PE_PW       -1420.050       -1338.652       -1388.230       -1398.105       -1406.381
            PE2      -67253.504      -67169.237      -67301.411      -67321.895      -67282.116
          PE2_P        -942.503        -957.940        -957.315        -953.441        -942.511
          PE2_W      -64890.950      -64872.653      -64955.865      -64970.348      -64933.219
         PE2_PW       -1420.051       -1338.644       -1388.231       -1398.106       -1406.386
      Nonbonded      -67678.527      -67592.571      -67710.390      -67737.851      -67694.650
    Nonbonded_P       -1367.527       -1381.274       -1366.294       -1369.397       -1355.045
    Nonbonded_W      -64890.950      -64872.653      -64955.865      -64970.348      -64933.219
   Nonbonded_PW       -1420.050       -1338.644       -1388.231       -1398.106       -1406.386
             LJ        9496.817        9589.735        9629.534        9624.251        9532.962
           LJ_P         -33.058         -38.003         -29.895         -30.903         -28.324
           LJ_W        9678.046        9766.511        9805.938        9804.212        9698.491
          LJ_PW        -148.171        -138.773        -146.509        -149.058        -137.205
           LJ14          29.288          28.867          31.266          29.206          33.066
         LJ14_P          29.288          28.867          31.266          29.206          33.066
           LJsr        9760.289        9852.794        9890.743        9887.463        9792.660
         LJsr_P         -62.112         -66.636         -60.926         -59.874         -61.155
         LJsr_W        9953.967       10041.646       10081.591       10079.810        9974.416
        LJsr_PW        -131.566        -122.216        -129.922        -132.473        -120.601
           LJlr        -292.760        -291.926        -292.475        -292.418        -292.764
         LJlr_P          -0.235          -0.234          -0.234          -0.234          -0.235
         LJlr_W        -275.921        -275.135        -275.653        -275.599        -275.925
        LJlr_PW         -16.604         -16.557         -16.588         -16.585         -16.604
             EE      -77175.344      -77182.305      -77339.924      -77362.102      -77227.611
           EE_P       -1334.468       -1343.271       -1336.399       -1338.494       -1326.721
           EE_W      -74568.996      -74639.164      -74761.803      -74774.560      -74631.710
          EE_PW       -1271.880       -1199.870       -1241.722       -1249.048       -1269.180
           EE14       -2302.967       -2272.358       -2284.947       -2287.417       -2280.948
         EE14_P       -2302.967       -2272.358       -2284.947       -2287.417       -2280.948
           EEsr      -68889.658      -68915.103      -69060.323      -69076.340      -68948.013
         EEsr_P         202.893         197.471         194.960         191.176         201.961
         EEsr_W      -68377.494      -68408.764      -68554.434      -68570.196      -68419.912
        EEsr_PW        -715.057        -703.810        -700.849        -697.320        -730.062
           EElr       -5982.719       -5994.844       -5994.654       -5998.345       -5998.650
         EElr_P         765.605         731.617         753.588         757.747         752.265
         EElr_W       -6191.502       -6230.400       -6207.369       -6204.364       -6211.798
        EElr_PW        -556.822        -496.061        -540.873        -551.728        -539.117
         Bonded         425.023         423.334         408.979         415.956         412.533
       Bonded_P         425.023         423.334         408.979         415.956         412.533
           Bond          82.804          70.061          80.516          78.561          82.324
         Bond_P          82.804          70.061          80.516          78.561          82.324
          Angle         172.546         184.391         160.431         168.613         156.350
        Angle_P         172.546         184.391         160.431         168.613         156.350
            Dih         153.052         157.898         154.126         154.211         157.806
          Dih_P         153.052         157.898         154.126         154.211         157.806
            Imp          16.621          10.983          13.906          14.571          16.053
          Imp_P          16.621          10.983          13.906          14.571          16.053
             PV           3.008           3.017           3.011           3.012           3.008
           PV_P           3.008           3.017           3.011           3.012           3.008
           PV_W           3.008           3.017           3.011           3.012           3.008
          PV_PW          -3.008          -3.017          -3.011          -3.012          -3.008
