             PE      -39705.121      -39616.937      -39654.235      -39690.963      -39659.349
           PE_P         404.631         410.449         401.774         406.414         400.718
           PE_W      -39583.198      -39504.963      -39533.720      -39572.664      -39541.366
          PE_PW        -526.554        -522.423        -522.289        -524.713        -518.701
            PE2      -39705.122      -39616.938      -39654.235      -39690.964      -39659.348
          PE2_P         404.631         410.449         401.774         406.414         400.718
          PE2_W      -39583.198      -39504.964      -39533.720      -39572.664      -39541.366
         PE2_PW        -526.555        -522.423        -522.289        -524.714        -518.700
      Nonbonded      -39930.720      -39848.816      -39873.012      -39915.807      -39880.811
    Nonbonded_P         179.033         178.571         182.997         181.570         179.255
    Nonbonded_W      -39583.198      -39504.964      -39533.720      -39572.664      -39541.366
   Nonbonded_PW        -526.555        -522.423        -522.289        -524.713        -518.700
             LJ        5844.158        5861.444        5867.763        5883.110        5837.450
           LJ_P          -6.411          -8.460          -8.015          -7.654          -8.090
           LJ_W        5990.539        6004.764        6012.296        6024.871        5981.521
          LJ_PW        -139.970        -134.860        -136.518        -134.107        -135.981
           LJ14          35.204          33.736          35.744          36.094          35.217
         LJ14_P          35.204          33.736          35.744          36.094          35.217
           LJsr        5989.429        6007.917        6012.328        6027.357        5982.626
         LJsr_P         -41.400         -41.980         -43.544         -43.532         -43.091
         LJsr_W        6158.185        6172.163        6179.788        6192.393        6149.090
        LJsr_PW        -127.356        -122.266        -123.916        -121.504        -123.373
           LJlr        -180.475        -180.209        -180.308        -180.341        -180.393
         LJlr_P          -0.216          -0.215          -0.215          -0.215          -0.215
         LJlr_W        -167.646        -167.399        -167.491        -167.521        -167.570
        LJlr_PW         -12.613         -12.595         -12.602         -12.605         -12.608
             EE      -45774.878      -45710.260      -45740.775      -45798.918      -45718.262
           EE_P         185.444         187.031         191.012         189.224         187.345
           EE_W      -45573.737      -45509.727      -45546.016      -45597.536      -45522.886
          EE_PW        -386.585        -387.564        -385.771        -390.606        -382.721
           EE14         682.967         676.273         681.017         677.981         682.523
         EE14_P         682.967         676.273         681.017         677.981         682.523
           EEsr      -42345.245      -42276.482      -42313.666      -42369.028      -42288.153
         EEsr_P         -84.051         -80.241         -80.584         -79.261         -83.083
         EEsr_W      -41950.522      -41882.405      -41923.698      -41975.771      -41896.534
        EEsr_PW        -310.672        -313.836        -309.384        -313.996        -308.536
           EElr       -4112.600       -4110.051       -4108.127       -4107.871       -4112.632
         EElr_P        -413.472        -409.001        -409.421        -409.496        -412.095
         EElr_W       -3623.214       -3627.322       -3622.318       -3621.764       -3626.353
        EElr_PW         -75.914         -73.728         -76.388         -76.611         -74.184
         Bonded         225.598         231.878         218.777         224.844         221.463
       Bonded_P         225.598         231.878         218.777         224.844         221.463
           Bond          53.696          54.654          51.609          51.656          52.402
         Bond_P          53.696          54.654          51.609          51.656          52.402
          Angle         136.979         138.135         130.383         137.177         132.067
        Angle_P         136.979         138.135         130.383         137.177         132.067
            Dih          27.094          30.384          28.319          28.150          28.572
          Dih_P          27.094          30.384          28.319          28.150          28.572
            Imp           7.829           8.705           8.466           7.861           8.421
          Imp_P           7.829           8.705           8.466           7.861           8.421
             PV           1.851           1.853           1.852           1.852           1.852
           PV_P           1.851           1.853           1.852           1.852           1.852
           PV_W           1.851           1.853           1.852           1.852           1.852
          PV_PW          -1.851          -1.853          -1.852          -1.852          -1.852
