             PE      -52464.198      -52448.052      -52467.709      -52454.371      -52437.068
           PE_P        -595.746        -608.079        -601.153        -599.660        -606.290
           PE_W      -50924.642      -50929.997      -50937.053      -50923.174      -50915.820
          PE_PW        -943.810        -909.976        -929.503        -931.537        -914.958
            PE2      -52464.199      -52448.052      -52467.709      -52454.371      -52437.069
          PE2_P        -595.746        -608.079        -601.153        -599.660        -606.290
          PE2_W      -50924.642      -50929.998      -50937.053      -50923.174      -50915.820
         PE2_PW        -943.811        -909.975        -929.503        -931.537        -914.959
      Nonbonded      -52836.793      -52824.704      -52841.005      -52831.673      -52817.124
    Nonbonded_P        -968.341        -984.732        -974.448        -976.962        -986.344
    Nonbonded_W      -50924.642      -50929.998      -50937.053      -50923.174      -50915.820
   Nonbonded_PW        -943.810        -909.974        -929.504        -931.537        -914.960
             LJ        7500.113        7515.115        7531.429        7531.439        7530.652
           LJ_P         -26.242         -28.255         -27.687         -29.740         -30.518
           LJ_W        7673.175        7687.456        7701.718        7705.429        7708.608
          LJ_PW        -146.820        -144.086        -142.602        -144.250        -147.438
           LJ14          35.110          34.165          34.737          33.852          33.256
         LJ14_P          35.110          34.165          34.737          33.852          33.256
           LJsr        7696.650        7712.489        7728.346        7729.111        7728.939
         LJsr_P         -61.089         -62.157         -62.161         -63.329         -63.511
         LJsr_W        7888.955        7903.135        7917.504        7921.094        7924.290
        LJsr_PW        -131.216        -128.489        -126.997        -128.654        -131.840
           LJlr        -231.647        -231.538        -231.654        -231.524        -231.542
         LJlr_P          -0.262          -0.262          -0.262          -0.262          -0.262
         LJlr_W        -215.780        -215.679        -215.786        -215.665        -215.682
        LJlr_PW         -15.605         -15.597         -15.606         -15.597         -15.598
             EE      -60336.906      -60339.820      -60372.434      -60363.112      -60347.776
           EE_P        -942.099        -956.477        -946.762        -947.222        -955.826
           EE_W      -58597.817      -58617.454      -58638.771      -58628.602      -58624.428
          EE_PW        -796.990        -765.889        -786.901        -787.288        -767.522
           EE14       -1312.820       -1319.224       -1312.447       -1331.563       -1331.146
         EE14_P       -1312.820       -1319.224       -1312.447       -1331.563       -1331.146
           EEsr      -54220.933      -54224.153      -54260.567      -54239.327      -54225.419
         EEsr_P          92.674          85.306          89.456          97.363          91.446
         EEsr_W      -53790.509      -53803.846      -53827.417      -53817.398      -53813.398
        EEsr_PW        -523.098        -505.613        -522.606        -519.292        -503.467
           EElr       -4803.153       -4796.442       -4799.420       -4792.222       -4791.211
         EElr_P         278.047         277.441         276.229         286.977         283.874
         EElr_W       -4807.308       -4813.609       -4811.354       -4811.204       -4811.030
        EElr_PW        -273.892        -260.274        -264.295        -267.995        -264.055
         Bonded         372.594         376.652         373.296         377.302         380.054
       Bonded_P         372.594         376.652         373.296         377.302         380.054
           Bond          81.643          81.398          80.532          82.264          79.835
         Bond_P          81.643          81.398          80.532          82.264          79.835
          Angle         166.417         170.514         168.035         168.216         171.251
        Angle_P         166.417         170.514         168.035         168.216         171.251
            Dih         112.145         112.112         112.362         114.157         116.007
          Dih_P         112.145         112.112         112.362         114.157         116.007
            Imp          12.390          12.628          12.367          12.666          12.962
          Imp_P          12.390          12.628          12.367          12.666          12.962
             PV           2.371           2.372           2.371           2.372           2.372
           PV_P           2.371           2.372           2.371           2.372           2.372
           PV_W           2.371           2.372           2.371           2.372           2.372
          PV_PW          -2.371          -2.372          -2.371          -2.372          -2.372
