             PE      -69038.009      -69055.558      -69054.301      -69053.690      -69054.784
           PE_P        -118.340        -118.100        -117.965        -117.153        -116.934
           PE_W      -67905.681      -67925.212      -67926.063      -67923.029      -67922.631
          PE_PW       -1013.988       -1012.246       -1010.273       -1013.508       -1015.219
            PE2      -69038.009      -69055.558      -69054.301      -69053.689      -69054.784
          PE2_P        -118.340        -118.100        -117.965        -117.153        -116.934
          PE2_W      -67905.681      -67925.212      -67926.063      -67923.029      -67922.631
         PE2_PW       -1013.988       -1012.246       -1010.273       -1013.507       -1015.219
      Nonbonded      -69319.194      -69337.729      -69337.051      -69336.953      -69336.907
    Nonbonded_P        -399.525        -400.272        -400.714        -400.416        -399.057
    Nonbonded_W      -67905.681      -67925.212      -67926.063      -67923.029      -67922.631
   Nonbonded_PW       -1013.988       -1012.245       -1010.274       -1013.508       -1015.219
             LJ       10077.382       10086.635       10097.206       10084.404       10092.839
           LJ_P         -17.117         -16.800         -16.987         -17.146         -16.747
           LJ_W       10228.325       10235.846       10245.723       10234.727       10239.829
          LJ_PW        -133.826        -132.411        -131.530        -133.177        -130.243
           LJ14          36.049          36.166          36.512          35.741          36.312
         LJ14_P          36.049          36.166          36.512          35.741          36.312
           LJsr       10345.004       10354.181       10364.408       10352.407       10360.203
         LJsr_P         -52.999         -52.800         -53.332         -52.720         -52.892
         LJsr_W       10517.378       10524.939       10534.817       10523.852       10528.889
        LJsr_PW        -119.375        -117.958        -117.077        -118.725        -115.794
           LJlr        -303.670        -303.712        -303.714        -303.745        -303.677
         LJlr_P          -0.167          -0.167          -0.167          -0.167          -0.167
         LJlr_W        -289.053        -289.093        -289.094        -289.124        -289.059
        LJlr_PW         -14.450         -14.452         -14.453         -14.454         -14.451
             EE      -79396.576      -79424.365      -79434.257      -79421.357      -79429.745
           EE_P        -382.408        -383.472        -383.727        -383.270        -382.310
           EE_W      -78134.006      -78161.058      -78171.786      -78157.757      -78162.460
          EE_PW        -880.162        -879.835        -878.744        -880.330        -884.975
           EE14        -681.920        -682.264        -682.311        -684.561        -682.209
         EE14_P        -681.920        -682.264        -682.311        -684.561        -682.209
           EEsr      -72272.642      -72299.943      -72310.059      -72295.191      -72306.829
         EEsr_P          51.959          51.612          51.526          52.887          52.012
         EEsr_W      -71791.014      -71817.682      -71826.993      -71813.804      -71820.705
        EEsr_PW        -533.587        -533.873        -534.592        -534.274        -538.136
           EElr       -6442.014       -6442.158       -6441.887       -6441.605       -6440.706
         EElr_P         247.553         247.180         247.057         248.404         247.888
         EElr_W       -6342.991       -6343.376       -6344.794       -6343.952       -6341.755
        EElr_PW        -346.576        -345.962        -344.150        -346.057        -346.839
         Bonded         281.185         282.172         282.749         283.263         282.123
       Bonded_P         281.185         282.172         282.749         283.263         282.123
           Bond          62.983          62.485          63.543          63.035          63.686
         Bond_P          62.983          62.485          63.543          63.035          63.686
          Angle         142.524         143.586         142.909         144.085         142.574
        Angle_P         142.524         143.586         142.909         144.085         142.574
            Dih          65.569          66.003          66.148          66.257          65.828
          Dih_P          65.569          66.003          66.148          66.257          65.828
            Imp          10.109          10.098          10.149           9.887          10.034
          Imp_P          10.109          10.098          10.149           9.887          10.034
             PV           3.149           3.148           3.148           3.148           3.148
           PV_P           3.149           3.148           3.148           3.148           3.148
           PV_W           3.149           3.148           3.148           3.148           3.148
          PV_PW          -3.149          -3.148          -3.148          -3.148          -3.148
