             PE      -49837.209      -49810.546      -49807.243      -49814.543      -49820.565
           PE_P        -147.279        -137.431        -145.974        -144.940        -146.494
           PE_W      -48213.925      -48179.924      -48182.962      -48190.581      -48199.029
          PE_PW       -1476.005       -1493.191       -1478.307       -1479.022       -1475.042
            PE2      -49837.209      -49810.546      -49807.243      -49814.543      -49820.564
          PE2_P        -147.279        -137.431        -145.974        -144.940        -146.494
          PE2_W      -48213.925      -48179.924      -48182.962      -48190.581      -48199.029
         PE2_PW       -1476.005       -1493.191       -1478.307       -1479.022       -1475.041
      Nonbonded      -50190.071      -50163.047      -50157.986      -50165.368      -50171.773
    Nonbonded_P        -500.141        -489.933        -496.718        -495.765        -497.703
    Nonbonded_W      -48213.925      -48179.924      -48182.962      -48190.581      -48199.029
   Nonbonded_PW       -1476.005       -1493.190       -1478.306       -1479.022       -1475.041
             LJ        7164.321        7185.966        7175.468        7184.694        7170.556
           LJ_P         -32.077         -32.901         -32.537         -33.942         -31.876
           LJ_W        7327.903        7350.241        7339.880        7349.794        7334.083
          LJ_PW        -131.505        -131.374        -131.875        -131.158        -131.651
           LJ14          47.091          46.873          47.021          46.508          47.572
         LJ14_P          47.091          46.873          47.021          46.508          47.572
           LJsr        7340.884        7362.627        7352.005        7361.744        7346.593
         LJsr_P         -78.811         -79.418         -79.201         -80.094         -79.091
         LJsr_W        7533.582        7555.810        7545.469        7555.384        7539.720
        LJsr_PW        -113.887        -113.765        -114.263        -113.546        -114.036
           LJlr        -223.654        -223.534        -223.557        -223.558        -223.609
         LJlr_P          -0.356          -0.356          -0.356          -0.356          -0.356
         LJlr_W        -205.679        -205.568        -205.590        -205.590        -205.637
        LJlr_PW         -17.619         -17.610         -17.611         -17.612         -17.616
             EE      -57354.392      -57349.013      -57333.454      -57350.063      -57342.329
           EE_P        -468.065        -457.032        -464.181        -461.823        -465.827
           EE_W      -55541.828      -55530.165      -55522.841      -55540.375      -55533.112
          EE_PW       -1344.499       -1361.816       -1346.432       -1347.865       -1343.390
           EE14        -517.779        -511.444        -516.312        -513.698        -514.086
         EE14_P        -517.779        -511.444        -516.312        -513.698        -514.086
           EEsr      -52096.226      -52093.672      -52077.047      -52096.373      -52086.716
         EEsr_P           6.096           7.821           8.191           7.549           5.349
         EEsr_W      -51303.344      -51297.837      -51285.259      -51303.977      -51295.416
        EEsr_PW        -798.978        -803.656        -799.979        -799.945        -796.649
           EElr       -4740.387       -4743.897       -4740.096       -4739.991       -4741.528
         EElr_P          43.619          46.591          43.940          44.326          42.911
         EElr_W       -4238.484       -4232.328       -4237.582       -4236.398       -4237.697
        EElr_PW        -545.522        -558.160        -546.454        -547.919        -546.742
         Bonded         352.862         352.501         350.744         350.825         351.209
       Bonded_P         352.862         352.501         350.744         350.825         351.209
           Bond          78.275          78.803          77.957          77.512          78.477
         Bond_P          78.275          78.803          77.957          77.512          78.477
          Angle         167.245         165.566         166.464         166.277         166.124
        Angle_P         167.245         165.566         166.464         166.277         166.124
            Dih          94.446          95.513          93.411          94.192          93.956
          Dih_P          94.446          95.513          93.411          94.192          93.956
            Imp          12.896          12.619          12.912          12.844          12.652
          Imp_P          12.896          12.619          12.912          12.844          12.652
             PV           2.276           2.277           2.277           2.277           2.277
           PV_P           2.276           2.277           2.277           2.277           2.277
           PV_W           2.276           2.277           2.277           2.277           2.277
          PV_PW          -2.276          -2.277          -2.277          -2.277          -2.277
