             PE      -38927.402      -38914.073      -38916.592      -38922.657      -38914.989
           PE_P         210.853         209.057         210.801         212.883         214.281
           PE_W      -37998.709      -37987.894      -37990.118      -37994.866      -37985.089
          PE_PW       -1139.546       -1135.236       -1137.275       -1140.674       -1144.181
            PE2      -38927.402      -38914.073      -38916.593      -38922.657      -38914.989
          PE2_P         210.853         209.057         210.801         212.883         214.281
          PE2_W      -37998.709      -37987.893      -37990.118      -37994.866      -37985.089
         PE2_PW       -1139.546       -1135.237       -1137.276       -1140.674       -1144.181
      Nonbonded      -39165.628      -39152.848      -39155.407      -39160.552      -39153.055
    Nonbonded_P         -27.373         -29.718         -28.013         -25.012         -23.785
    Nonbonded_W      -37998.709      -37987.893      -37990.118      -37994.866      -37985.089
   Nonbonded_PW       -1139.546       -1135.237       -1137.276       -1140.674       -1144.181
             LJ        5647.786        5636.118        5643.844        5625.917        5636.829
           LJ_P         -13.659         -13.441         -14.126         -12.844         -12.570
           LJ_W        5765.359        5754.790        5762.923        5743.406        5753.636
          LJ_PW        -103.914        -105.231        -104.953        -104.645        -104.237
           LJ14          42.195          42.465          42.117          42.800          43.330
         LJ14_P          42.195          42.465          42.117          42.800          43.330
           LJsr        5780.513        5768.538        5776.628        5758.068        5768.372
         LJsr_P         -55.562         -55.612         -55.950         -55.351         -55.608
         LJsr_W        5925.709        5915.106        5923.253        5903.782        5913.942
        LJsr_PW         -89.634         -90.956         -90.675         -90.363         -89.962
           LJlr        -174.922        -174.885        -174.900        -174.950        -174.874
         LJlr_P          -0.293          -0.293          -0.293          -0.293          -0.293
         LJlr_W        -160.350        -160.316        -160.330        -160.376        -160.306
        LJlr_PW         -14.279         -14.276         -14.277         -14.281         -14.275
             EE      -44813.413      -44788.966      -44799.252      -44786.469      -44789.884
           EE_P         -13.713         -16.277         -13.888         -12.168         -11.215
           EE_W      -43764.068      -43742.683      -43753.041      -43738.272      -43738.725
          EE_PW       -1035.632       -1030.006       -1032.323       -1036.029       -1039.944
           EE14         813.860         813.861         813.213         814.057         812.889
         EE14_P         813.860         813.861         813.213         814.057         812.889
           EEsr      -41022.914      -40998.496      -41008.225      -40996.146      -40999.485
         EEsr_P        -140.478        -140.541        -138.369        -138.880        -139.447
         EEsr_W      -40181.538      -40159.367      -40168.210      -40154.278      -40157.189
        EEsr_PW        -700.898        -698.588        -701.646        -702.988        -702.849
           EElr       -4604.359       -4604.331       -4604.240       -4604.381       -4603.287
         EElr_P        -687.095        -689.598        -688.732        -687.345        -684.656
         EElr_W       -3582.530       -3583.316       -3584.830       -3583.994       -3581.537
        EElr_PW        -334.734        -331.417        -330.678        -333.042        -337.094
         Bonded         238.225         238.775         238.815         237.895         238.066
       Bonded_P         238.225         238.775         238.815         237.895         238.066
           Bond          57.229          57.286          57.417          57.129          56.683
         Bond_P          57.229          57.286          57.417          57.129          56.683
          Angle         141.722         141.754         141.916         141.316         142.042
        Angle_P         141.722         141.754         141.916         141.316         142.042
            Dih          30.334          30.941          30.572          30.533          30.435
          Dih_P          30.334          30.941          30.572          30.533          30.435
            Imp           8.940           8.792           8.909           8.917           8.907
          Imp_P           8.940           8.792           8.909           8.917           8.907
             PV           1.775           1.776           1.776           1.775           1.776
           PV_P           1.775           1.776           1.776           1.775           1.776
           PV_W           1.775           1.776           1.776           1.775           1.776
          PV_PW          -1.775          -1.776          -1.776          -1.775          -1.776
