             PE      -41132.167      -41173.402      -41208.143      -41036.208      -41021.434
           PE_P          52.143          48.604          53.884          57.638          73.923
           PE_W      -39983.903      -40043.989      -40073.500      -39917.612      -39899.547
          PE_PW       -1200.407       -1178.017       -1188.527       -1176.234       -1195.810
            PE2      -41132.168      -41173.403      -41208.141      -41036.211      -41021.433
          PE2_P          52.143          48.604          53.884          57.638          73.923
          PE2_W      -39983.904      -40043.988      -40073.496      -39917.613      -39899.547
         PE2_PW       -1200.407       -1178.019       -1188.529       -1176.236       -1195.809
      Nonbonded      -41389.097      -41428.350      -41466.047      -41302.175      -41294.854
    Nonbonded_P        -204.785        -206.343        -204.022        -208.326        -199.498
    Nonbonded_W      -39983.904      -40043.988      -40073.496      -39917.613      -39899.547
   Nonbonded_PW       -1200.408       -1178.019       -1188.529       -1176.236       -1195.809
             LJ        5932.342        5952.088        5860.474        5893.424        6042.057
           LJ_P         -23.628         -19.411         -18.045         -19.730         -19.918
           LJ_W        6049.969        6074.661        5976.139        6007.882        6172.914
          LJ_PW         -93.999        -103.162         -97.620         -94.728        -110.939
           LJ14          28.758          31.635          30.300          30.795          32.820
         LJ14_P          28.758          31.635          30.300          30.795          32.820
           LJsr        6087.091        6103.865        6013.715        6045.659        6192.406
         LJsr_P         -52.134         -50.794         -48.094         -50.274         -52.486
         LJsr_W        6219.655        6244.258        6145.855        6177.128        6342.288
        LJsr_PW         -80.430         -89.599         -84.046         -81.195         -97.396
           LJlr        -183.507        -183.411        -183.541        -183.031        -183.169
         LJlr_P          -0.252          -0.252          -0.252          -0.251          -0.251
         LJlr_W        -169.686        -169.597        -169.717        -169.246        -169.374
        LJlr_PW         -13.569         -13.562         -13.572         -13.534         -13.544
             EE      -47321.439      -47380.438      -47326.522      -47195.599      -47336.910
           EE_P        -181.157        -186.932        -185.977        -188.597        -179.580
           EE_W      -46033.873      -46118.649      -46049.635      -45925.495      -46072.461
          EE_PW       -1106.409       -1074.857       -1090.910       -1081.507       -1084.869
           EE14         355.444         355.808         359.838         347.278         350.324
         EE14_P         355.444         355.808         359.838         347.278         350.324
           EEsr      -43140.589      -43191.721      -43138.335      -43013.073      -43166.559
         EEsr_P        -113.490        -116.610        -119.895        -116.079        -105.269
         EEsr_W      -42280.971      -42352.144      -42283.901      -42165.809      -42338.461
        EEsr_PW        -746.128        -722.967        -734.539        -731.185        -722.829
           EElr       -4536.294       -4544.526       -4548.025       -4529.804       -4520.676
         EElr_P        -423.111        -426.130        -425.920        -419.795        -424.635
         EElr_W       -3752.902       -3766.504       -3765.734       -3759.686       -3734.000
        EElr_PW        -360.281        -351.892        -356.371        -350.323        -362.041
         Bonded         256.929         254.947         257.906         265.964         273.421
       Bonded_P         256.929         254.947         257.906         265.964         273.421
           Bond          48.630          48.159          57.512          56.381          56.135
         Bond_P          48.630          48.159          57.512          56.381          56.135
          Angle         129.209         132.021         128.475         133.931         139.380
        Angle_P         129.209         132.021         128.475         133.931         139.380
            Dih          68.525          62.712          61.903          64.026          66.396
          Dih_P          68.525          62.712          61.903          64.026          66.396
            Imp          10.565          12.055          10.016          11.627          11.510
          Imp_P          10.565          12.055          10.016          11.627          11.510
             PV           1.862           1.863           1.862           1.867           1.866
           PV_P           1.862           1.863           1.862           1.867           1.866
           PV_W           1.862           1.863           1.862           1.867           1.866
          PV_PW          -1.862          -1.863          -1.862          -1.867          -1.866
