             PE      -49822.100      -49831.864      -49807.799      -49812.051      -49817.050
           PE_P        -273.035        -242.531        -262.612        -288.927        -254.358
           PE_W      -48313.276      -48295.215      -48287.324      -48313.205      -48290.254
          PE_PW       -1235.789       -1294.118       -1257.863       -1209.919       -1272.438
            PE2      -49822.100      -49831.865      -49807.799      -49812.051      -49817.050
          PE2_P        -273.035        -242.531        -262.612        -288.927        -254.358
          PE2_W      -48313.276      -48295.215      -48287.324      -48313.205      -48290.254
         PE2_PW       -1235.789       -1294.119       -1257.863       -1209.919       -1272.438
      Nonbonded      -50175.272      -50186.405      -50161.897      -50163.524      -50172.197
    Nonbonded_P        -626.207        -597.071        -616.710        -640.400        -609.504
    Nonbonded_W      -48313.276      -48295.215      -48287.324      -48313.205      -48290.254
   Nonbonded_PW       -1235.789       -1294.119       -1257.863       -1209.919       -1272.439
             LJ        7178.196        7178.957        7175.530        7170.604        7165.809
           LJ_P         -25.239         -26.002         -26.165         -25.874         -26.974
           LJ_W        7349.176        7348.795        7347.303        7342.505        7336.887
          LJ_PW        -145.741        -143.836        -145.608        -146.027        -144.104
           LJ14          46.213          45.978          45.972          45.965          45.423
         LJ14_P          46.213          45.978          45.972          45.965          45.423
           LJsr        7355.636        7356.531        7353.140        7348.210        7344.030
         LJsr_P         -71.096         -71.624         -71.781         -71.483         -72.041
         LJsr_W        7554.854        7554.380        7552.915        7548.108        7542.557
        LJsr_PW        -128.122        -126.225        -127.994        -128.415        -126.486
           LJlr        -223.654        -223.553        -223.582        -223.572        -223.644
         LJlr_P          -0.356          -0.356          -0.356          -0.356          -0.356
         LJlr_W        -205.679        -205.585        -205.613        -205.603        -205.670
        LJlr_PW         -17.619         -17.612         -17.613         -17.613         -17.618
             EE      -57353.468      -57365.362      -57337.427      -57334.127      -57338.006
           EE_P        -600.968        -571.069        -590.545        -614.526        -582.530
           EE_W      -55662.452      -55644.010      -55634.627      -55655.709      -55627.141
          EE_PW       -1090.048       -1150.283       -1112.255       -1063.892       -1128.335
           EE14        -559.953        -551.758        -556.894        -560.573        -553.884
         EE14_P        -559.953        -551.758        -556.894        -560.573        -553.884
           EEsr      -52076.803      -52089.974      -52060.666      -52056.990      -52061.667
         EEsr_P         -13.155          -2.531          -9.278         -18.320          -8.670
         EEsr_W      -51343.691      -51339.354      -51322.061      -51328.989      -51319.154
        EEsr_PW        -719.957        -748.089        -729.327        -709.681        -733.843
           EElr       -4716.712       -4723.630       -4719.867       -4716.564       -4722.455
         EElr_P         -27.860         -16.780         -24.373         -35.633         -19.977
         EElr_W       -4318.761       -4304.656       -4312.566       -4326.720       -4307.987
        EElr_PW        -370.091        -402.194        -382.928        -354.211        -394.491
         Bonded         353.172         354.540         354.098         351.473         355.146
       Bonded_P         353.172         354.540         354.098         351.473         355.146
           Bond          77.099          77.608          76.944          77.111          77.718
         Bond_P          77.099          77.608          76.944          77.111          77.718
          Angle         164.349         164.839         165.515         163.441         165.393
        Angle_P         164.349         164.839         165.515         163.441         165.393
            Dih          99.398          99.698          99.146          98.339          99.225
          Dih_P          99.398          99.698          99.146          98.339          99.225
            Imp          12.326          12.395          12.493          12.581          12.809
          Imp_P          12.326          12.395          12.493          12.581          12.809
             PV           2.276           2.277           2.277           2.277           2.276
           PV_P           2.276           2.277           2.277           2.277           2.276
           PV_W           2.276           2.277           2.277           2.277           2.276
          PV_PW          -2.276          -2.277          -2.277          -2.277          -2.276
