             PE      -50217.696      -50239.835      -50224.269      -50218.000      -50225.872
           PE_P         528.354         528.556         529.298         530.366         530.114
           PE_W      -50077.849      -50103.369      -50089.319      -50084.640      -50088.944
          PE_PW        -668.201        -665.022        -664.248        -663.726        -667.042
            PE2      -50217.696      -50239.835      -50224.269      -50218.000      -50225.872
          PE2_P         528.354         528.556         529.298         530.366         530.114
          PE2_W      -50077.849      -50103.370      -50089.319      -50084.640      -50088.944
         PE2_PW        -668.201        -665.021        -664.248        -663.726        -667.042
      Nonbonded      -50527.343      -50551.023      -50536.128      -50532.045      -50539.640
    Nonbonded_P         218.708         217.367         217.439         216.322         216.346
    Nonbonded_W      -50077.849      -50103.370      -50089.319      -50084.640      -50088.944
   Nonbonded_PW        -668.202        -665.020        -664.248        -663.727        -667.042
             LJ        7368.294        7397.140        7375.127        7392.349        7366.412
           LJ_P         -18.826         -20.259         -20.539         -21.303         -21.629
           LJ_W        7581.891        7611.121        7589.008        7606.371        7581.787
          LJ_PW        -194.771        -193.722        -193.342        -192.719        -193.746
           LJ14          66.248          65.626          65.656          65.428          64.739
         LJ14_P          66.248          65.626          65.656          65.428          64.739
           LJsr        7532.549        7561.983        7539.925        7557.355        7532.189
         LJsr_P         -84.690         -85.500         -85.811         -86.346         -85.983
         LJsr_W        7793.485        7822.684        7800.556        7817.902        7793.392
        LJsr_PW        -176.246        -175.201        -174.820        -174.201        -175.220
           LJlr        -230.503        -230.470        -230.454        -230.434        -230.516
         LJlr_P          -0.385          -0.385          -0.385          -0.384          -0.385
         LJlr_W        -211.594        -211.563        -211.548        -211.530        -211.605
        LJlr_PW         -18.524         -18.522         -18.521         -18.520         -18.526
             EE      -57895.636      -57948.163      -57911.255      -57924.394      -57906.051
           EE_P         237.534         237.626         237.979         237.625         237.975
           EE_W      -57659.740      -57714.491      -57678.327      -57691.011      -57670.731
          EE_PW        -473.430        -471.298        -470.907        -471.008        -473.295
           EE14         518.920         518.841         519.255         520.145         519.177
         EE14_P         518.920         518.841         519.255         520.145         519.177
           EEsr      -53505.689      -53558.429      -53521.782      -53536.012      -53514.264
         EEsr_P         -68.884         -68.883         -68.727         -69.136         -69.067
         EEsr_W      -53073.796      -53127.073      -53091.264      -53103.957      -53082.312
        EEsr_PW        -363.009        -362.473        -361.791        -362.919        -362.885
           EElr       -4908.867       -4908.575       -4908.727       -4908.526       -4910.964
         EElr_P        -212.502        -212.332        -212.549        -213.384        -212.135
         EElr_W       -4585.945       -4587.418       -4587.063       -4587.054       -4588.419
        EElr_PW        -110.420        -108.825        -109.115        -108.088        -110.410
         Bonded         309.646         311.188         311.859         314.045         313.768
       Bonded_P         309.646         311.188         311.859         314.045         313.768
           Bond          76.254          75.687          75.874          76.897          76.888
         Bond_P          76.254          75.687          75.874          76.897          76.888
          Angle         152.364         153.157         152.449         155.119         154.402
        Angle_P         152.364         153.157         152.449         155.119         154.402
            Dih          70.524          71.764          72.790          71.348          72.022
          Dih_P          70.524          71.764          72.790          71.348          72.022
            Imp          10.504          10.580          10.745          10.682          10.455
          Imp_P          10.504          10.580          10.745          10.682          10.455
             PV           2.356           2.356           2.357           2.357           2.356
           PV_P           2.356           2.356           2.357           2.357           2.356
           PV_W           2.356           2.356           2.357           2.357           2.356
          PV_PW          -2.356          -2.356          -2.357          -2.357          -2.356
