             PE      -40972.733      -40992.554      -40987.407      -40964.771      -40969.592
           PE_P          72.586          80.183          85.691         100.575          89.699
           PE_W      -40464.796      -40482.469      -40484.156      -40471.609      -40486.199
          PE_PW        -580.523        -590.268        -588.942        -593.737        -573.092
            PE2      -40972.735      -40992.555      -40987.406      -40964.772      -40969.589
          PE2_P          72.586          80.183          85.691         100.574          89.699
          PE2_W      -40464.797      -40482.469      -40484.155      -40471.609      -40486.199
         PE2_PW        -580.524        -590.269        -588.942        -593.737        -573.089
      Nonbonded      -41276.090      -41291.579      -41291.131      -41270.121      -41271.137
    Nonbonded_P        -230.770        -218.842        -218.034        -204.774        -211.850
    Nonbonded_W      -40464.797      -40482.469      -40484.155      -40471.609      -40486.199
   Nonbonded_PW        -580.523        -590.268        -588.942        -593.738        -573.088
             LJ        5969.195        6012.952        6012.362        5951.559        5931.863
           LJ_P         -13.486         -20.419         -15.499         -12.662          -7.024
           LJ_W        6119.982        6178.928        6170.769        6102.588        6086.996
          LJ_PW        -137.301        -145.557        -142.908        -138.367        -148.109
           LJ14          34.529          32.534          37.206          38.335          39.342
         LJ14_P          34.529          32.534          37.206          38.335          39.342
           LJsr        6120.562        6167.065        6160.930        6099.059        6078.359
         LJsr_P         -47.750         -52.687         -52.440         -50.732         -46.101
         LJsr_W        6291.530        6351.168        6342.204        6274.079        6258.489
        LJsr_PW        -123.218        -131.416        -128.834        -124.288        -134.029
           LJlr        -185.897        -186.646        -185.774        -185.835        -185.838
         LJlr_P          -0.265          -0.266          -0.265          -0.265          -0.265
         LJlr_W        -171.548        -172.240        -171.435        -171.491        -171.494
        LJlr_PW         -14.084         -14.140         -14.074         -14.079         -14.079
             EE      -47245.285      -47304.532      -47303.493      -47221.680      -47203.000
           EE_P        -217.284        -198.423        -202.535        -192.113        -204.826
           EE_W      -46584.779      -46661.397      -46654.925      -46574.197      -46573.194
          EE_PW        -443.222        -444.712        -446.033        -455.370        -424.980
           EE14         239.885         244.105         259.443         271.759         249.040
         EE14_P         239.885         244.105         259.443         271.759         249.040
           EEsr      -43316.496      -43377.983      -43389.838      -43308.783      -43277.401
         EEsr_P         -70.230         -60.220         -74.364         -73.162         -71.525
         EEsr_W      -42868.988      -42953.685      -42947.258      -42862.872      -42853.518
        EEsr_PW        -377.278        -364.078        -368.216        -372.749        -352.358
           EElr       -4168.674       -4170.654       -4173.098       -4184.656       -4174.638
         EElr_P        -386.939        -382.308        -387.614        -390.710        -382.341
         EElr_W       -3715.791       -3707.713       -3707.667       -3711.326       -3719.676
        EElr_PW         -65.944         -80.633         -77.817         -82.620         -72.621
         Bonded         303.355         299.025         303.725         305.349         301.548
       Bonded_P         303.355         299.025         303.725         305.349         301.548
           Bond          62.692          57.988          72.826          64.853          60.809
         Bond_P          62.692          57.988          72.826          64.853          60.809
          Angle         163.452         160.618         154.191         162.911         160.552
        Angle_P         163.452         160.618         154.191         162.911         160.552
            Dih          69.892          70.593          66.871          67.982          71.119
          Dih_P          69.892          70.593          66.871          67.982          71.119
            Imp           7.318           9.825           9.837           9.603           9.068
          Imp_P           7.318           9.825           9.837           9.603           9.068
             PV           1.901           1.893           1.902           1.901           1.901
           PV_P           1.901           1.893           1.902           1.901           1.901
           PV_W           1.901           1.893           1.902           1.901           1.901
          PV_PW          -1.901          -1.893          -1.902          -1.901          -1.901
