             PE      -62339.070      -62360.506      -62373.413      -62384.508      -62359.909
           PE_P        -513.043        -517.692        -509.472        -512.341        -510.776
           PE_W      -60971.606      -60992.089      -61006.929      -61014.640      -60987.720
          PE_PW        -854.421        -850.725        -857.012        -857.527        -861.413
            PE2      -62339.069      -62360.505      -62373.413      -62384.508      -62359.908
          PE2_P        -513.043        -517.692        -509.472        -512.341        -510.776
          PE2_W      -60971.606      -60992.089      -61006.929      -61014.640      -60987.720
         PE2_PW        -854.420        -850.724        -857.012        -857.527        -861.412
      Nonbonded      -62738.453      -62759.264      -62774.633      -62782.669      -62759.207
    Nonbonded_P        -912.427        -916.450        -910.692        -910.502        -910.075
    Nonbonded_W      -60971.606      -60992.089      -61006.929      -61014.640      -60987.720
   Nonbonded_PW        -854.420        -850.725        -857.012        -857.527        -861.412
             LJ        9042.056        9044.516        9054.263        9045.776        9046.684
           LJ_P         -13.729         -12.298         -14.949         -12.937         -14.175
           LJ_W        9214.334        9219.177        9229.767        9218.039        9221.556
          LJ_PW        -158.549        -162.363        -160.555        -159.326        -160.697
           LJ14          53.148          54.961          52.200          54.635          52.978
         LJ14_P          53.148          54.961          52.200          54.635          52.978
           LJsr        9266.156        9266.987        9279.400        9268.513        9270.984
         LJsr_P         -66.591         -66.973         -66.863         -67.286         -66.866
         LJsr_W        9473.507        9478.523        9489.025        9477.328        9480.758
        LJsr_PW        -140.760        -144.563        -142.762        -141.529        -142.908
           LJlr        -277.248        -277.432        -277.338        -277.372        -277.278
         LJlr_P          -0.286          -0.287          -0.286          -0.286          -0.286
         LJlr_W        -259.174        -259.346        -259.257        -259.289        -259.201
        LJlr_PW         -17.788         -17.799         -17.795         -17.797         -17.791
             EE      -71780.510      -71803.780      -71828.896      -71828.445      -71805.891
           EE_P        -898.698        -904.152        -895.743        -897.565        -895.900
           EE_W      -70185.940      -70211.266      -70236.697      -70232.679      -70209.276
          EE_PW        -695.872        -688.362        -696.456        -698.201        -700.715
           EE14        -498.045        -494.389        -501.636        -494.838        -498.488
         EE14_P        -498.045        -494.389        -501.636        -494.838        -498.488
           EEsr      -65225.356      -65250.642      -65271.576      -65273.188      -65250.675
         EEsr_P         -58.039         -62.545         -55.885         -59.298         -56.633
         EEsr_W      -64595.063      -64618.667      -64646.902      -64641.946      -64621.376
        EEsr_PW        -572.254        -569.430        -568.789        -571.944        -572.666
           EElr       -6057.109       -6058.749       -6055.684       -6060.419       -6056.728
         EElr_P        -342.613        -347.218        -338.221        -343.429        -340.779
         EElr_W       -5590.877       -5592.599       -5589.795       -5590.734       -5587.900
        EElr_PW        -123.619        -118.932        -127.668        -126.256        -128.049
         Bonded         399.384         398.758         401.220         398.161         399.299
       Bonded_P         399.384         398.758         401.220         398.161         399.299
           Bond          75.251          75.493          76.803          76.531          75.092
         Bond_P          75.251          75.493          76.803          76.531          75.092
          Angle         174.040         173.687         173.403         173.067         173.059
        Angle_P         174.040         173.687         173.403         173.067         173.059
            Dih         136.584         135.904         137.145         134.809         137.192
          Dih_P         136.584         135.904         137.145         134.809         137.192
            Imp          13.510          13.674          13.868          13.753          13.956
          Imp_P          13.510          13.674          13.868          13.753          13.956
             PV           2.851           2.849           2.850           2.850           2.851
           PV_P           2.851           2.849           2.850           2.850           2.851
           PV_W           2.851           2.849           2.850           2.850           2.851
          PV_PW          -2.851          -2.849          -2.850          -2.850          -2.851
