             PE      -38182.032      -38201.828      -38160.222      -38169.933      -38171.161
           PE_P         402.707         402.563         403.805         402.960         404.662
           PE_W      -38057.268      -38075.457      -38037.490      -38041.608      -38043.242
          PE_PW        -527.471        -528.934        -526.537        -531.285        -532.581
            PE2      -38182.033      -38201.828      -38160.222      -38169.932      -38171.161
          PE2_P         402.707         402.563         403.805         402.960         404.662
          PE2_W      -38057.268      -38075.457      -38037.490      -38041.607      -38043.242
         PE2_PW        -527.472        -528.934        -526.537        -531.285        -532.581
      Nonbonded      -38395.888      -38412.737      -38374.602      -38382.805      -38382.177
    Nonbonded_P         188.851         191.654         189.425         190.087         193.646
    Nonbonded_W      -38057.268      -38075.457      -38037.490      -38041.607      -38043.242
   Nonbonded_PW        -527.471        -528.934        -526.537        -531.285        -532.581
             LJ        5611.833        5614.282        5628.751        5618.822        5603.711
           LJ_P         -12.404         -11.800         -12.594         -12.990         -11.326
           LJ_W        5758.760        5761.041        5775.284        5764.852        5751.488
          LJ_PW        -134.523        -134.959        -133.939        -133.040        -136.451
           LJ14          34.771          35.076          34.354          34.383          35.142
         LJ14_P          34.771          35.076          34.354          34.383          35.142
           LJsr        5751.105        5753.224        5768.368        5758.447        5742.571
         LJsr_P         -46.951         -46.652         -46.725         -47.149         -46.245
         LJsr_W        5919.981        5922.239        5936.439        5926.042        5912.671
        LJsr_PW        -121.925        -122.363        -121.346        -120.446        -123.855
           LJlr        -174.042        -174.018        -173.971        -174.008        -174.002
         LJlr_P          -0.224          -0.224          -0.224          -0.224          -0.224
         LJlr_W        -161.221        -161.198        -161.155        -161.189        -161.183
        LJlr_PW         -12.597         -12.596         -12.592         -12.595         -12.595
             EE      -44007.721      -44027.019      -44003.353      -44001.627      -43985.888
           EE_P         201.256         203.453         202.019         203.077         204.971
           EE_W      -43816.028      -43836.499      -43812.774      -43806.460      -43794.730
          EE_PW        -392.949        -393.973        -392.598        -398.244        -396.129
           EE14         668.681         670.449         669.356         669.976         673.106
         EE14_P         668.681         670.449         669.355         669.976         673.106
           EEsr      -40710.599      -40730.016      -40708.372      -40705.995      -40691.592
         EEsr_P         -64.563         -63.602         -64.543         -64.569         -65.136
         EEsr_W      -40328.272      -40348.141      -40325.811      -40319.289      -40308.045
        EEsr_PW        -317.764        -318.273        -318.018        -322.137        -318.411
           EElr       -3965.803       -3967.453       -3964.336       -3965.608       -3967.403
         EElr_P        -402.862        -403.394        -402.794        -402.330        -402.999
         EElr_W       -3487.756       -3488.357       -3486.964       -3487.171       -3486.685
        EElr_PW         -75.185         -75.702         -74.578         -76.107         -77.719
         Bonded         213.856         210.909         214.380         212.873         211.016
       Bonded_P         213.856         210.909         214.380         212.873         211.016
           Bond          50.963          50.291          51.830          50.801          50.221
         Bond_P          50.963          50.291          51.830          50.801          50.221
          Angle         126.911         127.282         127.738         127.463         127.013
        Angle_P         126.911         127.282         127.738         127.463         127.013
            Dih          28.005          25.698          26.832          26.672          25.868
          Dih_P          28.005          25.698          26.832          26.672          25.868
            Imp           7.977           7.637           7.980           7.937           7.913
          Imp_P           7.977           7.637           7.980           7.937           7.913
             PV           1.784           1.784           1.785           1.784           1.784
           PV_P           1.784           1.784           1.785           1.784           1.784
           PV_W           1.784           1.784           1.785           1.784           1.784
          PV_PW          -1.784          -1.784          -1.785          -1.784          -1.784
