             PE      -37614.355      -37606.575      -37606.189      -37614.218      -37612.678
           PE_P         502.759         501.937         501.731         501.473         501.423
           PE_W      -37561.575      -37551.663      -37553.782      -37563.592      -37562.459
          PE_PW        -555.539        -556.849        -554.138        -552.099        -551.642
            PE2      -37614.355      -37606.575      -37606.189      -37614.218      -37612.678
          PE2_P         502.759         501.937         501.731         501.473         501.423
          PE2_W      -37561.575      -37551.663      -37553.782      -37563.592      -37562.459
         PE2_PW        -555.539        -556.849        -554.138        -552.099        -551.642
      Nonbonded      -37825.421      -37816.815      -37816.796      -37826.314      -37824.426
    Nonbonded_P         291.692         291.697         291.124         289.377         289.675
    Nonbonded_W      -37561.575      -37551.663      -37553.782      -37563.592      -37562.459
   Nonbonded_PW        -555.538        -556.849        -554.138        -552.099        -551.642
             LJ        5550.041        5541.189        5537.811        5551.934        5541.171
           LJ_P         -16.808         -17.832         -17.382         -17.809         -17.995
           LJ_W        5691.360        5683.869        5680.766        5693.863        5684.810
          LJ_PW        -124.511        -124.848        -125.573        -124.120        -125.644
           LJ14          32.721          32.604          32.906          32.470          32.348
         LJ14_P          32.721          32.604          32.906          32.470          32.348
           LJsr        5689.254        5680.466        5676.776        5691.274        5680.766
         LJsr_P         -49.309         -50.216         -50.069         -50.060         -50.123
         LJsr_W        5850.672        5843.132        5840.020        5853.060        5844.130
        LJsr_PW        -112.109        -112.450        -113.175        -111.726        -113.241
           LJlr        -171.934        -171.881        -171.871        -171.811        -171.943
         LJlr_P          -0.219          -0.219          -0.219          -0.219          -0.219
         LJlr_W        -159.312        -159.263        -159.254        -159.198        -159.320
        LJlr_PW         -12.403         -12.399         -12.398         -12.394         -12.404
             EE      -43375.462      -43358.004      -43354.607      -43378.247      -43365.597
           EE_P         308.500         309.529         308.506         307.187         307.670
           EE_W      -43252.935      -43235.532      -43234.548      -43257.454      -43247.269
          EE_PW        -431.027        -432.001        -428.565        -427.980        -425.998
           EE14         670.214         672.294         673.994         672.131         671.390
         EE14_P         670.214         672.294         673.994         672.131         671.390
           EEsr      -40236.591      -40220.148      -40217.249      -40241.808      -40227.167
         EEsr_P         -73.568         -73.183         -75.191         -75.774         -74.532
         EEsr_W      -39812.601      -39794.767      -39792.381      -39815.763      -39805.037
        EEsr_PW        -350.422        -352.198        -349.677        -350.271        -347.598
           EElr       -3809.084       -3810.150       -3811.353       -3808.571       -3809.820
         EElr_P        -288.145        -289.582        -290.297        -289.171        -289.188
         EElr_W       -3440.334       -3440.765       -3442.168       -3441.692       -3442.232
        EElr_PW         -80.605         -79.803         -78.888         -77.708         -78.400
         Bonded         211.067         210.239         210.607         212.096         211.748
       Bonded_P         211.067         210.239         210.607         212.096         211.748
           Bond          51.376          50.986          51.413          51.510          51.922
         Bond_P          51.376          50.986          51.413          51.510          51.922
          Angle         124.272         123.363         123.895         125.119         124.183
        Angle_P         124.272         123.363         123.895         125.119         124.183
            Dih          27.564          27.844          27.462          27.417          27.667
          Dih_P          27.564          27.844          27.462          27.417          27.667
            Imp           7.855           8.047           7.836           8.051           7.976
          Imp_P           7.855           8.047           7.836           8.051           7.976
             PV           1.760           1.761           1.761           1.762           1.760
           PV_P           1.760           1.761           1.761           1.762           1.760
           PV_W           1.760           1.761           1.761           1.762           1.760
          PV_PW          -1.760          -1.761          -1.761          -1.762          -1.760
