             PE      -36747.982      -36821.979      -36687.139      -36833.305      -36896.710
           PE_P         188.931         227.768         213.365         183.271         176.252
           PE_W      -36367.347      -36347.075      -36276.168      -36405.314      -36479.701
          PE_PW        -569.566        -702.672        -624.336        -611.262        -593.261
            PE2      -36747.980      -36821.976      -36687.138      -36833.306      -36896.709
          PE2_P         188.931         227.768         213.365         183.271         176.252
          PE2_W      -36367.347      -36347.071      -36276.166      -36405.312      -36479.703
         PE2_PW        -569.564        -702.673        -624.337        -611.265        -593.258
      Nonbonded      -37035.931      -37088.797      -36954.624      -37082.958      -37160.494
    Nonbonded_P         -99.020         -39.053         -54.122         -66.381         -87.533
    Nonbonded_W      -36367.347      -36347.071      -36276.166      -36405.312      -36479.703
   Nonbonded_PW        -569.564        -702.673        -624.336        -611.265        -593.258
             LJ        5345.468        5323.215        5344.412        5477.801        5272.452
           LJ_P         -18.948         -26.007         -18.991          -8.914         -22.411
           LJ_W        5493.886        5482.119        5504.526        5626.726        5430.818
          LJ_PW        -129.470        -132.897        -141.123        -140.011        -135.955
           LJ14          31.001          28.697          36.257          38.714          28.035
         LJ14_P          31.001          28.697          36.257          38.714          28.035
           LJsr        5481.618        5462.455        5475.584        5606.715        5412.243
         LJsr_P         -49.694         -54.448         -54.993         -47.373         -50.191
         LJsr_W        5647.715        5636.673        5658.613        5780.996        5585.270
        LJsr_PW        -116.403        -119.770        -128.036        -126.908        -122.836
           LJlr        -167.150        -167.937        -167.429        -167.629        -167.826
         LJlr_P          -0.254          -0.256          -0.255          -0.255          -0.255
         LJlr_W        -153.830        -154.554        -154.087        -154.270        -154.452
        LJlr_PW         -13.066         -13.127         -13.087         -13.104         -13.119
             EE      -42381.399      -42412.012      -42299.036      -42560.759      -42432.946
           EE_P         -80.072         -13.047         -35.131         -57.467         -65.122
           EE_W      -41861.232      -41829.190      -41780.692      -42032.038      -41910.521
          EE_PW        -440.095        -569.775        -483.213        -471.254        -457.303
           EE14         195.165         189.100         209.120         200.389         167.343
         EE14_P         195.165         189.100         209.120         200.389         167.343
           EEsr      -38950.567      -38979.802      -38878.771      -39126.713      -38983.518
         EEsr_P         -53.790         -16.671         -30.902         -44.065         -30.113
         EEsr_W      -38527.045      -38524.206      -38452.219      -38698.046      -38571.502
        EEsr_PW        -369.732        -438.925        -395.650        -384.602        -381.903
           EElr       -3625.996       -3621.310       -3629.385       -3634.434       -3616.771
         EElr_P        -221.447        -185.476        -213.349        -213.791        -202.352
         EElr_W       -3334.187       -3304.984       -3328.473       -3333.992       -3339.020
        EElr_PW         -70.362        -130.850         -87.563         -86.651         -75.399
         Bonded         287.951         266.822         267.487         249.652         263.785
       Bonded_P         287.951         266.822         267.487         249.652         263.785
           Bond          59.925          52.718          56.654          52.927          60.734
         Bond_P          59.925          52.718          56.654          52.927          60.734
          Angle         143.571         132.817         141.889         125.849         130.590
        Angle_P         143.571         132.817         141.889         125.849         130.590
            Dih          75.063          72.619          60.575          61.801          63.018
          Dih_P          75.063          72.619          60.575          61.801          63.018
            Imp           9.392           8.668           8.369           9.076           9.443
          Imp_P           9.392           8.668           8.369           9.076           9.443
             PV           1.713           1.705           1.710           1.708           1.706
           PV_P           1.713           1.705           1.710           1.708           1.706
           PV_W           1.713           1.705           1.710           1.708           1.706
          PV_PW          -1.713          -1.705          -1.710          -1.708          -1.706
