             PE      -41876.080      -41776.979      -41859.883      -41835.551      -41855.975
           PE_P         530.981         513.512         526.788         517.428         532.229
           PE_W      -41807.272      -41677.549      -41784.427      -41772.906      -41796.480
          PE_PW        -599.789        -612.942        -602.244        -580.073        -591.724
            PE2      -41876.080      -41776.974      -41859.883      -41835.551      -41855.976
          PE2_P         530.981         513.512         526.788         517.428         532.229
          PE2_W      -41807.273      -41677.547      -41784.427      -41772.908      -41796.480
         PE2_PW        -599.788        -612.939        -602.244        -580.071        -591.725
      Nonbonded      -42110.256      -42013.912      -42103.856      -42080.876      -42108.194
    Nonbonded_P         296.806         276.574         282.815         272.103         280.011
    Nonbonded_W      -41807.273      -41677.547      -41784.427      -41772.908      -41796.480
   Nonbonded_PW        -599.789        -612.939        -602.244        -580.071        -591.725
             LJ        6194.144        6358.006        6163.946        6184.806        6152.434
           LJ_P         -15.002         -19.828         -17.601         -15.086         -14.364
           LJ_W        6349.243        6534.164        6330.372        6345.250        6313.735
          LJ_PW        -140.097        -156.330        -148.825        -145.358        -146.937
           LJ14          47.491          46.895          45.379          42.892          45.295
         LJ14_P          47.491          46.895          45.379          42.892          45.295
           LJsr        6338.385        6502.559        6310.215        6333.317        6298.722
         LJsr_P         -62.217         -66.447         -62.703         -57.702         -59.382
         LJsr_W        6526.161        6710.820        6507.212        6521.865        6490.514
        LJsr_PW        -125.559        -141.814        -134.294        -130.846        -132.410
           LJlr        -191.732        -191.448        -191.648        -191.404        -191.582
         LJlr_P          -0.277          -0.276          -0.277          -0.276          -0.277
         LJlr_W        -176.918        -176.656        -176.840        -176.615        -176.779
        LJlr_PW         -14.537         -14.516         -14.531         -14.513         -14.526
             EE      -48304.400      -48371.918      -48267.802      -48265.682      -48260.628
           EE_P         311.808         296.402         300.416         287.189         294.375
           EE_W      -48156.516      -48211.711      -48114.798      -48118.158      -48110.215
          EE_PW        -459.692        -456.609        -453.420        -434.713        -444.788
           EE14         663.105         644.517         660.073         653.762         653.190
         EE14_P         663.105         644.517         660.073         653.761         653.190
           EEsr      -44755.382      -44810.284      -44727.435      -44721.410      -44717.990
         EEsr_P         -61.260         -73.996         -74.532         -77.377         -76.562
         EEsr_W      -44321.247      -44387.951      -44284.228      -44282.672      -44280.527
        EEsr_PW        -372.875        -348.337        -368.675        -361.361        -360.901
           EElr       -4212.124       -4206.151       -4200.440       -4198.033       -4195.828
         EElr_P        -290.037        -274.120        -285.125        -289.195        -282.252
         EElr_W       -3835.268       -3823.760       -3830.570       -3835.486       -3829.688
        EElr_PW         -86.819        -108.271         -84.745         -73.352         -83.888
         Bonded         234.175         236.938         243.973         245.325         252.218
       Bonded_P         234.175         236.938         243.973         245.325         252.218
           Bond          55.905          77.592          60.108          59.896          59.971
         Bond_P          55.905          77.592          60.108          59.896          59.971
          Angle         131.165         113.611         133.645         136.502         137.812
        Angle_P         131.165         113.611         133.645         136.502         137.812
            Dih          37.444          39.012          41.462          40.089          45.109
          Dih_P          37.444          39.012          41.462          40.089          45.109
            Imp           9.662           6.723           8.759           8.838           9.327
          Imp_P           9.662           6.723           8.759           8.838           9.327
             PV           1.961           1.964           1.961           1.964           1.962
           PV_P           1.961           1.964           1.961           1.964           1.962
           PV_W           1.961           1.964           1.961           1.964           1.962
          PV_PW          -1.961          -1.964          -1.961          -1.964          -1.962
