             PE      -48944.442      -48910.384      -48947.368      -48938.077      -48932.570
           PE_P        -140.932        -134.604        -140.793        -144.532        -150.216
           PE_W      -47320.193      -47283.861      -47319.989      -47309.190      -47314.189
          PE_PW       -1483.317       -1491.919       -1486.586       -1484.355       -1468.165
            PE2      -48944.442      -48910.384      -48947.369      -48938.077      -48932.570
          PE2_P        -140.932        -134.604        -140.793        -144.532        -150.216
          PE2_W      -47320.193      -47283.860      -47319.989      -47309.190      -47314.189
         PE2_PW       -1483.317       -1491.920       -1486.587       -1484.355       -1468.165
      Nonbonded      -49300.394      -49266.785      -49303.182      -49290.456      -49288.432
    Nonbonded_P        -496.883        -491.005        -496.607        -496.911        -506.078
    Nonbonded_W      -47320.193      -47283.860      -47319.989      -47309.190      -47314.189
   Nonbonded_PW       -1483.318       -1491.920       -1486.586       -1484.355       -1468.165
             LJ        7053.619        7046.823        7048.716        7031.969        7049.096
           LJ_P         -33.084         -32.469         -33.992         -32.652         -33.868
           LJ_W        7217.160        7210.162        7214.291        7196.229        7214.913
          LJ_PW        -130.457        -130.870        -131.583        -131.608        -131.949
           LJ14          45.901          45.861          45.141          45.690          45.079
         LJ14_P          45.901          45.861          45.141          45.690          45.079
           LJsr        7227.541        7220.794        7223.462        7206.136        7223.817
         LJsr_P         -78.623         -77.967         -78.770         -77.980         -78.584
         LJsr_W        7419.012        7412.022        7416.202        7398.112        7416.745
        LJsr_PW        -112.848        -113.261        -113.970        -113.996        -114.344
           LJlr        -219.823        -219.831        -219.887        -219.857        -219.801
         LJlr_P          -0.363          -0.363          -0.363          -0.363          -0.363
         LJlr_W        -201.852        -201.860        -201.911        -201.884        -201.832
        LJlr_PW         -17.608         -17.608         -17.613         -17.610         -17.606
             EE      -56354.013      -56313.608      -56351.898      -56322.425      -56337.527
           EE_P        -463.799        -458.536        -462.615        -464.258        -472.211
           EE_W      -54537.353      -54494.022      -54534.280      -54505.419      -54529.102
          EE_PW       -1352.861       -1361.050       -1355.003       -1352.748       -1336.214
           EE14        -500.799        -504.024        -501.172        -500.957        -500.301
         EE14_P        -500.799        -504.024        -501.172        -500.957        -500.301
           EEsr      -51177.343      -51135.279      -51173.632      -51144.605      -51161.015
         EEsr_P          26.312          30.076          26.905          27.849          25.038
         EEsr_W      -50364.331      -50324.729      -50363.034      -50330.803      -50352.051
        EEsr_PW        -839.324        -840.626        -837.503        -841.651        -834.002
           EElr       -4675.871       -4674.304       -4677.094       -4676.864       -4676.211
         EElr_P          10.688          15.412          11.652           8.850           3.053
         EElr_W       -4173.022       -4169.293       -4171.246       -4174.616       -4177.050
        EElr_PW        -513.537        -520.423        -517.500        -511.098        -502.214
         Bonded         355.952         356.401         355.814         352.379         355.862
       Bonded_P         355.952         356.401         355.814         352.379         355.862
           Bond          78.703          76.939          78.555          76.636          77.776
         Bond_P          78.703          76.939          78.555          76.636          77.776
          Angle         166.033         166.956         165.137         164.274         166.785
        Angle_P         166.033         166.956         165.137         164.274         166.785
            Dih          98.500          99.691          99.444          98.848          98.521
          Dih_P          98.500          99.691          99.444          98.848          98.521
            Imp          12.716          12.815          12.678          12.621          12.780
          Imp_P          12.716          12.815          12.678          12.621          12.780
             PV           2.236           2.236           2.236           2.236           2.237
           PV_P           2.236           2.236           2.236           2.236           2.237
           PV_W           2.236           2.236           2.236           2.236           2.237
          PV_PW          -2.236          -2.236          -2.236          -2.236          -2.237
