             PE      -40467.582      -40474.216      -40473.448      -40448.717      -40470.516
           PE_P         500.493         503.801         509.253         513.420         505.948
           PE_W      -39888.072      -39894.715      -39891.029      -39862.164      -39888.809
          PE_PW       -1080.003       -1083.302       -1091.672       -1099.973       -1087.655
            PE2      -40467.581      -40474.215      -40473.448      -40448.717      -40470.516
          PE2_P         500.493         503.801         509.253         513.420         505.948
          PE2_W      -39888.072      -39894.714      -39891.029      -39862.163      -39888.809
         PE2_PW       -1080.002       -1083.302       -1091.672       -1099.974       -1087.655
      Nonbonded      -40721.612      -40728.168      -40726.130      -40702.271      -40725.662
    Nonbonded_P         246.462         249.849         256.570         259.866         250.802
    Nonbonded_W      -39888.072      -39894.714      -39891.029      -39862.163      -39888.809
   Nonbonded_PW       -1080.002       -1083.303       -1091.671       -1099.974       -1087.655
             LJ        5869.616        5912.657        5895.380        5883.405        5889.181
           LJ_P         -19.912         -18.881         -19.911         -18.387         -19.973
           LJ_W        6016.166        6056.835        6040.627        6026.934        6033.219
          LJ_PW        -126.638        -125.297        -125.336        -125.142        -124.065
           LJ14          43.891          43.664          42.643          44.036          42.825
         LJ14_P          43.891          43.664          42.643          44.036          42.825
           LJsr        6009.216        6052.523        6036.363        6022.946        6029.900
         LJsr_P         -63.483         -62.225         -62.235         -62.102         -62.477
         LJsr_W        6184.186        6224.890        6208.771        6195.033        6201.286
        LJsr_PW        -111.487        -110.142        -110.173        -109.985        -108.909
           LJlr        -183.491        -183.530        -183.627        -183.578        -183.544
         LJlr_P          -0.320          -0.320          -0.320          -0.320          -0.320
         LJlr_W        -168.020        -168.055        -168.144        -168.099        -168.068
        LJlr_PW         -15.151         -15.155         -15.163         -15.159         -15.156
             EE      -46591.228      -46640.825      -46621.510      -46585.675      -46614.843
           EE_P         266.374         268.730         276.481         278.253         270.775
           EE_W      -45904.238      -45951.550      -45931.656      -45889.097      -45922.028
          EE_PW        -953.364        -958.005        -966.335        -974.831        -963.590
           EE14         753.851         763.451         773.258         776.083         763.033
         EE14_P         753.851         763.451         773.258         776.083         763.033
           EEsr      -42862.165      -42917.297      -42898.770      -42865.986      -42890.616
         EEsr_P         -84.189         -88.703         -87.961         -86.780         -86.053
         EEsr_W      -42141.732      -42189.795      -42172.681      -42130.947      -42161.403
        EEsr_PW        -636.244        -638.799        -638.128        -648.259        -643.160
           EElr       -4482.914       -4486.980       -4495.998       -4495.773       -4487.260
         EElr_P        -403.287        -406.019        -408.816        -411.050        -406.205
         EElr_W       -3762.506       -3761.754       -3758.975       -3758.150       -3760.625
        EElr_PW        -317.121        -319.207        -328.207        -326.573        -320.430
         Bonded         254.031         253.952         252.683         253.553         255.146
       Bonded_P         254.031         253.952         252.683         253.553         255.146
           Bond          62.213          62.473          64.675          63.611          63.860
         Bond_P          62.213          62.473          64.675          63.611          63.860
          Angle         141.819         140.658         139.572         140.366         140.129
        Angle_P         141.819         140.658         139.572         140.366         140.129
            Dih          39.600          40.791          38.048          39.340          41.150
          Dih_P          39.600          40.791          38.048          39.340          41.150
            Imp          10.398          10.030          10.389          10.237          10.008
          Imp_P          10.398          10.030          10.389          10.237          10.008
             PV           1.866           1.865           1.864           1.865           1.865
           PV_P           1.866           1.865           1.864           1.865           1.865
           PV_W           1.866           1.865           1.864           1.865           1.865
          PV_PW          -1.866          -1.865          -1.864          -1.865          -1.865
