             PE      -50078.152      -50068.792      -50059.235      -49976.031      -50021.702
           PE_P        -274.955        -277.096        -263.279        -253.691        -256.674
           PE_W      -48951.886      -48930.488      -48926.147      -48831.668      -48879.732
          PE_PW        -851.311        -861.208        -869.809        -890.672        -885.296
            PE2      -50078.153      -50068.790      -50059.235      -49976.031      -50021.702
          PE2_P        -274.955        -277.096        -263.279        -253.691        -256.674
          PE2_W      -48951.888      -48930.488      -48926.145      -48831.668      -48879.734
         PE2_PW        -851.310        -861.206        -869.811        -890.672        -885.294
      Nonbonded      -50377.482      -50370.694      -50369.373      -50282.171      -50324.733
    Nonbonded_P        -574.284        -578.999        -573.417        -559.831        -559.706
    Nonbonded_W      -48951.888      -48930.488      -48926.145      -48831.668      -48879.734
   Nonbonded_PW        -851.310        -861.207        -869.811        -890.672        -885.293
             LJ        7351.708        7226.329        7189.849        7189.044        7214.014
           LJ_P         -24.158         -26.449         -26.320         -25.954         -22.065
           LJ_W        7520.292        7391.839        7353.949        7354.865        7374.870
          LJ_PW        -144.426        -139.061        -137.780        -139.867        -138.791
           LJ14          28.538          31.475          29.578          28.504          30.997
         LJ14_P          28.538          31.475          29.578          28.504          30.997
           LJsr        7544.577        7416.330        7381.857        7382.133        7404.336
         LJsr_P         -52.474         -57.702         -55.675         -54.236         -52.840
         LJsr_W        7727.368        7598.978        7561.191        7562.115        7581.862
        LJsr_PW        -130.317        -124.946        -123.659        -125.746        -124.686
           LJlr        -221.408        -221.476        -221.586        -221.594        -221.319
         LJlr_P          -0.222          -0.223          -0.223          -0.223          -0.222
         LJlr_W        -207.075        -207.139        -207.242        -207.249        -206.992
        LJlr_PW         -14.111         -14.114         -14.121         -14.122         -14.105
             EE      -57729.190      -57597.023      -57559.222      -57471.215      -57538.747
           EE_P        -550.126        -552.550        -547.097        -533.877        -537.640
           EE_W      -56472.180      -56322.327      -56280.094      -56186.533      -56254.604
          EE_PW        -706.884        -722.146        -732.031        -750.805        -746.503
           EE14        -867.975        -860.281        -884.377        -869.804        -876.924
         EE14_P        -867.975        -860.281        -884.377        -869.804        -876.924
           EEsr      -52224.123      -52088.703      -52037.768      -51966.448      -52025.678
         EEsr_P          75.959          60.600          82.568          81.387          82.530
         EEsr_W      -51840.277      -51710.100      -51658.899      -51577.505      -51640.957
        EEsr_PW        -459.805        -439.203        -461.437        -470.330        -467.251
           EElr       -4637.092       -4648.039       -4637.077       -4634.962       -4636.146
         EElr_P         241.890         247.130         254.712         254.540         256.753
         EElr_W       -4631.903       -4612.227       -4621.195       -4609.029       -4613.647
        EElr_PW        -247.079        -282.942        -270.594        -280.473        -279.252
         Bonded         299.329         301.903         310.138         306.140         303.031
       Bonded_P         299.329         301.903         310.138         306.140         303.031
           Bond          64.036          72.580          70.559          70.570          69.820
         Bond_P          64.036          72.580          70.559          70.570          69.820
          Angle         154.999         145.973         154.646         150.691         148.458
        Angle_P         154.999         145.973         154.646         150.691         148.458
            Dih          69.534          72.400          74.441          73.662          73.065
          Dih_P          69.534          72.400          74.441          73.662          73.065
            Imp          10.760          10.951          10.492          11.217          11.688
          Imp_P          10.760          10.951          10.492          11.217          11.688
             PV           2.273           2.273           2.272           2.272           2.274
           PV_P           2.273           2.273           2.272           2.272           2.274
           PV_W           2.273           2.273           2.272           2.272           2.274
          PV_PW          -2.273          -2.273          -2.272          -2.272          -2.274
