             PE      -46132.544      -46066.140      -46085.383      -46060.879      -46110.123
           PE_P        -389.337        -403.668        -394.581        -410.869        -389.926
           PE_W      -44703.447      -44657.425      -44672.928      -44625.388      -44676.052
          PE_PW       -1039.760       -1005.047       -1017.874       -1024.622       -1044.145
            PE2      -46132.544      -46066.141      -46085.382      -46060.882      -46110.124
          PE2_P        -389.337        -403.668        -394.581        -410.869        -389.926
          PE2_W      -44703.449      -44657.425      -44672.927      -44625.386      -44676.051
         PE2_PW       -1039.758       -1005.048       -1017.874       -1024.627       -1044.147
      Nonbonded      -46490.813      -46430.881      -46453.653      -46416.148      -46474.181
    Nonbonded_P        -747.605        -768.408        -762.851        -766.135        -753.983
    Nonbonded_W      -44703.449      -44657.425      -44672.927      -44625.386      -44676.051
   Nonbonded_PW       -1039.759       -1005.048       -1017.875       -1024.627       -1044.147
             LJ        6581.316        6562.264        6572.487        6589.335        6570.876
           LJ_P         -24.753         -21.788         -25.349         -27.646         -22.678
           LJ_W        6749.594        6721.511        6740.420        6764.585        6731.022
          LJ_PW        -143.525        -137.459        -142.584        -147.604        -137.468
           LJ14          39.469          42.376          38.072          38.875          41.032
         LJ14_P          39.469          42.376          38.072          38.875          41.032
           LJsr        6747.310        6725.139        6739.861        6755.925        6735.272
         LJsr_P         -63.914         -63.855         -63.113         -66.212         -63.402
         LJsr_W        6938.893        6910.613        6929.703        6953.885        6920.288
        LJsr_PW        -127.669        -121.619        -126.729        -131.748        -121.614
           LJlr        -205.463        -205.250        -205.447        -205.465        -205.428
         LJlr_P          -0.309          -0.308          -0.309          -0.309          -0.309
         LJlr_W        -189.299        -189.102        -189.283        -189.300        -189.266
        LJlr_PW         -15.855         -15.840         -15.855         -15.856         -15.853
             EE      -53072.128      -52993.146      -53026.139      -53005.483      -53045.057
           EE_P        -722.852        -746.620        -737.501        -738.488        -731.305
           EE_W      -51453.043      -51378.936      -51413.346      -51389.972      -51407.073
          EE_PW        -896.233        -867.590        -875.292        -877.023        -906.679
           EE14       -1020.527       -1004.730       -1010.514       -1015.844        -998.928
         EE14_P       -1020.527       -1004.730       -1010.514       -1015.844        -998.928
           EEsr      -47761.723      -47684.590      -47714.127      -47690.655      -47740.501
         EEsr_P          54.779          39.556          47.568          49.348          42.196
         EEsr_W      -47232.005      -47146.022      -47186.088      -47174.606      -47190.966
        EEsr_PW        -584.497        -578.124        -575.607        -565.397        -591.731
           EElr       -4289.878       -4303.826       -4301.498       -4298.984       -4305.628
         EElr_P         242.895         218.553         225.444         228.008         225.427
         EElr_W       -4221.038       -4232.914       -4227.259       -4215.366       -4216.107
        EElr_PW        -311.735        -289.465        -299.683        -311.626        -314.948
         Bonded         358.269         364.740         368.270         355.266         364.057
       Bonded_P         358.269         364.740         368.270         355.266         364.057
           Bond          68.985          69.984          72.839          69.736          71.790
         Bond_P          68.985          69.984          72.839          69.736          71.790
          Angle         161.951         162.968         160.659         152.429         162.310
        Angle_P         161.951         162.968         160.659         152.429         162.310
            Dih         117.301         118.871         121.803         122.089         117.534
          Dih_P         117.301         118.871         121.803         122.089         117.534
            Imp          10.031          12.917          12.969          11.013          12.424
          Imp_P          10.031          12.917          12.969          11.013          12.424
             PV           2.086           2.088           2.086           2.086           2.086
           PV_P           2.086           2.088           2.086           2.086           2.086
           PV_W           2.086           2.088           2.086           2.086           2.086
          PV_PW          -2.086          -2.088          -2.086          -2.086          -2.086
