             PE      -37782.787      -37757.547      -37773.952      -37766.570      -37767.349
           PE_P         471.471         471.269         473.088         471.520         471.055
           PE_W      -37695.204      -37664.053      -37681.143      -37670.491      -37672.389
          PE_PW        -559.054        -564.763        -565.897        -567.599        -566.015
            PE2      -37782.787      -37757.547      -37773.952      -37766.570      -37767.349
          PE2_P         471.471         471.269         473.088         471.520         471.055
          PE2_W      -37695.204      -37664.053      -37681.143      -37670.491      -37672.389
         PE2_PW        -559.054        -564.763        -565.897        -567.599        -566.015
      Nonbonded      -37984.025      -37959.359      -37973.952      -37966.573      -37967.859
    Nonbonded_P         270.233         269.458         273.087         271.517         270.544
    Nonbonded_W      -37695.204      -37664.053      -37681.143      -37670.491      -37672.389
   Nonbonded_PW        -559.054        -564.764        -565.896        -567.599        -566.014
             LJ        5582.326        5565.195        5559.106        5574.631        5566.377
           LJ_P         -16.449         -17.725         -18.149         -17.763         -18.738
           LJ_W        5719.422        5703.680        5698.278        5711.330        5704.202
          LJ_PW        -120.647        -120.760        -121.023        -118.936        -119.087
           LJ14          28.298          28.000          27.788          28.309          27.836
         LJ14_P          28.298          28.000          27.788          28.309          27.836
           LJsr        5726.109        5709.265        5703.373        5718.336        5710.578
         LJsr_P         -44.546         -45.523         -45.736         -45.870         -46.372
         LJsr_W        5879.391        5863.639        5858.222        5871.236        5864.129
        LJsr_PW        -108.736        -108.851        -109.113        -107.030        -107.179
           LJlr        -172.081        -172.070        -172.055        -172.013        -172.036
         LJlr_P          -0.201          -0.201          -0.201          -0.201          -0.201
         LJlr_W        -159.969        -159.959        -159.945        -159.906        -159.927
        LJlr_PW         -11.911         -11.910         -11.909         -11.906         -11.908
             EE      -43566.351      -43524.554      -43533.058      -43541.205      -43534.237
           EE_P         286.682         287.183         291.236         289.279         289.282
           EE_W      -43414.626      -43367.734      -43379.420      -43381.820      -43376.591
          EE_PW        -438.407        -444.003        -444.874        -448.664        -446.928
           EE14         649.197         646.007         647.134         651.487         649.525
         EE14_P         649.197         646.007         647.134         651.487         649.525
           EEsr      -40392.577      -40350.171      -40359.541      -40369.658      -40363.123
         EEsr_P         -72.048         -70.711         -69.016         -71.372         -70.686
         EEsr_W      -39960.139      -39915.933      -39928.008      -39930.217      -39925.514
        EEsr_PW        -360.390        -363.527        -362.517        -368.069        -366.923
           EElr       -3822.971       -3820.390       -3820.651       -3823.034       -3820.638
         EElr_P        -290.467        -288.113        -286.882        -290.836        -289.557
         EElr_W       -3454.487       -3451.801       -3451.412       -3451.603       -3451.076
        EElr_PW         -78.017         -80.476         -82.357         -80.595         -80.005
         Bonded         201.238         201.811         200.000         200.003         200.511
       Bonded_P         201.238         201.811         200.000         200.003         200.511
           Bond          48.622          49.734          48.213          48.235          48.889
         Bond_P          48.622          49.734          48.213          48.235          48.889
          Angle         119.346         117.773         117.533         118.325         116.724
        Angle_P         119.346         117.773         117.533         118.325         116.724
            Dih          25.273          26.281          26.350          25.581          26.997
          Dih_P          25.273          26.281          26.350          25.581          26.997
            Imp           7.997           8.024           7.905           7.863           7.900
          Imp_P           7.997           8.024           7.905           7.863           7.900
             PV           1.764           1.764           1.764           1.765           1.765
           PV_P           1.764           1.764           1.764           1.765           1.765
           PV_W           1.764           1.764           1.764           1.765           1.765
          PV_PW          -1.764          -1.764          -1.764          -1.765          -1.765
