             PE      -37403.913      -37460.522      -37453.755      -37427.118      -37446.364
           PE_P         431.458         447.266         438.171         432.825         429.165
           PE_W      -36764.332      -36799.609      -36825.338      -36776.497      -36782.981
          PE_PW       -1071.039       -1108.179       -1066.588       -1083.446       -1092.548
            PE2      -37403.911      -37460.521      -37453.755      -37427.116      -37446.362
          PE2_P         431.458         447.266         438.171         432.825         429.165
          PE2_W      -36764.332      -36799.608      -36825.339      -36776.496      -36782.980
         PE2_PW       -1071.037       -1108.179       -1066.587       -1083.445       -1092.547
      Nonbonded      -37621.024      -37681.586      -37680.010      -37645.740      -37672.795
    Nonbonded_P         214.345         226.201         211.917         214.202         202.732
    Nonbonded_W      -36764.332      -36799.608      -36825.339      -36776.496      -36782.980
   Nonbonded_PW       -1071.037       -1108.179       -1066.588       -1083.446       -1092.547
             LJ        5449.442        5416.083        5470.046        5435.842        5512.885
           LJ_P         -17.452         -19.414         -20.333         -15.896         -19.210
           LJ_W        5563.084        5541.543        5591.844        5560.418        5624.973
          LJ_PW         -96.190        -106.046        -101.465        -108.680         -92.878
           LJ14          36.306          33.149          35.015          37.440          31.931
         LJ14_P          36.306          33.149          35.015          37.440          31.931
           LJsr        5582.147        5552.092        5603.939        5567.019        5649.797
         LJsr_P         -53.495         -52.300         -55.085         -53.074         -50.878
         LJsr_W        5718.511        5697.105        5747.176        5715.482        5780.245
        LJsr_PW         -82.869         -92.713         -88.152         -95.389         -79.570
           LJlr        -169.012        -169.158        -168.908        -168.617        -168.842
         LJlr_P          -0.263          -0.263          -0.263          -0.263          -0.263
         LJlr_W        -155.428        -155.562        -155.332        -155.064        -155.272
        LJlr_PW         -13.321         -13.333         -13.313         -13.290         -13.307
             EE      -43070.466      -43097.669      -43150.056      -43081.582      -43185.681
           EE_P         231.797         245.615         232.250         230.098         221.941
           EE_W      -42327.416      -42341.151      -42417.183      -42336.914      -42407.953
          EE_PW        -974.847       -1002.133        -965.123        -974.766        -999.669
           EE14         844.656         837.326         861.344         861.822         861.987
         EE14_P         844.656         837.326         861.344         861.822         861.987
           EEsr      -39636.779      -39650.907      -39710.214      -39639.870      -39750.658
         EEsr_P        -113.725        -111.481        -128.358        -127.714        -135.898
         EEsr_W      -38853.792      -38873.850      -38937.910      -38867.992      -38942.703
        EEsr_PW        -669.262        -665.576        -643.946        -644.164        -672.057
           EElr       -4278.343       -4284.088       -4301.185       -4303.533       -4297.010
         EElr_P        -499.134        -480.229        -500.736        -504.009        -504.147
         EElr_W       -3473.624       -3467.301       -3479.272       -3468.921       -3465.250
        EElr_PW        -305.585        -336.558        -321.177        -330.603        -327.613
         Bonded         217.113         221.065         226.255         218.623         226.433
       Bonded_P         217.113         221.065         226.255         218.623         226.433
           Bond          51.995          56.890          52.679          52.183          58.574
         Bond_P          51.995          56.890          52.679          52.183          58.574
          Angle         128.978         122.858         130.385         129.393         131.202
        Angle_P         128.978         122.858         130.385         129.393         131.202
            Dih          26.974          34.444          34.280          27.611          26.811
          Dih_P          26.974          34.444          34.280          27.611          26.811
            Imp           9.166           6.873           8.911           9.436           9.845
          Imp_P           9.166           6.873           8.911           9.436           9.845
             PV           1.714           1.713           1.715           1.718           1.716
           PV_P           1.714           1.713           1.715           1.718           1.716
           PV_W           1.714           1.713           1.715           1.718           1.716
          PV_PW          -1.714          -1.713          -1.715          -1.718          -1.716
