             PE      -38320.088      -38342.506      -38398.906      -38386.715      -38376.063
           PE_P         336.484         331.886         335.797         353.765         343.685
           PE_W      -38126.220      -38171.757      -38228.848      -38191.322      -38168.031
          PE_PW        -530.352        -502.635        -505.855        -549.158        -551.717
            PE2      -38320.087      -38342.507      -38398.906      -38386.715      -38376.061
          PE2_P         336.484         331.886         335.797         353.765         343.685
          PE2_W      -38126.221      -38171.758      -38228.849      -38191.323      -38168.032
         PE2_PW        -530.350        -502.635        -505.854        -549.157        -551.714
      Nonbonded      -38574.409      -38604.009      -38660.865      -38642.684      -38628.205
    Nonbonded_P          82.162          70.384          73.837          97.796          91.541
    Nonbonded_W      -38126.221      -38171.758      -38228.849      -38191.323      -38168.032
   Nonbonded_PW        -530.350        -502.635        -505.853        -549.157        -551.714
             LJ        5603.318        5608.269        5627.008        5653.918        5659.343
           LJ_P          -6.639          -6.311          -6.536          -5.695          -7.517
           LJ_W        5758.930        5760.231        5781.045        5809.753        5813.608
          LJ_PW        -148.973        -145.651        -147.501        -150.140        -146.748
           LJ14          45.311          44.666          44.163          45.357          45.336
         LJ14_P          45.311          44.666          44.163          45.357          45.336
           LJsr        5733.627        5739.380        5758.559        5784.083        5789.318
         LJsr_P         -51.672         -50.698         -50.420         -50.773         -52.575
         LJsr_W        5920.225        5921.670        5942.427        5970.958        5974.619
        LJsr_PW        -134.926        -131.592        -133.448        -136.102        -132.726
           LJlr        -175.620        -175.777        -175.714        -175.522        -175.311
         LJlr_P          -0.278          -0.279          -0.278          -0.278          -0.278
         LJlr_W        -161.295        -161.439        -161.381        -161.205        -161.011
        LJlr_PW         -14.047         -14.059         -14.055         -14.039         -14.022
             EE      -44177.727      -44212.278      -44287.873      -44296.602      -44287.547
           EE_P          88.802          76.694          80.373         103.491          99.058
           EE_W      -43885.151      -43931.989      -44009.894      -44001.076      -43981.640
          EE_PW        -381.378        -356.983        -358.352        -399.017        -404.965
           EE14         727.554         725.206         728.096         731.051         731.763
         EE14_P         727.554         725.206         728.096         731.051         731.763
           EEsr      -40775.314      -40811.662      -40882.351      -40898.480      -40881.885
         EEsr_P         -78.464         -86.616         -84.388         -74.668         -76.982
         EEsr_W      -40389.089      -40433.982      -40506.327      -40509.859      -40484.273
        EEsr_PW        -307.761        -291.064        -291.636        -313.953        -320.630
           EElr       -4129.968       -4125.823       -4133.618       -4129.173       -4137.425
         EElr_P        -560.289        -561.896        -563.335        -552.892        -555.723
         EElr_W       -3496.062       -3498.007       -3503.567       -3491.217       -3497.366
        EElr_PW         -73.617         -65.920         -66.716         -85.064         -84.336
         Bonded         254.322         261.502         261.959         255.969         252.144
       Bonded_P         254.322         261.502         261.959         255.969         252.144
           Bond          55.874          55.361          57.765          58.175          58.082
         Bond_P          55.874          55.361          57.765          58.175          58.082
          Angle         150.381         160.077         156.669         151.337         147.250
        Angle_P         150.381         160.077         156.669         151.337         147.250
            Dih          40.323          38.649          40.017          38.575          38.636
          Dih_P          40.323          38.649          40.017          38.575          38.636
            Imp           7.745           7.415           7.508           7.881           8.175
          Imp_P           7.745           7.415           7.508           7.881           8.175
             PV           1.794           1.793           1.793           1.795           1.797
           PV_P           1.794           1.793           1.793           1.795           1.797
           PV_W           1.794           1.793           1.793           1.795           1.797
          PV_PW          -1.794          -1.793          -1.793          -1.795          -1.797
