             PE      -46676.624      -46659.226      -46663.667      -46604.343      -46665.899
           PE_P         102.426         111.416         110.075         112.220         104.973
           PE_W      -45445.874      -45433.007      -45435.955      -45360.182      -45442.513
          PE_PW       -1333.176       -1337.635       -1337.787       -1356.381       -1328.359
            PE2      -46676.626      -46659.228      -46663.666      -46604.342      -46665.900
          PE2_P         102.426         111.416         110.075         112.220         104.973
          PE2_W      -45445.875      -45433.006      -45435.955      -45360.182      -45442.512
         PE2_PW       -1333.177       -1337.638       -1337.786       -1356.380       -1328.361
      Nonbonded      -46952.543      -46942.938      -46945.943      -46886.228      -46949.069
    Nonbonded_P        -173.492        -172.294        -172.202        -169.666        -178.196
    Nonbonded_W      -45445.875      -45433.006      -45435.955      -45360.182      -45442.512
   Nonbonded_PW       -1333.176       -1337.638       -1337.786       -1356.380       -1328.361
             LJ        6701.836        6781.151        6771.163        6770.958        6752.944
           LJ_P         -17.991         -19.891         -18.498         -20.408         -17.142
           LJ_W        6819.308        6896.455        6891.768        6883.856        6863.686
          LJ_PW         -99.481         -95.413        -102.107         -92.490         -93.600
           LJ14          34.712          33.919          35.560          32.922          35.935
         LJ14_P          34.712          33.919          35.560          32.922          35.935
           LJsr        6874.417        6954.393        6942.749        6945.373        6924.418
         LJsr_P         -52.456         -53.562         -53.810         -53.082         -52.830
         LJsr_W        7012.009        7089.034        7084.333        7076.599        7056.496
        LJsr_PW         -85.136         -81.079         -87.774         -78.144         -79.248
           LJlr        -207.292        -207.160        -207.145        -207.337        -207.409
         LJlr_P          -0.247          -0.247          -0.247          -0.247          -0.248
         LJlr_W        -192.701        -192.579        -192.565        -192.743        -192.810
        LJlr_PW         -14.344         -14.334         -14.333         -14.347         -14.351
             EE      -53654.379      -53724.089      -53717.106      -53657.186      -53702.013
           EE_P        -155.501        -152.404        -153.704        -149.259        -161.053
           EE_W      -52265.183      -52329.461      -52327.723      -52244.038      -52306.198
          EE_PW       -1233.695       -1242.224       -1235.679       -1263.889       -1234.762
           EE14         381.494         384.008         373.468         380.281         372.780
         EE14_P         381.494         384.008         373.468         380.281         372.780
           EEsr      -48941.204      -49011.338      -49001.502      -48945.227      -48987.829
         EEsr_P        -104.656        -103.260         -97.519         -96.703        -102.698
         EEsr_W      -48029.156      -48091.067      -48085.575      -48018.140      -48063.908
        EEsr_PW        -807.392        -817.011        -818.408        -830.384        -821.223
           EElr       -5094.669       -5096.759       -5089.073       -5092.240       -5086.964
         EElr_P        -432.338        -433.151        -429.653        -432.836        -431.136
         EElr_W       -4236.026       -4238.394       -4242.148       -4225.898       -4242.290
        EElr_PW        -426.305        -425.214        -417.272        -433.506        -413.538
         Bonded         275.918         283.710         282.277         281.886         283.169
       Bonded_P         275.918         283.710         282.277         281.886         283.169
           Bond          59.404          56.369          62.048          59.918          60.652
         Bond_P          59.404          56.369          62.048          59.918          60.652
          Angle         139.759         146.274         140.244         141.739         141.857
        Angle_P         139.759         146.274         140.244         141.739         141.857
            Dih          66.389          69.395          69.292          66.327          70.359
          Dih_P          66.389          69.395          69.292          66.327          70.359
            Imp          10.365          11.672          10.693          13.901          10.300
          Imp_P          10.365          11.672          10.693          13.901          10.300
             PV           2.118           2.120           2.120           2.118           2.117
           PV_P           2.118           2.120           2.120           2.118           2.117
           PV_W           2.118           2.120           2.120           2.118           2.117
          PV_PW          -2.118          -2.120          -2.120          -2.118          -2.117
