             PE      -41837.002      -41835.764      -41846.833      -41847.203      -41829.740
           PE_P         527.721         527.328         527.631         527.015         526.260
           PE_W      -41773.125      -41772.731      -41779.452      -41788.725      -41769.249
          PE_PW        -591.598        -590.361        -595.012        -585.493        -586.751
            PE2      -41837.002      -41835.764      -41846.833      -41847.202      -41829.741
          PE2_P         527.721         527.328         527.631         527.015         526.260
          PE2_W      -41773.125      -41772.731      -41779.452      -41788.725      -41769.249
         PE2_PW        -591.598        -590.361        -595.012        -585.492        -586.752
      Nonbonded      -42083.307      -42084.415      -42094.104      -42097.156      -42077.642
    Nonbonded_P         281.417         278.677         280.361         277.062         278.359
    Nonbonded_W      -41773.125      -41772.731      -41779.452      -41788.725      -41769.249
   Nonbonded_PW        -591.599        -590.361        -595.013        -585.493        -586.752
             LJ        6154.320        6170.145        6153.595        6168.045        6158.571
           LJ_P         -15.642         -16.276         -17.021         -16.336         -16.148
           LJ_W        6317.945        6335.810        6318.471        6332.184        6322.911
          LJ_PW        -147.983        -149.389        -147.855        -147.803        -148.192
           LJ14          45.247          44.602          44.909          45.286          45.040
         LJ14_P          45.247          44.602          44.909          45.286          45.040
           LJsr        6300.760        6317.161        6300.399        6314.523        6305.205
         LJsr_P         -60.613         -60.601         -61.654         -61.344         -60.912
         LJsr_W        6494.821        6512.623        6495.373        6509.132        6499.775
        LJsr_PW        -133.448        -134.861        -133.320        -133.265        -133.658
           LJlr        -191.687        -191.619        -191.714        -191.764        -191.674
         LJlr_P          -0.277          -0.277          -0.277          -0.277          -0.277
         LJlr_W        -176.876        -176.813        -176.901        -176.947        -176.864
        LJlr_PW         -14.534         -14.529         -14.536         -14.540         -14.533
             EE      -48237.627      -48254.560      -48247.699      -48265.200      -48236.213
           EE_P         297.059         294.953         297.382         293.397         294.507
           EE_W      -48091.070      -48108.541      -48097.924      -48120.910      -48092.160
          EE_PW        -443.616        -440.972        -447.157        -437.687        -438.560
           EE14         654.763         654.285         660.608         656.015         654.457
         EE14_P         654.763         654.285         660.608         656.015         654.457
           EEsr      -44697.285      -44714.046      -44710.462      -44725.761      -44695.167
         EEsr_P         -75.079         -76.937         -78.940         -78.986         -75.421
         EEsr_W      -44262.924      -44280.075      -44268.816      -44291.031      -44261.520
        EEsr_PW        -359.282        -357.034        -362.706        -355.744        -358.226
           EElr       -4195.105       -4194.799       -4197.845       -4195.455       -4195.503
         EElr_P        -282.624        -282.396        -284.286        -283.632        -284.529
         EElr_W       -3828.146       -3828.466       -3829.108       -3829.878       -3830.640
        EElr_PW         -84.335         -83.937         -84.451         -81.945         -80.334
         Bonded         246.305         248.651         247.271         249.954         247.901
       Bonded_P         246.305         248.651         247.271         249.954         247.901
           Bond          61.417          60.937          61.176          61.525          60.238
         Bond_P          61.417          60.937          61.176          61.525          60.238
          Angle         134.965         136.034         135.344         136.345         136.979
        Angle_P         134.965         136.034         135.344         136.345         136.979
            Dih          41.259          42.894          42.059          43.077          41.835
          Dih_P          41.259          42.894          42.059          43.077          41.835
            Imp           8.664           8.786           8.692           9.007           8.848
          Imp_P           8.664           8.786           8.692           9.007           8.848
             PV           1.961           1.962           1.961           1.960           1.961
           PV_P           1.961           1.962           1.961           1.960           1.961
           PV_W           1.961           1.962           1.961           1.960           1.961
          PV_PW          -1.961          -1.962          -1.961          -1.960          -1.961
