             PE      -50571.972      -50571.881      -50557.170      -50575.222      -50566.024
           PE_P        -959.526        -979.844        -972.939        -965.060        -977.839
           PE_W      -48214.686      -48234.273      -48211.901      -48217.322      -48225.525
          PE_PW       -1397.760       -1357.764       -1372.330       -1392.840       -1362.660
            PE2      -50571.972      -50571.881      -50557.170      -50575.222      -50566.024
          PE2_P        -959.526        -979.844        -972.939        -965.060        -977.839
          PE2_W      -48214.686      -48234.273      -48211.901      -48217.321      -48225.525
         PE2_PW       -1397.760       -1357.764       -1372.330       -1392.841       -1362.660
      Nonbonded      -51021.206      -51019.646      -51005.865      -51023.202      -51014.239
    Nonbonded_P       -1408.760       -1427.609       -1421.634       -1413.040       -1426.055
    Nonbonded_W      -48214.686      -48234.273      -48211.901      -48217.321      -48225.525
   Nonbonded_PW       -1397.760       -1357.764       -1372.330       -1392.841       -1362.659
             LJ        7176.927        7182.932        7186.859        7178.307        7180.441
           LJ_P         -25.008         -24.335         -24.894         -26.178         -24.741
           LJ_W        7328.459        7335.433        7339.340        7332.457        7332.897
          LJ_PW        -126.524        -128.166        -127.587        -127.972        -127.715
           LJ14          49.454          48.891          49.278          48.589          49.782
         LJ14_P          49.454          48.891          49.278          48.589          49.782
           LJsr        7351.792        7358.287        7361.814        7354.032        7354.901
         LJsr_P         -74.073         -72.837         -73.783         -74.378         -74.135
         LJsr_W        7533.958        7540.866        7544.760        7537.952        7538.327
        LJsr_PW        -108.093        -109.742        -109.163        -109.542        -109.291
           LJlr        -224.319        -224.247        -224.232        -224.314        -224.243
         LJlr_P          -0.389          -0.389          -0.389          -0.389          -0.389
         LJlr_W        -205.500        -205.433        -205.420        -205.495        -205.430
        LJlr_PW         -18.430         -18.425         -18.423         -18.430         -18.424
             EE      -58198.133      -58202.578      -58192.724      -58201.509      -58194.680
           EE_P       -1383.752       -1403.274       -1396.740       -1386.862       -1401.314
           EE_W      -55543.144      -55569.705      -55551.241      -55549.778      -55558.421
          EE_PW       -1271.237       -1229.599       -1244.743       -1264.869       -1234.945
           EE14       -1150.946       -1146.097       -1146.889       -1151.593       -1147.255
         EE14_P       -1150.946       -1146.097       -1146.889       -1151.593       -1147.255
           EEsr      -52143.807      -52151.902      -52142.265      -52147.740      -52142.529
         EEsr_P         -14.792         -23.607         -22.144         -15.542         -25.373
         EEsr_W      -51222.058      -51238.520      -51225.552      -51226.994      -51229.962
        EEsr_PW        -906.957        -889.775        -894.569        -905.204        -887.194
           EElr       -4903.379       -4904.579       -4903.569       -4902.176       -4904.896
         EElr_P        -218.013        -233.570        -227.707        -219.727        -228.686
         EElr_W       -4321.086       -4331.186       -4325.689       -4322.784       -4328.460
        EElr_PW        -364.280        -339.823        -350.173        -359.665        -347.750
         Bonded         449.234         447.765         448.695         447.981         448.215
       Bonded_P         449.234         447.765         448.695         447.981         448.215
           Bond          83.621          83.029          83.467          83.432          83.197
         Bond_P          83.621          83.029          83.467          83.432          83.197
          Angle         189.192         188.867         189.585         188.160         187.635
        Angle_P         189.192         188.867         189.585         188.160         187.635
            Dih         161.307         160.970         160.348         161.335         162.170
          Dih_P         161.307         160.970         160.348         161.335         162.170
            Imp          15.113          14.899          15.295          15.053          15.214
          Imp_P          15.113          14.899          15.295          15.053          15.214
             PV           2.274           2.275           2.275           2.274           2.275
           PV_P           2.274           2.275           2.275           2.274           2.275
           PV_W           2.274           2.275           2.275           2.274           2.275
          PV_PW          -2.274          -2.275          -2.275          -2.274          -2.275
