             PE      -39640.940      -39720.462      -39697.958      -39606.054      -39629.573
           PE_P         392.334         401.021         386.868         389.075         393.241
           PE_W      -39547.533      -39630.750      -39595.232      -39500.768      -39539.049
          PE_PW        -485.741        -490.733        -489.594        -494.361        -483.765
            PE2      -39640.939      -39720.462      -39697.958      -39606.055      -39629.574
          PE2_P         392.334         401.021         386.868         389.075         393.241
          PE2_W      -39547.532      -39630.751      -39595.232      -39500.767      -39539.050
         PE2_PW        -485.741        -490.732        -489.594        -494.363        -483.765
      Nonbonded      -39867.987      -39951.585      -39918.648      -39824.784      -39856.117
    Nonbonded_P         165.286         169.897         166.178         170.346         166.698
    Nonbonded_W      -39547.532      -39630.751      -39595.232      -39500.767      -39539.050
   Nonbonded_PW        -485.741        -490.731        -489.594        -494.363        -483.765
             LJ        5861.080        5913.510        5894.114        5782.913        5866.683
           LJ_P         -11.399          -8.319         -10.621          -9.054         -11.965
           LJ_W        6008.872        6055.511        6040.848        5924.930        6015.263
          LJ_PW        -136.393        -133.682        -136.113        -132.963        -136.615
           LJ14          33.330          34.223          33.580          34.653          33.258
         LJ14_P          33.330          34.223          33.580          34.653          33.258
           LJsr        6007.976        6059.880        6040.880        5929.028        6013.984
         LJsr_P         -44.514         -42.327         -43.986         -43.491         -45.007
         LJsr_W        6176.286        6223.266        6208.374        6092.850        6182.987
        LJsr_PW        -123.796        -121.059        -123.508        -120.331        -123.996
           LJlr        -180.225        -180.593        -180.346        -180.769        -180.559
         LJlr_P          -0.215          -0.216          -0.215          -0.216          -0.216
         LJlr_W        -167.414        -167.755        -167.527        -167.919        -167.724
        LJlr_PW         -12.596         -12.622         -12.604         -12.634         -12.619
             EE      -45729.068      -45865.096      -45812.762      -45607.697      -45722.800
           EE_P         176.685         178.217         176.799         179.399         178.663
           EE_W      -45556.404      -45686.262      -45636.079      -45425.697      -45554.313
          EE_PW        -349.349        -357.051        -353.482        -361.399        -347.150
           EE14         671.361         675.528         675.096         678.115         666.045
         EE14_P         671.361         675.528         675.096         678.115         666.045
           EEsr      -42288.824      -42427.574      -42378.934      -42186.471      -42286.024
         EEsr_P         -81.869         -82.306         -83.471         -82.925         -77.166
         EEsr_W      -41922.622      -42052.291      -42011.637      -41805.360      -41924.959
        EEsr_PW        -284.333        -292.977        -283.826        -298.186        -283.899
           EElr       -4111.605       -4113.050       -4108.925       -4099.341       -4102.821
         EElr_P        -412.807        -415.006        -414.827        -415.791        -410.216
         EElr_W       -3633.782       -3633.971       -3624.442       -3620.337       -3629.354
        EElr_PW         -65.016         -64.073         -69.656         -63.213         -63.251
         Bonded         227.048         231.124         220.690         218.729         226.543
       Bonded_P         227.048         231.124         220.690         218.729         226.543
           Bond          53.419          51.894          48.872          45.732          54.850
         Bond_P          53.419          51.894          48.872          45.732          54.850
          Angle         134.800         142.742         136.495         133.197         137.233
        Angle_P         134.800         142.742         136.495         133.197         137.233
            Dih          30.174          28.685          27.298          32.694          27.387
          Dih_P          30.174          28.685          27.298          32.694          27.387
            Imp           8.655           7.803           8.026           7.106           7.073
          Imp_P           8.655           7.803           8.026           7.106           7.073
             PV           1.853           1.850           1.852           1.848           1.850
           PV_P           1.853           1.850           1.852           1.848           1.850
           PV_W           1.853           1.850           1.852           1.848           1.850
          PV_PW          -1.853          -1.850          -1.852          -1.848          -1.850
