             PE      -52219.018      -52273.644      -52230.134      -52283.237      -52277.987
           PE_P        -406.085        -380.837        -436.493        -424.884        -433.600
           PE_W      -50812.107      -50863.853      -50815.041      -50888.105      -50871.312
          PE_PW       -1000.826       -1028.954        -978.600        -970.248        -973.075
            PE2      -52219.020      -52273.645      -52230.137      -52283.237      -52277.988
          PE2_P        -406.085        -380.837        -436.493        -424.884        -433.600
          PE2_W      -50812.107      -50863.854      -50815.041      -50888.105      -50871.317
         PE2_PW       -1000.828       -1028.954        -978.603        -970.248        -973.071
      Nonbonded      -52585.956      -52643.444      -52590.617      -52643.715      -52643.215
    Nonbonded_P        -773.021        -750.637        -796.973        -785.361        -798.827
    Nonbonded_W      -50812.107      -50863.854      -50815.041      -50888.105      -50871.317
   Nonbonded_PW       -1000.828       -1028.953        -978.603        -970.249        -973.071
             LJ        7500.920        7448.457        7614.368        7559.348        7622.263
           LJ_P         -22.114         -16.436         -30.404         -23.904         -33.457
           LJ_W        7656.733        7595.916        7785.187        7733.335        7788.456
          LJ_PW        -133.699        -131.023        -140.415        -150.083        -132.736
           LJ14          36.434          45.276          33.966          40.341          32.561
         LJ14_P          36.434          45.276          33.966          40.341          32.561
           LJsr        7696.031        7635.247        7811.705        7750.795        7821.659
         LJsr_P         -58.276         -61.440         -64.099         -63.973         -65.745
         LJsr_W        7872.127        7811.795        8000.356        7948.955        8004.233
        LJsr_PW        -117.820        -115.108        -124.552        -134.187        -116.829
           LJlr        -231.544        -232.066        -231.303        -231.788        -231.957
         LJlr_P          -0.272          -0.273          -0.272          -0.272          -0.272
         LJlr_W        -215.394        -215.879        -215.169        -215.620        -215.777
        LJlr_PW         -15.878         -15.914         -15.862         -15.896         -15.908
             EE      -60086.876      -60091.902      -60204.985      -60203.063      -60265.478
           EE_P        -750.907        -734.201        -766.570        -761.457        -765.371
           EE_W      -58468.840      -58459.770      -58600.227      -58621.440      -58659.772
          EE_PW        -867.129        -897.931        -838.188        -820.166        -840.335
           EE14        -983.606        -988.537       -1007.526        -980.542        -983.006
         EE14_P        -983.607        -988.537       -1007.526        -980.542        -983.006
           EEsr      -54199.171      -54203.013      -54314.512      -54323.138      -54385.997
         EEsr_P          44.882          64.961          58.061          45.614          37.755
         EEsr_W      -53660.909      -53652.773      -53799.396      -53808.195      -53861.874
        EEsr_PW        -583.144        -615.201        -573.177        -560.557        -561.878
           EElr       -4904.099       -4900.352       -4882.947       -4899.382       -4896.475
         EElr_P         187.817         189.375         182.895         173.470         179.880
         EElr_W       -4807.931       -4806.997       -4800.831       -4813.245       -4797.898
        EElr_PW        -283.985        -282.730        -265.011        -259.607        -278.457
         Bonded         366.936         369.799         360.480         360.477         365.227
       Bonded_P         366.936         369.799         360.480         360.477         365.227
           Bond          77.490          72.660          73.618          72.097          72.595
         Bond_P          77.490          72.660          73.618          72.097          72.595
          Angle         161.859         174.978         156.086         163.189         168.435
        Angle_P         161.859         174.978         156.086         163.189         168.435
            Dih         113.701         109.708         117.980         110.757         112.171
          Dih_P         113.701         109.708         117.980         110.757         112.171
            Imp          13.886          12.453          12.796          14.434          12.027
          Imp_P          13.886          12.453          12.796          14.434          12.027
             PV           2.368           2.362           2.370           2.365           2.364
           PV_P           2.368           2.362           2.370           2.365           2.364
           PV_W           2.368           2.362           2.370           2.365           2.364
          PV_PW          -2.368          -2.362          -2.370          -2.365          -2.364
