             PE      -58675.435      -58677.952      -58674.342      -58668.617      -58685.665
           PE_P        -921.105        -923.091        -921.078        -921.437        -924.158
           PE_W      -56581.151      -56583.534      -56578.303      -56572.694      -56591.061
          PE_PW       -1173.179       -1171.327       -1174.961       -1174.486       -1170.446
            PE2      -58675.435      -58677.952      -58674.342      -58668.617      -58685.665
          PE2_P        -921.105        -923.091        -921.078        -921.437        -924.158
          PE2_W      -56581.150      -56583.534      -56578.303      -56572.693      -56591.061
         PE2_PW       -1173.180       -1171.327       -1174.961       -1174.487       -1170.446
      Nonbonded      -59173.233      -59174.234      -59171.292      -59167.970      -59181.154
    Nonbonded_P       -1418.903       -1419.374       -1418.028       -1420.790       -1419.647
    Nonbonded_W      -56581.150      -56583.534      -56578.303      -56572.693      -56591.061
   Nonbonded_PW       -1173.180       -1171.326       -1174.961       -1174.487       -1170.446
             LJ        8340.434        8352.105        8341.761        8347.313        8366.223
           LJ_P         -33.882         -33.281         -34.120         -34.421         -32.875
           LJ_W        8540.502        8550.354        8541.283        8546.642        8564.447
          LJ_PW        -166.186        -164.968        -165.402        -164.908        -165.349
           LJ14          52.635          52.781          52.477          52.557          52.945
         LJ14_P          52.635          52.781          52.477          52.557          52.945
           LJsr        8547.446        8559.004        8548.952        8554.414        8572.987
         LJsr_P         -86.133         -85.678         -86.213         -86.594         -85.436
         LJsr_W        8780.053        8789.936        8780.854        8786.203        8804.055
        LJsr_PW        -146.474        -145.254        -145.689        -145.195        -145.632
           LJlr        -259.647        -259.680        -259.669        -259.658        -259.709
         LJlr_P          -0.384          -0.384          -0.384          -0.384          -0.384
         LJlr_W        -239.551        -239.582        -239.571        -239.561        -239.608
        LJlr_PW         -19.712         -19.714         -19.714         -19.713         -19.717
             EE      -67513.667      -67526.339      -67513.053      -67515.283      -67547.378
           EE_P       -1385.021       -1386.093       -1383.909       -1386.369       -1386.771
           EE_W      -65121.652      -65133.888      -65119.586      -65119.335      -65155.508
          EE_PW       -1006.994       -1006.358       -1009.558       -1009.579       -1005.099
           EE14       -1712.393       -1710.371       -1713.156       -1713.860       -1710.984
         EE14_P       -1712.393       -1710.371       -1713.156       -1713.860       -1710.984
           EEsr      -60439.905      -60452.539      -60440.352      -60440.639      -60473.461
         EEsr_P          67.143          66.129          67.764          68.105          66.623
         EEsr_W      -59791.122      -59802.733      -59790.788      -59790.254      -59823.914
        EEsr_PW        -715.926        -715.935        -717.328        -718.490        -716.170
           EElr       -5361.368       -5363.429       -5359.545       -5360.784       -5362.933
         EElr_P         260.229         258.149         261.483         259.385         257.590
         EElr_W       -5330.530       -5331.155       -5328.798       -5329.081       -5331.593
        EElr_PW        -291.067        -290.423        -292.230        -291.088        -288.930
         Bonded         497.797         496.283         496.950         499.353         495.489
       Bonded_P         497.797         496.283         496.950         499.353         495.489
           Bond          90.899          90.433          89.959          90.831          90.303
         Bond_P          90.899          90.433          89.959          90.831          90.303
          Angle         188.695         188.590         189.814         190.415         188.897
        Angle_P         188.695         188.590         189.814         190.415         188.897
            Dih         201.754         201.084         200.899         201.606         200.148
          Dih_P         201.754         201.084         200.899         201.606         200.148
            Imp          16.450          16.175          16.279          16.501          16.141
          Imp_P          16.450          16.175          16.279          16.501          16.141
             PV           2.645           2.644           2.645           2.645           2.644
           PV_P           2.645           2.644           2.645           2.645           2.644
           PV_W           2.645           2.644           2.645           2.645           2.644
          PV_PW          -2.645          -2.644          -2.645          -2.645          -2.644
