             PE      -37906.296      -37902.330      -37902.426      -37904.169      -37903.793
           PE_P         443.399         442.025         440.903         438.851         439.963
           PE_W      -37809.218      -37819.779      -37816.270      -37815.957      -37815.145
          PE_PW        -540.477        -524.576        -527.059        -527.063        -528.611
            PE2      -37906.295      -37902.331      -37902.426      -37904.170      -37903.793
          PE2_P         443.399         442.025         440.903         438.851         439.963
          PE2_W      -37809.218      -37819.779      -37816.270      -37815.957      -37815.145
         PE2_PW        -540.476        -524.577        -527.059        -527.064        -528.611
      Nonbonded      -38132.472      -38130.705      -38128.589      -38131.205      -38131.579
    Nonbonded_P         217.222         213.650         214.739         211.815         212.177
    Nonbonded_W      -37809.218      -37819.779      -37816.270      -37815.957      -37815.145
   Nonbonded_PW        -540.476        -524.576        -527.058        -527.063        -528.611
             LJ        5576.934        5584.238        5580.862        5574.777        5604.078
           LJ_P         -12.818         -11.278         -10.702         -11.865         -12.417
           LJ_W        5729.369        5734.422        5730.945        5726.142        5754.145
          LJ_PW        -139.617        -138.906        -139.381        -139.500        -137.650
           LJ14          37.813          38.992          38.937          38.524          38.044
         LJ14_P          37.813          38.992          38.937          38.524          38.044
           LJsr        5712.515        5718.593        5715.323        5709.603        5739.407
         LJsr_P         -50.388         -50.027         -49.395         -50.146         -50.218
         LJsr_W        5889.430        5894.441        5891.010        5886.163        5914.187
        LJsr_PW        -126.527        -125.821        -126.292        -126.414        -124.562
           LJlr        -173.394        -173.347        -173.397        -173.350        -173.373
         LJlr_P          -0.243          -0.243          -0.243          -0.243          -0.243
         LJlr_W        -160.062        -160.018        -160.065        -160.021        -160.042
        LJlr_PW         -13.089         -13.086         -13.089         -13.086         -13.088
             EE      -43709.407      -43714.943      -43709.452      -43705.982      -43735.657
           EE_P         230.041         224.929         225.441         223.681         224.594
           EE_W      -43538.587      -43554.201      -43547.215      -43542.100      -43569.289
          EE_PW        -400.861        -385.671        -387.678        -387.563        -390.962
           EE14         683.670         679.933         679.484         680.195         680.195
         EE14_P         683.670         679.933         679.484         680.195         680.195
           EEsr      -40454.694      -40458.450      -40455.320      -40450.123      -40481.110
         EEsr_P         -61.157         -60.606         -59.897         -60.797         -61.595
         EEsr_W      -40076.183      -40089.271      -40083.211      -40077.758      -40106.626
        EEsr_PW        -317.354        -308.573        -312.212        -311.568        -312.889
           EElr       -3938.383       -3936.426       -3933.615       -3936.054       -3934.741
         EElr_P        -392.472        -394.398        -394.146        -395.718        -394.005
         EElr_W       -3462.403       -3464.930       -3464.004       -3464.342       -3462.663
        EElr_PW         -83.508         -77.098         -75.465         -75.994         -78.073
         Bonded         226.177         228.374         226.163         227.035         227.786
       Bonded_P         226.177         228.374         226.163         227.035         227.786
           Bond          54.273          54.510          53.971          53.167          53.648
         Bond_P          54.273          54.510          53.971          53.167          53.648
          Angle         133.354         136.323         136.175         136.223         134.857
        Angle_P         133.354         136.323         136.175         136.223         134.857
            Dih          30.836          29.588          28.269          29.819          31.683
          Dih_P          30.836          29.588          28.269          29.819          31.683
            Imp           7.715           7.953           7.749           7.826           7.598
          Imp_P           7.715           7.953           7.749           7.826           7.598
             PV           1.774           1.775           1.774           1.775           1.775
           PV_P           1.774           1.775           1.774           1.775           1.775
           PV_W           1.774           1.775           1.774           1.775           1.775
          PV_PW          -1.774          -1.775          -1.774          -1.775          -1.775
