             PE      -51106.391      -51103.480      -51098.721      -51100.332      -51103.520
           PE_P        -223.646        -222.809        -222.183        -222.880        -225.647
           PE_W      -49972.473      -49969.407      -49963.319      -49965.944      -49972.573
          PE_PW        -910.272        -911.264        -913.219        -911.508        -905.300
            PE2      -51106.391      -51103.480      -51098.721      -51100.332      -51103.520
          PE2_P        -223.646        -222.809        -222.183        -222.880        -225.647
          PE2_W      -49972.473      -49969.407      -49963.319      -49965.944      -49972.572
         PE2_PW        -910.272        -911.264        -913.219        -911.508        -905.301
      Nonbonded      -51416.067      -51412.973      -51408.612      -51410.317      -51413.256
    Nonbonded_P        -533.321        -532.302        -532.074        -532.865        -535.383
    Nonbonded_W      -49972.473      -49969.407      -49963.319      -49965.944      -49972.572
   Nonbonded_PW        -910.273        -911.264        -913.219        -911.508        -905.301
             LJ        7380.730        7386.124        7373.531        7378.583        7379.701
           LJ_P         -18.378         -18.227         -18.697         -18.689         -18.534
           LJ_W        7546.756        7552.580        7540.052        7545.153        7546.585
          LJ_PW        -147.648        -148.229        -147.824        -147.881        -148.350
           LJ14          38.416          38.501          38.511          38.325          38.473
         LJ14_P          38.416          38.501          38.511          38.325          38.473
           LJsr        7569.273        7574.562        7562.011        7567.209        7568.155
         LJsr_P         -56.545         -56.480         -56.959         -56.765         -56.759
         LJsr_W        7758.382        7764.188        7751.708        7756.771        7758.181
        LJsr_PW        -132.564        -133.146        -132.738        -132.797        -133.267
           LJlr        -226.959        -226.940        -226.992        -226.951        -226.927
         LJlr_P          -0.249          -0.249          -0.249          -0.249          -0.249
         LJlr_W        -211.625        -211.608        -211.656        -211.618        -211.596
        LJlr_PW         -15.085         -15.083         -15.087         -15.084         -15.082
             EE      -58796.797      -58799.097      -58782.143      -58788.900      -58792.958
           EE_P        -514.944        -514.075        -513.377        -514.176        -516.849
           EE_W      -57519.229      -57521.987      -57503.371      -57511.096      -57519.157
          EE_PW        -762.624        -763.035        -765.395        -763.628        -756.952
           EE14        -628.556        -627.826        -627.500        -627.363        -627.982
         EE14_P        -628.556        -627.826        -627.500        -627.363        -627.981
           EEsr      -53235.989      -53239.308      -53221.925      -53229.189      -53232.616
         EEsr_P          42.312          42.838          43.018          42.227          41.299
         EEsr_W      -52812.687      -52816.196      -52797.310      -52805.312      -52811.080
        EEsr_PW        -465.614        -465.950        -467.633        -466.104        -462.835
           EElr       -4932.252       -4931.963       -4932.718       -4932.348       -4932.360
         EElr_P          71.301          70.912          71.105          70.961          69.833
         EElr_W       -4706.543       -4705.791       -4706.062       -4705.785       -4708.078
        EElr_PW        -297.010        -297.084        -297.761        -297.524        -294.115
         Bonded         309.675         309.493         309.891         309.985         309.736
       Bonded_P         309.675         309.493         309.891         309.985         309.736
           Bond          65.542          65.307          65.265          65.297          65.422
         Bond_P          65.542          65.307          65.265          65.297          65.422
          Angle         153.579         153.440         153.823         153.448         153.696
        Angle_P         153.579         153.440         153.823         153.448         153.696
            Dih          80.282          80.297          80.420          80.849          80.291
          Dih_P          80.282          80.297          80.420          80.849          80.291
            Imp          10.271          10.449          10.383          10.390          10.328
          Imp_P          10.271          10.449          10.383          10.390          10.328
             PV           2.327           2.328           2.327           2.328           2.328
           PV_P           2.327           2.328           2.327           2.328           2.328
           PV_W           2.327           2.328           2.327           2.328           2.328
          PV_PW          -2.327          -2.328          -2.327          -2.328          -2.328
