             PE      -37391.690      -37410.614      -37397.583      -37401.608      -37398.333
           PE_P         151.697         149.623         153.422         153.266         151.539
           PE_W      -36937.877      -36952.764      -36937.791      -36942.406      -36937.011
          PE_PW        -605.510        -607.473        -613.214        -612.468        -612.861
            PE2      -37391.690      -37410.614      -37397.583      -37401.608      -37398.333
          PE2_P         151.697         149.623         153.422         153.266         151.539
          PE2_W      -36937.877      -36952.764      -36937.791      -36942.406      -36937.011
         PE2_PW        -605.510        -607.473        -613.214        -612.468        -612.861
      Nonbonded      -37645.531      -37662.882      -37649.738      -37654.097      -37650.318
    Nonbonded_P        -102.144        -102.645         -98.733         -99.223        -100.446
    Nonbonded_W      -36937.877      -36952.764      -36937.791      -36942.406      -36937.011
   Nonbonded_PW        -605.510        -607.473        -613.214        -612.468        -612.861
             LJ        5445.298        5436.319        5454.894        5453.710        5451.011
           LJ_P         -23.193         -23.951         -23.509         -23.017         -22.862
           LJ_W        5594.902        5586.503        5604.995        5602.416        5600.263
          LJ_PW        -126.411        -126.233        -126.592        -125.689        -126.390
           LJ14          26.285          25.703          26.294          26.605          26.255
         LJ14_P          26.285          25.703          26.294          26.605          26.255
           LJsr        5588.575        5580.210        5598.133        5596.679        5594.347
         LJsr_P         -49.246         -49.421         -49.571         -49.390         -48.884
         LJsr_W        5751.624        5743.253        5761.689        5759.147        5757.010
        LJsr_PW        -113.803        -113.622        -113.985        -113.078        -113.779
           LJlr        -169.563        -169.593        -169.533        -169.573        -169.591
         LJlr_P          -0.232          -0.233          -0.232          -0.232          -0.233
         LJlr_W        -156.721        -156.750        -156.694        -156.731        -156.748
        LJlr_PW         -12.610         -12.610         -12.607         -12.610         -12.610
             EE      -43090.829      -43099.202      -43104.632      -43107.807      -43101.329
           EE_P         -78.951         -78.694         -75.224         -76.206         -77.584
           EE_W      -42532.779      -42539.267      -42542.786      -42544.822      -42537.274
          EE_PW        -479.099        -481.241        -486.622        -486.779        -486.471
           EE14         177.359         174.536         175.447         179.360         179.114
         EE14_P         177.359         174.536         175.447         179.360         179.114
           EEsr      -39586.071      -39593.856      -39601.432      -39605.558      -39598.304
         EEsr_P         -43.613         -43.085         -41.881         -43.667         -43.577
         EEsr_W      -39149.038      -39156.031      -39162.294      -39163.789      -39154.729
        EEsr_PW        -393.420        -394.740        -397.257        -398.102        -399.998
           EElr       -3682.118       -3679.882       -3678.648       -3681.609       -3682.139
         EElr_P        -212.697        -210.145        -208.790        -211.898        -213.121
         EElr_W       -3383.741       -3383.236       -3380.492       -3381.033       -3382.545
        EElr_PW         -85.680         -86.501         -89.366         -88.678         -86.473
         Bonded         253.842         252.268         252.155         252.489         251.985
       Bonded_P         253.842         252.268         252.155         252.489         251.985
           Bond          54.949          54.439          53.949          53.580          53.922
         Bond_P          54.949          54.439          53.949          53.580          53.922
          Angle         126.816         125.672         125.519         126.758         126.197
        Angle_P         126.816         125.672         125.519         126.758         126.197
            Dih          62.000          62.361          62.780          62.197          62.124
          Dih_P          62.000          62.361          62.780          62.197          62.124
            Imp          10.076           9.796           9.907           9.953           9.742
          Imp_P          10.076           9.796           9.907           9.953           9.742
             PV           1.733           1.733           1.733           1.733           1.733
           PV_P           1.733           1.733           1.733           1.733           1.733
           PV_W           1.733           1.733           1.733           1.733           1.733
          PV_PW          -1.733          -1.733          -1.733          -1.733          -1.733
