             PE      -50011.943      -50022.896      -50000.587      -50011.548      -50028.953
           PE_P        -259.714        -258.034        -258.911        -258.083        -258.089
           PE_W      -48863.830      -48878.034      -48845.728      -48860.664      -48888.179
          PE_PW        -888.399        -886.828        -895.948        -892.801        -882.685
            PE2      -50011.943      -50022.897      -50000.587      -50011.548      -50028.954
          PE2_P        -259.714        -258.034        -258.911        -258.083        -258.089
          PE2_W      -48863.829      -48878.033      -48845.728      -48860.664      -48888.178
         PE2_PW        -888.400        -886.830        -895.948        -892.801        -882.687
      Nonbonded      -50315.876      -50324.135      -50301.617      -50314.629      -50331.929
    Nonbonded_P        -563.646        -559.273        -559.941        -561.165        -561.064
    Nonbonded_W      -48863.829      -48878.033      -48845.728      -48860.664      -48888.178
   Nonbonded_PW        -888.401        -886.829        -895.948        -892.800        -882.687
             LJ        7210.713        7207.880        7208.554        7203.360        7230.552
           LJ_P         -22.604         -23.476         -23.648         -23.697         -22.404
           LJ_W        7372.316        7368.080        7371.013        7365.354        7392.098
          LJ_PW        -138.999        -136.724        -138.811        -138.297        -139.142
           LJ14          29.891          29.805          30.308          29.477          30.739
         LJ14_P          29.891          29.805          30.308          29.477          30.739
           LJsr        7402.243        7399.441        7399.618        7395.370        7421.192
         LJsr_P         -52.273         -53.059         -53.734         -52.951         -52.920
         LJsr_W        7579.404        7575.116        7578.055        7572.503        7599.147
        LJsr_PW        -124.888        -122.616        -124.703        -124.182        -125.035
           LJlr        -221.421        -221.366        -221.372        -221.487        -221.380
         LJlr_P          -0.222          -0.222          -0.222          -0.223          -0.222
         LJlr_W        -207.087        -207.036        -207.042        -207.149        -207.049
        LJlr_PW         -14.112         -14.108         -14.108         -14.115         -14.109
             EE      -57526.589      -57532.016      -57510.171      -57517.990      -57562.481
           EE_P        -541.042        -535.797        -536.293        -537.468        -538.660
           EE_W      -56236.146      -56246.112      -56216.741      -56226.018      -56280.276
          EE_PW        -749.401        -750.107        -757.137        -754.504        -743.545
           EE14        -876.659        -876.601        -873.898        -874.755        -875.943
         EE14_P        -876.659        -876.601        -873.898        -874.755        -875.943
           EEsr      -52011.463      -52018.638      -51999.451      -52005.854      -52047.800
         EEsr_P          83.269          87.024          81.942          83.868          82.830
         EEsr_W      -51618.406      -51630.048      -51605.959      -51611.791      -51665.724
        EEsr_PW        -476.326        -475.614        -475.434        -477.931        -464.906
           EElr       -4638.468       -4636.777       -4636.822       -4637.380       -4638.737
         EElr_P         252.347         253.780         255.663         253.419         254.453
         EElr_W       -4617.739       -4616.064       -4610.782       -4614.227       -4614.552
        EElr_PW        -273.076        -274.493        -281.703        -276.572        -278.638
         Bonded         303.932         301.239         301.030         303.082         302.975
       Bonded_P         303.932         301.239         301.030         303.082         302.975
           Bond          72.805          71.337          70.101          71.857          71.976
         Bond_P          72.805          71.337          70.101          71.857          71.976
          Angle         150.533         150.174         149.384         149.292         149.334
        Angle_P         150.533         150.174         149.384         149.292         149.334
            Dih          69.874          68.953          71.452          71.143          70.771
          Dih_P          69.874          68.953          71.452          71.143          70.771
            Imp          10.720          10.775          10.093          10.790          10.894
          Imp_P          10.720          10.775          10.093          10.790          10.894
             PV           2.273           2.274           2.274           2.273           2.274
           PV_P           2.273           2.274           2.274           2.273           2.274
           PV_W           2.273           2.274           2.274           2.273           2.274
          PV_PW          -2.273          -2.274          -2.274          -2.273          -2.274
