             PE      -41143.068      -41131.386      -41091.537      -41112.004      -41131.910
           PE_P           2.201          -6.763           0.131           2.471          -2.096
           PE_W      -40070.310      -40057.332      -40017.808      -40040.262      -40057.009
          PE_PW       -1074.959       -1067.291       -1073.860       -1074.213       -1072.805
            PE2      -41143.068      -41131.385      -41091.537      -41112.004      -41131.910
          PE2_P           2.201          -6.763           0.131           2.471          -2.096
          PE2_W      -40070.310      -40057.332      -40017.808      -40040.262      -40057.009
         PE2_PW       -1074.959       -1067.290       -1073.860       -1074.213       -1072.805
      Nonbonded      -41403.129      -41388.843      -41352.243      -41373.294      -41391.949
    Nonbonded_P        -257.861        -264.221        -260.575        -258.820        -262.134
    Nonbonded_W      -40070.310      -40057.332      -40017.808      -40040.262      -40057.009
   Nonbonded_PW       -1074.958       -1067.290       -1073.860       -1074.212       -1072.806
             LJ        5945.234        5920.878        5909.755        5938.720        5928.830
           LJ_P         -23.280         -23.966         -25.330         -23.289         -24.503
           LJ_W        6066.274        6046.779        6033.325        6059.729        6051.377
          LJ_PW         -97.760        -101.935         -98.240         -97.720         -98.044
           LJ14          31.269          30.200          29.747          31.389          30.521
         LJ14_P          31.269          30.200          29.747          31.389          30.521
           LJsr        6097.047        6073.756        6063.044        6090.462        6081.431
         LJsr_P         -54.298         -53.914         -54.826         -54.427         -54.773
         LJsr_W        6235.567        6216.068        6202.576        6229.067        6220.707
        LJsr_PW         -84.222         -88.398         -84.706         -84.178         -84.503
           LJlr        -183.082        -183.077        -183.037        -183.131        -183.122
         LJlr_P          -0.251          -0.251          -0.251          -0.251          -0.251
         LJlr_W        -169.293        -169.288        -169.251        -169.338        -169.329
        LJlr_PW         -13.538         -13.538         -13.535         -13.542         -13.542
             EE      -47348.363      -47309.721      -47261.998      -47312.014      -47320.779
           EE_P        -234.581        -240.255        -235.244        -235.531        -237.631
           EE_W      -46136.584      -46104.111      -46051.133      -46099.991      -46108.386
          EE_PW        -977.198        -965.355        -975.621        -976.492        -974.762
           EE14         308.414         304.720         304.319         302.742         307.778
         EE14_P         308.414         304.720         304.319         302.742         307.778
           EEsr      -43154.605      -43113.145      -43066.148      -43116.740      -43126.711
         EEsr_P        -120.830        -124.005        -121.082        -120.161        -124.023
         EEsr_W      -42347.962      -42314.652      -42261.324      -42311.809      -42319.993
        EEsr_PW        -685.813        -674.488        -683.742        -684.770        -682.695
           EElr       -4502.171       -4501.295       -4500.169       -4498.017       -4501.846
         EElr_P        -422.164        -420.970        -418.482        -418.112        -421.385
         EElr_W       -3788.622       -3789.459       -3789.808       -3788.182       -3788.393
        EElr_PW        -291.385        -290.866        -291.879        -291.723        -292.068
         Bonded         260.062         257.457         260.705         261.291         260.038
       Bonded_P         260.062         257.457         260.705         261.291         260.038
           Bond          54.912          54.964          56.390          55.375          54.555
         Bond_P          54.912          54.964          56.390          55.375          54.555
          Angle         127.913         128.202         126.417         128.369         127.863
        Angle_P         127.913         128.202         126.417         128.369         127.863
            Dih          66.373          63.325          66.828          66.341          66.532
          Dih_P          66.373          63.325          66.828          66.341          66.532
            Imp          10.863          10.966          11.070          11.206          11.089
          Imp_P          10.863          10.966          11.070          11.206          11.089
             PV           1.867           1.867           1.867           1.866           1.866
           PV_P           1.867           1.867           1.867           1.866           1.866
           PV_W           1.867           1.867           1.867           1.866           1.866
          PV_PW          -1.867          -1.867          -1.867          -1.866          -1.866
