             PE      -69265.842      -69202.194      -69106.982      -69173.345      -69237.767
           PE_P        -608.020        -641.949        -624.871        -666.053        -659.167
           PE_W      -67168.480      -67143.884      -67093.666      -67149.739      -67195.536
          PE_PW       -1489.342       -1416.361       -1388.445       -1357.553       -1383.064
            PE2      -69265.843      -69202.194      -69106.981      -69173.344      -69237.764
          PE2_P        -608.020        -641.949        -624.871        -666.053        -659.167
          PE2_W      -67168.477      -67143.880      -67093.666      -67149.736      -67195.537
         PE2_PW       -1489.346       -1416.365       -1388.444       -1357.555       -1383.060
      Nonbonded      -69699.421      -69629.451      -69556.296      -69598.293      -69671.090
    Nonbonded_P       -1041.598       -1069.206       -1074.187       -1091.003       -1092.493
    Nonbonded_W      -67168.477      -67143.880      -67093.666      -67149.736      -67195.537
   Nonbonded_PW       -1489.346       -1416.365       -1388.443       -1357.554       -1383.060
             LJ        9996.395        9923.213        9899.301        9930.137       10021.116
           LJ_P         -12.094         -10.976         -11.853          -8.546         -14.232
           LJ_W       10200.728       10113.589       10092.593       10125.951       10231.942
          LJ_PW        -192.239        -179.400        -181.439        -187.268        -196.594
           LJ14          61.379          64.336          66.059          64.667          60.910
         LJ14_P          61.379          64.336          66.059          64.667          60.910
           LJsr       10238.942       10163.226       10137.075       10169.692       10264.528
         LJsr_P         -73.150         -74.989         -77.590         -72.890         -74.819
         LJsr_W       10484.632       10397.888       10376.410       10410.132       10516.217
        LJsr_PW        -172.540        -159.673        -161.745        -167.550        -176.870
           LJlr        -303.925        -304.348        -303.833        -304.222        -304.322
         LJlr_P          -0.323          -0.323          -0.323          -0.323          -0.323
         LJlr_W        -283.903        -284.299        -283.817        -284.181        -284.274
        LJlr_PW         -19.699         -19.726         -19.693         -19.718         -19.725
             EE      -79695.816      -79552.665      -79455.597      -79528.430      -79692.206
           EE_P       -1029.503       -1058.230       -1062.333       -1082.456       -1078.261
           EE_W      -77369.205      -77257.470      -77186.258      -77275.687      -77427.479
          EE_PW       -1297.108       -1236.965       -1207.006       -1170.287       -1186.466
           EE14       -1861.635       -1856.614       -1876.368       -1869.697       -1864.945
         EE14_P       -1861.635       -1856.614       -1876.368       -1869.697       -1864.945
           EEsr      -71492.249      -71347.632      -71235.309      -71314.593      -71476.628
         EEsr_P         173.144         164.287         168.068         159.051         155.656
         EEsr_W      -71040.768      -70888.646      -70817.048      -70890.647      -71048.932
        EEsr_PW        -624.625        -623.273        -586.329        -582.997        -583.352
           EElr       -6341.932       -6348.419       -6343.920       -6344.140       -6350.633
         EElr_P         658.988         634.097         645.967         628.190         631.028
         EElr_W       -6328.438       -6368.823       -6369.210       -6385.040       -6378.547
        EElr_PW        -672.482        -613.693        -620.677        -587.290        -603.114
         Bonded         433.578         427.257         449.315         424.949         433.327
       Bonded_P         433.578         427.257         449.315         424.949         433.327
           Bond          78.084          89.015          95.220          88.429          89.811
         Bond_P          78.084          89.015          95.220          88.429          89.811
          Angle         203.092         195.534         205.223         192.731         201.254
        Angle_P         203.092         195.534         205.223         192.731         201.254
            Dih         139.268         131.174         135.662         130.012         130.055
          Dih_P         139.268         131.174         135.662         130.012         130.055
            Imp          13.133          11.535          13.211          13.778          12.207
          Imp_P          13.133          11.535          13.211          13.778          12.207
             PV           3.121           3.117           3.122           3.118           3.117
           PV_P           3.121           3.117           3.122           3.118           3.117
           PV_W           3.121           3.117           3.122           3.118           3.117
          PV_PW          -3.121          -3.117          -3.122          -3.118          -3.117
