             PE      -39475.178      -39520.064      -39477.875      -39423.570      -39501.251
           PE_P         535.727         527.771         520.039         528.591         516.453
           PE_W      -39412.516      -39450.711      -39420.610      -39339.567      -39439.381
          PE_PW        -598.389        -597.124        -577.304        -612.594        -578.323
            PE2      -39475.179      -39520.066      -39477.875      -39423.570      -39501.251
          PE2_P         535.727         527.771         520.039         528.591         516.453
          PE2_W      -39412.517      -39450.711      -39420.610      -39339.567      -39439.380
         PE2_PW        -598.389        -597.126        -577.304        -612.594        -578.324
      Nonbonded      -39727.920      -39768.624      -39726.811      -39673.129      -39747.046
    Nonbonded_P         282.986         279.214         271.103         279.032         270.658
    Nonbonded_W      -39412.517      -39450.711      -39420.610      -39339.567      -39439.380
   Nonbonded_PW        -598.389        -597.127        -577.304        -612.594        -578.324
             LJ        5791.166        5872.976        5845.348        5752.120        5839.420
           LJ_P         -17.446         -21.234         -21.675         -16.763         -16.248
           LJ_W        5954.430        6042.484        6014.213        5917.221        6005.481
          LJ_PW        -145.818        -148.274        -147.190        -148.338        -149.813
           LJ14          44.301          42.951          43.077          44.611          43.922
         LJ14_P          44.301          42.951          43.077          44.611          43.922
           LJsr        5928.433        6011.369        5983.741        5889.058        5977.020
         LJsr_P         -61.455         -63.892         -64.459         -61.082         -59.877
         LJsr_W        6121.189        6209.037        6180.882        6083.963        6172.198
        LJsr_PW        -131.301        -133.776        -132.682        -133.823        -135.301
           LJlr        -181.569        -181.344        -181.470        -181.549        -181.522
         LJlr_P          -0.293          -0.293          -0.293          -0.293          -0.293
         LJlr_W        -166.759        -166.553        -166.669        -166.742        -166.717
        LJlr_PW         -14.517         -14.498         -14.508         -14.514         -14.512
             EE      -45519.086      -45641.600      -45572.159      -45425.249      -45586.466
           EE_P         300.433         300.448         292.778         295.795         286.905
           EE_W      -45366.946      -45493.195      -45434.823      -45256.788      -45444.862
          EE_PW        -452.573        -448.853        -430.114        -464.256        -428.509
           EE14         642.327         646.173         643.794         648.130         646.122
         EE14_P         642.327         646.173         643.794         648.130         646.122
           EEsr      -42189.401      -42308.764      -42247.923      -42099.844      -42260.077
         EEsr_P         -68.245         -63.396         -71.429         -74.686         -75.823
         EEsr_W      -41747.410      -41876.553      -41822.347      -41648.697      -41826.980
        EEsr_PW        -373.746        -368.815        -354.147        -376.461        -357.274
           EElr       -3972.012       -3979.008       -3968.030       -3973.535       -3972.511
         EElr_P        -273.649        -282.329        -279.588        -277.648        -283.394
         EElr_W       -3619.537       -3616.642       -3612.477       -3608.091       -3617.882
        EElr_PW         -78.826         -80.037         -75.965         -87.796         -71.235
         Bonded         252.741         248.557         248.936         249.559         245.795
       Bonded_P         252.741         248.557         248.936         249.559         245.795
           Bond          60.916          60.761          60.023          58.178          58.697
         Bond_P          60.916          60.761          60.023          58.178          58.697
          Angle         137.960         134.060         135.087         139.154         136.202
        Angle_P         137.960         134.060         135.087         139.154         136.202
            Dih          45.519          45.040          45.035          43.144          42.451
          Dih_P          45.519          45.040          45.035          43.144          42.451
            Imp           8.347           8.697           8.791           9.083           8.446
          Imp_P           8.347           8.697           8.791           9.083           8.446
             PV           1.853           1.855           1.854           1.853           1.854
           PV_P           1.853           1.855           1.854           1.853           1.854
           PV_W           1.853           1.855           1.854           1.853           1.854
          PV_PW          -1.853          -1.855          -1.854          -1.853          -1.854
