             PE      -50565.968      -50506.695      -50577.955      -50298.638      -50539.543
           PE_P        -877.295        -918.931        -857.209        -859.191        -922.301
           PE_W      -48158.022      -48126.987      -48138.361      -47881.825      -48158.171
          PE_PW       -1530.651       -1460.777       -1582.385       -1557.622       -1459.071
            PE2      -50565.968      -50506.695      -50577.957      -50298.636      -50539.542
          PE2_P        -877.295        -918.931        -857.209        -859.191        -922.301
          PE2_W      -48158.022      -48126.988      -48138.361      -47881.822      -48158.170
         PE2_PW       -1530.651       -1460.776       -1582.387       -1557.623       -1459.071
      Nonbonded      -51024.003      -50962.275      -51043.779      -50762.329      -51001.798
    Nonbonded_P       -1335.330       -1374.511       -1323.031       -1322.884       -1384.557
    Nonbonded_W      -48158.022      -48126.988      -48138.361      -47881.822      -48158.170
   Nonbonded_PW       -1530.651       -1460.776       -1582.387       -1557.623       -1459.071
             LJ        7111.034        7155.584        7165.591        7087.940        7210.002
           LJ_P         -25.261         -29.399         -23.699         -20.661         -25.108
           LJ_W        7254.840        7314.601        7323.513        7237.045        7358.368
          LJ_PW        -118.545        -129.618        -134.223        -128.444        -123.258
           LJ14          46.580          42.694          43.858          44.670          44.657
         LJ14_P          46.580          42.694          43.858          44.670          44.657
           LJsr        7288.655        7337.148        7346.214        7267.267        7389.861
         LJsr_P         -71.452         -71.704         -67.168         -64.943         -69.376
         LJsr_W        7460.231        7520.044        7529.162        7442.250        7564.047
        LJsr_PW        -100.124        -111.192        -115.780        -110.040        -104.810
           LJlr        -224.200        -224.258        -224.481        -223.997        -224.515
         LJlr_P          -0.388          -0.389          -0.389          -0.388          -0.389
         LJlr_W        -205.391        -205.443        -205.648        -205.205        -205.679
        LJlr_PW         -18.421         -18.426         -18.444         -18.404         -18.447
             EE      -58135.038      -58117.859      -58209.370      -57850.269      -58211.801
           EE_P       -1310.070       -1345.112       -1299.332       -1302.223       -1359.449
           EE_W      -55412.862      -55441.589      -55461.874      -55118.867      -55516.538
          EE_PW       -1412.106       -1331.158       -1448.164       -1429.179       -1335.814
           EE14       -1143.463       -1137.579       -1137.968       -1153.207       -1130.799
         EE14_P       -1143.462       -1137.579       -1137.968       -1153.207       -1130.799
           EEsr      -52087.851      -52065.282      -52160.089      -51797.866      -52157.672
         EEsr_P          12.443          -2.850          10.199          30.464          -4.999
         EEsr_W      -51131.710      -51133.950      -51201.263      -50835.711      -51196.975
        EEsr_PW        -968.584        -928.482        -969.025        -992.619        -955.698
           EElr       -4903.724       -4914.997       -4911.313       -4899.195       -4923.329
         EElr_P        -179.050        -204.682        -171.564        -179.480        -223.651
         EElr_W       -4281.152       -4307.639       -4260.611       -4283.156       -4319.562
        EElr_PW        -443.522        -402.676        -479.138        -436.559        -380.116
         Bonded         458.035         455.579         465.823         463.693         462.256
       Bonded_P         458.035         455.579         465.823         463.693         462.256
           Bond          78.372          79.601          81.355          86.522          82.746
         Bond_P          78.372          79.601          81.355          86.522          82.746
          Angle         193.646         193.645         204.997         195.411         196.350
        Angle_P         193.646         193.645         204.997         195.411         196.350
            Dih         170.504         166.323         164.780         167.676         164.991
          Dih_P         170.504         166.323         164.780         167.676         164.991
            Imp          15.512          16.010          14.690          14.084          18.169
          Imp_P          15.512          16.010          14.690          14.084          18.169
             PV           2.276           2.275           2.273           2.278           2.272
           PV_P           2.276           2.275           2.273           2.278           2.272
           PV_W           2.276           2.275           2.273           2.278           2.272
          PV_PW          -2.276          -2.275          -2.273          -2.278          -2.272
