             PE      -69595.962      -69587.996      -69583.961      -69604.120      -69587.195
           PE_P        -692.071        -687.528        -684.894        -693.772        -696.915
           PE_W      -67469.900      -67457.286      -67443.663      -67482.875      -67466.329
          PE_PW       -1433.991       -1443.182       -1455.404       -1427.473       -1423.951
            PE2      -69595.962      -69587.996      -69583.961      -69604.121      -69587.194
          PE2_P        -692.071        -687.528        -684.894        -693.772        -696.915
          PE2_W      -67469.901      -67457.286      -67443.663      -67482.875      -67466.329
         PE2_PW       -1433.990       -1443.182       -1455.404       -1427.474       -1423.950
      Nonbonded      -70052.933      -70043.797      -70040.807      -70062.681      -70046.040
    Nonbonded_P       -1149.041       -1143.329       -1141.741       -1152.332       -1155.761
    Nonbonded_W      -67469.901      -67457.286      -67443.663      -67482.875      -67466.329
   Nonbonded_PW       -1433.991       -1443.182       -1455.403       -1427.474       -1423.950
             LJ        9980.347        9978.225        9954.569        9958.630        9965.622
           LJ_P         -29.801         -31.089         -29.994         -30.552         -30.596
           LJ_W       10188.810       10187.426       10161.345       10166.980       10171.861
          LJ_PW        -178.662        -178.112        -176.782        -177.798        -175.643
           LJ14          54.027          55.118          54.235          54.710          54.506
         LJ14_P          54.027          55.118          54.235          54.710          54.506
           LJsr       10232.298       10229.165       10206.244       10209.884       10217.076
         LJsr_P         -83.498         -85.877         -83.899         -84.932         -84.771
         LJsr_W       10474.465       10473.157       10446.937       10452.622       10457.500
        LJsr_PW        -158.669        -158.115        -156.794        -157.806        -155.653
           LJlr        -305.978        -306.059        -305.910        -305.964        -305.961
         LJlr_P          -0.330          -0.331          -0.330          -0.330          -0.330
         LJlr_W        -285.655        -285.731        -285.591        -285.642        -285.639
        LJlr_PW         -19.993         -19.997         -19.989         -19.992         -19.992
             EE      -80033.279      -80022.021      -79995.376      -80021.311      -80011.662
           EE_P       -1119.241       -1112.240       -1111.747       -1121.780       -1125.165
           EE_W      -77658.710      -77644.712      -77605.008      -77649.855      -77638.190
          EE_PW       -1255.328       -1265.069       -1278.621       -1249.676       -1248.307
           EE14       -1830.241       -1828.296       -1832.482       -1830.358       -1829.402
         EE14_P       -1830.241       -1828.296       -1832.482       -1830.358       -1829.402
           EEsr      -71755.430      -71745.304      -71716.964      -71741.996      -71731.316
         EEsr_P         156.030         154.531         155.469         155.402         152.761
         EEsr_W      -71247.874      -71239.266      -71206.039      -71233.766      -71223.279
        EEsr_PW        -663.586        -660.569        -666.394        -663.632        -660.798
           EElr       -6447.608       -6448.421       -6445.930       -6448.957       -6450.943
         EElr_P         554.970         561.525         565.266         553.177         551.476
         EElr_W       -6410.836       -6405.446       -6398.969       -6416.089       -6414.911
        EElr_PW        -591.742        -604.500        -612.227        -586.045        -587.508
         Bonded         456.971         455.801         456.846         458.560         458.846
       Bonded_P         456.971         455.801         456.846         458.560         458.846
           Bond          92.892          92.009          91.428          92.206          92.313
         Bond_P          92.892          92.009          91.428          92.206          92.313
          Angle         197.006         195.518         197.912         198.305         197.044
        Angle_P         197.006         195.518         197.911         198.305         197.044
            Dih         153.407         154.680         153.904         153.987         155.998
          Dih_P         153.407         154.680         153.904         153.987         155.998
            Imp          13.665          13.595          13.603          14.062          13.490
          Imp_P          13.665          13.595          13.603          14.062          13.490
             PV           3.135           3.134           3.136           3.135           3.135
           PV_P           3.135           3.134           3.136           3.135           3.135
           PV_W           3.135           3.134           3.136           3.135           3.135
          PV_PW          -3.135          -3.134          -3.136          -3.135          -3.135
