             PE      -52187.033      -52186.667      -52186.404      -52205.427      -52197.537
           PE_P        -800.385        -779.522        -793.372        -767.112        -786.161
           PE_W      -49795.015      -49786.799      -49808.381      -49802.075      -49802.418
          PE_PW       -1591.633       -1620.346       -1584.651       -1636.240       -1608.958
            PE2      -52187.034      -52186.668      -52186.403      -52205.426      -52197.537
          PE2_P        -800.385        -779.522        -793.372        -767.112        -786.161
          PE2_W      -49795.015      -49786.799      -49808.382      -49802.075      -49802.418
         PE2_PW       -1591.634       -1620.347       -1584.649       -1636.239       -1608.958
      Nonbonded      -52596.383      -52595.930      -52599.619      -52618.882      -52608.671
    Nonbonded_P       -1209.734       -1188.784       -1206.588       -1180.567       -1197.295
    Nonbonded_W      -49795.015      -49786.799      -49808.382      -49802.075      -49802.418
   Nonbonded_PW       -1591.634       -1620.347       -1584.649       -1636.240       -1608.958
             LJ        7428.151        7431.191        7426.361        7429.332        7417.982
           LJ_P          -9.280          -7.927          -9.405          -9.398         -10.164
           LJ_W        7556.998        7559.083        7552.731        7560.534        7548.588
          LJ_PW        -119.567        -119.965        -116.965        -121.804        -120.442
           LJ14          58.998          58.998          58.480          58.014          58.055
         LJ14_P          58.998          58.998          58.480          58.014          58.055
           LJsr        7599.600        7602.661        7598.380        7601.837        7590.418
         LJsr_P         -67.863         -66.509         -67.469         -66.996         -67.802
         LJsr_W        7767.722        7769.826        7763.504        7771.325        7759.353
        LJsr_PW        -100.259        -100.656         -97.655        -102.492        -101.133
           LJlr        -230.447        -230.467        -230.499        -230.519        -230.490
         LJlr_P          -0.416          -0.416          -0.416          -0.416          -0.416
         LJlr_W        -210.725        -210.744        -210.773        -210.791        -210.764
        LJlr_PW         -19.306         -19.307         -19.310         -19.312         -19.310
             EE      -60024.534      -60027.121      -60025.979      -60048.213      -60026.653
           EE_P       -1200.454       -1180.857       -1197.183       -1171.169       -1187.132
           EE_W      -57352.013      -57345.881      -57361.113      -57362.609      -57351.006
          EE_PW       -1472.067       -1500.383       -1467.683       -1514.435       -1488.515
           EE14        -195.483        -208.399        -201.025        -206.426        -199.754
         EE14_P        -195.483        -208.399        -201.025        -206.426        -199.754
           EEsr      -53869.816      -53871.039      -53870.283      -53893.236      -53871.999
         EEsr_P        -151.538        -142.284        -145.887        -140.377        -147.216
         EEsr_W      -52731.978      -52738.244      -52741.143      -52760.862      -52738.194
        EEsr_PW        -986.300        -990.511        -983.253        -991.997        -986.589
           EElr       -5959.235       -5947.684       -5954.671       -5948.551       -5954.900
         EElr_P        -853.433        -830.175        -850.271        -824.366        -840.162
         EElr_W       -4620.035       -4607.638       -4619.970       -4601.747       -4612.811
        EElr_PW        -485.767        -509.871        -484.430        -522.438        -501.927
         Bonded         409.349         409.262         413.216         413.455         411.134
       Bonded_P         409.349         409.262         413.216         413.455         411.134
           Bond          83.015          82.645          83.495          83.306          82.996
         Bond_P          83.015          82.645          83.495          83.306          82.996
          Angle         212.219         211.731         216.812         214.379         214.753
        Angle_P         212.219         211.731         216.812         214.379         214.753
            Dih         100.497         101.174          99.374         102.131          99.711
          Dih_P         100.497         101.174          99.374         102.131          99.711
            Imp          13.618          13.713          13.534          13.639          13.675
          Imp_P          13.618          13.713          13.534          13.639          13.675
             PV           2.337           2.336           2.336           2.336           2.336
           PV_P           2.337           2.336           2.336           2.336           2.336
           PV_W           2.337           2.336           2.336           2.336           2.336
          PV_PW          -2.337          -2.336          -2.336          -2.336          -2.336
