             PE      -47509.821      -47485.343      -47402.878      -47589.435      -47456.859
           PE_P        -894.391        -919.421        -912.523        -921.207       -1049.281
           PE_W      -44430.527      -44441.604      -44378.938      -44535.420      -44530.871
          PE_PW       -2184.903       -2124.318       -2111.417       -2132.808       -1876.707
            PE2      -47509.819      -47485.342      -47402.879      -47589.436      -47456.862
          PE2_P        -894.391        -919.421        -912.523        -921.207       -1049.281
          PE2_W      -44430.527      -44441.604      -44378.938      -44535.418      -44530.876
         PE2_PW       -2184.901       -2124.317       -2111.418       -2132.811       -1876.705
      Nonbonded      -47980.329      -47968.020      -47891.194      -48070.318      -47913.572
    Nonbonded_P       -1364.902       -1402.099       -1400.837       -1402.089       -1505.991
    Nonbonded_W      -44430.527      -44441.604      -44378.938      -44535.418      -44530.876
   Nonbonded_PW       -2184.900       -2124.317       -2111.419       -2132.811       -1876.705
             LJ        6618.367        6615.824        6489.857        6676.300        6322.004
           LJ_P         -31.069         -31.874         -20.720         -37.713         -29.192
           LJ_W        6756.067        6751.130        6637.484        6831.609        6469.730
          LJ_PW        -106.631        -103.432        -126.907        -117.596        -118.534
           LJ14          48.727          44.254          53.340          41.950          55.605
         LJ14_P          48.727          44.254          53.340          41.950          55.605
           LJsr        6778.513        6780.679        6645.612        6842.961        6475.712
         LJsr_P         -79.331         -75.661         -73.594         -79.197         -84.330
         LJsr_W        6945.180        6940.457        6826.798        7020.484        6659.241
        LJsr_PW         -87.336         -84.117        -107.592         -98.326         -99.199
           LJlr        -208.873        -209.109        -209.095        -208.610        -209.313
         LJlr_P          -0.466          -0.467          -0.467          -0.465          -0.467
         LJlr_W        -189.113        -189.327        -189.314        -188.875        -189.511
        LJlr_PW         -19.294         -19.315         -19.314         -19.270         -19.335
             EE      -54598.696      -54583.844      -54381.051      -54746.618      -54235.576
           EE_P       -1333.833       -1370.225       -1380.117       -1364.376       -1476.799
           EE_W      -51186.594      -51192.734      -51016.422      -51367.027      -51000.605
          EE_PW       -2078.269       -2020.885       -1984.512       -2015.215       -1758.172
           EE14       -1074.948       -1103.800       -1083.448       -1128.611       -1061.174
         EE14_P       -1074.948       -1103.800       -1083.448       -1128.611       -1061.174
           EEsr      -48483.910      -48451.698      -48271.843      -48596.204      -48146.246
         EEsr_P         -48.377         -64.710         -60.978         -19.193        -106.033
         EEsr_W      -47219.717      -47205.777      -47032.122      -47370.530      -46921.621
        EEsr_PW       -1215.816       -1181.211       -1178.743       -1206.481       -1118.592
           EElr       -5039.838       -5028.347       -5025.759       -5021.803       -5028.156
         EElr_P        -210.507        -201.715        -235.690        -216.572        -309.592
         EElr_W       -3966.877       -3986.957       -3984.300       -3996.497       -4078.984
        EElr_PW        -862.454        -839.675        -805.769        -808.734        -639.580
         Bonded         470.511         482.678         488.314         480.882         456.710
       Bonded_P         470.511         482.678         488.314         480.882         456.710
           Bond          86.475          93.897          87.189          97.894          72.415
         Bond_P          86.475          93.897          87.189          97.894          72.415
          Angle         195.895         187.143         204.244         201.828         200.592
        Angle_P         195.895         187.143         204.244         201.828         200.592
            Dih         173.420         181.380         178.676         165.469         167.452
          Dih_P         173.420         181.380         178.676         165.469         167.452
            Imp          14.721          20.258          18.205          15.692          16.251
          Imp_P          14.721          20.258          18.205          15.692          16.251
             PV           2.102           2.100           2.100           2.105           2.098
           PV_P           2.102           2.100           2.100           2.105           2.098
           PV_W           2.102           2.100           2.100           2.105           2.098
          PV_PW          -2.102          -2.100          -2.100          -2.105          -2.098
