             PE      -54788.961      -54816.951      -54780.669      -54763.690      -54774.536
           PE_P        -936.276        -949.621        -944.403        -930.273        -940.262
           PE_W      -52209.314      -52248.671      -52196.955      -52176.699      -52194.613
          PE_PW       -1643.371       -1618.659       -1639.311       -1656.718       -1639.661
            PE2      -54788.962      -54816.952      -54780.667      -54763.690      -54774.535
          PE2_P        -936.276        -949.621        -944.403        -930.273        -940.262
          PE2_W      -52209.313      -52248.671      -52196.955      -52176.699      -52194.613
         PE2_PW       -1643.373       -1618.660       -1639.309       -1656.718       -1639.660
      Nonbonded      -55273.373      -55297.740      -55256.407      -55251.352      -55256.648
    Nonbonded_P       -1420.688       -1430.409       -1420.143       -1417.936       -1422.376
    Nonbonded_W      -52209.313      -52248.671      -52196.955      -52176.699      -52194.613
   Nonbonded_PW       -1643.372       -1618.660       -1639.309       -1656.717       -1639.659
             LJ        7829.334        7810.183        7848.182        7746.816        7796.907
           LJ_P          -9.300         -13.903         -11.683         -13.553         -11.849
           LJ_W        7977.723        7957.597        8006.432        7899.259        7949.408
          LJ_PW        -139.089        -133.511        -146.567        -138.890        -140.652
           LJ14          55.062          55.357          54.993          55.007          55.751
         LJ14_P          55.062          55.357          54.993          55.007          55.751
           LJsr        8017.025        7997.519        8035.787        7934.168        7983.835
         LJsr_P         -63.964         -68.861         -66.278         -68.162         -67.202
         LJsr_W        8200.640        8180.459        8229.207        8121.815        8172.257
        LJsr_PW        -119.651        -114.079        -127.142        -119.485        -121.220
           LJlr        -242.753        -242.692        -242.598        -242.359        -242.678
         LJlr_P          -0.398          -0.398          -0.398          -0.398          -0.398
         LJlr_W        -222.917        -222.862        -222.775        -222.556        -222.849
        LJlr_PW         -19.438         -19.432         -19.425         -19.405         -19.431
             EE      -63102.707      -63107.924      -63104.589      -62998.168      -63053.556
           EE_P       -1411.387       -1416.506       -1408.460       -1404.383       -1410.526
           EE_W      -60187.036      -60206.268      -60203.387      -60075.958      -60144.021
          EE_PW       -1504.284       -1485.150       -1492.742       -1517.827       -1499.009
           EE14       -1104.755       -1116.108       -1105.225       -1112.100       -1110.504
         EE14_P       -1104.755       -1116.108       -1105.225       -1112.100       -1110.504
           EEsr      -56545.611      -56542.469      -56547.109      -56437.949      -56492.043
         EEsr_P         -17.756         -18.245         -16.752         -15.508         -14.130
         EEsr_W      -55581.490      -55591.801      -55598.621      -55472.569      -55532.861
        EEsr_PW        -946.365        -932.423        -931.736        -949.872        -945.052
           EElr       -5452.341       -5449.347       -5452.254       -5448.119       -5451.009
         EElr_P        -288.877        -282.153        -286.483        -276.775        -285.892
         EElr_W       -4605.546       -4614.467       -4604.766       -4603.389       -4611.160
        EElr_PW        -557.918        -552.727        -561.005        -567.955        -553.957
         Bonded         484.411         480.788         475.739         487.662         482.114
       Bonded_P         484.411         480.788         475.739         487.662         482.114
           Bond          88.476          84.565          84.771          90.198          86.103
         Bond_P          88.476          84.565          84.771          90.198          86.103
          Angle         206.800         205.984         207.295         206.900         206.133
        Angle_P         206.800         205.984         207.295         206.900         206.133
            Dih         173.643         174.548         168.782         173.421         173.746
          Dih_P         173.643         174.548         168.782         173.421         173.746
            Imp          15.493          15.691          14.892          17.143          16.132
          Imp_P          15.493          15.691          14.892          17.143          16.132
             PV           2.462           2.463           2.464           2.466           2.463
           PV_P           2.462           2.463           2.464           2.466           2.463
           PV_W           2.462           2.463           2.464           2.466           2.463
          PV_PW          -2.462          -2.463          -2.464          -2.466          -2.463
