             PE      -44458.231      -44467.158      -44474.155      -44468.633      -44465.987
           PE_P         -41.549         -39.035         -48.785         -47.358         -35.557
           PE_W      -43118.091      -43118.782      -43125.471      -43121.411      -43109.290
          PE_PW       -1298.591       -1309.341       -1299.899       -1299.864       -1321.140
            PE2      -44458.231      -44467.158      -44474.155      -44468.633      -44465.986
          PE2_P         -41.549         -39.035         -48.785         -47.358         -35.557
          PE2_W      -43118.090      -43118.782      -43125.471      -43121.411      -43109.290
         PE2_PW       -1298.592       -1309.341       -1299.899       -1299.864       -1321.139
      Nonbonded      -44719.572      -44731.339      -44734.040      -44731.326      -44724.122
    Nonbonded_P        -302.890        -303.217        -308.670        -310.051        -293.693
    Nonbonded_W      -43118.090      -43118.782      -43125.471      -43121.411      -43109.290
   Nonbonded_PW       -1298.592       -1309.340       -1299.899       -1299.864       -1321.139
             LJ        6423.985        6437.023        6416.605        6393.829        6423.319
           LJ_P         -18.304         -18.128         -17.457         -16.720         -17.904
           LJ_W        6527.151        6541.942        6521.256        6496.275        6526.822
          LJ_PW         -84.862         -86.791         -87.194         -85.726         -85.599
           LJ14          32.316          31.775          32.345          33.033          31.799
         LJ14_P          32.316          31.775          32.345          33.033          31.799
           LJsr        6588.572        6602.146        6581.244        6557.757        6588.522
         LJsr_P         -50.385         -49.668         -49.567         -49.517         -49.469
         LJsr_W        6710.198        6724.986        6704.378        6679.377        6709.961
        LJsr_PW         -71.241         -73.172         -73.567         -72.103         -71.970
           LJlr        -196.903        -196.899        -196.984        -196.961        -197.002
         LJlr_P          -0.235          -0.235          -0.235          -0.235          -0.235
         LJlr_W        -183.047        -183.043        -183.123        -183.101        -183.140
        LJlr_PW         -13.621         -13.621         -13.626         -13.625         -13.627
             EE      -51143.556      -51168.362      -51150.645      -51125.154      -51147.441
           EE_P        -284.586        -285.089        -291.213        -293.331        -275.789
           EE_W      -49645.241      -49660.725      -49646.726      -49617.686      -49636.111
          EE_PW       -1213.729       -1222.548       -1212.706       -1214.137       -1235.541
           EE14         388.100         394.468         391.699         393.589         396.501
         EE14_P         388.100         394.468         391.699         393.589         396.501
           EEsr      -46589.493      -46616.181      -46596.917      -46570.774      -46595.729
         EEsr_P        -146.651        -153.088        -152.096        -153.481        -147.078
         EEsr_W      -45595.640      -45618.175      -45597.675      -45569.036      -45595.390
        EEsr_PW        -847.202        -844.918        -847.146        -848.257        -853.261
           EElr       -4942.164       -4946.649       -4945.428       -4947.969       -4948.213
         EElr_P        -526.036        -526.468        -530.817        -533.439        -525.212
         EElr_W       -4049.601       -4042.550       -4049.052       -4048.651       -4040.722
        EElr_PW        -366.527        -377.631        -365.559        -365.879        -382.279
         Bonded         261.341         264.182         259.885         262.693         258.136
       Bonded_P         261.341         264.182         259.885         262.693         258.136
           Bond          54.390          56.549          56.272          56.817          55.398
         Bond_P          54.390          56.549          56.272          56.817          55.398
          Angle         126.893         126.513         123.533         126.183         122.204
        Angle_P         126.893         126.513         123.533         126.183         122.204
            Dih          69.146          69.750          69.164          68.623          69.783
          Dih_P          69.146          69.750          69.164          68.623          69.783
            Imp          10.912          11.370          10.916          11.070          10.751
          Imp_P          10.912          11.370          10.916          11.070          10.751
             PV           2.009           2.009           2.008           2.008           2.008
           PV_P           2.009           2.009           2.008           2.008           2.008
           PV_W           2.009           2.009           2.008           2.008           2.008
          PV_PW          -2.009          -2.009          -2.008          -2.008          -2.008
