             PE      -38645.446      -38623.864      -38655.019      -38623.101      -38635.701
           PE_P         473.587         480.091         473.068         485.034         481.548
           PE_W      -38079.685      -38059.620      -38097.669      -38057.826      -38076.564
          PE_PW       -1039.348       -1044.335       -1030.418       -1050.309       -1040.685
            PE2      -38645.447      -38623.865      -38655.019      -38623.100      -38635.701
          PE2_P         473.587         480.091         473.068         485.034         481.548
          PE2_W      -38079.685      -38059.619      -38097.670      -38057.826      -38076.564
         PE2_PW       -1039.349       -1044.337       -1030.417       -1050.308       -1040.685
      Nonbonded      -38861.943      -38843.686      -38873.197      -38838.455      -38853.018
    Nonbonded_P         257.091         260.270         254.890         269.679         264.232
    Nonbonded_W      -38079.685      -38059.619      -38097.670      -38057.826      -38076.564
   Nonbonded_PW       -1039.349       -1044.337       -1030.417       -1050.308       -1040.686
             LJ        5634.461        5646.391        5653.539        5619.952        5623.572
           LJ_P         -20.257         -20.905         -20.558         -19.749         -20.047
           LJ_W        5755.543        5769.462        5774.527        5740.958        5744.113
          LJ_PW        -100.825        -102.166        -100.430        -101.257        -100.494
           LJ14          31.331          31.101          31.500          31.650          31.514
         LJ14_P          31.331          31.101          31.500          31.650          31.514
           LJsr        5777.094        5789.373        5796.044        5762.446        5766.130
         LJsr_P         -51.344         -51.763         -51.815         -51.155         -51.317
         LJsr_W        5916.229        5930.258        5935.251        5901.811        5904.898
        LJsr_PW         -87.791         -89.122         -87.392         -88.210         -87.451
           LJlr        -173.964        -174.083        -174.005        -174.145        -174.072
         LJlr_P          -0.244          -0.244          -0.244          -0.244          -0.244
         LJlr_W        -160.686        -160.796        -160.724        -160.853        -160.785
        LJlr_PW         -13.034         -13.043         -13.037         -13.048         -13.043
             EE      -44496.404      -44490.077      -44526.736      -44458.407      -44476.590
           EE_P         277.348         281.175         275.448         289.429         284.279
           EE_W      -43835.228      -43829.081      -43872.197      -43798.784      -43820.677
          EE_PW        -938.524        -942.171        -929.987        -949.052        -940.192
           EE14         797.684         798.481         795.540         803.005         806.682
         EE14_P         797.684         798.481         795.540         803.005         806.682
           EEsr      -40957.086      -40950.842      -40986.946      -40922.132      -40939.368
         EEsr_P         -88.931         -88.954         -90.630         -86.297         -89.541
         EEsr_W      -40238.228      -40233.960      -40274.902      -40207.242      -40223.330
        EEsr_PW        -629.927        -627.928        -621.414        -628.593        -626.497
           EElr       -4337.003       -4337.716       -4335.330       -4339.280       -4343.904
         EElr_P        -431.406        -428.352        -429.462        -427.280        -432.863
         EElr_W       -3597.000       -3595.122       -3597.294       -3591.542       -3597.347
        EElr_PW        -308.597        -314.242        -308.574        -320.458        -313.694
         Bonded         216.496         219.821         218.178         215.355         217.317
       Bonded_P         216.496         219.821         218.178         215.355         217.317
           Bond          53.964          54.288          53.434          55.198          53.621
         Bond_P          53.964          54.288          53.434          55.198          53.621
          Angle         129.056         130.513         128.782         128.243         127.517
        Angle_P         129.056         130.513         128.782         128.243         127.517
            Dih          24.336          26.178          26.613          22.975          27.313
          Dih_P          24.336          26.178          26.613          22.975          27.313
            Imp           9.139           8.842           9.350           8.940           8.866
          Imp_P           9.139           8.842           9.350           8.940           8.866
             PV           1.775           1.774           1.775           1.774           1.774
           PV_P           1.775           1.774           1.775           1.774           1.774
           PV_W           1.775           1.774           1.775           1.774           1.774
          PV_PW          -1.775          -1.774          -1.775          -1.774          -1.774
