             PE      -59531.371      -59574.475      -59601.263      -59562.941      -59585.154
           PE_P       -1340.199       -1342.529       -1326.237       -1353.242       -1353.661
           PE_W      -56771.645      -56809.315      -56816.943      -56800.778      -56834.127
          PE_PW       -1419.527       -1422.631       -1458.083       -1408.921       -1397.366
            PE2      -59531.371      -59574.475      -59601.263      -59562.941      -59585.155
          PE2_P       -1340.199       -1342.529       -1326.237       -1353.242       -1353.661
          PE2_W      -56771.645      -56809.314      -56816.943      -56800.779      -56834.127
         PE2_PW       -1419.527       -1422.632       -1458.083       -1408.920       -1397.367
      Nonbonded      -60063.909      -60108.949      -60135.939      -60086.638      -60115.615
    Nonbonded_P       -1872.737       -1877.002       -1860.913       -1876.939       -1884.121
    Nonbonded_W      -56771.645      -56809.314      -56816.943      -56800.779      -56834.127
   Nonbonded_PW       -1419.527       -1422.633       -1458.083       -1408.920       -1397.367
             LJ        8353.451        8359.430        8379.082        8348.630        8349.492
           LJ_P         -31.262         -34.500         -36.275         -36.394         -31.361
           LJ_W        8563.794        8568.839        8585.816        8556.627        8557.771
          LJ_PW        -179.081        -174.909        -170.459        -171.603        -176.918
           LJ14          53.207          54.137          52.710          53.310          54.028
         LJ14_P          53.207          54.137          52.710          53.310          54.028
           LJsr        8560.912        8566.020        8586.925        8555.971        8556.149
         LJsr_P         -84.056         -88.224         -88.573         -89.291         -84.976
         LJsr_W        8803.605        8808.704        8825.521        8796.422        8797.597
        LJsr_PW        -158.637        -154.460        -150.023        -151.160        -156.472
           LJlr        -260.668        -260.727        -260.553        -260.651        -260.685
         LJlr_P          -0.413          -0.413          -0.413          -0.413          -0.413
         LJlr_W        -239.811        -239.865        -239.705        -239.795        -239.826
        LJlr_PW         -20.444         -20.449         -20.435         -20.443         -20.446
             EE      -68417.360      -68468.379      -68515.021      -68435.267      -68465.107
           EE_P       -1841.475       -1842.502       -1824.638       -1840.545       -1852.760
           EE_W      -65335.439      -65378.153      -65402.760      -65357.406      -65391.898
          EE_PW       -1240.446       -1247.724       -1287.623       -1237.316       -1220.449
           EE14       -2830.631       -2825.666       -2824.164       -2818.895       -2813.073
         EE14_P       -2830.631       -2825.666       -2824.164       -2818.895       -2813.073
           EEsr      -60379.208      -60434.073      -60479.659      -60404.699      -60435.300
         EEsr_P         214.338         214.184         221.519         211.831         208.107
         EEsr_W      -59873.131      -59919.598      -59951.873      -59893.287      -59916.869
        EEsr_PW        -720.415        -728.659        -749.305        -723.243        -726.538
           EElr       -5207.521       -5208.640       -5211.198       -5211.673       -5216.735
         EElr_P         774.818         768.979         778.006         766.520         752.206
         EElr_W       -5462.309       -5458.555       -5450.886       -5464.119       -5475.029
        EElr_PW        -520.030        -519.064        -538.318        -514.074        -493.912
         Bonded         532.538         534.473         534.676         523.697         530.460
       Bonded_P         532.538         534.473         534.676         523.697         530.460
           Bond         114.083         113.887         119.177         113.971         115.484
         Bond_P         114.083         113.887         119.177         113.971         115.484
          Angle         217.307         217.645         217.062         213.806         217.430
        Angle_P         217.307         217.645         217.062         213.806         217.430
            Dih         184.943         186.696         182.784         180.526         181.042
          Dih_P         184.943         186.696         182.784         180.526         181.042
            Imp          16.205          16.245          15.653          15.393          16.504
          Imp_P          16.205          16.245          15.653          15.393          16.504
             PV           2.647           2.647           2.648           2.647           2.647
           PV_P           2.647           2.647           2.648           2.647           2.647
           PV_W           2.647           2.647           2.648           2.647           2.647
          PV_PW          -2.647          -2.647          -2.648          -2.647          -2.647
