             PE      -39330.613      -39356.645      -39319.485      -39357.142      -39339.775
           PE_P         429.051         428.952         428.928         439.477         430.512
           PE_W      -38731.821      -38759.905      -38719.895      -38748.908      -38738.012
          PE_PW       -1027.843       -1025.692       -1028.518       -1047.711       -1032.275
            PE2      -39330.613      -39356.645      -39319.484      -39357.142      -39339.775
          PE2_P         429.051         428.952         428.928         439.477         430.512
          PE2_W      -38731.822      -38759.904      -38719.895      -38748.908      -38738.013
         PE2_PW       -1027.842       -1025.693       -1028.517       -1047.711       -1032.274
      Nonbonded      -39544.464      -39570.054      -39530.690      -39569.384      -39551.050
    Nonbonded_P         215.200         215.543         217.723         227.236         219.238
    Nonbonded_W      -38731.822      -38759.904      -38719.895      -38748.908      -38738.013
   Nonbonded_PW       -1027.842       -1025.693       -1028.518       -1047.712       -1032.275
             LJ        5732.155        5752.194        5731.784        5757.624        5744.918
           LJ_P         -20.454         -19.962         -20.129         -18.991         -19.493
           LJ_W        5850.029        5868.063        5847.750        5871.061        5860.325
          LJ_PW         -97.420         -95.907         -95.837         -94.446         -95.914
           LJ14          28.114          28.573          28.400          28.717          27.898
         LJ14_P          28.114          28.573          28.400          28.717          27.898
           LJsr        5880.449        5900.192        5879.972        5905.487        5893.621
         LJsr_P         -48.346         -48.313         -48.307         -47.486         -47.168
         LJsr_W        6013.676        6031.862        6011.565        6034.868        6024.151
        LJsr_PW         -84.881         -83.357         -83.286         -81.895         -83.362
           LJlr        -176.407        -176.570        -176.589        -176.580        -176.601
         LJlr_P          -0.222          -0.222          -0.222          -0.222          -0.222
         LJlr_W        -163.647        -163.798        -163.815        -163.807        -163.826
        LJlr_PW         -12.538         -12.550         -12.552         -12.551         -12.553
             EE      -45276.619      -45322.248      -45262.473      -45327.008      -45295.968
           EE_P         235.655         235.506         237.852         246.227         238.731
           EE_W      -44581.851      -44627.968      -44567.645      -44619.969      -44598.337
          EE_PW        -930.423        -929.786        -932.680        -953.266        -936.362
           EE14         727.111         727.831         729.126         724.933         726.742
         EE14_P         727.111         727.831         729.126         724.933         726.742
           EEsr      -41635.702      -41678.659      -41621.937      -41681.970      -41652.308
         EEsr_P         -88.302         -87.937         -87.886         -82.587         -86.403
         EEsr_W      -40921.086      -40965.139      -40905.616      -40961.353      -40935.863
        EEsr_PW        -626.314        -625.583        -628.435        -638.030        -630.042
           EElr       -4368.028       -4371.420       -4369.663       -4369.971       -4370.402
         EElr_P        -403.155        -404.388        -403.388        -396.119        -401.609
         EElr_W       -3660.765       -3662.829       -3662.029       -3658.616       -3662.474
        EElr_PW        -304.108        -304.203        -304.246        -315.236        -306.319
         Bonded         213.851         213.409         211.205         212.242         211.275
       Bonded_P         213.851         213.409         211.205         212.242         211.275
           Bond          52.735          52.742          51.797          50.282          52.083
         Bond_P          52.735          52.742          51.797          50.282          52.083
          Angle         125.290         124.487         123.155         125.784         124.450
        Angle_P         125.290         124.487         123.155         125.784         124.450
            Dih          25.583          25.636          26.036          26.138          24.408
          Dih_P          25.583          25.636          26.036          26.138          24.408
            Imp          10.243          10.544          10.218          10.038          10.333
          Imp_P          10.243          10.544          10.218          10.038          10.333
             PV           1.806           1.804           1.804           1.804           1.804
           PV_P           1.806           1.804           1.804           1.804           1.804
           PV_W           1.806           1.804           1.804           1.804           1.804
          PV_PW          -1.806          -1.804          -1.804          -1.804          -1.804
