             PE      -40412.988      -40163.270      -40416.664      -40324.187      -40580.376
           PE_P         522.609         507.329         533.073         510.912         522.530
           PE_W      -39827.851      -39506.160      -39817.465      -39748.257      -39993.934
          PE_PW       -1107.746       -1164.439       -1132.272       -1086.842       -1108.972
            PE2      -40412.988      -40163.261      -40416.661      -40324.186      -40580.376
          PE2_P         522.609         507.330         533.073         510.912         522.530
          PE2_W      -39827.852      -39506.160      -39817.466      -39748.257      -39993.933
         PE2_PW       -1107.745       -1164.431       -1132.268       -1086.841       -1108.973
      Nonbonded      -40675.313      -40447.277      -40654.908      -40590.880      -40837.963
    Nonbonded_P         260.285         223.314         294.825         244.218         264.943
    Nonbonded_W      -39827.852      -39506.160      -39817.466      -39748.257      -39993.933
   Nonbonded_PW       -1107.746       -1164.431       -1132.267       -1086.841       -1108.973
             LJ        5905.778        5668.384        5888.881        5819.239        5975.382
           LJ_P         -22.851         -32.042         -17.474         -23.122         -19.742
           LJ_W        6040.288        5788.832        6037.251        5973.320        6127.858
          LJ_PW        -111.659         -88.406        -130.896        -130.959        -132.734
           LJ14          43.334          35.760          43.677          43.218          43.509
         LJ14_P          43.334          35.760          43.677          43.218          43.509
           LJsr        6045.647        5815.534        6028.449        5959.611        6115.263
         LJsr_P         -65.866         -67.482         -60.831         -66.019         -62.931
         LJsr_W        6208.044        5956.320        6205.044        6141.430        6295.786
        LJsr_PW         -96.531         -73.304        -115.764        -115.800        -117.592
           LJlr        -183.202        -182.910        -183.244        -183.590        -183.391
         LJlr_P          -0.320          -0.319          -0.320          -0.320          -0.320
         LJlr_W        -167.755        -167.487        -167.794        -168.110        -167.928
        LJlr_PW         -15.127         -15.104         -15.130         -15.160         -15.143
             EE      -46581.091      -46115.661      -46543.789      -46410.119      -46813.344
           EE_P         283.136         255.355         312.299         267.340         284.684
           EE_W      -45868.141      -45294.992      -45854.717      -45721.577      -46121.791
          EE_PW        -996.086       -1076.024       -1001.371        -955.882        -976.237
           EE14         750.402         683.640         832.491         770.257         759.199
         EE14_P         750.401         683.639         832.491         770.257         759.199
           EEsr      -42854.836      -42346.316      -42845.089      -42687.011      -43080.807
         EEsr_P         -76.099         -52.167         -95.452         -89.865         -78.048
         EEsr_W      -42109.217      -41562.938      -42110.188      -41962.309      -42359.425
        EEsr_PW        -669.520        -731.211        -639.449        -634.837        -643.334
           EElr       -4476.657       -4452.984       -4531.191       -4493.365       -4491.737
         EElr_P        -391.166        -376.116        -424.740        -413.052        -396.467
         EElr_W       -3758.924       -3732.055       -3744.529       -3759.268       -3762.366
        EElr_PW        -326.567        -344.813        -361.922        -321.045        -332.904
         Bonded         262.324         284.016         238.247         266.694         257.587
       Bonded_P         262.324         284.016         238.247         266.694         257.587
           Bond          70.265          56.296          58.237          63.767          60.892
         Bond_P          70.265          56.296          58.237          63.767          60.892
          Angle         138.764         154.787         131.662         145.147         141.950
        Angle_P         138.764         154.787         131.662         145.147         141.950
            Dih          41.074          61.552          40.414          48.129          44.220
          Dih_P          41.074          61.552          40.414          48.129          44.220
            Imp          12.221          11.380           7.933           9.651          10.525
          Imp_P          12.221          11.380           7.933           9.651          10.525
             PV           1.869           1.872           1.868           1.865           1.867
           PV_P           1.869           1.872           1.868           1.865           1.867
           PV_W           1.869           1.872           1.868           1.865           1.867
          PV_PW          -1.869          -1.872          -1.868          -1.865          -1.867
