             PE      -37920.029      -37909.389      -37875.363      -37936.180      -37907.695
           PE_P         475.381         468.408         473.632         467.429         475.290
           PE_W      -37830.454      -37821.023      -37785.683      -37846.199      -37815.959
          PE_PW        -564.956        -556.774        -563.312        -557.410        -567.026
            PE2      -37920.030      -37909.389      -37875.362      -37936.181      -37907.695
          PE2_P         475.381         468.408         473.632         467.429         475.290
          PE2_W      -37830.455      -37821.021      -37785.683      -37846.199      -37815.959
         PE2_PW        -564.956        -556.776        -563.311        -557.411        -567.026
      Nonbonded      -38121.127      -38102.074      -38073.912      -38129.784      -38107.951
    Nonbonded_P         274.284         275.723         275.082         273.825         275.034
    Nonbonded_W      -37830.455      -37821.021      -37785.683      -37846.199      -37815.959
   Nonbonded_PW        -564.956        -556.776        -563.311        -557.410        -567.026
             LJ        5529.621        5590.101        5595.647        5625.515        5595.148
           LJ_P         -18.195         -16.032         -14.247         -16.298         -15.789
           LJ_W        5665.391        5726.649        5726.634        5764.244        5729.486
          LJ_PW        -117.575        -120.516        -116.740        -122.431        -118.549
           LJ14          28.367          29.518          30.072          29.825          30.583
         LJ14_P          28.367          29.518          30.072          29.825          30.583
           LJsr        5674.060        5733.322        5738.404        5768.447        5737.063
         LJsr_P         -46.361         -45.349         -44.118         -45.921         -46.172
         LJsr_W        5826.069        5887.266        5887.335        5924.877        5889.880
        LJsr_PW        -105.648        -108.595        -104.813        -110.509        -106.645
           LJlr        -172.805        -172.740        -172.829        -172.756        -172.499
         LJlr_P          -0.201          -0.201          -0.201          -0.201          -0.201
         LJlr_W        -160.679        -160.617        -160.701        -160.633        -160.393
        LJlr_PW         -11.925         -11.922         -11.927         -11.922         -11.905
             EE      -43650.748      -43692.174      -43669.559      -43755.299      -43703.099
           EE_P         292.480         291.755         289.329         290.123         290.824
           EE_W      -43495.846      -43547.670      -43512.317      -43610.443      -43545.446
          EE_PW        -447.382        -436.259        -446.571        -434.979        -448.477
           EE14         633.094         633.789         632.526         633.863         632.193
         EE14_P         633.094         633.789         632.526         633.863         632.193
           EEsr      -40458.385      -40504.544      -40484.641      -40568.303      -40516.284
         EEsr_P         -61.918         -65.123         -64.568         -64.632         -63.379
         EEsr_W      -40025.741      -40077.916      -40048.132      -40140.653      -40079.877
        EEsr_PW        -370.726        -361.505        -371.941        -363.018        -373.028
           EElr       -3825.456       -3821.419       -3817.444       -3820.860       -3819.008
         EElr_P        -278.696        -276.912        -278.629        -279.109        -277.990
         EElr_W       -3470.105       -3469.753       -3464.186       -3469.790       -3465.568
        EElr_PW         -76.655         -74.754         -74.629         -71.961         -75.450
         Bonded         201.097         192.685         198.550         193.604         200.256
       Bonded_P         201.097         192.685         198.550         193.604         200.256
           Bond          50.146          48.829          48.537          47.242          49.073
         Bond_P          50.146          48.829          48.537          47.242          49.073
          Angle         117.273         113.703         117.818         115.501         119.182
        Angle_P         117.273         113.703         117.818         115.501         119.182
            Dih          25.449          22.454          24.993          23.128          24.248
          Dih_P          25.449          22.454          24.993          23.128          24.248
            Imp           8.229           7.698           7.202           7.733           7.753
          Imp_P           8.229           7.698           7.202           7.733           7.753
             PV           1.768           1.768           1.767           1.768           1.771
           PV_P           1.768           1.768           1.767           1.768           1.771
           PV_W           1.768           1.768           1.767           1.768           1.771
          PV_PW          -1.768          -1.768          -1.767          -1.768          -1.771
