             PE      -57234.994      -57206.275      -57215.290      -57321.984      -57271.729
           PE_P        -777.002        -793.549        -775.550        -781.592        -771.045
           PE_W      -55318.224      -55315.344      -55298.503      -55429.613      -55356.193
          PE_PW       -1139.768       -1097.382       -1141.237       -1110.779       -1144.491
            PE2      -57234.992      -57206.273      -57215.289      -57321.987      -57271.730
          PE2_P        -777.002        -793.549        -775.550        -781.592        -771.045
          PE2_W      -55318.223      -55315.348      -55298.504      -55429.617      -55356.194
         PE2_PW       -1139.767       -1097.376       -1141.235       -1110.778       -1144.491
      Nonbonded      -57709.869      -57682.378      -57686.078      -57796.092      -57744.065
    Nonbonded_P       -1251.879       -1269.654       -1246.339       -1255.697       -1243.380
    Nonbonded_W      -55318.223      -55315.348      -55298.504      -55429.617      -55356.194
   Nonbonded_PW       -1139.767       -1097.376       -1141.235       -1110.778       -1144.491
             LJ        8173.802        8168.571        8142.926        8126.523        8201.017
           LJ_P         -22.810         -20.397         -19.581         -19.843         -20.775
           LJ_W        8361.302        8356.592        8325.465        8317.547        8392.135
          LJ_PW        -164.690        -167.624        -162.958        -171.181        -170.343
           LJ14          63.552          63.645          64.689          62.874          62.172
         LJ14_P          63.552          63.645          64.689          62.874          62.172
           LJsr        8364.527        8359.222        8332.682        8317.868        8393.182
         LJsr_P         -85.960         -83.640         -83.868         -82.315         -82.546
         LJsr_W        8595.217        8590.525        8559.535        8551.410        8626.106
        LJsr_PW        -144.730        -147.663        -142.985        -151.227        -150.378
           LJlr        -254.276        -254.296        -254.445        -254.219        -254.337
         LJlr_P          -0.402          -0.402          -0.402          -0.402          -0.402
         LJlr_W        -233.915        -233.933        -234.070        -233.862        -233.971
        LJlr_PW         -19.959         -19.961         -19.973         -19.955         -19.964
             EE      -65883.671      -65850.950      -65829.004      -65922.615      -65945.082
           EE_P       -1229.069       -1249.258       -1226.757       -1235.854       -1222.604
           EE_W      -63679.525      -63671.940      -63623.969      -63747.164      -63748.330
          EE_PW        -975.077        -929.752        -978.278        -939.597        -974.148
           EE14       -1295.400       -1304.989       -1300.640       -1281.310       -1305.346
         EE14_P       -1295.400       -1304.989       -1300.640       -1281.310       -1305.346
           EEsr      -59126.479      -59093.045      -59072.104      -59173.519      -59182.287
         EEsr_P          24.573          18.463          29.148          15.643          26.025
         EEsr_W      -58471.459      -58442.810      -58417.614      -58520.197      -58545.845
        EEsr_PW        -679.593        -668.698        -683.638        -668.965        -662.467
           EElr       -5461.793       -5452.915       -5456.261       -5467.786       -5457.449
         EElr_P          41.758          37.269          44.734          29.812          56.717
         EElr_W       -5208.066       -5229.129       -5206.355       -5226.967       -5202.485
        EElr_PW        -295.485        -261.055        -294.640        -270.631        -311.681
         Bonded         474.877         476.105         470.789         474.105         472.335
       Bonded_P         474.877         476.105         470.789         474.105         472.335
           Bond          88.681          93.815          89.492          89.865          90.951
         Bond_P          88.681          93.815          89.492          89.865          90.951
          Angle         201.906         195.485         196.159         202.053         194.616
        Angle_P         201.906         195.485         196.159         202.053         194.616
            Dih         169.555         170.367         170.939         168.768         171.044
          Dih_P         169.555         170.367         170.939         168.768         171.044
            Imp          14.735          16.439          14.198          13.419          15.724
          Imp_P          14.735          16.439          14.198          13.419          15.724
             PV           2.588           2.588           2.586           2.588           2.587
           PV_P           2.588           2.588           2.586           2.588           2.587
           PV_W           2.588           2.588           2.586           2.588           2.587
          PV_PW          -2.588          -2.588          -2.586          -2.588          -2.587
