             PE      -37060.035      -37055.681      -37069.872      -37060.738      -37062.262
           PE_P          16.371          17.361          13.930          17.715          14.530
           PE_W      -36439.088      -36431.243      -36451.097      -36440.631      -36439.366
          PE_PW        -637.318        -641.799        -632.705        -637.822        -637.426
            PE2      -37060.035      -37055.682      -37069.872      -37060.738      -37062.262
          PE2_P          16.371          17.361          13.930          17.715          14.530
          PE2_W      -36439.088      -36431.243      -36451.097      -36440.631      -36439.366
         PE2_PW        -637.318        -641.800        -632.705        -637.822        -637.426
      Nonbonded      -37319.882      -37316.543      -37330.408      -37322.609      -37321.001
    Nonbonded_P        -243.476        -243.501        -246.605        -244.157        -244.209
    Nonbonded_W      -36439.088      -36431.243      -36451.097      -36440.631      -36439.366
   Nonbonded_PW        -637.318        -641.799        -632.706        -637.821        -637.426
             LJ        5378.223        5370.170        5381.794        5368.504        5375.929
           LJ_P         -13.693         -13.418         -13.407         -13.578         -13.302
           LJ_W        5526.071        5518.101        5528.442        5516.174        5521.266
          LJ_PW        -134.155        -134.513        -133.241        -134.092        -132.035
           LJ14          37.518          37.584          37.557          37.624          37.704
         LJ14_P          37.518          37.584          37.557          37.624          37.704
           LJsr        5508.845        5500.816        5512.423        5499.150        5506.445
         LJsr_P         -50.938         -50.730         -50.692         -50.929         -50.733
         LJsr_W        5680.381        5672.494        5682.795        5670.602        5675.648
        LJsr_PW        -120.598        -120.948        -119.680        -120.523        -118.470
           LJlr        -168.140        -168.230        -168.187        -168.269        -168.219
         LJlr_P          -0.273          -0.273          -0.273          -0.273          -0.273
         LJlr_W        -154.310        -154.392        -154.353        -154.428        -154.382
        LJlr_PW         -13.557         -13.565         -13.561         -13.568         -13.564
             EE      -42698.105      -42686.714      -42712.201      -42691.114      -42696.930
           EE_P        -229.783        -230.082        -233.198        -230.579        -230.907
           EE_W      -41965.160      -41949.345      -41979.538      -41956.805      -41960.632
          EE_PW        -503.162        -507.287        -499.465        -503.730        -505.391
           EE14         249.737         250.923         250.416         249.403         249.136
         EE14_P         249.737         250.923         250.416         249.403         249.136
           EEsr      -39113.637      -39101.101      -39126.762      -39104.126      -39110.695
         EEsr_P         -71.925         -71.839         -73.538         -72.045         -72.377
         EEsr_W      -38630.134      -38614.916      -38642.942      -38620.043      -38623.803
        EEsr_PW        -411.578        -414.346        -410.282        -412.038        -414.515
           EElr       -3834.204       -3836.536       -3835.855       -3836.390       -3835.371
         EElr_P        -407.594        -409.167        -410.076        -407.936        -407.666
         EElr_W       -3335.025       -3334.428       -3336.596       -3336.762       -3336.829
        EElr_PW         -91.585         -92.941         -89.183         -91.692         -90.876
         Bonded         259.847         260.862         260.535         261.872         258.739
       Bonded_P         259.847         260.862         260.535         261.872         258.739
           Bond          53.967          54.685          56.197          54.574          54.622
         Bond_P          53.967          54.685          56.197          54.574          54.622
          Angle         136.744         136.848         135.372         137.279         135.544
        Angle_P         136.744         136.848         135.372         137.279         135.544
            Dih          59.665          59.464          59.525          60.223          59.519
          Dih_P          59.665          59.464          59.525          60.223          59.519
            Imp           9.471           9.866           9.441           9.795           9.053
          Imp_P           9.471           9.866           9.441           9.795           9.053
             PV           1.715           1.714           1.714           1.714           1.714
           PV_P           1.715           1.714           1.714           1.714           1.714
           PV_W           1.715           1.714           1.714           1.714           1.714
          PV_PW          -1.715          -1.714          -1.714          -1.714          -1.714
