             PE      -39764.102      -39804.761      -39829.768      -39785.024      -39802.854
           PE_P         188.251         193.825         194.282         187.832         188.638
           PE_W      -39384.218      -39442.970      -39465.070      -39430.933      -39436.538
          PE_PW        -568.135        -555.616        -558.980        -541.923        -554.954
            PE2      -39764.101      -39804.760      -39829.768      -39785.023      -39802.854
          PE2_P         188.251         193.825         194.282         187.832         188.638
          PE2_W      -39384.220      -39442.969      -39465.069      -39430.933      -39436.537
         PE2_PW        -568.132        -555.616        -558.981        -541.922        -554.955
      Nonbonded      -39989.211      -40037.832      -40062.005      -40012.356      -40028.738
    Nonbonded_P         -36.858         -39.247         -37.955         -39.501         -37.246
    Nonbonded_W      -39384.220      -39442.969      -39465.069      -39430.933      -39436.537
   Nonbonded_PW        -568.133        -555.616        -558.981        -541.922        -554.955
             LJ        5791.901        5865.944        5845.377        5874.052        5865.541
           LJ_P          -0.920          -2.908          -0.488           1.787           2.373
           LJ_W        5937.295        6015.219        5989.029        6018.884        6009.268
          LJ_PW        -144.474        -146.367        -143.164        -146.619        -146.100
           LJ14          43.139          41.779          43.270          44.786          44.086
         LJ14_P          43.139          41.779          43.270          44.786          44.086
           LJsr        5929.520        6004.735        5982.804        6009.809        6002.071
         LJsr_P         -43.808         -44.437         -43.508         -42.749         -41.463
         LJsr_W        6104.235        6181.985        6155.911        6185.625        6176.076
        LJsr_PW        -130.907        -132.813        -129.599        -133.067        -132.542
           LJlr        -180.758        -180.569        -180.696        -180.542        -180.615
         LJlr_P          -0.251          -0.250          -0.250          -0.250          -0.250
         LJlr_W        -166.939        -166.766        -166.883        -166.741        -166.808
        LJlr_PW         -13.568         -13.553         -13.563         -13.551         -13.557
             EE      -45781.112      -45903.777      -45907.382      -45886.408      -45894.279
           EE_P         -35.938         -36.339         -37.467         -41.288         -39.619
           EE_W      -45321.515      -45458.189      -45454.098      -45449.817      -45445.805
          EE_PW        -423.659        -409.249        -415.817        -395.303        -408.855
           EE14         613.786         610.155         611.066         607.649         613.504
         EE14_P         613.786         610.155         611.066         607.649         613.504
           EEsr      -42137.242      -42256.110      -42261.509      -42240.184      -42251.425
         EEsr_P         -86.644         -84.774         -85.465         -85.779         -88.410
         EEsr_W      -41716.904      -41848.115      -41844.739      -41839.902      -41839.071
        EEsr_PW        -333.694        -323.221        -331.305        -314.503        -323.944
           EElr       -4257.656       -4257.821       -4256.940       -4253.874       -4256.359
         EElr_P        -563.080        -561.719        -563.068        -563.158        -564.713
         EElr_W       -3604.611       -3610.074       -3609.358       -3609.915       -3606.734
        EElr_PW         -89.965         -86.028         -84.514         -80.801         -84.912
         Bonded         225.110         233.072         232.237         227.333         225.884
       Bonded_P         225.110         233.072         232.237         227.333         225.884
           Bond          49.351          54.188          52.157          49.846          50.304
         Bond_P          49.351          54.188          52.157          49.846          50.304
          Angle         140.706         141.075         142.570         140.176         139.898
        Angle_P         140.706         141.075         142.570         140.176         139.898
            Dih          28.177          30.127          29.477          29.727          27.945
          Dih_P          28.177          30.127          29.477          29.727          27.945
            Imp           6.875           7.682           8.033           7.585           7.737
          Imp_P           6.875           7.682           8.033           7.585           7.737
             PV           1.851           1.853           1.852           1.853           1.853
           PV_P           1.851           1.853           1.852           1.853           1.853
           PV_W           1.851           1.853           1.852           1.853           1.853
          PV_PW          -1.851          -1.853          -1.852          -1.853          -1.853
