             PE      -52930.703      -52903.259      -52903.648      -52926.141      -52926.810
           PE_P        -923.925        -893.158        -916.695        -908.761        -881.288
           PE_W      -50656.773      -50631.902      -50650.809      -50646.610      -50601.529
          PE_PW       -1350.005       -1378.199       -1336.144       -1370.770       -1443.993
            PE2      -52930.703      -52903.259      -52903.649      -52926.141      -52926.812
          PE2_P        -923.925        -893.158        -916.695        -908.760        -881.288
          PE2_W      -50656.773      -50631.902      -50650.809      -50646.611      -50601.529
         PE2_PW       -1350.005       -1378.199       -1336.145       -1370.770       -1443.995
      Nonbonded      -53357.856      -53329.058      -53328.206      -53346.291      -53354.839
    Nonbonded_P       -1351.078       -1318.957       -1341.251       -1328.911       -1309.316
    Nonbonded_W      -50656.773      -50631.902      -50650.809      -50646.611      -50601.529
   Nonbonded_PW       -1350.005       -1378.199       -1336.146       -1370.769       -1443.994
             LJ        7417.850        7442.290        7468.727        7397.199        7500.147
           LJ_P         -29.556         -28.416         -27.407         -25.751         -31.485
           LJ_W        7603.941        7623.593        7649.220        7581.233        7682.880
          LJ_PW        -156.535        -152.887        -153.086        -158.283        -151.248
           LJ14          38.198          39.143          38.767          39.862          37.535
         LJ14_P          38.198          39.143          38.767          39.862          37.535
           LJsr        7610.912        7634.374        7661.279        7588.484        7694.111
         LJsr_P         -67.436         -67.242         -65.856         -65.295         -68.702
         LJsr_W        7817.849        7837.471        7863.183        7795.036        7897.010
        LJsr_PW        -139.501        -135.855        -136.048        -141.257        -134.197
           LJlr        -231.260        -231.228        -231.319        -231.147        -231.500
         LJlr_P          -0.318          -0.318          -0.318          -0.318          -0.318
         LJlr_W        -213.908        -213.878        -213.962        -213.803        -214.130
        LJlr_PW         -17.034         -17.032         -17.039         -17.026         -17.052
             EE      -60775.706      -60771.348      -60796.933      -60743.490      -60854.986
           EE_P       -1321.521       -1290.541       -1313.844       -1303.160       -1277.831
           EE_W      -58260.714      -58255.495      -58300.029      -58227.844      -58284.409
          EE_PW       -1193.471       -1225.312       -1183.060       -1212.486       -1292.746
           EE14       -2352.432       -2344.844       -2343.971       -2332.334       -2355.007
         EE14_P       -2352.431       -2344.844       -2343.971       -2332.334       -2355.008
           EEsr      -53784.251      -53790.961      -53807.525      -53769.542      -53862.963
         EEsr_P         234.203         236.217         231.466         228.443         243.858
         EEsr_W      -53394.814      -53400.746      -53424.908      -53371.000      -53451.537
        EEsr_PW        -623.640        -626.432        -614.083        -626.985        -655.284
           EElr       -4639.023       -4635.543       -4645.438       -4641.614       -4637.016
         EElr_P         796.707         818.086         798.661         800.731         833.319
         EElr_W       -4865.900       -4854.749       -4875.120       -4856.844       -4832.872
        EElr_PW        -569.830        -598.880        -568.979        -585.501        -637.463
         Bonded         427.153         425.799         424.557         420.150         428.028
       Bonded_P         427.153         425.799         424.557         420.150         428.028
           Bond          98.906          97.752          96.336          92.433         108.473
         Bond_P          98.906          97.752          96.336          92.433         108.473
          Angle         192.198         193.264         194.190         194.004         186.322
        Angle_P         192.198         193.264         194.190         194.004         186.322
            Dih         121.906         120.605         120.851         121.276         118.843
          Dih_P         121.906         120.605         120.851         121.276         118.843
            Imp          14.144          14.178          13.179          12.438          14.389
          Imp_P          14.144          14.178          13.179          12.438          14.389
             PV           2.356           2.356           2.355           2.357           2.353
           PV_P           2.356           2.356           2.355           2.357           2.353
           PV_W           2.356           2.356           2.355           2.357           2.353
          PV_PW          -2.356          -2.356          -2.355          -2.357          -2.353
