             PE      -60966.929      -60980.611      -60971.733      -60963.366      -60954.133
           PE_P        -354.712        -354.492        -354.433        -353.428        -347.758
           PE_W      -59619.979      -59627.829      -59618.593      -59610.773      -59600.875
          PE_PW        -992.238        -998.290        -998.707        -999.165       -1005.500
            PE2      -60966.930      -60980.611      -60971.733      -60963.367      -60954.132
          PE2_P        -354.712        -354.492        -354.433        -353.428        -347.758
          PE2_W      -59619.980      -59627.829      -59618.593      -59610.772      -59600.874
         PE2_PW        -992.238        -998.290        -998.707        -999.167       -1005.500
      Nonbonded      -61349.554      -61363.813      -61353.843      -61345.000      -61338.116
    Nonbonded_P        -737.337        -737.694        -736.543        -735.062        -731.742
    Nonbonded_W      -59619.980      -59627.829      -59618.593      -59610.772      -59600.874
   Nonbonded_PW        -992.237        -998.290        -998.707        -999.166       -1005.500
             LJ        8801.305        8806.091        8798.985        8808.940        8816.339
           LJ_P         -23.613         -22.373         -23.088         -23.159         -22.895
           LJ_W        8993.070        8996.927        8990.665        9000.558        9007.061
          LJ_PW        -168.152        -168.463        -168.592        -168.459        -167.827
           LJ14          51.498          51.610          51.406          52.003          51.906
         LJ14_P          51.498          51.610          51.406          52.003          51.906
           LJsr        9020.493        9025.151        9018.115        9027.649        9034.991
         LJsr_P         -74.817         -73.689         -74.200         -74.868         -74.507
         LJsr_W        9245.693        9249.535        9243.149        9253.205        9259.565
        LJsr_PW        -150.383        -150.695        -150.834        -150.688        -150.067
           LJlr        -270.686        -270.670        -270.536        -270.712        -270.559
         LJlr_P          -0.294          -0.294          -0.294          -0.294          -0.294
         LJlr_W        -252.623        -252.608        -252.483        -252.647        -252.504
        LJlr_PW         -17.769         -17.768         -17.759         -17.771         -17.761
             EE      -70150.860      -70169.904      -70152.828      -70153.940      -70154.454
           EE_P        -713.724        -715.321        -713.455        -711.902        -708.848
           EE_W      -68613.050      -68624.755      -68609.258      -68611.330      -68607.935
          EE_PW        -824.086        -829.828        -830.115        -830.708        -837.671
           EE14       -1010.575       -1010.756       -1014.069       -1010.781       -1015.296
         EE14_P       -1010.575       -1010.756       -1014.069       -1010.781       -1015.296
           EEsr      -63487.726      -63505.204      -63487.438      -63492.159      -63490.133
         EEsr_P          61.697          62.063          63.069          64.399          67.688
         EEsr_W      -63003.535      -63015.240      -63002.246      -63002.396      -63002.722
        EEsr_PW        -545.888        -552.027        -548.261        -554.162        -555.099
           EElr       -5652.559       -5653.943       -5651.321       -5651.001       -5649.025
         EElr_P         235.154         233.372         237.545         234.479         238.761
         EElr_W       -5609.515       -5609.515       -5607.012       -5608.934       -5605.213
        EElr_PW        -278.198        -277.800        -281.854        -276.546        -282.573
         Bonded         382.625         383.202         382.110         381.634         383.984
       Bonded_P         382.625         383.202         382.110         381.634         383.984
           Bond          79.195          79.410          79.364          78.627          79.379
         Bond_P          79.195          79.410          79.364          78.627          79.379
          Angle         167.322         168.462         167.377         168.192         168.910
        Angle_P         167.322         168.462         167.377         168.192         168.910
            Dih         123.448         122.829         123.064         122.440         123.082
          Dih_P         123.448         122.829         123.064         122.440         123.082
            Imp          12.660          12.501          12.305          12.374          12.612
          Imp_P          12.660          12.501          12.305          12.374          12.612
             PV           2.776           2.776           2.778           2.776           2.777
           PV_P           2.776           2.776           2.778           2.776           2.777
           PV_W           2.776           2.776           2.778           2.776           2.777
          PV_PW          -2.776          -2.776          -2.778          -2.776          -2.777
