             PE      -49991.609      -50226.521      -50345.342      -50267.902      -50268.580
           PE_P          89.418          56.193         111.463          67.046          65.119
           PE_W      -49410.238      -49647.690      -49768.713      -49700.520      -49704.952
          PE_PW        -670.789        -635.024        -688.092        -634.428        -628.747
            PE2      -49991.609      -50226.520      -50345.331      -50267.902      -50268.581
          PE2_P          89.418          56.193         111.463          67.046          65.119
          PE2_W      -49410.229      -49647.689      -49768.722      -49700.521      -49704.953
         PE2_PW        -670.798        -635.024        -688.072        -634.427        -628.747
      Nonbonded      -50324.384      -50533.338      -50674.840      -50580.692      -50587.093
    Nonbonded_P        -243.357        -250.625        -218.045        -245.743        -253.392
    Nonbonded_W      -49410.229      -49647.689      -49768.722      -49700.521      -49704.953
   Nonbonded_PW        -670.798        -635.024        -688.073        -634.428        -628.748
             LJ        6901.851        7388.741        7252.804        7370.188        7385.243
           LJ_P          -8.836          -6.432         -13.963          -5.378         -11.446
           LJ_W        7084.599        7559.948        7462.518        7537.708        7558.688
          LJ_PW        -173.912        -164.775        -195.751        -162.142        -161.999
           LJ14          42.985          53.640          43.968          54.065          49.456
         LJ14_P          42.985          53.640          43.968          54.065          49.456
           LJsr        7085.982        7561.669        7435.782        7543.082        7562.996
         LJsr_P         -51.529         -59.781         -57.639         -59.151         -60.609
         LJsr_W        7295.160        7770.001        7672.921        7748.123        7769.334
        LJsr_PW        -157.649        -148.551        -179.500        -145.890        -145.729
           LJlr        -227.117        -226.568        -226.946        -226.959        -227.209
         LJlr_P          -0.292          -0.292          -0.292          -0.292          -0.292
         LJlr_W        -210.561        -210.053        -210.403        -210.416        -210.647
        LJlr_PW         -16.264         -16.223         -16.251         -16.251         -16.270
             EE      -57226.235      -57922.079      -57927.644      -57950.880      -57972.336
           EE_P        -234.521        -244.193        -204.082        -240.364        -241.947
           EE_W      -56494.828      -57207.637      -57231.240      -57238.228      -57263.640
          EE_PW        -496.886        -470.249        -492.322        -472.288        -466.749
           EE14         249.667         220.915         243.378         235.409         233.222
         EE14_P         249.667         220.915         243.378         235.409         233.223
           EEsr      -52419.637      -53113.069      -53139.672      -53144.920      -53178.097
         EEsr_P         -75.812         -72.278         -57.837         -75.436         -77.991
         EEsr_W      -51929.832      -52644.005      -52681.592      -52672.881      -52710.277
        EEsr_PW        -413.993        -396.786        -400.243        -396.603        -389.829
           EElr       -5056.266       -5029.926       -5031.350       -5041.368       -5027.461
         EElr_P        -408.376        -392.830        -389.622        -400.338        -397.178
         EElr_W       -4564.996       -4563.632       -4549.648       -4565.347       -4553.363
        EElr_PW         -82.894         -73.464         -92.080         -75.683         -76.920
         Bonded         332.775         306.818         329.508         312.789         318.512
       Bonded_P         332.775         306.818         329.508         312.789         318.512
           Bond          79.526          64.609          84.855          68.159          74.380
         Bond_P          79.526          64.609          84.855          68.159          74.380
          Angle         163.977         156.723         170.601         158.752         157.523
        Angle_P         163.977         156.723         170.601         158.752         157.523
            Dih          78.552          75.086          64.182          75.785          77.899
          Dih_P          78.552          75.086          64.182          75.785          77.899
            Imp          10.719          10.400           9.871          10.094           8.710
          Imp_P          10.719          10.400           9.871          10.094           8.710
             PV           2.327           2.332           2.328           2.328           2.326
           PV_P           2.327           2.332           2.328           2.328           2.326
           PV_W           2.327           2.332           2.328           2.328           2.326
          PV_PW          -2.327          -2.332          -2.328          -2.328          -2.326
