             PE      -58646.681      -58633.416      -58640.780      -58551.288      -58669.765
           PE_P        -915.609        -895.861        -861.143        -874.705        -880.666
           PE_W      -56541.838      -56521.657      -56530.038      -56455.463      -56559.225
          PE_PW       -1189.234       -1215.898       -1249.599       -1221.120       -1229.874
            PE2      -58646.682      -58633.415      -58640.783      -58551.284      -58669.765
          PE2_P        -915.609        -895.861        -861.143        -874.705        -880.666
          PE2_W      -56541.839      -56521.655      -56530.039      -56455.461      -56559.226
         PE2_PW       -1189.234       -1215.899       -1249.601       -1221.118       -1229.873
      Nonbonded      -59160.678      -59132.967      -59157.571      -59070.705      -59178.635
    Nonbonded_P       -1429.604       -1395.414       -1377.930       -1394.126       -1389.536
    Nonbonded_W      -56541.839      -56521.655      -56530.039      -56455.461      -56559.226
   Nonbonded_PW       -1189.235       -1215.898       -1249.602       -1221.118       -1229.873
             LJ        8309.082        8323.246        8240.672        8093.371        8361.235
           LJ_P         -34.008         -32.036         -34.047         -30.246         -27.199
           LJ_W        8514.052        8525.414        8433.533        8295.533        8555.687
          LJ_PW        -170.962        -170.132        -158.814        -171.916        -167.253
           LJ14          51.090          50.454          56.205          55.781          58.035
         LJ14_P          51.090          50.454          56.205          55.781          58.035
           LJsr        8517.326        8532.384        8444.001        8297.493        8562.846
         LJsr_P         -84.715         -82.106         -89.869         -85.642         -84.850
         LJsr_W        8753.315        8764.914        8672.980        8535.319        8795.238
        LJsr_PW        -151.274        -150.424        -139.110        -152.184        -147.542
           LJlr        -259.335        -259.592        -259.534        -259.902        -259.647
         LJlr_P          -0.383          -0.384          -0.384          -0.384          -0.384
         LJlr_W        -239.263        -239.500        -239.446        -239.786        -239.551
        LJlr_PW         -19.689         -19.708         -19.704         -19.732         -19.712
             EE      -67469.759      -67456.213      -67398.243      -67164.077      -67539.870
           EE_P       -1395.596       -1363.378       -1343.882       -1363.881       -1362.337
           EE_W      -65055.892      -65047.069      -64963.572      -64750.994      -65114.914
          EE_PW       -1018.271       -1045.766       -1090.789       -1049.202       -1062.619
           EE14       -1706.630       -1707.316       -1697.714       -1705.431       -1710.783
         EE14_P       -1706.630       -1707.317       -1697.714       -1705.431       -1710.784
           EEsr      -60398.478      -60386.447      -60343.187      -60102.231      -60468.905
         EEsr_P          52.370          69.098          79.339          64.210          70.764
         EEsr_W      -59733.014      -59719.354      -59653.105      -59432.084      -59796.666
        EEsr_PW        -717.834        -736.191        -769.421        -734.357        -743.003
           EElr       -5364.652       -5362.450       -5357.342       -5356.415       -5360.181
         EElr_P         258.664         274.841         274.492         277.340         277.682
         EElr_W       -5322.878       -5327.716       -5310.467       -5318.910       -5318.248
        EElr_PW        -300.438        -309.575        -321.367        -314.845        -319.615
         Bonded         513.995         499.552         516.787         519.422         508.870
       Bonded_P         513.995         499.552         516.787         519.422         508.870
           Bond          97.569          97.662         100.113          90.356          89.805
         Bond_P          97.569          97.662         100.113          90.356          89.805
          Angle         184.376         176.675         184.339         192.910         191.334
        Angle_P         184.376         176.675         184.339         192.910         191.334
            Dih         215.982         209.585         219.071         217.547         210.913
          Dih_P         215.982         209.585         219.071         217.547         210.913
            Imp          16.068          15.631          13.263          18.609          16.818
          Imp_P          16.068          15.631          13.263          18.609          16.818
             PV           2.648           2.645           2.646           2.642           2.645
           PV_P           2.648           2.645           2.646           2.642           2.645
           PV_W           2.648           2.645           2.646           2.642           2.645
          PV_PW          -2.648          -2.645          -2.646          -2.642          -2.645
