             PE      -44429.079      -44425.752      -44416.962      -44477.986      -44440.996
           PE_P         465.565         456.218         453.452         462.164         467.980
           PE_W      -44340.406      -44336.681      -44330.156      -44378.256      -44337.365
          PE_PW        -554.238        -545.289        -540.258        -561.894        -571.611
            PE2      -44429.080      -44425.752      -44416.961      -44477.985      -44440.995
          PE2_P         465.565         456.218         453.452         462.164         467.980
          PE2_W      -44340.406      -44336.680      -44330.155      -44378.256      -44337.366
         PE2_PW        -554.239        -545.290        -540.258        -561.893        -571.609
      Nonbonded      -44700.621      -44692.486      -44683.733      -44742.840      -44709.569
    Nonbonded_P         194.023         189.484         186.680         197.309         199.405
    Nonbonded_W      -44340.406      -44336.680      -44330.155      -44378.256      -44337.366
   Nonbonded_PW        -554.238        -545.290        -540.258        -561.893        -571.608
             LJ        6586.340        6531.729        6503.216        6542.787        6573.868
           LJ_P         -13.216         -10.699         -15.127         -13.568         -12.269
           LJ_W        6760.830        6706.844        6678.262        6718.935        6747.938
          LJ_PW        -161.274        -164.416        -159.919        -162.580        -161.801
           LJ14          49.029          51.075          49.654          49.929          50.688
         LJ14_P          49.029          51.075          49.654          49.929          50.688
           LJsr        6740.575        6683.719        6656.576        6695.871        6726.261
         LJsr_P         -61.958         -61.487         -64.495         -63.210         -62.670
         LJsr_W        6948.559        6894.389        6865.759        6906.432        6935.496
        LJsr_PW        -146.026        -149.183        -144.688        -147.351        -146.565
           LJlr        -203.265        -203.066        -203.014        -203.013        -203.080
         LJlr_P          -0.287          -0.287          -0.287          -0.287          -0.287
         LJlr_W        -187.729        -187.545        -187.498        -187.496        -187.559
        LJlr_PW         -15.249         -15.234         -15.229         -15.230         -15.234
             EE      -51286.961      -51224.215      -51186.949      -51285.627      -51283.437
           EE_P         207.239         200.183         201.807         210.877         211.675
           EE_W      -51101.236      -51043.525      -51008.416      -51097.192      -51085.303
          EE_PW        -392.964        -380.873        -380.340        -399.312        -409.809
           EE14         671.768         667.766         665.147         667.687         672.850
         EE14_P         671.768         667.766         665.147         667.687         672.850
           EEsr      -47418.205      -47355.953      -47316.329      -47414.911      -47416.130
         EEsr_P         -71.343         -72.671         -70.991         -67.355         -71.166
         EEsr_W      -47031.395      -46976.769      -46937.131      -47030.072      -47020.271
        EEsr_PW        -315.467        -306.513        -308.207        -317.484        -324.693
           EElr       -4540.524       -4536.028       -4535.766       -4538.403       -4540.157
         EElr_P        -393.186        -394.913        -392.349        -389.455        -390.010
         EElr_W       -4069.841       -4066.756       -4071.286       -4067.119       -4065.033
        EElr_PW         -77.497         -74.359         -72.131         -81.829         -85.114
         Bonded         271.542         266.734         266.772         264.855         268.575
       Bonded_P         271.542         266.734         266.772         264.855         268.575
           Bond          64.264          60.806          63.647          62.287          61.590
         Bond_P          64.264          60.806          63.647          62.287          61.590
          Angle         156.112         149.373         146.786         148.131         150.377
        Angle_P         156.112         149.373         146.786         148.131         150.377
            Dih          42.360          47.633          47.198          45.415          47.764
          Dih_P          42.360          47.633          47.198          45.415          47.764
            Imp           8.806           8.922           9.141           9.022           8.844
          Imp_P           8.806           8.922           9.141           9.022           8.844
             PV           2.080           2.082           2.082           2.082           2.081
           PV_P           2.080           2.082           2.082           2.082           2.081
           PV_W           2.080           2.082           2.082           2.082           2.081
          PV_PW          -2.080          -2.082          -2.082          -2.082          -2.081
