             PE      -52474.810      -52468.943      -52457.343      -52473.237      -52466.734
           PE_P        -604.618        -610.312        -608.808        -603.458        -612.907
           PE_W      -50946.857      -50945.380      -50936.235      -50949.975      -50948.743
          PE_PW        -923.335        -913.251        -912.300        -919.804        -905.084
            PE2      -52474.810      -52468.943      -52457.343      -52473.237      -52466.735
          PE2_P        -604.618        -610.312        -608.808        -603.458        -612.907
          PE2_W      -50946.857      -50945.380      -50936.235      -50949.975      -50948.743
         PE2_PW        -923.335        -913.251        -912.300        -919.804        -905.085
      Nonbonded      -52847.524      -52843.163      -52831.613      -52849.117      -52839.761
    Nonbonded_P        -977.331        -984.532        -983.078        -979.338        -985.933
    Nonbonded_W      -50946.857      -50945.380      -50936.235      -50949.975      -50948.743
   Nonbonded_PW        -923.336        -913.251        -912.300        -919.804        -905.085
             LJ        7514.885        7521.077        7510.951        7520.601        7520.979
           LJ_P         -28.921         -28.938         -28.486         -29.363         -28.608
           LJ_W        7689.189        7693.076        7682.057        7694.556        7693.602
          LJ_PW        -145.383        -143.061        -142.620        -144.592        -144.015
           LJ14          34.993          34.383          35.121          34.274          35.092
         LJ14_P          34.993          34.383          35.121          34.274          35.092
           LJsr        7711.460        7718.284        7707.455        7717.960        7717.505
         LJsr_P         -63.652         -63.059         -63.345         -63.375         -63.438
         LJsr_W        7904.895        7908.802        7897.815        7910.322        7909.355
        LJsr_PW        -129.783        -127.459        -127.015        -128.987        -128.412
           LJlr        -231.568        -231.589        -231.624        -231.633        -231.618
         LJlr_P          -0.262          -0.262          -0.262          -0.262          -0.262
         LJlr_W        -215.706        -215.726        -215.759        -215.767        -215.753
        LJlr_PW         -15.600         -15.601         -15.603         -15.604         -15.603
             EE      -60362.409      -60364.241      -60342.564      -60369.719      -60360.739
           EE_P        -948.410        -955.594        -954.591        -949.975        -957.325
           EE_W      -58636.047      -58638.456      -58618.292      -58644.531      -58642.345
          EE_PW        -777.952        -770.191        -769.681        -775.213        -761.069
           EE14       -1318.204       -1318.105       -1313.765       -1322.147       -1321.210
         EE14_P       -1318.204       -1318.105       -1313.765       -1322.147       -1321.210
           EEsr      -54246.763      -54248.671      -54230.830      -54253.186      -54244.451
         EEsr_P          90.695          86.399          85.429          91.007          87.950
         EEsr_W      -53824.151      -53824.016      -53805.799      -53832.458      -53826.943
        EEsr_PW        -513.307        -511.054        -510.460        -511.735        -505.458
           EElr       -4797.442       -4797.464       -4797.970       -4794.387       -4795.078
         EElr_P         279.099         276.113         273.744         281.165         275.935
         EElr_W       -4811.896       -4814.440       -4812.493       -4812.073       -4815.402
        EElr_PW        -264.645        -259.137        -259.221        -263.479        -255.611
         Bonded         372.714         374.221         374.270         375.880         373.026
       Bonded_P         372.714         374.221         374.270         375.880         373.026
           Bond          79.580          79.811          80.099          79.807          79.997
         Bond_P          79.580          79.811          80.099          79.807          79.997
          Angle         168.368         168.560         168.761         169.169         168.027
        Angle_P         168.368         168.560         168.761         169.169         168.027
            Dih         112.593         113.415         112.998         114.424         112.541
          Dih_P         112.593         113.415         112.998         114.424         112.541
            Imp          12.173          12.435          12.411          12.480          12.461
          Imp_P          12.173          12.435          12.411          12.480          12.461
             PV           2.372           2.372           2.371           2.371           2.371
           PV_P           2.372           2.372           2.371           2.371           2.371
           PV_W           2.372           2.372           2.371           2.371           2.371
          PV_PW          -2.372          -2.372          -2.371          -2.371          -2.371
