             PE      -59296.355      -59394.398      -59236.622      -59166.164      -59318.834
           PE_P         429.017         415.181         413.481         401.574         407.791
           PE_W      -59103.600      -59163.383      -59057.923      -58952.627      -59094.771
          PE_PW        -621.772        -646.196        -592.180        -615.111        -631.854
            PE2      -59296.350      -59394.400      -59236.622      -59166.166      -59318.833
          PE2_P         429.017         415.181         413.481         401.574         407.791
          PE2_W      -59103.600      -59163.378      -59057.924      -58952.631      -59094.767
         PE2_PW        -621.767        -646.203        -592.179        -615.109        -631.857
      Nonbonded      -59632.140      -59710.238      -59553.218      -59481.496      -59618.771
    Nonbonded_P          93.226          99.342          96.885          86.245         107.853
    Nonbonded_W      -59103.600      -59163.378      -59057.924      -58952.631      -59094.767
   Nonbonded_PW        -621.766        -646.202        -592.179        -615.110        -631.857
             LJ        8703.540        8782.823        8811.167        8748.721        8817.565
           LJ_P          -7.683          -9.412          -5.274          -8.099          -5.800
           LJ_W        8904.777        8992.254        8997.029        8949.581        9009.020
          LJ_PW        -193.554        -200.019        -180.588        -192.761        -185.655
           LJ14          54.329          59.694          63.306          60.382          60.850
         LJ14_P          54.329          59.694          63.306          60.382          60.850
           LJsr        8917.622        8990.966        9016.148        8956.860        9024.672
         LJsr_P         -61.726         -68.821         -68.295         -68.196         -66.365
         LJsr_W        9155.439        9242.380        9247.576        9200.346        9259.258
        LJsr_PW        -176.091        -182.593        -163.133        -175.290        -168.221
           LJlr        -268.411        -267.837        -268.288        -268.521        -267.957
         LJlr_P          -0.285          -0.285          -0.285          -0.286          -0.285
         LJlr_W        -250.662        -250.126        -250.547        -250.765        -250.238
        LJlr_PW         -17.464         -17.426         -17.456         -17.470         -17.434
             EE      -68335.680      -68493.061      -68364.385      -68230.217      -68436.336
           EE_P         100.909         108.754         102.159          94.344         113.653
           EE_W      -68008.377      -68155.632      -68054.953      -67902.212      -68103.786
          EE_PW        -428.212        -446.183        -411.591        -422.349        -446.203
           EE14         570.125         557.713         585.677         573.976         576.068
         EE14_P         570.125         557.713         585.677         573.976         576.068
           EEsr      -62989.120      -63136.698      -63041.951      -62906.898      -63101.960
         EEsr_P         -78.777         -65.486         -87.758         -82.817         -74.629
         EEsr_W      -62578.192      -62725.866      -62636.795      -62489.658      -62680.069
        EEsr_PW        -332.151        -345.346        -317.398        -334.423        -347.262
           EElr       -5916.684       -5914.075       -5908.111       -5897.295       -5910.444
         EElr_P        -390.438        -383.473        -395.760        -396.815        -387.786
         EElr_W       -5430.184       -5429.766       -5418.158       -5412.554       -5423.717
        EElr_PW         -96.062        -100.836         -94.193         -87.926         -98.941
         Bonded         335.790         315.838         316.596         315.330         299.938
       Bonded_P         335.790         315.838         316.596         315.330         299.938
           Bond          79.011          74.002          70.154          69.717          72.553
         Bond_P          79.011          74.002          70.154          69.717          72.553
          Angle         192.464         173.011         170.807         179.048         165.231
        Angle_P         192.464         173.011         170.807         179.048         165.231
            Dih          56.084          56.540          65.822          57.097          53.675
          Dih_P          56.084          56.540          65.822          57.097          53.675
            Imp           8.231          12.286           9.814           9.468           8.479
          Imp_P           8.231          12.286           9.814           9.468           8.479
             PV           2.759           2.765           2.760           2.758           2.764
           PV_P           2.759           2.765           2.760           2.758           2.764
           PV_W           2.759           2.765           2.760           2.758           2.764
          PV_PW          -2.759          -2.765          -2.760          -2.758          -2.764
