             PE      -39205.956      -39160.075      -39147.473      -39125.709      -39160.061
           PE_P         465.379         462.839         446.268         447.379         462.315
           PE_W      -38586.299      -38542.284      -38522.841      -38530.399      -38547.690
          PE_PW       -1085.036       -1080.630       -1070.900       -1042.689       -1074.686
            PE2      -39205.956      -39160.076      -39147.473      -39125.707      -39160.060
          PE2_P         465.379         462.839         446.268         447.379         462.315
          PE2_W      -38586.300      -38542.283      -38522.841      -38530.399      -38547.691
         PE2_PW       -1085.035       -1080.632       -1070.900       -1042.687       -1074.684
      Nonbonded      -39413.781      -39370.020      -39355.456      -39331.239      -39368.339
    Nonbonded_P         257.553         252.895         238.285         241.848         254.037
    Nonbonded_W      -38586.300      -38542.283      -38522.841      -38530.399      -38547.691
   Nonbonded_PW       -1085.034       -1080.632       -1070.900       -1042.688       -1074.685
             LJ        5710.229        5723.852        5714.965        5701.815        5706.572
           LJ_P         -20.360         -21.422         -22.745         -17.252         -21.702
           LJ_W        5830.347        5840.448        5832.577        5812.296        5826.517
          LJ_PW         -99.758         -95.174         -94.867         -93.229         -98.243
           LJ14          26.005          26.454          25.660          29.230          26.249
         LJ14_P          26.005          26.454          25.660          29.230          26.249
           LJsr        5860.065        5873.194        5864.892        5848.345        5856.429
         LJsr_P         -46.142         -47.653         -48.182         -46.258         -47.727
         LJsr_W        5993.406        6003.466        5995.401        5975.280        5989.822
        LJsr_PW         -87.199         -82.619         -82.327         -80.677         -85.666
           LJlr        -175.841        -175.796        -175.587        -175.759        -176.106
         LJlr_P          -0.223          -0.223          -0.223          -0.223          -0.224
         LJlr_W        -163.059        -163.018        -162.824        -162.984        -163.306
        LJlr_PW         -12.559         -12.555         -12.540         -12.552         -12.576
             EE      -45124.011      -45093.872      -45070.421      -45033.054      -45074.911
           EE_P         277.914         274.317         261.031         259.100         275.738
           EE_W      -44416.647      -44382.731      -44355.418      -44342.696      -44374.208
          EE_PW        -985.278        -985.458        -976.034        -949.458        -976.441
           EE14         807.411         796.158         773.468         794.325         802.730
         EE14_P         807.411         796.158         773.468         794.325         802.730
           EEsr      -41525.168      -41491.595      -41460.385      -41431.407      -41477.185
         EEsr_P         -92.507         -87.927         -84.974         -94.151         -90.335
         EEsr_W      -40780.749      -40747.496      -40717.813      -40699.963      -40741.725
        EEsr_PW        -651.912        -656.172        -657.598        -637.293        -645.125
           EElr       -4406.253       -4398.435       -4383.504       -4395.972       -4400.456
         EElr_P        -436.990        -433.914        -427.463        -441.074        -436.656
         EElr_W       -3635.898       -3635.235       -3637.605       -3642.732       -3632.483
        EElr_PW        -333.365        -329.286        -318.436        -312.166        -331.317
         Bonded         207.826         209.944         207.983         205.531         208.279
       Bonded_P         207.826         209.944         207.983         205.531         208.279
           Bond          50.277          52.850          51.507          53.983          53.103
         Bond_P          50.277          52.850          51.507          53.983          53.103
          Angle         125.555         124.094         123.998         121.750         122.263
        Angle_P         125.555         124.094         123.998         121.750         122.263
            Dih          22.553          23.460          23.217          19.241          23.077
          Dih_P          22.553          23.460          23.217          19.241          23.077
            Imp           9.442           9.540           9.260          10.557           9.835
          Imp_P           9.442           9.540           9.260          10.557           9.835
             PV           1.794           1.794           1.797           1.795           1.791
           PV_P           1.794           1.794           1.797           1.795           1.791
           PV_W           1.794           1.794           1.797           1.795           1.791
          PV_PW          -1.794          -1.794          -1.797          -1.795          -1.791
