             PE      -51084.311      -51098.168      -51058.130      -51122.229      -51094.315
           PE_P         -20.280         -32.404         -21.962         -25.429         -15.126
           PE_W      -49763.712      -49774.867      -49744.651      -49785.450      -49790.070
          PE_PW       -1300.319       -1290.897       -1291.517       -1311.350       -1289.119
            PE2      -51084.311      -51098.168      -51058.127      -51122.230      -51094.315
          PE2_P         -20.280         -32.404         -21.962         -25.429         -15.126
          PE2_W      -49763.712      -49774.869      -49744.651      -49785.449      -49790.070
         PE2_PW       -1300.319       -1290.895       -1291.514       -1311.352       -1289.119
      Nonbonded      -51421.251      -51429.299      -51393.007      -51450.037      -51433.945
    Nonbonded_P        -357.219        -363.535        -356.842        -353.236        -354.756
    Nonbonded_W      -49763.712      -49774.869      -49744.651      -49785.449      -49790.070
   Nonbonded_PW       -1300.320       -1290.895       -1291.514       -1311.352       -1289.119
             LJ        7399.713        7341.397        7394.221        7386.540        7363.265
           LJ_P          -3.475          -4.217           1.203          -3.490          -5.024
           LJ_W        7532.975        7493.756        7527.602        7522.184        7508.185
          LJ_PW        -129.787        -148.142        -134.584        -132.154        -139.896
           LJ14          56.766          55.075          57.300          57.588          55.882
         LJ14_P          56.766          55.075          57.300          57.588          55.882
           LJsr        7571.233        7514.727        7565.206        7557.521        7535.758
         LJsr_P         -59.901         -58.953         -55.758         -60.739         -60.568
         LJsr_W        7743.480        7704.372        7738.106        7732.950        7718.773
        LJsr_PW        -112.346        -130.692        -117.142        -114.690        -122.447
           LJlr        -228.286        -228.406        -228.285        -228.569        -228.376
         LJlr_P          -0.339          -0.339          -0.339          -0.339          -0.339
         LJlr_W        -210.505        -210.616        -210.504        -210.766        -210.588
        LJlr_PW         -17.442         -17.451         -17.442         -17.464         -17.449
             EE      -58820.964      -58770.696      -58787.229      -58836.577      -58797.209
           EE_P        -353.745        -359.317        -358.045        -349.746        -349.732
           EE_W      -57296.687      -57268.625      -57272.253      -57307.633      -57298.255
          EE_PW       -1170.532       -1142.754       -1156.931       -1179.198       -1149.222
           EE14         406.992         398.967         390.045         398.210         393.432
         EE14_P         406.992         398.967         390.045         398.210         393.432
           EEsr      -53574.416      -53519.142      -53525.459      -53590.612      -53540.289
         EEsr_P        -138.849        -138.215        -128.066        -130.999        -126.930
         EEsr_W      -52637.615      -52608.309      -52603.661      -52654.288      -52631.978
        EEsr_PW        -797.952        -772.618        -793.732        -805.325        -781.381
           EElr       -5653.539       -5650.520       -5651.815       -5644.175       -5650.352
         EElr_P        -621.887        -620.069        -620.024        -616.957        -616.233
         EElr_W       -4659.072       -4660.316       -4668.593       -4653.345       -4666.278
        EElr_PW        -372.580        -370.135        -363.198        -373.873        -367.841
         Bonded         336.940         331.131         334.880         327.807         339.630
       Bonded_P         336.940         331.131         334.880         327.807         339.630
           Bond          74.052          74.667          70.781          72.900          78.863
         Bond_P          74.052          74.667          70.781          72.900          78.863
          Angle         170.492         168.577         169.390         165.089         165.385
        Angle_P         170.492         168.577         169.390         165.089         165.385
            Dih          80.186          76.670          82.997          78.607          84.288
          Dih_P          80.186          76.670          82.997          78.607          84.288
            Imp          12.211          11.216          11.713          11.210          11.093
          Imp_P          12.211          11.216          11.713          11.210          11.093
             PV           2.328           2.327           2.328           2.325           2.327
           PV_P           2.328           2.327           2.328           2.325           2.327
           PV_W           2.328           2.327           2.328           2.325           2.327
          PV_PW          -2.328          -2.327          -2.328          -2.325          -2.327
