             PE      -41016.969      -41069.206      -41031.906      -41027.781      -41030.689
           PE_P          74.750          76.643          79.309          77.352          79.517
           PE_W      -40516.349      -40576.461      -40531.945      -40537.078      -40535.977
          PE_PW        -575.370        -569.388        -579.270        -568.055        -574.229
            PE2      -41016.969      -41069.207      -41031.906      -41027.781      -41030.689
          PE2_P          74.750          76.643          79.309          77.352          79.517
          PE2_W      -40516.349      -40576.461      -40531.944      -40537.078      -40535.977
         PE2_PW        -575.370        -569.389        -579.271        -568.055        -574.229
      Nonbonded      -41299.586      -41358.434      -41317.222      -41316.641      -41322.241
    Nonbonded_P        -207.867        -212.584        -206.007        -211.508        -212.034
    Nonbonded_W      -40516.349      -40576.461      -40531.944      -40537.078      -40535.977
   Nonbonded_PW        -575.370        -569.389        -579.271        -568.055        -574.230
             LJ        5958.629        5990.072        6002.908        5970.734        5974.881
           LJ_P         -16.167         -17.513         -15.749         -17.578         -17.010
           LJ_W        6116.253        6147.531        6160.572        6128.172        6131.477
          LJ_PW        -141.457        -139.946        -141.915        -139.860        -139.586
           LJ14          38.162          37.852          38.543          37.496          38.120
         LJ14_P          38.162          37.852          38.543          37.496          38.120
           LJsr        6106.430        6138.227        6150.272        6119.092        6122.612
         LJsr_P         -54.064         -55.101         -54.027         -54.810         -54.865
         LJsr_W        6287.862        6319.182        6332.130        6299.680        6302.983
        LJsr_PW        -127.368        -125.854        -127.831        -125.778        -125.506
           LJlr        -185.963        -186.008        -185.907        -185.854        -185.851
         LJlr_P          -0.265          -0.265          -0.265          -0.265          -0.265
         LJlr_W        -171.609        -171.651        -171.558        -171.509        -171.506
        LJlr_PW         -14.089         -14.092         -14.084         -14.080         -14.080
             EE      -47258.215      -47348.505      -47320.131      -47287.375      -47297.122
           EE_P        -191.700        -195.071        -190.258        -193.929        -195.024
           EE_W      -46632.602      -46723.992      -46692.516      -46665.249      -46667.454
          EE_PW        -433.913        -429.442        -437.357        -428.197        -434.644
           EE14         217.981         210.368         225.008         209.069         228.519
         EE14_P         217.981         210.369         225.008         209.069         228.519
           EEsr      -43328.692      -43413.861      -43391.323      -43352.228      -43369.417
         EEsr_P         -51.144         -50.561         -52.769         -49.139         -56.978
         EEsr_W      -42917.189      -43006.489      -42975.103      -42947.658      -42950.556
        EEsr_PW        -360.359        -356.811        -363.451        -355.431        -361.883
           EElr       -4147.504       -4145.013       -4153.816       -4144.217       -4156.225
         EElr_P        -358.537        -354.878        -362.498        -353.860        -366.566
         EElr_W       -3715.412       -3717.503       -3717.413       -3717.591       -3716.898
        EElr_PW         -73.555         -72.632         -73.905         -72.766         -72.761
         Bonded         282.617         289.227         285.316         288.860         291.551
       Bonded_P         282.617         289.227         285.316         288.860         291.551
           Bond          59.499          59.986          58.863          60.054          61.361
         Bond_P          59.499          59.986          58.863          60.054          61.361
          Angle         148.976         152.207         151.021         151.960         154.323
        Angle_P         148.976         152.207         151.021         151.960         154.323
            Dih          65.018          67.204          66.113          66.815          66.131
          Dih_P          65.018          67.204          66.113          66.815          66.131
            Imp           9.124           9.831           9.319          10.032           9.736
          Imp_P           9.124           9.831           9.319          10.032           9.736
             PV           1.900           1.900           1.901           1.901           1.901
           PV_P           1.900           1.900           1.901           1.901           1.901
           PV_W           1.900           1.900           1.901           1.901           1.901
          PV_PW          -1.900          -1.900          -1.901          -1.901          -1.901
