             PE      -39403.115      -39386.742      -39337.774      -39371.053      -39365.541
           PE_P         141.683         155.587         138.144         154.815         137.144
           PE_W      -38913.491      -38880.738      -38858.729      -38878.793      -38880.400
          PE_PW        -631.307        -661.591        -617.189        -647.075        -622.285
            PE2      -39403.115      -39386.741      -39337.774      -39371.053      -39365.541
          PE2_P         141.683         155.587         138.144         154.815         137.144
          PE2_W      -38913.492      -38880.737      -38858.729      -38878.793      -38880.401
         PE2_PW        -631.306        -661.591        -617.189        -647.075        -622.284
      Nonbonded      -39675.835      -39660.031      -39610.197      -39645.652      -39638.796
    Nonbonded_P        -131.037        -117.702        -134.279        -119.784        -136.111
    Nonbonded_W      -38913.492      -38880.737      -38858.729      -38878.793      -38880.401
   Nonbonded_PW        -631.306        -661.592        -617.189        -647.075        -622.284
             LJ        5746.883        5754.292        5737.537        5739.807        5723.433
           LJ_P         -23.898         -25.389         -26.592         -22.181         -24.553
           LJ_W        5896.767        5904.724        5888.542        5885.081        5872.039
          LJ_PW        -125.986        -125.043        -124.413        -123.093        -124.053
           LJ14          31.992          31.276          31.086          33.805          33.268
         LJ14_P          31.992          31.276          31.086          33.805          33.268
           LJsr        5893.654        5901.705        5884.837        5884.670        5868.821
         LJsr_P         -55.641         -56.416         -57.429         -55.737         -57.572
         LJsr_W        6061.881        6069.769        6053.307        6050.107        6037.053
        LJsr_PW        -112.586        -111.648        -111.041        -109.700        -110.660
           LJlr        -178.764        -178.689        -178.385        -178.667        -178.655
         LJlr_P          -0.249          -0.249          -0.248          -0.249          -0.249
         LJlr_W        -165.114        -165.046        -164.765        -165.025        -165.014
        LJlr_PW         -13.401         -13.394         -13.372         -13.393         -13.392
             EE      -45422.718      -45414.323      -45347.734      -45385.460      -45362.229
           EE_P        -107.140         -92.313        -107.687         -97.603        -111.558
           EE_W      -44810.260      -44785.461      -44747.271      -44763.875      -44752.439
          EE_PW        -505.318        -536.549        -492.776        -523.982        -498.232
           EE14         191.564         207.041         185.140         203.002         199.612
         EE14_P         191.564         207.041         185.140         203.002         199.612
           EEsr      -41717.339      -41723.008      -41649.624      -41686.817      -41665.497
         EEsr_P         -56.376         -59.566         -55.286         -52.143         -62.202
         EEsr_W      -41247.897      -41232.103      -41189.985      -41211.631      -41195.130
        EEsr_PW        -413.066        -431.339        -404.353        -423.043        -408.165
           EElr       -3896.943       -3898.356       -3883.250       -3901.644       -3896.344
         EElr_P        -242.327        -239.789        -237.540        -248.462        -248.969
         EElr_W       -3562.363       -3553.358       -3557.286       -3552.244       -3557.309
        EElr_PW         -92.253        -105.209         -88.424        -100.938         -90.066
         Bonded         272.721         273.289         272.423         274.599         273.255
       Bonded_P         272.721         273.289         272.423         274.599         273.255
           Bond          55.149          59.320          53.946          57.730          58.621
         Bond_P          55.149          59.320          53.946          57.730          58.621
          Angle         135.964         132.666         134.426         133.734         130.744
        Angle_P         135.964         132.666         134.426         133.734         130.744
            Dih          72.186          72.545          74.000          73.156          74.114
          Dih_P          72.186          72.545          74.000          73.156          74.114
            Imp           9.422           8.759          10.050           9.979           9.776
          Imp_P           9.422           8.759          10.050           9.979           9.776
             PV           1.823           1.824           1.827           1.824           1.824
           PV_P           1.823           1.824           1.827           1.824           1.824
           PV_W           1.823           1.824           1.827           1.824           1.824
          PV_PW          -1.823          -1.824          -1.827          -1.824          -1.824
