             PE      -38135.583      -38201.869      -38218.422      -38195.487      -38227.998
           PE_P         475.466         463.966         465.962         466.063         478.401
           PE_W      -37984.230      -38084.768      -38079.889      -38070.893      -38083.936
          PE_PW        -626.819        -581.067        -604.495        -590.657        -622.463
            PE2      -38135.584      -38201.868      -38218.422      -38195.488      -38227.998
          PE2_P         475.466         463.966         465.962         466.063         478.401
          PE2_W      -37984.229      -38084.768      -38079.890      -38070.894      -38083.935
         PE2_PW        -626.821        -581.066        -604.494        -590.657        -622.464
      Nonbonded      -38353.135      -38422.169      -38434.688      -38412.766      -38448.686
    Nonbonded_P         257.915         243.666         249.696         248.785         257.713
    Nonbonded_W      -37984.229      -38084.768      -38079.890      -38070.894      -38083.935
   Nonbonded_PW        -626.821        -581.067        -604.494        -590.657        -622.464
             LJ        5642.475        5629.221        5669.685        5642.623        5637.399
           LJ_P         -19.389         -13.921         -16.939         -12.531         -17.204
           LJ_W        5778.044        5762.386        5806.368        5776.665        5768.473
          LJ_PW        -116.180        -119.244        -119.744        -121.511        -113.870
           LJ14          33.581          37.625          35.447          37.358          35.236
         LJ14_P          33.581          37.625          35.447          37.358          35.236
           LJsr        5783.386        5766.016        5808.721        5779.754        5776.661
         LJsr_P         -52.744         -51.320         -52.160         -49.662         -52.214
         LJsr_W        5939.624        5923.900        5967.941        5938.242        5930.059
        LJsr_PW        -103.494        -106.564        -107.060        -108.826        -101.184
           LJlr        -174.491        -174.420        -174.484        -174.489        -174.498
         LJlr_P          -0.226          -0.226          -0.226          -0.226          -0.226
         LJlr_W        -161.580        -161.514        -161.573        -161.577        -161.586
        LJlr_PW         -12.685         -12.680         -12.685         -12.686         -12.686
             EE      -43995.610      -44051.390      -44104.372      -44055.389      -44086.085
           EE_P         277.303         257.587         266.635         261.316         274.918
           EE_W      -43762.272      -43847.154      -43886.257      -43847.558      -43852.408
          EE_PW        -510.641        -461.823        -484.750        -469.147        -508.595
           EE14         700.298         706.339         713.985         699.525         712.684
         EE14_P         700.298         706.339         713.985         699.525         712.684
           EEsr      -40789.324      -40843.279      -40900.172      -40845.943      -40878.774
         EEsr_P         -91.817        -103.666        -104.537         -98.822         -94.439
         EEsr_W      -40282.160      -40359.644      -40407.027      -40362.126      -40370.602
        EEsr_PW        -415.347        -379.969        -388.608        -384.995        -413.733
           EElr       -3906.585       -3914.450       -3918.185       -3908.971       -3919.995
         EElr_P        -331.178        -345.086        -342.813        -339.388        -343.327
         EElr_W       -3480.113       -3487.510       -3479.230       -3485.432       -3481.806
        EElr_PW         -95.294         -81.854         -96.142         -84.151         -94.862
         Bonded         217.551         220.301         216.265         217.278         220.687
       Bonded_P         217.551         220.301         216.265         217.278         220.687
           Bond          52.441          52.201          52.898          52.892          54.837
         Bond_P          52.441          52.201          52.898          52.892          54.837
          Angle         124.708         128.100         124.375         125.655         123.852
        Angle_P         124.708         128.100         124.375         125.655         123.852
            Dih          33.379          31.892          30.850          30.997          34.541
          Dih_P          33.379          31.892          30.850          30.997          34.541
            Imp           7.024           8.106           8.143           7.734           7.457
          Imp_P           7.024           8.106           8.143           7.734           7.457
             PV           1.784           1.784           1.784           1.784           1.784
           PV_P           1.784           1.784           1.784           1.784           1.784
           PV_W           1.784           1.784           1.784           1.784           1.784
          PV_PW          -1.784          -1.784          -1.784          -1.784          -1.784
