             PE      -37408.377      -37414.647      -37424.074      -37423.006      -37400.289
           PE_P         441.508         427.505         435.514         427.161         431.765
           PE_W      -36764.644      -36784.034      -36779.969      -36788.215      -36770.188
          PE_PW       -1085.241       -1058.118       -1079.619       -1061.952       -1061.866
            PE2      -37408.376      -37414.646      -37424.074      -37423.006      -37400.288
          PE2_P         441.508         427.505         435.514         427.161         431.765
          PE2_W      -36764.644      -36784.034      -36779.969      -36788.215      -36770.188
         PE2_PW       -1085.240       -1058.117       -1079.619       -1061.952       -1061.865
      Nonbonded      -37634.853      -37641.279      -37647.308      -37647.343      -37626.212
    Nonbonded_P         215.032         200.872         212.280         202.824         205.841
    Nonbonded_W      -36764.644      -36784.034      -36779.969      -36788.215      -36770.188
   Nonbonded_PW       -1085.241       -1058.117       -1079.619       -1061.952       -1061.865
             LJ        5454.264        5440.748        5449.707        5449.646        5441.883
           LJ_P         -18.217         -19.572         -19.677         -20.133         -18.229
           LJ_W        5570.795        5561.462        5566.108        5569.618        5560.572
          LJ_PW         -98.314        -101.142         -96.724         -99.839        -100.460
           LJ14          34.751          33.584          33.965          34.049          34.278
         LJ14_P          34.751          33.584          33.965          34.049          34.278
           LJsr        5588.348        5576.004        5584.605        5584.370        5576.381
         LJsr_P         -52.705         -52.893         -53.379         -53.919         -52.244
         LJsr_W        5726.059        5716.731        5721.398        5724.826        5715.783
        LJsr_PW         -85.006         -87.834         -83.414         -86.537         -87.158
           LJlr        -168.835        -168.840        -168.862        -168.773        -168.776
         LJlr_P          -0.263          -0.263          -0.263          -0.263          -0.263
         LJlr_W        -155.264        -155.270        -155.290        -155.208        -155.210
        LJlr_PW         -13.308         -13.307         -13.309         -13.302         -13.303
             EE      -43089.117      -43082.027      -43097.015      -43096.989      -43068.095
           EE_P         233.249         220.444         231.958         222.957         224.070
           EE_W      -42335.439      -42345.496      -42346.077      -42357.833      -42330.760
          EE_PW        -986.927        -956.975        -982.896        -962.113        -961.405
           EE14         844.823         842.675         843.791         845.426         838.403
         EE14_P         844.823         842.675         843.791         845.426         838.403
           EEsr      -39645.784      -39636.811      -39652.468      -39653.758      -39622.591
         EEsr_P        -118.083        -123.816        -116.913        -125.117        -120.669
         EEsr_W      -38860.694      -38865.789      -38868.950      -38881.520      -38851.288
        EEsr_PW        -667.007        -647.206        -666.605        -647.121        -650.634
           EElr       -4288.156       -4287.891       -4288.338       -4288.657       -4283.907
         EElr_P        -493.492        -498.414        -494.920        -497.352        -493.664
         EElr_W       -3474.744       -3479.707       -3477.127       -3476.313       -3479.472
        EElr_PW        -319.920        -309.770        -316.291        -314.992        -310.771
         Bonded         226.476         226.632         223.234         224.337         225.924
       Bonded_P         226.476         226.632         223.234         224.337         225.924
           Bond          55.053          56.685          55.758          55.367          56.017
         Bond_P          55.053          56.685          55.758          55.367          56.017
          Angle         132.975         131.136         128.223         130.008         130.909
        Angle_P         132.975         131.136         128.223         130.008         130.909
            Dih          29.503          29.708          30.160          29.717          29.559
          Dih_P          29.503          29.708          30.160          29.717          29.559
            Imp           8.946           9.103           9.093           9.245           9.438
          Imp_P           8.946           9.103           9.093           9.245           9.438
             PV           1.716           1.716           1.716           1.717           1.717
           PV_P           1.716           1.716           1.716           1.717           1.717
           PV_W           1.716           1.716           1.716           1.717           1.717
          PV_PW          -1.716          -1.716          -1.716          -1.717          -1.717
