             PE      -43380.314      -43385.217      -43369.379      -43390.573      -43377.125
           PE_P         215.789         208.224         208.340         210.521         216.410
           PE_W      -42962.217      -42964.947      -42942.521      -42966.797      -42949.607
          PE_PW        -633.886        -628.494        -635.198        -634.297        -643.928
            PE2      -43380.314      -43385.217      -43369.379      -43390.573      -43377.126
          PE2_P         215.789         208.224         208.340         210.521         216.410
          PE2_W      -42962.218      -42964.947      -42942.521      -42966.797      -42949.607
         PE2_PW        -633.885        -628.494        -635.198        -634.297        -643.929
      Nonbonded      -43684.323      -43685.122      -43667.716      -43689.607      -43677.257
    Nonbonded_P         -88.219         -91.681         -89.997         -88.513         -83.721
    Nonbonded_W      -42962.218      -42964.947      -42942.521      -42966.797      -42949.607
   Nonbonded_PW        -633.886        -628.494        -635.198        -634.297        -643.929
             LJ        6330.518        6357.610        6327.185        6326.026        6312.716
           LJ_P         -21.291         -20.856         -20.174         -19.653         -24.027
           LJ_W        6505.458        6532.462        6501.608        6500.629        6490.820
          LJ_PW        -153.649        -153.996        -154.249        -154.950        -154.077
           LJ14          43.795          43.863          43.404          43.687          42.260
         LJ14_P          43.795          43.863          43.404          43.687          42.260
           LJsr        6484.064        6511.044        6481.137        6479.800        6467.816
         LJsr_P         -64.789         -64.421         -63.281         -63.042         -65.989
         LJsr_W        6687.263        6714.227        6683.427        6682.543        6672.642
        LJsr_PW        -138.410        -138.762        -139.009        -139.701        -138.837
           LJlr        -197.341        -197.297        -197.357        -197.460        -197.360
         LJlr_P          -0.298          -0.298          -0.298          -0.298          -0.298
         LJlr_W        -181.805        -181.764        -181.819        -181.914        -181.822
        LJlr_PW         -15.238         -15.235         -15.240         -15.248         -15.240
             EE      -50014.841      -50042.732      -49994.900      -50015.633      -49989.972
           EE_P         -66.928         -70.825         -69.822         -68.860         -59.695
           EE_W      -49467.675      -49497.409      -49444.128      -49467.426      -49440.427
          EE_PW        -480.238        -474.498        -480.950        -479.347        -489.850
           EE14         183.969         177.649         184.566         184.235         184.413
         EE14_P         183.969         177.649         184.566         184.235         184.413
           EEsr      -45968.001      -45995.730      -45947.086      -45969.840      -45946.381
         EEsr_P         -47.400         -47.186         -48.215         -46.884         -45.121
         EEsr_W      -45530.073      -45560.870      -45505.722      -45528.866      -45507.671
        EEsr_PW        -390.528        -387.674        -393.149        -394.090        -393.589
           EElr       -4230.809       -4224.651       -4232.380       -4230.028       -4228.004
         EElr_P        -203.498        -201.289        -206.173        -206.211        -198.986
         EElr_W       -3937.603       -3936.539       -3938.407       -3938.560       -3932.756
        EElr_PW         -89.708         -86.823         -87.800         -85.257         -96.262
         Bonded         304.009         299.905         298.336         299.034         300.131
       Bonded_P         304.009         299.905         298.336         299.034         300.131
           Bond          66.091          68.159          65.473          65.243          66.263
         Bond_P          66.091          68.159          65.473          65.243          66.263
          Angle         148.798         144.049         144.397         145.280         143.978
        Angle_P         148.798         144.049         144.397         145.280         143.978
            Dih          78.408          77.599          77.472          77.738          78.780
          Dih_P          78.408          77.599          77.472          77.738          78.780
            Imp          10.712          10.098          10.995          10.772          11.110
          Imp_P          10.712          10.098          10.995          10.772          11.110
             PV           2.018           2.019           2.018           2.017           2.018
           PV_P           2.018           2.019           2.018           2.017           2.018
           PV_W           2.018           2.019           2.018           2.017           2.018
          PV_PW          -2.018          -2.019          -2.018          -2.017          -2.018
