             PE      -42466.900      -42552.613      -42600.455      -42555.822      -42478.547
           PE_P         541.384         520.052         498.690         509.251         514.046
           PE_W      -42421.561      -42504.564      -42597.563      -42510.270      -42440.278
          PE_PW        -586.723        -568.101        -501.582        -554.803        -552.315
            PE2      -42466.900      -42552.612      -42600.453      -42555.820      -42478.545
          PE2_P         541.384         520.052         498.690         509.251         514.046
          PE2_W      -42421.563      -42504.564      -42597.563      -42510.267      -42440.278
         PE2_PW        -586.721        -568.100        -501.580        -554.804        -552.313
      Nonbonded      -42693.712      -42778.640      -42822.914      -42770.243      -42697.627
    Nonbonded_P         314.572         294.025         276.229         294.828         294.964
    Nonbonded_W      -42421.563      -42504.564      -42597.563      -42510.267      -42440.278
   Nonbonded_PW        -586.721        -568.101        -501.580        -554.804        -552.313
             LJ        6306.910        6197.035        6249.669        6166.006        6284.498
           LJ_P         -16.123         -12.081         -16.375         -10.632         -18.862
           LJ_W        6477.205        6353.588        6414.342        6328.514        6451.118
          LJ_PW        -154.172        -144.472        -148.298        -151.876        -147.758
           LJ14          40.132          43.816          42.887          40.846          40.013
         LJ14_P          40.132          43.816          42.887          40.846          40.013
           LJsr        6460.963        6347.252        6401.226        6318.880        6438.598
         LJsr_P         -56.011         -55.653         -59.017         -51.235         -58.631
         LJsr_W        6657.382        6533.624        6594.760        6508.260        6631.228
        LJsr_PW        -140.408        -130.719        -134.517        -138.145        -133.999
           LJlr        -194.185        -194.033        -194.444        -193.720        -194.113
         LJlr_P          -0.244          -0.244          -0.244          -0.243          -0.244
         LJlr_W        -180.178        -180.036        -180.418        -179.746        -180.110
        LJlr_PW         -13.763         -13.753         -13.782         -13.731         -13.759
             EE      -49000.623      -48975.675      -49072.584      -48936.250      -48982.124
           EE_P         330.695         306.106         292.604         305.461         313.826
           EE_W      -48898.768      -48858.153      -49011.906      -48838.781      -48891.396
          EE_PW        -432.550        -423.628        -353.282        -402.930        -404.554
           EE14         621.752         611.333         616.545         599.146         604.208
         EE14_P         621.752         611.333         616.545         599.146         604.208
           EEsr      -45409.026      -45366.983      -45472.652      -45320.255      -45366.341
         EEsr_P         -54.638         -64.538         -73.912         -51.017         -58.573
         EEsr_W      -45008.706      -44956.261      -45103.837      -44931.246      -44986.890
        EEsr_PW        -345.682        -346.184        -294.903        -337.992        -320.878
           EElr       -4213.349       -4220.025       -4216.477       -4215.141       -4219.991
         EElr_P        -236.420        -240.688        -250.030        -242.668        -231.808
         EElr_W       -3890.062       -3901.892       -3908.068       -3907.536       -3904.506
        EElr_PW         -86.867         -77.445         -58.379         -64.937         -83.677
         Bonded         226.812         226.027         222.461         214.423         219.082
       Bonded_P         226.812         226.027         222.461         214.423         219.082
           Bond          55.322          47.675          54.440          46.751          60.759
         Bond_P          55.322          47.675          54.440          46.751          60.759
          Angle         128.666         132.280         121.102         129.665         117.632
        Angle_P         128.666         132.280         121.102         129.665         117.632
            Dih          35.178          35.685          36.884          29.050          33.408
          Dih_P          35.178          35.685          36.884          29.050          33.408
            Imp           7.646          10.386          10.036           8.956           7.283
          Imp_P           7.646          10.386          10.036           8.956           7.283
             PV           1.995           1.997           1.993           2.000           1.996
           PV_P           1.995           1.997           1.993           2.000           1.996
           PV_W           1.995           1.997           1.993           2.000           1.996
          PV_PW          -1.995          -1.997          -1.993          -2.000          -1.996
