             PE      -38317.280      -38250.552      -38371.045      -38346.585      -38347.988
           PE_P         344.434         342.397         338.515         338.842         343.711
           PE_W      -38133.528      -38067.918      -38189.016      -38139.076      -38161.994
          PE_PW        -528.186        -525.031        -520.544        -546.351        -529.705
            PE2      -38317.279      -38250.550      -38371.046      -38346.585      -38347.990
          PE2_P         344.434         342.397         338.515         338.842         343.711
          PE2_W      -38133.526      -38067.916      -38189.015      -38139.076      -38161.994
         PE2_PW        -528.187        -525.031        -520.546        -546.351        -529.707
      Nonbonded      -38572.684      -38506.749      -38628.834      -38595.457      -38606.466
    Nonbonded_P          89.030          86.198          80.727          89.971          85.234
    Nonbonded_W      -38133.526      -38067.916      -38189.015      -38139.076      -38161.994
   Nonbonded_PW        -528.188        -525.031        -520.546        -546.352        -529.706
             LJ        5650.032        5641.327        5613.515        5573.777        5634.820
           LJ_P          -3.191          -7.801          -5.142          -7.108          -7.827
           LJ_W        5797.527        5805.331        5774.309        5729.015        5792.032
          LJ_PW        -144.304        -156.203        -155.652        -148.130        -149.385
           LJ14          45.744          44.672          44.801          45.973          44.719
         LJ14_P          45.744          44.672          44.801          45.973          44.719
           LJsr        5779.762        5772.404        5744.453        5703.644        5765.604
         LJsr_P         -48.657         -52.195         -49.664         -52.802         -52.268
         LJsr_W        5958.688        5966.744        5935.712        5890.511        5953.220
        LJsr_PW        -130.269        -142.145        -141.595        -134.065        -135.348
           LJlr        -175.474        -175.749        -175.738        -175.839        -175.503
         LJlr_P          -0.278          -0.279          -0.279          -0.279          -0.278
         LJlr_W        -161.161        -161.413        -161.403        -161.496        -161.187
        LJlr_PW         -14.035         -14.057         -14.056         -14.064         -14.038
             EE      -44222.715      -44148.076      -44242.350      -44169.234      -44241.287
           EE_P          92.221          93.999          85.868          97.079          93.061
           EE_W      -43931.053      -43873.247      -43963.324      -43868.091      -43954.026
          EE_PW        -383.883        -368.828        -364.894        -398.222        -380.322
           EE14         734.551         738.149         721.565         731.130         721.909
         EE14_P         734.551         738.149         721.565         731.130         721.909
           EEsr      -40824.272      -40756.411      -40835.176      -40764.830      -40836.938
         EEsr_P         -80.495         -81.593         -76.611         -75.624         -78.636
         EEsr_W      -40435.578      -40380.525      -40466.052      -40369.807      -40458.850
        EEsr_PW        -308.199        -294.293        -292.513        -319.399        -299.452
           EElr       -4132.994       -4129.814       -4128.738       -4135.533       -4126.258
         EElr_P        -561.834        -562.557        -559.086        -558.427        -550.212
         EElr_W       -3495.475       -3492.722       -3497.272       -3498.284       -3495.176
        EElr_PW         -75.685         -74.535         -72.380         -78.822         -80.870
         Bonded         255.404         256.199         257.788         248.872         258.477
       Bonded_P         255.404         256.199         257.788         248.872         258.477
           Bond          58.668          51.965          59.069          53.902          53.973
         Bond_P          58.668          51.965          59.069          53.902          53.973
          Angle         149.763         152.273         149.863         151.882         153.187
        Angle_P         149.763         152.273         149.863         151.882         153.187
            Dih          38.467          44.061          40.958          35.736          43.267
          Dih_P          38.467          44.061          40.958          35.736          43.267
            Imp           8.506           7.900           7.898           7.351           8.049
          Imp_P           8.506           7.900           7.898           7.351           8.049
             PV           1.796           1.793           1.793           1.792           1.795
           PV_P           1.796           1.793           1.793           1.792           1.795
           PV_W           1.796           1.793           1.793           1.792           1.795
          PV_PW          -1.796          -1.793          -1.793          -1.792          -1.795
