             PE      -38520.544      -38501.500      -38499.285      -38467.728      -38469.140
           PE_P         137.016         162.364         149.075         149.654         145.331
           PE_W      -38032.742      -38015.624      -38006.059      -37975.159      -37978.018
          PE_PW        -624.818        -648.240        -642.301        -642.223        -636.453
            PE2      -38520.545      -38501.500      -38499.285      -38467.728      -38469.140
          PE2_P         137.016         162.364         149.075         149.654         145.331
          PE2_W      -38032.742      -38015.624      -38006.059      -37975.159      -37978.017
         PE2_PW        -624.819        -648.240        -642.301        -642.223        -636.454
      Nonbonded      -38791.342      -38779.270      -38766.898      -38735.304      -38735.339
    Nonbonded_P        -133.781        -115.406        -118.538        -117.922        -120.868
    Nonbonded_W      -38032.742      -38015.624      -38006.059      -37975.159      -37978.017
   Nonbonded_PW        -624.819        -648.240        -642.301        -642.223        -636.454
             LJ        5603.416        5635.511        5600.062        5577.646        5610.468
           LJ_P         -20.171         -22.650         -20.167         -20.258         -19.466
           LJ_W        5752.606        5785.685        5746.656        5723.918        5757.409
          LJ_PW        -129.019        -127.524        -126.427        -126.014        -127.475
           LJ14          32.379          31.837          34.708          33.648          35.260
         LJ14_P          32.379          31.837          34.708          33.648          35.260
           LJsr        5745.796        5778.581        5740.227        5718.905        5750.010
         LJsr_P         -52.296         -54.233         -54.620         -53.651         -54.471
         LJsr_W        5913.734        5946.949        5907.888        5885.182        5918.576
        LJsr_PW        -115.642        -114.135        -113.041        -112.626        -114.095
           LJlr        -174.760        -174.907        -174.872        -174.907        -174.802
         LJlr_P          -0.254          -0.254          -0.254          -0.254          -0.254
         LJlr_W        -161.128        -161.264        -161.232        -161.264        -161.168
        LJlr_PW         -13.378         -13.389         -13.386         -13.389         -13.380
             EE      -44394.758      -44414.781      -44366.960      -44312.950      -44345.807
           EE_P        -113.610         -92.756         -98.371         -97.664        -101.402
           EE_W      -43785.348      -43801.309      -43752.715      -43699.076      -43735.426
          EE_PW        -495.800        -520.716        -515.874        -516.210        -508.979
           EE14         209.231         222.919         233.895         238.098         225.788
         EE14_P         209.231         222.919         233.895         238.098         225.788
           EEsr      -40781.534      -40810.642      -40765.777      -40714.469      -40741.558
         EEsr_P         -66.968         -65.260         -67.547         -71.798         -66.822
         EEsr_W      -40303.954      -40328.451      -40275.244      -40220.923      -40259.039
        EEsr_PW        -410.612        -416.931        -422.986        -421.748        -415.697
           EElr       -3822.456       -3827.058       -3835.078       -3836.578       -3830.037
         EElr_P        -255.874        -250.414        -264.719        -263.964        -260.368
         EElr_W       -3481.394       -3472.858       -3477.471       -3478.154       -3476.387
        EElr_PW         -85.188        -103.786         -92.888         -94.460         -93.282
         Bonded         270.797         277.770         267.613         267.576         266.199
       Bonded_P         270.797         277.770         267.613         267.576         266.199
           Bond          57.701          60.833          57.190          55.911          57.809
         Bond_P          57.701          60.833          57.190          55.911          57.809
          Angle         134.482         134.759         133.892         134.643         132.367
        Angle_P         134.482         134.759         133.892         134.643         132.367
            Dih          69.108          71.869          67.153          67.908          66.223
          Dih_P          69.108          71.869          67.153          67.908          66.223
            Imp           9.506          10.309           9.378           9.114           9.800
          Imp_P           9.506          10.309           9.378           9.114           9.800
             PV           1.785           1.783           1.784           1.783           1.784
           PV_P           1.785           1.783           1.784           1.783           1.784
           PV_W           1.785           1.783           1.784           1.783           1.784
          PV_PW          -1.785          -1.783          -1.784          -1.783          -1.784
