             PE      -68510.826      -68499.012      -68511.807      -68505.049      -68509.427
           PE_P        -870.489        -866.740        -869.992        -872.226        -871.537
           PE_W      -66591.414      -66580.931      -66596.792      -66588.935      -66594.842
          PE_PW       -1048.923       -1051.341       -1045.023       -1043.888       -1043.048
            PE2      -68510.825      -68499.012      -68511.807      -68505.049      -68509.427
          PE2_P        -870.489        -866.740        -869.992        -872.226        -871.537
          PE2_W      -66591.414      -66580.931      -66596.792      -66588.935      -66594.842
         PE2_PW       -1048.922       -1051.341       -1045.023       -1043.888       -1043.048
      Nonbonded      -68994.276      -68982.527      -68996.800      -68989.513      -68993.556
    Nonbonded_P       -1353.940       -1350.255       -1354.986       -1356.690       -1355.666
    Nonbonded_W      -66591.414      -66580.931      -66596.792      -66588.935      -66594.842
   Nonbonded_PW       -1048.922       -1051.341       -1045.022       -1043.888       -1043.048
             LJ        9848.733        9845.976        9852.278        9852.492        9848.095
           LJ_P         -20.912         -19.416         -21.375         -20.898         -21.223
           LJ_W       10050.188       10046.892       10054.044       10053.898       10049.193
          LJ_PW        -180.543        -181.500        -180.391        -180.508        -179.875
           LJ14          68.947          69.303          68.947          68.856          68.915
         LJ14_P          68.947          69.303          68.947          68.856          68.915
           LJsr       10082.697       10079.608       10086.280       10086.531       10082.102
         LJsr_P         -89.500         -88.361         -89.963         -89.395         -89.779
         LJsr_W       10332.026       10328.753       10335.917       10335.721       10331.042
        LJsr_PW        -159.829        -160.784        -159.674        -159.795        -159.161
           LJlr        -302.911        -302.935        -302.949        -302.895        -302.922
         LJlr_P          -0.359          -0.359          -0.359          -0.359          -0.359
         LJlr_W        -281.838        -281.860        -281.873        -281.823        -281.848
        LJlr_PW         -20.714         -20.716         -20.717         -20.713         -20.715
             EE      -78843.009      -78828.503      -78849.079      -78842.005      -78841.651
           EE_P       -1333.027       -1330.839       -1333.610       -1335.792       -1334.443
           EE_W      -76641.602      -76627.823      -76650.836      -76642.833      -76644.036
          EE_PW        -868.380        -869.841        -864.633        -863.380        -863.172
           EE14       -1295.795       -1295.358       -1297.993       -1295.683       -1296.383
         EE14_P       -1295.795       -1295.358       -1297.993       -1295.683       -1296.383
           EEsr      -70949.563      -70935.506      -70954.993      -70947.343      -70947.403
         EEsr_P          36.689          36.904          37.139          35.215          36.321
         EEsr_W      -70382.715      -70369.738      -70390.955      -70382.292      -70382.757
        EEsr_PW        -603.537        -602.672        -601.177        -600.266        -600.967
           EElr       -6597.650       -6597.639       -6596.092       -6598.979       -6597.865
         EElr_P         -73.921         -72.385         -72.756         -75.325         -74.381
         EElr_W       -6258.887       -6258.085       -6259.882       -6260.541       -6261.279
        EElr_PW        -264.842        -267.169        -263.454        -263.113        -262.205
         Bonded         483.451         483.515         484.994         484.464         484.129
       Bonded_P         483.451         483.515         484.994         484.464         484.129
           Bond          91.999          91.363          91.691          91.799          91.625
         Bond_P          91.999          91.363          91.691          91.799          91.625
          Angle         206.770         207.189         207.932         207.419         207.015
        Angle_P         206.770         207.189         207.932         207.419         207.015
            Dih         170.239         170.451         170.866         170.577         170.870
          Dih_P         170.239         170.451         170.866         170.577         170.870
            Imp          14.442          14.512          14.505          14.669          14.619
          Imp_P          14.442          14.512          14.505          14.669          14.619
             PV           3.105           3.105           3.105           3.105           3.105
           PV_P           3.105           3.105           3.105           3.105           3.105
           PV_W           3.105           3.105           3.105           3.105           3.105
          PV_PW          -3.105          -3.105          -3.105          -3.105          -3.105
