             PE      -36770.911      -36795.993      -36799.817      -36809.915      -36828.673
           PE_P         186.014         182.538         183.888         187.625         186.084
           PE_W      -36347.784      -36379.253      -36373.230      -36389.539      -36408.569
          PE_PW        -609.141        -599.278        -610.475        -608.001        -606.188
            PE2      -36770.911      -36795.993      -36799.816      -36809.915      -36828.673
          PE2_P         186.014         182.538         183.888         187.625         186.084
          PE2_W      -36347.785      -36379.253      -36373.230      -36389.539      -36408.569
         PE2_PW        -609.140        -599.278        -610.474        -608.001        -606.188
      Nonbonded      -37034.321      -37057.815      -37063.596      -37075.178      -37095.110
    Nonbonded_P         -77.396         -79.284         -79.893         -77.637         -80.353
    Nonbonded_W      -36347.785      -36379.253      -36373.230      -36389.539      -36408.569
   Nonbonded_PW        -609.140        -599.278        -610.473        -608.002        -606.188
             LJ        5332.673        5369.652        5338.323        5349.044        5369.688
           LJ_P         -24.066         -23.947         -24.974         -23.637         -24.476
           LJ_W        5490.092        5524.173        5494.724        5501.790        5524.042
          LJ_PW        -133.353        -130.574        -131.427        -129.109        -129.878
           LJ14          29.009          30.874          29.093          30.376          30.208
         LJ14_P          29.009          30.874          29.093          30.376          30.208
           LJsr        5471.259        5506.325        5476.722        5486.211        5507.009
         LJsr_P         -52.821         -54.566         -53.812         -53.758         -54.429
         LJsr_W        5644.331        5678.368        5648.868        5655.982        5678.221
        LJsr_PW        -120.251        -117.477        -118.334        -116.013        -116.783
           LJlr        -167.595        -167.547        -167.492        -167.543        -167.530
         LJlr_P          -0.255          -0.255          -0.255          -0.255          -0.255
         LJlr_W        -154.239        -154.195        -154.144        -154.191        -154.179
        LJlr_PW         -13.101         -13.097         -13.093         -13.097         -13.096
             EE      -42366.994      -42427.467      -42401.919      -42424.223      -42464.798
           EE_P         -53.330         -55.337         -54.918         -54.001         -55.877
           EE_W      -41837.877      -41903.426      -41867.954      -41891.330      -41932.611
          EE_PW        -475.787        -468.704        -479.047        -478.892        -476.310
           EE14         191.167         189.678         178.237         202.010         201.985
         EE14_P         191.167         189.678         178.237         202.010         201.985
           EEsr      -38935.733      -38995.912      -38966.659      -38994.456      -39036.328
         EEsr_P         -39.704         -41.347         -37.495         -42.477         -45.394
         EEsr_W      -38508.750      -38575.411      -38542.768      -38560.069      -38602.211
        EEsr_PW        -387.279        -379.154        -386.396        -391.910        -388.723
           EElr       -3622.428       -3621.233       -3613.497       -3631.776       -3630.455
         EElr_P        -204.792        -203.667        -195.660        -213.534        -212.468
         EElr_W       -3329.127       -3328.015       -3325.186       -3331.261       -3330.399
        EElr_PW         -88.509         -89.551         -92.651         -86.981         -87.588
         Bonded         263.411         261.822         263.781         265.263         266.437
       Bonded_P         263.411         261.822         263.781         265.263         266.437
           Bond          55.949          55.416          56.860          55.321          57.615
         Bond_P          55.949          55.416          56.860          55.321          57.615
          Angle         131.461         129.876         131.352         134.431         136.037
        Angle_P         131.461         129.876         131.352         134.431         136.037
            Dih          67.112          67.028          65.805          66.135          63.710
          Dih_P          67.112          67.028          65.805          66.135          63.710
            Imp           8.888           9.502           9.763           9.375           9.074
          Imp_P           8.888           9.502           9.763           9.375           9.074
             PV           1.708           1.709           1.709           1.709           1.709
           PV_P           1.708           1.709           1.709           1.709           1.709
           PV_W           1.708           1.709           1.709           1.709           1.709
          PV_PW          -1.708          -1.709          -1.709          -1.709          -1.709
