             PE      -66235.926      -66178.865      -66242.988      -66249.090      -66259.561
           PE_P        -350.951        -243.320        -306.229        -377.529        -344.084
           PE_W      -64686.550      -64544.976      -64655.537      -64734.036      -64702.376
          PE_PW       -1198.425       -1390.569       -1281.222       -1137.525       -1213.101
            PE2      -66235.926      -66178.865      -66242.988      -66249.089      -66259.561
          PE2_P        -350.951        -243.320        -306.229        -377.529        -344.084
          PE2_W      -64686.550      -64544.975      -64655.537      -64734.035      -64702.375
         PE2_PW       -1198.425       -1390.570       -1281.222       -1137.525       -1213.102
      Nonbonded      -66588.742      -66541.377      -66596.739      -66610.891      -66612.799
    Nonbonded_P        -703.767        -605.832        -659.979        -739.331        -697.322
    Nonbonded_W      -64686.550      -64544.975      -64655.537      -64734.035      -64702.375
   Nonbonded_PW       -1198.425       -1390.570       -1281.223       -1137.525       -1213.102
             LJ        9608.845        9612.087        9619.888        9629.129        9630.718
           LJ_P         -15.704         -23.930         -16.764         -12.120         -16.722
           LJ_W        9789.413        9795.217        9798.316        9807.335        9810.269
          LJ_PW        -164.864        -159.200        -161.664        -166.086        -162.829
           LJ14          53.818          50.142          54.207          54.474          53.916
         LJ14_P          53.818          50.142          54.207          54.474          53.916
           LJsr        9849.741        9856.600        9860.202        9869.203        9871.498
         LJsr_P         -69.216         -73.765         -70.665         -66.288         -70.331
         LJsr_W       10064.979       10070.727       10073.701       10082.745       10085.818
        LJsr_PW        -146.022        -140.362        -142.834        -147.254        -143.989
           LJlr        -294.715        -294.654        -294.522        -294.548        -294.696
         LJlr_P          -0.307          -0.307          -0.306          -0.306          -0.307
         LJlr_W        -275.566        -275.510        -275.386        -275.410        -275.549
        LJlr_PW         -18.842         -18.837         -18.830         -18.832         -18.840
             EE      -76197.587      -76153.465      -76216.627      -76240.020      -76243.517
           EE_P        -688.063        -581.902        -643.216        -727.211        -680.600
           EE_W      -74475.963      -74340.192      -74453.852      -74541.370      -74512.645
          EE_PW       -1033.561       -1231.371       -1119.559        -971.439       -1050.272
           EE14        -561.818        -564.543        -562.270        -570.243        -564.282
         EE14_P        -561.818        -564.543        -562.270        -570.243        -564.282
           EEsr      -69386.270      -69341.765      -69404.288      -69424.228      -69431.336
         EEsr_P         -40.586          -0.439         -19.255         -59.045         -33.318
         EEsr_W      -68615.190      -68541.060      -68613.978      -68665.970      -68651.817
        EEsr_PW        -730.494        -800.266        -771.055        -699.213        -746.201
           EElr       -6249.499       -6247.156       -6250.069       -6245.549       -6247.898
         EElr_P         -85.659         -16.920         -61.691         -97.923         -83.000
         EElr_W       -5860.773       -5799.133       -5839.874       -5875.400       -5860.828
        EElr_PW        -303.067        -431.103        -348.504        -272.226        -304.070
         Bonded         352.816         362.513         353.751         361.802         353.238
       Bonded_P         352.816         362.513         353.751         361.802         353.238
           Bond          82.080          82.702          82.107          82.953          82.947
         Bond_P          82.080          82.702          82.107          82.953          82.947
          Angle         163.731         163.976         161.429         167.978         163.252
        Angle_P         163.731         163.976         161.429         167.978         163.252
            Dih          93.418         102.612          96.883          96.789          94.020
          Dih_P          93.418         102.612          96.883          96.789          94.020
            Imp          13.586          13.222          13.332          14.082          13.019
          Imp_P          13.586          13.222          13.332          14.082          13.019
             PV           3.028           3.028           3.030           3.029           3.028
           PV_P           3.028           3.028           3.030           3.029           3.028
           PV_W           3.028           3.028           3.030           3.029           3.028
          PV_PW          -3.028          -3.028          -3.030          -3.029          -3.028
