             PE      -41167.288      -41118.880      -41156.391      -41109.564      -41122.278
           PE_P          51.080          43.831          51.024          62.928          44.556
           PE_W      -40044.732      -40014.376      -40038.938      -39982.088      -40002.285
          PE_PW       -1173.636       -1148.335       -1168.477       -1190.404       -1164.549
            PE2      -41167.288      -41118.880      -41156.390      -41109.564      -41122.279
          PE2_P          51.080          43.831          51.024          62.928          44.556
          PE2_W      -40044.733      -40014.377      -40038.937      -39982.089      -40002.285
         PE2_PW       -1173.635       -1148.334       -1168.477       -1190.403       -1164.550
      Nonbonded      -41410.436      -41363.838      -41406.431      -41361.154      -41372.151
    Nonbonded_P        -192.068        -201.127        -199.016        -188.663        -205.316
    Nonbonded_W      -40044.733      -40014.377      -40038.937      -39982.089      -40002.285
   Nonbonded_PW       -1173.635       -1148.334       -1168.478       -1190.402       -1164.550
             LJ        5971.122        5909.885        5946.721        5952.337        5938.850
           LJ_P         -13.905         -12.804         -15.353         -15.627         -15.238
           LJ_W        6080.363        6021.164        6062.260        6065.888        6049.786
          LJ_PW         -95.336         -98.475        -100.186         -97.924         -95.698
           LJ14          35.609          35.231          33.351          33.633          33.044
         LJ14_P          35.609          35.231          33.351          33.633          33.044
           LJsr        6118.640        6057.930        6096.623        6101.828        6088.924
         LJsr_P         -49.263         -47.784         -48.452         -49.009         -48.031
         LJsr_W        6249.697        6190.636        6231.712        6235.221        6219.112
        LJsr_PW         -81.794         -84.922         -86.637         -84.384         -82.157
           LJlr        -183.126        -183.276        -183.254        -183.125        -183.118
         LJlr_P          -0.251          -0.252          -0.252          -0.251          -0.251
         LJlr_W        -169.334        -169.472        -169.451        -169.333        -169.326
        LJlr_PW         -13.541         -13.552         -13.551         -13.541         -13.541
             EE      -47381.558      -47273.723      -47353.152      -47313.491      -47311.001
           EE_P        -178.163        -188.322        -183.664        -173.036        -190.078
           EE_W      -46125.096      -46035.541      -46101.197      -46047.977      -46052.072
          EE_PW       -1078.299       -1049.860       -1068.291       -1092.478       -1068.851
           EE14         347.292         340.339         336.307         349.189         333.758
         EE14_P         347.292         340.339         336.307         349.189         333.758
           EEsr      -43191.885      -43084.992      -43162.528      -43128.713      -43120.239
         EEsr_P        -107.922        -107.943        -106.294        -105.135        -107.099
         EEsr_W      -42363.165      -42268.188      -42342.439      -42292.009      -42291.855
        EEsr_PW        -720.798        -708.861        -713.795        -731.569        -721.285
           EElr       -4536.965       -4529.069       -4526.931       -4533.968       -4524.520
         EElr_P        -417.533        -420.718        -413.677        -417.090        -416.737
         EElr_W       -3761.931       -3767.353       -3758.758       -3755.967       -3760.217
        EElr_PW        -357.501        -340.998        -354.496        -360.911        -347.566
         Bonded         243.148         244.958         250.041         251.590         249.872
       Bonded_P         243.148         244.958         250.041         251.590         249.872
           Bond          55.620          55.032          53.992          56.725          58.993
         Bond_P          55.620          55.032          53.992          56.725          58.993
          Angle         124.061         131.952         130.424         132.161         130.246
        Angle_P         124.061         131.952         130.424         132.161         130.246
            Dih          52.901          46.532          54.574          52.146          49.561
          Dih_P          52.901          46.532          54.574          52.146          49.561
            Imp          10.565          11.442          11.051          10.559          11.071
          Imp_P          10.565          11.442          11.051          10.559          11.071
             PV           1.866           1.865           1.865           1.866           1.866
           PV_P           1.866           1.865           1.865           1.866           1.866
           PV_W           1.866           1.865           1.865           1.866           1.866
          PV_PW          -1.866          -1.865          -1.865          -1.866          -1.866
