             PE      -68558.460      -68434.429      -68522.848      -68565.579      -68404.413
           PE_P        -841.722        -875.472        -870.604        -863.932        -902.112
           PE_W      -66643.259      -66547.605      -66630.065      -66647.702      -66511.766
          PE_PW       -1073.479       -1011.352       -1022.179       -1053.945        -990.535
            PE2      -68558.461      -68434.431      -68522.848      -68565.577      -68404.412
          PE2_P        -841.722        -875.472        -870.604        -863.932        -902.112
          PE2_W      -66643.260      -66547.606      -66630.065      -66647.701      -66511.761
         PE2_PW       -1073.479       -1011.353       -1022.179       -1053.944        -990.539
      Nonbonded      -69069.021      -68935.371      -69028.619      -69069.870      -68898.567
    Nonbonded_P       -1352.282       -1376.413       -1376.375       -1368.225       -1396.267
    Nonbonded_W      -66643.260      -66547.606      -66630.065      -66647.701      -66511.761
   Nonbonded_PW       -1073.479       -1011.352       -1022.179       -1053.944        -990.539
             LJ        9845.247        9868.447        9897.925        9859.784        9938.992
           LJ_P         -20.327         -18.910         -14.113         -21.740         -25.626
           LJ_W       10055.305       10062.845       10088.971       10065.514       10143.729
          LJ_PW        -189.731        -175.488        -176.933        -183.990        -179.111
           LJ14          63.195          63.573          67.369          65.074          62.916
         LJ14_P          63.195          63.573          67.369          65.074          62.916
           LJsr       10084.592       10107.888       10133.620       10097.874       10178.229
         LJsr_P         -83.164         -82.124         -81.123         -86.455         -88.184
         LJsr_W       10336.798       10344.779       10370.952       10347.587       10424.862
        LJsr_PW        -169.042        -154.767        -156.209        -163.258        -158.449
           LJlr        -302.541        -303.014        -303.064        -303.164        -302.154
         LJlr_P          -0.359          -0.359          -0.359          -0.359          -0.358
         LJlr_W        -281.493        -281.934        -281.980        -282.073        -281.133
        LJlr_PW         -20.689         -20.721         -20.725         -20.732         -20.663
             EE      -78914.268      -78803.819      -78926.545      -78929.654      -78837.559
           EE_P       -1331.955       -1357.504       -1362.262       -1346.484       -1370.641
           EE_W      -76698.565      -76610.452      -76719.036      -76713.214      -76655.490
          EE_PW        -883.748        -835.863        -845.247        -869.956        -811.428
           EE14       -1266.397       -1249.075       -1258.974       -1271.130       -1267.616
         EE14_P       -1266.397       -1249.075       -1258.974       -1271.130       -1267.616
           EEsr      -71022.628      -70917.977      -71029.454      -71031.827      -70944.811
         EEsr_P          38.730          10.217           8.477          22.482          16.066
         EEsr_W      -70442.261      -70345.542      -70449.329      -70455.137      -70386.370
        EEsr_PW        -619.097        -582.652        -588.602        -599.172        -574.507
           EElr       -6625.244       -6636.767       -6638.116       -6626.697       -6625.132
         EElr_P        -104.289        -118.646        -111.765         -97.836        -119.091
         EElr_W       -6256.304       -6264.910       -6269.707       -6258.078       -6269.120
        EElr_PW        -264.651        -253.211        -256.644        -270.783        -236.921
         Bonded         510.560         500.941         505.771         504.293         494.155
       Bonded_P         510.560         500.941         505.771         504.293         494.155
           Bond          93.111          93.773          94.555          87.942          95.196
         Bond_P          93.111          93.773          94.555          87.942          95.196
          Angle         227.205         224.835         230.322         233.886         206.124
        Angle_P         227.205         224.835         230.322         233.886         206.124
            Dih         175.738         168.101         167.108         168.365         176.073
          Dih_P         175.738         168.101         167.108         168.365         176.073
            Imp          14.507          14.232          13.786          14.099          16.762
          Imp_P          14.507          14.232          13.786          14.099          16.762
             PV           3.109           3.104           3.104           3.103           3.113
           PV_P           3.109           3.104           3.104           3.103           3.113
           PV_W           3.109           3.104           3.104           3.103           3.113
          PV_PW          -3.109          -3.104          -3.104          -3.103          -3.113
