             PE      -37902.358      -37889.966      -37895.847      -37908.828      -37917.975
           PE_P         445.867         436.585         440.910         443.987         434.329
           PE_W      -37812.428      -37804.920      -37809.090      -37819.849      -37836.713
          PE_PW        -535.797        -521.631        -527.667        -532.966        -515.591
            PE2      -37902.358      -37889.966      -37895.847      -37908.829      -37917.975
          PE2_P         445.867         436.585         440.910         443.987         434.329
          PE2_W      -37812.427      -37804.920      -37809.090      -37819.849      -37836.713
         PE2_PW        -535.798        -521.631        -527.667        -532.967        -515.591
      Nonbonded      -38129.430      -38116.577      -38118.372      -38135.291      -38139.270
    Nonbonded_P         218.795         209.974         218.386         217.525         213.034
    Nonbonded_W      -37812.427      -37804.920      -37809.090      -37819.849      -37836.713
   Nonbonded_PW        -535.798        -521.631        -527.668        -532.967        -515.591
             LJ        5583.091        5573.624        5588.888        5597.549        5585.707
           LJ_P         -12.544         -13.019          -9.798         -11.602         -11.031
           LJ_W        5734.574        5727.299        5736.454        5747.854        5736.087
          LJ_PW        -138.939        -140.656        -137.768        -138.703        -139.349
           LJ14          38.467          38.230          40.230          38.550          39.819
         LJ14_P          38.467          38.230          40.230          38.550          39.819
           LJsr        5717.856        5708.699        5721.926        5732.282        5719.323
         LJsr_P         -50.768         -51.006         -49.785         -49.908         -50.607
         LJsr_W        5894.486        5887.279        5896.400        5907.814        5896.187
        LJsr_PW        -125.862        -127.574        -124.689        -125.624        -126.257
           LJlr        -173.231        -173.306        -173.268        -173.283        -173.435
         LJlr_P          -0.243          -0.243          -0.243          -0.243          -0.243
         LJlr_W        -159.912        -159.981        -159.946        -159.959        -160.100
        LJlr_PW         -13.076         -13.082         -13.079         -13.081         -13.092
             EE      -43712.521      -43690.200      -43707.259      -43732.840      -43724.978
           EE_P         231.339         222.994         228.183         229.127         224.065
           EE_W      -43547.001      -43532.219      -43545.544      -43567.703      -43572.800
          EE_PW        -396.859        -380.975        -389.898        -394.264        -376.243
           EE14         685.902         680.434         688.185         682.806         671.537
         EE14_P         685.902         680.434         688.185         682.806         671.537
           EEsr      -40461.046      -40437.104      -40458.820      -40481.623      -40464.166
         EEsr_P         -59.722         -62.492         -63.476         -60.331         -55.640
         EEsr_W      -40084.200      -40067.694      -40081.716      -40105.048      -40103.794
        EEsr_PW        -317.124        -306.918        -313.628        -316.244        -304.732
           EElr       -3937.378       -3933.530       -3936.624       -3934.023       -3932.349
         EElr_P        -394.840        -394.948        -396.526        -393.348        -391.832
         EElr_W       -3462.802       -3464.525       -3463.828       -3462.655       -3469.006
        EElr_PW         -79.736         -74.057         -76.270         -78.020         -71.511
         Bonded         227.071         226.611         222.525         226.462         221.295
       Bonded_P         227.071         226.611         222.525         226.462         221.295
           Bond          52.911          54.325          51.585          54.820          54.450
         Bond_P          52.911          54.325          51.585          54.820          54.450
          Angle         134.955         135.086         133.846         133.785         134.724
        Angle_P         134.955         135.086         133.846         133.785         134.724
            Dih          31.379          29.489          29.404          29.888          24.819
          Dih_P          31.379          29.489          29.404          29.888          24.819
            Imp           7.828           7.712           7.689           7.969           7.302
          Imp_P           7.828           7.712           7.689           7.969           7.302
             PV           1.776           1.775           1.776           1.775           1.774
           PV_P           1.776           1.775           1.776           1.775           1.774
           PV_W           1.776           1.775           1.776           1.775           1.774
          PV_PW          -1.776          -1.775          -1.776          -1.775          -1.774
