             PE      -60382.037      -60572.453      -60288.858      -60253.440      -60337.451
           PE_P       -1145.043       -1095.196       -1158.690       -1093.535       -1086.799
           PE_W      -57620.585      -57880.984      -57534.709      -57441.183      -57534.504
          PE_PW       -1616.409       -1596.273       -1595.459       -1718.722       -1716.148
            PE2      -60382.036      -60572.453      -60288.857      -60253.439      -60337.451
          PE2_P       -1145.043       -1095.196       -1158.690       -1093.535       -1086.799
          PE2_W      -57620.585      -57880.984      -57534.712      -57441.182      -57534.502
         PE2_PW       -1616.408       -1596.273       -1595.455       -1718.722       -1716.150
      Nonbonded      -60852.982      -61058.113      -60755.589      -60717.350      -60818.171
    Nonbonded_P       -1615.989       -1580.857       -1625.423       -1557.446       -1567.519
    Nonbonded_W      -57620.585      -57880.984      -57534.712      -57441.182      -57534.502
   Nonbonded_PW       -1616.408       -1596.272       -1595.454       -1718.722       -1716.150
             LJ        8613.655        8737.944        8533.716        8522.076        8557.465
           LJ_P         -39.944         -33.095         -33.554         -27.200         -31.425
           LJ_W        8775.400        8925.461        8687.748        8673.456        8709.211
          LJ_PW        -121.801        -154.422        -120.478        -124.180        -120.321
           LJ14          35.677          29.412          37.219          40.672          38.595
         LJ14_P          35.677          29.412          37.219          40.672          38.595
           LJsr        8841.605        8972.454        8760.309        8745.116        8782.558
         LJsr_P         -75.293         -62.178         -70.445         -67.544         -69.691
         LJsr_W        9020.252        9170.587        8932.772        8918.387        8954.119
        LJsr_PW        -103.354        -135.955        -102.018        -105.727        -101.870
           LJlr        -263.627        -263.922        -263.813        -263.712        -263.687
         LJlr_P          -0.328          -0.329          -0.329          -0.329          -0.328
         LJlr_W        -244.852        -245.126        -245.024        -244.931        -244.908
        LJlr_PW         -18.447         -18.467         -18.460         -18.452         -18.451
             EE      -69466.637      -69796.057      -69289.305      -69239.426      -69375.636
           EE_P       -1576.045       -1547.761       -1591.869       -1530.246       -1536.094
           EE_W      -66395.985      -66806.445      -66222.460      -66114.638      -66243.713
          EE_PW       -1494.607       -1441.851       -1474.976       -1594.542       -1595.829
           EE14       -2121.508       -2131.924       -2121.382       -2123.287       -2125.875
         EE14_P       -2121.507       -2131.924       -2121.382       -2123.286       -2125.875
           EEsr      -61904.457      -62237.211      -61732.588      -61685.209      -61817.970
         EEsr_P         145.134         137.949         134.674         147.388         155.968
         EEsr_W      -61043.809      -61486.867      -60881.522      -60820.549      -60934.758
        EEsr_PW       -1005.782        -888.293        -985.740       -1012.048       -1039.180
           EElr       -5440.673       -5426.922       -5435.335       -5430.930       -5431.791
         EElr_P         400.329         446.213         394.839         445.653         433.812
         EElr_W       -5352.176       -5319.578       -5340.938       -5294.088       -5308.956
        EElr_PW        -488.826        -553.557        -489.236        -582.495        -556.647
         Bonded         470.946         485.661         466.733         463.911         480.720
       Bonded_P         470.946         485.661         466.733         463.911         480.720
           Bond          96.886         109.043          82.203          91.660          93.631
         Bond_P          96.886         109.043          82.203          91.660          93.631
          Angle         187.408         198.870         195.853         183.269         196.722
        Angle_P         187.408         198.870         195.853         183.269         196.722
            Dih         170.562         166.783         172.944         172.813         172.607
          Dih_P         170.562         166.783         172.944         172.813         172.607
            Imp          16.090          10.964          15.733          16.170          17.759
          Imp_P          16.090          10.964          15.733          16.170          17.759
             PV           2.694           2.691           2.692           2.693           2.694
           PV_P           2.694           2.691           2.692           2.693           2.694
           PV_W           2.694           2.691           2.692           2.693           2.694
          PV_PW          -2.694          -2.691          -2.692          -2.693          -2.694
