             PE      -50582.009      -50529.932      -50546.969      -50563.680      -50514.521
           PE_P       -1014.951       -1040.104       -1058.083       -1035.289       -1040.000
           PE_W      -48284.993      -48267.968      -48285.477      -48288.868      -48229.301
          PE_PW       -1282.065       -1221.860       -1203.409       -1239.523       -1245.220
            PE2      -50582.009      -50529.932      -50546.969      -50563.681      -50514.520
          PE2_P       -1014.951       -1040.104       -1058.083       -1035.289       -1040.000
          PE2_W      -48284.993      -48267.968      -48285.475      -48288.870      -48229.301
         PE2_PW       -1282.065       -1221.860       -1203.411       -1239.522       -1245.219
      Nonbonded      -51037.393      -50991.778      -51008.516      -51028.549      -50965.208
    Nonbonded_P       -1470.335       -1501.951       -1519.630       -1500.157       -1490.688
    Nonbonded_W      -48284.993      -48267.968      -48285.475      -48288.870      -48229.301
   Nonbonded_PW       -1282.065       -1221.859       -1203.411       -1239.522       -1245.219
             LJ        7150.146        7171.842        7187.073        7170.097        7170.982
           LJ_P         -25.238         -27.163         -20.253         -24.290         -18.132
           LJ_W        7309.333        7333.613        7343.407        7327.620        7328.926
          LJ_PW        -133.949        -134.608        -136.081        -133.233        -139.812
           LJ14          49.733          46.931          51.424          50.156          51.025
         LJ14_P          49.733          46.931          51.424          50.156          51.025
           LJsr        7324.910        7349.161        7360.098        7344.375        7344.377
         LJsr_P         -74.583         -73.705         -71.289         -74.058         -68.769
         LJsr_W        7514.996        7539.048        7549.027        7533.225        7534.519
        LJsr_PW        -115.503        -116.182        -117.640        -114.792        -121.373
           LJlr        -224.497        -224.249        -224.450        -224.434        -224.421
         LJlr_P          -0.389          -0.389          -0.389          -0.389          -0.389
         LJlr_W        -205.663        -205.436        -205.619        -205.605        -205.593
        LJlr_PW         -18.445         -18.424         -18.442         -18.440         -18.439
             EE      -58187.539      -58163.620      -58195.590      -58198.646      -58136.190
           EE_P       -1445.097       -1474.788       -1499.377       -1475.866       -1472.555
           EE_W      -55594.326      -55601.581      -55628.883      -55616.490      -55558.227
          EE_PW       -1148.116       -1087.251       -1067.330       -1106.290       -1105.408
           EE14       -1134.901       -1146.969       -1128.761       -1124.030       -1127.450
         EE14_P       -1134.901       -1146.969       -1128.761       -1124.030       -1127.451
           EEsr      -52139.452      -52115.034      -52154.894      -52155.438      -52093.620
         EEsr_P         -55.441         -65.182         -95.578         -89.398         -79.562
         EEsr_W      -51246.310      -51245.115      -51273.456      -51272.791      -51208.203
        EEsr_PW        -837.701        -804.737        -785.860        -793.249        -805.855
           EElr       -4913.187       -4901.618       -4911.934       -4919.177       -4915.119
         EElr_P        -254.756        -262.637        -275.038        -262.438        -265.542
         EElr_W       -4348.017       -4356.465       -4355.427       -4343.699       -4350.024
        EElr_PW        -310.414        -282.516        -281.469        -313.040        -299.553
         Bonded         455.384         461.846         461.547         464.868         450.688
       Bonded_P         455.384         461.846         461.547         464.868         450.688
           Bond          80.064          83.265          85.794          83.819          79.860
         Bond_P          80.064          83.265          85.794          83.819          79.860
          Angle         190.016         192.204         191.971         195.794         193.697
        Angle_P         190.016         192.204         191.971         195.794         193.697
            Dih         169.912         170.332         168.545         168.924         161.965
          Dih_P         169.912         170.332         168.545         168.924         161.965
            Imp          15.392          16.046          15.237          16.331          15.166
          Imp_P          15.392          16.046          15.237          16.331          15.166
             PV           2.273           2.275           2.273           2.273           2.273
           PV_P           2.273           2.275           2.273           2.273           2.273
           PV_W           2.273           2.275           2.273           2.273           2.273
          PV_PW          -2.273          -2.275          -2.273          -2.273          -2.273
