             PE      -38623.436      -38638.769      -38611.097      -38604.525      -38624.103
           PE_P         566.684         562.833         559.965         563.206         561.074
           PE_W      -38629.791      -38642.500      -38621.532      -38614.484      -38632.374
          PE_PW        -560.329        -559.102        -549.530        -553.247        -552.803
            PE2      -38623.436      -38638.769      -38611.097      -38604.525      -38624.103
          PE2_P         566.684         562.833         559.965         563.206         561.074
          PE2_W      -38629.792      -38642.500      -38621.532      -38614.483      -38632.374
         PE2_PW        -560.328        -559.102        -549.530        -553.248        -552.803
      Nonbonded      -38864.244      -38877.325      -38847.626      -38848.765      -38862.816
    Nonbonded_P         325.875         324.277         323.437         318.966         322.361
    Nonbonded_W      -38629.792      -38642.500      -38621.532      -38614.483      -38632.374
   Nonbonded_PW        -560.327        -559.102        -549.531        -553.248        -552.803
             LJ        5680.989        5700.415        5685.291        5686.681        5690.959
           LJ_P         -19.406         -19.021         -19.210         -20.329         -16.594
           LJ_W        5852.070        5871.402        5854.565        5857.091        5862.239
          LJ_PW        -151.675        -151.966        -150.064        -150.081        -154.686
           LJ14          41.657          41.806          42.060          40.624          43.557
         LJ14_P          41.657          41.806          42.060          40.624          43.557
           LJsr        5817.214        5836.520        5821.058        5823.806        5825.205
         LJsr_P         -60.775         -60.539         -60.983         -60.665         -59.864
         LJsr_W        6015.428        6034.786        6017.873        6020.326        6025.524
        LJsr_PW        -137.439        -137.727        -135.832        -135.855        -140.455
           LJlr        -177.882        -177.911        -177.828        -177.749        -177.804
         LJlr_P          -0.288          -0.288          -0.288          -0.288          -0.288
         LJlr_W        -163.358        -163.384        -163.308        -163.236        -163.286
        LJlr_PW         -14.236         -14.239         -14.232         -14.225         -14.230
             EE      -44545.233      -44577.741      -44532.916      -44535.446      -44553.775
           EE_P         345.281         343.298         342.647         339.295         338.955
           EE_W      -44481.862      -44513.902      -44476.097      -44471.574      -44494.612
          EE_PW        -408.652        -407.137        -399.466        -403.167        -398.118
           EE14         638.284         638.655         637.299         636.760         637.390
         EE14_P         638.284         638.655         637.299         636.760         637.390
           EEsr      -41326.326      -41358.863      -41314.874      -41315.888      -41334.707
         EEsr_P         -58.294         -58.181         -57.119         -60.841         -60.642
         EEsr_W      -40943.497      -40974.994      -40937.796      -40934.276      -40954.418
        EEsr_PW        -324.535        -325.688        -319.959        -320.771        -319.647
           EElr       -3857.191       -3857.533       -3855.342       -3856.318       -3856.458
         EElr_P        -234.709        -237.176        -237.533        -236.624        -237.793
         EElr_W       -3538.365       -3538.908       -3538.301       -3537.298       -3540.195
        EElr_PW         -84.117         -81.449         -79.508         -82.396         -78.470
         Bonded         240.808         238.556         236.528         244.240         238.713
       Bonded_P         240.808         238.556         236.528         244.240         238.713
           Bond          59.499          58.722          58.343          59.046          60.733
         Bond_P          59.499          58.722          58.343          59.046          60.733
          Angle         133.680         133.517         131.646         134.761         132.312
        Angle_P         133.680         133.517         131.646         134.761         132.312
            Dih          39.232          37.535          38.061          41.824          36.900
          Dih_P          39.232          37.535          38.061          41.824          36.900
            Imp           8.397           8.782           8.479           8.610           8.768
          Imp_P           8.397           8.782           8.479           8.610           8.768
             PV           1.816           1.816           1.817           1.818           1.817
           PV_P           1.816           1.816           1.817           1.818           1.817
           PV_W           1.816           1.816           1.817           1.818           1.817
          PV_PW          -1.816          -1.816          -1.817          -1.818          -1.817
