             PE      -38334.563      -38327.717      -38328.020      -38341.597      -38344.820
           PE_P          86.238          84.787          89.270          87.732          87.432
           PE_W      -37814.202      -37807.160      -37805.324      -37818.537      -37823.636
          PE_PW        -606.599        -605.344        -611.966        -610.792        -608.616
            PE2      -38334.563      -38327.717      -38328.020      -38341.597      -38344.820
          PE2_P          86.238          84.787          89.270          87.732          87.432
          PE2_W      -37814.202      -37807.160      -37805.324      -37818.538      -37823.636
         PE2_PW        -606.599        -605.344        -611.966        -610.791        -608.616
      Nonbonded      -38626.303      -38620.533      -38622.572      -38633.396      -38638.336
    Nonbonded_P        -205.502        -208.029        -205.283        -204.068        -206.084
    Nonbonded_W      -37814.202      -37807.160      -37805.324      -37818.538      -37823.636
   Nonbonded_PW        -606.599        -605.344        -611.965        -610.790        -608.616
             LJ        5569.964        5571.412        5576.514        5571.000        5591.678
           LJ_P         -17.665         -17.596         -18.897         -18.704         -19.297
           LJ_W        5726.092        5729.630        5734.248        5729.249        5750.046
          LJ_PW        -138.463        -140.622        -138.837        -139.545        -139.071
           LJ14          38.183          38.064          37.711          38.143          37.767
         LJ14_P          38.183          38.064          37.711          38.143          37.767
           LJsr        5706.172        5707.762        5713.160        5707.211        5728.334
         LJsr_P         -55.565         -55.377         -56.325         -56.565         -56.781
         LJsr_W        5886.137        5889.697        5894.262        5889.261        5910.121
        LJsr_PW        -124.400        -126.558        -124.777        -125.485        -125.006
           LJlr        -174.390        -174.415        -174.357        -174.354        -174.423
         LJlr_P          -0.283          -0.283          -0.283          -0.283          -0.283
         LJlr_W        -160.045        -160.067        -160.014        -160.012        -160.075
        LJlr_PW         -14.062         -14.065         -14.060         -14.059         -14.065
             EE      -44196.267      -44191.945      -44199.087      -44204.396      -44230.014
           EE_P        -187.836        -190.433        -186.386        -185.364        -186.787
           EE_W      -43540.294      -43536.790      -43539.572      -43547.786      -43573.683
          EE_PW        -468.137        -464.722        -473.129        -471.246        -469.544
           EE14         231.834         222.486         223.734         224.681         223.831
         EE14_P         231.834         222.486         223.734         224.681         223.831
           EEsr      -40515.886      -40507.920      -40514.514      -40520.871      -40545.842
         EEsr_P         -57.567         -55.213         -54.585         -53.718         -54.315
         EEsr_W      -40080.162      -40077.650      -40080.714      -40088.629      -40114.562
        EEsr_PW        -378.157        -375.057        -379.215        -378.524        -376.965
           EElr       -3912.215       -3906.510       -3908.306       -3908.207       -3908.003
         EElr_P        -362.103        -357.706        -355.535        -356.327        -356.304
         EElr_W       -3460.132       -3459.141       -3458.858       -3459.157       -3459.120
        EElr_PW         -89.980         -89.663         -93.913         -92.723         -92.579
         Bonded         291.740         292.816         294.553         291.799         293.516
       Bonded_P         291.740         292.816         294.553         291.799         293.516
           Bond          59.637          59.790          59.943          59.371          59.719
         Bond_P          59.637          59.790          59.943          59.371          59.719
          Angle         147.388         147.488         147.693         147.465         148.952
        Angle_P         147.388         147.488         147.693         147.465         148.952
            Dih          74.941          75.739          77.231          75.214          75.375
          Dih_P          74.941          75.739          77.231          75.214          75.375
            Imp           9.774           9.799           9.685           9.749           9.470
          Imp_P           9.774           9.799           9.685           9.749           9.470
             PV           1.778           1.778           1.779           1.779           1.778
           PV_P           1.778           1.778           1.779           1.779           1.778
           PV_W           1.778           1.778           1.779           1.779           1.778
          PV_PW          -1.778          -1.778          -1.779          -1.779          -1.778
