             PE      -52531.871      -52177.241      -52054.242      -51948.221      -52212.459
           PE_P        -724.220        -729.972        -739.438        -917.370        -820.004
           PE_W      -49984.879      -49724.358      -49694.854      -49681.854      -49866.641
          PE_PW       -1822.772       -1722.911       -1619.950       -1348.997       -1525.814
            PE2      -52531.871      -52177.234      -52054.245      -51948.211      -52212.455
          PE2_P        -724.220        -729.972        -739.439        -917.370        -820.004
          PE2_W      -49984.877      -49724.350      -49694.853      -49681.850      -49866.644
         PE2_PW       -1822.774       -1722.912       -1619.953       -1348.991       -1525.807
      Nonbonded      -52901.966      -52573.733      -52487.158      -52384.454      -52624.833
    Nonbonded_P       -1094.315       -1126.471       -1172.351       -1353.613       -1232.382
    Nonbonded_W      -49984.877      -49724.350      -49694.853      -49681.850      -49866.644
   Nonbonded_PW       -1822.774       -1722.912       -1619.954       -1348.991       -1525.807
             LJ        7538.942        7465.227        7301.845        7426.531        7480.349
           LJ_P         -21.278         -15.486           5.455         -10.720          -2.815
           LJ_W        7679.771        7612.909        7395.378        7528.949        7603.425
          LJ_PW        -119.551        -132.196         -98.988         -91.698        -120.261
           LJ14          42.298          54.380          63.379          62.894          59.656
         LJ14_P          42.298          54.380          63.379          62.894          59.656
           LJsr        7726.798        7641.708        7468.694        7593.225        7650.846
         LJsr_P         -63.162         -69.450         -57.509         -73.200         -62.055
         LJsr_W        7890.229        7824.012        7605.902        7738.888        7813.880
        LJsr_PW        -100.269        -112.854         -79.699         -72.463        -100.979
           LJlr        -230.154        -230.861        -230.227        -229.588        -230.152
         LJlr_P          -0.415          -0.416          -0.415          -0.414          -0.415
         LJlr_W        -210.457        -211.104        -210.524        -209.940        -210.456
        LJlr_PW         -19.282         -19.341         -19.288         -19.234         -19.281
             EE      -60440.909      -60038.960      -59789.003      -59810.984      -60105.182
           EE_P       -1073.037       -1110.985       -1177.807       -1342.893       -1229.567
           EE_W      -57664.648      -57337.259      -57090.230      -57210.799      -57470.068
          EE_PW       -1703.224       -1590.716       -1520.966       -1257.292       -1405.547
           EE14        -258.291        -205.233        -257.483        -219.535        -207.865
         EE14_P        -258.292        -205.233        -257.483        -219.535        -207.865
           EEsr      -54249.914      -53885.206      -53621.363      -53629.832      -53942.516
         EEsr_P         -52.593        -105.918        -109.658        -197.054        -169.622
         EEsr_W      -53111.930      -52765.155      -52484.301      -52545.447      -52815.727
        EEsr_PW       -1085.391       -1014.133       -1027.404        -887.331        -957.167
           EElr       -5932.703       -5948.521       -5910.156       -5961.617       -5954.802
         EElr_P        -762.152        -799.833        -810.665        -926.304        -852.081
         EElr_W       -4552.719       -4572.104       -4605.930       -4665.352       -4654.341
        EElr_PW        -617.832        -576.584        -493.561        -369.961        -448.380
         Bonded         370.095         396.499         432.913         436.243         412.378
       Bonded_P         370.095         396.499         432.913         436.242         412.378
           Bond          80.427          74.851         102.364         106.169          93.033
         Bond_P          80.427          74.851         102.364         106.169          93.033
          Angle         172.557         217.731         206.101         225.094         199.414
        Angle_P         172.557         217.731         206.101         225.094         199.414
            Dih         105.884          92.587         104.642          93.525         105.578
          Dih_P         105.884          92.587         104.642          93.525         105.578
            Imp          11.227          11.329          19.806          11.455          14.352
          Imp_P          11.227          11.329          19.806          11.455          14.352
             PV           2.339           2.332           2.339           2.345           2.339
           PV_P           2.339           2.332           2.339           2.345           2.339
           PV_W           2.339           2.332           2.339           2.345           2.339
          PV_PW          -2.339          -2.332          -2.339          -2.345          -2.339
