             PE      -69051.152      -69053.203      -69059.208      -69065.108      -69050.771
           PE_P        -121.205        -124.922        -122.781        -121.858        -123.466
           PE_W      -67927.977      -67931.717      -67937.368      -67942.110      -67929.069
          PE_PW       -1001.970        -996.564        -999.059       -1001.140        -998.236
            PE2      -69051.152      -69053.202      -69059.208      -69065.108      -69050.771
          PE2_P        -121.205        -124.922        -122.781        -121.858        -123.466
          PE2_W      -67927.977      -67931.717      -67937.368      -67942.110      -67929.069
         PE2_PW       -1001.970        -996.563        -999.059       -1001.140        -998.236
      Nonbonded      -69340.480      -69342.167      -69349.251      -69354.799      -69341.508
    Nonbonded_P        -410.534        -413.887        -412.825        -411.549        -414.203
    Nonbonded_W      -67927.977      -67931.717      -67937.368      -67942.110      -67929.069
   Nonbonded_PW       -1001.969        -996.563        -999.058       -1001.140        -998.236
             LJ       10076.993       10087.381       10080.239       10092.688       10094.482
           LJ_P         -20.473         -20.459         -20.231         -19.322         -20.568
           LJ_W       10230.387       10241.113       10232.683       10245.332       10248.133
          LJ_PW        -132.921        -133.273        -132.213        -133.322        -133.083
           LJ14          37.911          37.803          37.991          38.059          37.771
         LJ14_P          37.911          37.803          37.991          38.059          37.771
           LJsr       10342.860       10353.331       10346.018       10358.411       10360.432
         LJsr_P         -58.217         -58.095         -58.054         -57.215         -58.172
         LJsr_W       10519.543       10530.246       10521.831       10534.492       10537.235
        LJsr_PW        -118.466        -118.820        -117.759        -118.866        -118.631
           LJlr        -303.779        -303.753        -303.770        -303.782        -303.721
         LJlr_P          -0.167          -0.167          -0.167          -0.167          -0.167
         LJlr_W        -289.157        -289.132        -289.148        -289.160        -289.102
        LJlr_PW         -14.455         -14.454         -14.455         -14.455         -14.452
             EE      -79417.473      -79429.548      -79429.490      -79447.487      -79435.990
           EE_P        -390.061        -393.428        -392.594        -392.227        -393.636
           EE_W      -78158.364      -78172.831      -78170.051      -78187.443      -78177.202
          EE_PW        -869.048        -863.289        -866.845        -867.817        -865.152
           EE14        -673.254        -674.047        -674.196        -674.808        -674.542
         EE14_P        -673.254        -674.047        -674.196        -674.808        -674.542
           EEsr      -72296.428      -72307.129      -72306.054      -72323.882      -72313.251
         EEsr_P          38.470          38.269          39.121          39.089          38.677
         EEsr_W      -71817.440      -71829.243      -71826.142      -71843.930      -71833.712
        EEsr_PW        -517.458        -516.155        -519.033        -519.041        -518.216
           EElr       -6447.790       -6448.373       -6449.240       -6448.798       -6448.197
         EElr_P         244.723         242.350         242.480         243.492         242.229
         EElr_W       -6340.924       -6343.587       -6343.910       -6343.512       -6343.490
        EElr_PW        -351.589        -347.136        -347.810        -348.778        -346.936
         Bonded         289.328         288.965         290.043         289.691         290.738
       Bonded_P         289.328         288.965         290.043         289.691         290.738
           Bond          63.915          63.701          63.403          64.066          64.688
         Bond_P          63.915          63.701          63.403          64.066          64.688
          Angle         144.555         144.824         145.378         144.905         144.967
        Angle_P         144.555         144.824         145.378         144.905         144.967
            Dih          70.570          70.280          70.867          70.340          70.663
          Dih_P          70.570          70.280          70.867          70.340          70.663
            Imp          10.289          10.161          10.395          10.380          10.420
          Imp_P          10.289          10.161          10.395          10.380          10.420
             PV           3.147           3.148           3.147           3.147           3.148
           PV_P           3.147           3.148           3.147           3.147           3.148
           PV_W           3.147           3.148           3.147           3.147           3.148
          PV_PW          -3.147          -3.148          -3.147          -3.147          -3.148
