             PE      -69038.165      -69051.968      -69044.591      -69043.519      -69060.258
           PE_P        -211.650        -211.087        -212.316        -211.795        -213.456
           PE_W      -68022.084      -68032.481      -68027.533      -68024.330      -68043.742
          PE_PW        -804.431        -808.400        -804.742        -807.394        -803.060
            PE2      -69038.165      -69051.968      -69044.591      -69043.519      -69060.258
          PE2_P        -211.650        -211.087        -212.316        -211.795        -213.456
          PE2_W      -68022.084      -68032.481      -68027.532      -68024.330      -68043.742
         PE2_PW        -804.431        -808.400        -804.743        -807.394        -803.060
      Nonbonded      -69324.236      -69337.971      -69331.557      -69328.686      -69346.049
    Nonbonded_P        -497.721        -497.090        -499.282        -496.962        -499.248
    Nonbonded_W      -68022.084      -68032.481      -68027.532      -68024.330      -68043.742
   Nonbonded_PW        -804.431        -808.400        -804.743        -807.394        -803.059
             LJ       10086.013       10085.986       10094.475       10097.709       10097.314
           LJ_P         -24.266         -24.946         -24.642         -24.795         -24.069
           LJ_W       10239.934       10241.122       10249.278       10252.433       10252.116
          LJ_PW        -129.655        -130.190        -130.161        -129.929        -130.733
           LJ14          35.761          35.609          35.768          35.683          36.082
         LJ14_P          35.761          35.609          35.768          35.683          36.082
           LJsr       10353.952       10354.121       10362.445       10365.773       10364.993
         LJsr_P         -59.861         -60.389         -60.243         -60.311         -59.984
         LJsr_W       10529.016       10530.246       10538.396       10541.559       10541.256
        LJsr_PW        -115.203        -115.736        -115.708        -115.475        -116.279
           LJlr        -303.700        -303.744        -303.739        -303.747        -303.761
         LJlr_P          -0.167          -0.167          -0.167          -0.167          -0.167
         LJlr_W        -289.082        -289.124        -289.118        -289.126        -289.140
        LJlr_PW         -14.451         -14.453         -14.454         -14.454         -14.454
             EE      -79410.249      -79423.957      -79426.032      -79426.395      -79443.363
           EE_P        -473.455        -472.143        -474.641        -472.167        -475.179
           EE_W      -78262.018      -78273.603      -78276.810      -78276.763      -78295.858
          EE_PW        -674.776        -678.211        -674.581        -677.465        -672.326
           EE14        -687.726        -688.252        -687.930        -688.369        -688.187
         EE14_P        -687.726        -688.252        -687.930        -688.369        -688.187
           EEsr      -72279.085      -72292.984      -72295.178      -72296.371      -72311.959
         EEsr_P          36.719          37.193          35.447          36.399          35.344
         EEsr_W      -71854.803      -71866.031      -71869.537      -71868.821      -71887.878
        EEsr_PW        -461.001        -464.146        -461.088        -463.949        -459.425
           EElr       -6443.437       -6442.722       -6442.924       -6441.655       -6443.217
         EElr_P         177.552         178.916         177.843         179.803         177.664
         EElr_W       -6407.215       -6407.572       -6407.274       -6407.942       -6407.979
        EElr_PW        -213.774        -214.066        -213.493        -213.516        -212.902
         Bonded         286.071         286.003         286.966         285.167         285.791
       Bonded_P         286.071         286.003         286.966         285.167         285.791
           Bond          64.006          63.928          64.519          63.784          63.756
         Bond_P          64.006          63.928          64.519          63.784          63.756
          Angle         145.239         144.824         145.459         144.724         145.242
        Angle_P         145.239         144.824         145.459         144.724         145.242
            Dih          66.667          67.127          67.018          66.687          66.752
          Dih_P          66.667          67.127          67.018          66.687          66.752
            Imp          10.159          10.123           9.970           9.970          10.041
          Imp_P          10.159          10.123           9.970           9.970          10.041
             PV           3.148           3.148           3.148           3.148           3.148
           PV_P           3.148           3.148           3.148           3.148           3.148
           PV_W           3.148           3.148           3.148           3.148           3.148
          PV_PW          -3.148          -3.148          -3.148          -3.148          -3.148
