             PE      -49771.145      -49661.401      -49744.556      -49702.294      -49666.508
           PE_P        -305.721        -337.588        -316.595        -323.753        -315.304
           PE_W      -48605.121      -48461.384      -48514.582      -48492.352      -48437.666
          PE_PW        -860.303        -862.429        -913.379        -886.189        -913.538
            PE2      -49771.144      -49661.402      -49744.557      -49702.296      -49666.506
          PE2_P        -305.721        -337.588        -316.595        -323.753        -315.304
          PE2_W      -48605.123      -48461.381      -48514.582      -48492.353      -48437.667
         PE2_PW        -860.300        -862.433        -913.380        -886.190        -913.535
      Nonbonded      -50121.917      -49998.360      -50077.307      -50031.689      -50001.615
    Nonbonded_P        -656.494        -674.546        -649.345        -653.145        -650.412
    Nonbonded_W      -48605.123      -48461.381      -48514.582      -48492.353      -48437.667
   Nonbonded_PW        -860.300        -862.433        -913.380        -886.191        -913.536
             LJ        7208.395        7152.913        7213.698        7045.847        7108.285
           LJ_P         -13.895         -14.429         -10.016         -12.210         -15.067
           LJ_W        7363.450        7312.464        7374.696        7223.545        7280.269
          LJ_PW        -141.160        -145.122        -150.982        -165.488        -156.917
           LJ14          46.408          46.592          46.843          42.032          42.169
         LJ14_P          46.408          46.592          46.843          42.032          42.169
           LJsr        7382.722        7327.332        7387.807        7224.136        7286.800
         LJsr_P         -60.029         -60.747         -56.586         -53.969         -56.962
         LJsr_W        7568.346        7517.616        7579.795        7428.057        7485.117
        LJsr_PW        -125.595        -129.537        -135.402        -149.952        -141.355
           LJlr        -220.735        -221.011        -220.953        -220.321        -220.684
         LJlr_P          -0.274          -0.274          -0.274          -0.273          -0.273
         LJlr_W        -204.896        -205.152        -205.098        -204.512        -204.848
        LJlr_PW         -15.565         -15.585         -15.581         -15.536         -15.563
             EE      -57330.312      -57151.273      -57291.005      -57077.535      -57109.900
           EE_P        -642.599        -660.117        -639.329        -640.935        -635.346
           EE_W      -55968.573      -55773.845      -55889.278      -55715.898      -55717.936
          EE_PW        -719.140        -717.311        -762.398        -720.702        -756.618
           EE14        -803.160        -786.261        -782.387        -776.470        -789.174
         EE14_P        -803.160        -786.261        -782.387        -776.470        -789.174
           EEsr      -51747.579      -51593.724      -51730.413      -51528.275      -51548.962
         EEsr_P          82.216          62.809          62.988          62.054          65.980
         EEsr_W      -51375.452      -51189.229      -51329.312      -51140.804      -51154.153
        EEsr_PW        -454.343        -467.304        -464.089        -449.525        -460.789
           EElr       -4779.572       -4771.288       -4778.205       -4772.790       -4771.764
         EElr_P          78.345          63.335          80.070          73.481          87.849
         EElr_W       -4593.121       -4584.616       -4559.967       -4575.094       -4563.783
        EElr_PW        -264.796        -250.007        -298.308        -271.177        -295.830
         Bonded         350.773         336.958         332.750         329.393         335.108
       Bonded_P         350.773         336.958         332.750         329.393         335.108
           Bond          77.837          74.705          74.554          71.099          80.952
         Bond_P          77.837          74.705          74.554          71.099          80.952
          Angle         179.353         173.699         166.523         175.285         161.678
        Angle_P         179.353         173.699         166.523         175.285         161.678
            Dih          81.784          79.616          80.409          74.739          81.930
          Dih_P          81.784          79.616          80.409          74.739          81.930
            Imp          11.800           8.938          11.264           8.270          10.548
          Imp_P          11.800           8.938          11.264           8.270          10.548
             PV           2.260           2.257           2.258           2.264           2.261
           PV_P           2.260           2.257           2.258           2.264           2.261
           PV_W           2.260           2.257           2.258           2.264           2.261
          PV_PW          -2.260          -2.257          -2.258          -2.264          -2.261
