             PE      -38367.944      -38412.347      -38371.050      -38375.469      -38399.279
           PE_P         409.145         396.404         408.612         409.385         397.715
           PE_W      -38205.963      -38247.123      -38200.334      -38216.284      -38241.015
          PE_PW        -571.126        -561.628        -579.328        -568.570        -555.979
            PE2      -38367.945      -38412.347      -38371.051      -38375.469      -38399.278
          PE2_P         409.145         396.404         408.612         409.385         397.715
          PE2_W      -38205.962      -38247.124      -38200.334      -38216.283      -38241.015
         PE2_PW        -571.128        -561.627        -579.329        -568.571        -555.978
      Nonbonded      -38601.371      -38643.286      -38602.423      -38620.085      -38632.067
    Nonbonded_P         175.719         165.465         177.240         164.770         164.927
    Nonbonded_W      -38205.962      -38247.124      -38200.334      -38216.283      -38241.015
   Nonbonded_PW        -571.128        -561.627        -579.329        -568.572        -555.979
             LJ        5645.542        5600.286        5645.802        5617.869        5622.972
           LJ_P         -11.062         -11.679         -15.018         -13.457         -11.031
           LJ_W        5795.530        5751.941        5798.011        5764.531        5770.084
          LJ_PW        -138.926        -139.976        -137.191        -133.205        -136.081
           LJ14          39.678          40.940          38.575          38.624          42.102
         LJ14_P          39.678          40.940          38.575          38.624          42.102
           LJsr        5781.371        5734.711        5782.423        5754.963        5756.191
         LJsr_P         -50.489         -52.369         -53.343         -51.830         -52.882
         LJsr_W        5957.423        5913.703        5959.617        5926.618        5931.804
        LJsr_PW        -125.563        -126.623        -123.851        -119.825        -122.731
           LJlr        -175.507        -175.365        -175.196        -175.718        -175.320
         LJlr_P          -0.251          -0.250          -0.250          -0.251          -0.250
         LJlr_W        -161.893        -161.762        -161.606        -162.088        -161.720
        LJlr_PW         -13.363         -13.353         -13.340         -13.379         -13.350
             EE      -44246.912      -44243.572      -44248.225      -44237.954      -44255.039
           EE_P         186.781         177.144         192.258         178.227         175.957
           EE_W      -44001.492      -43999.065      -43998.345      -43980.814      -44011.099
          EE_PW        -432.201        -421.651        -442.138        -435.367        -419.897
           EE14         700.864         718.803         712.932         716.068         707.077
         EE14_P         700.864         718.803         712.932         716.068         707.077
           EEsr      -40925.763      -40929.077      -40938.151      -40922.102      -40928.832
         EEsr_P         -76.776         -92.663         -77.776         -88.737         -84.110
         EEsr_W      -40498.642      -40501.204      -40504.541      -40480.832      -40505.013
        EEsr_PW        -350.345        -335.210        -355.834        -352.533        -339.709
           EElr       -4022.014       -4033.299       -4023.007       -4031.920       -4033.284
         EElr_P        -437.307        -448.997        -442.899        -449.105        -447.010
         EElr_W       -3502.850       -3497.861       -3493.804       -3499.982       -3506.086
        EElr_PW         -81.857         -86.441         -86.304         -82.833         -80.188
         Bonded         233.426         230.939         231.372         244.615         232.789
       Bonded_P         233.426         230.939         231.372         244.615         232.789
           Bond          55.138          54.784          54.597          56.273          52.205
         Bond_P          55.138          54.784          54.597          56.273          52.205
          Angle         137.348         134.266         132.984         142.936         139.090
        Angle_P         137.348         134.266         132.984         142.936         139.090
            Dih          33.744          34.670          35.528          37.847          33.276
          Dih_P          33.744          34.670          35.528          37.847          33.276
            Imp           7.196           7.219           8.264           7.559           8.218
          Imp_P           7.196           7.219           8.264           7.559           8.218
             PV           1.795           1.797           1.798           1.793           1.797
           PV_P           1.795           1.797           1.798           1.793           1.797
           PV_W           1.795           1.797           1.798           1.793           1.797
          PV_PW          -1.795          -1.797          -1.798          -1.793          -1.797
