             PE      -36823.126      -36822.321      -36800.945      -36789.579      -36729.882
           PE_P         178.109         184.780         188.650         181.681         182.555
           PE_W      -36417.822      -36399.736      -36389.956      -36370.648      -36313.561
          PE_PW        -583.413        -607.365        -599.639        -600.612        -598.876
            PE2      -36823.127      -36822.321      -36800.945      -36789.579      -36729.882
          PE2_P         178.109         184.780         188.650         181.681         182.555
          PE2_W      -36417.822      -36399.735      -36389.957      -36370.648      -36313.560
         PE2_PW        -583.414        -607.366        -599.638        -600.612        -598.877
      Nonbonded      -37088.026      -37089.138      -37067.433      -37049.819      -36990.419
    Nonbonded_P         -86.789         -82.036         -77.838         -78.559         -77.981
    Nonbonded_W      -36417.822      -36399.735      -36389.957      -36370.648      -36313.560
   Nonbonded_PW        -583.415        -607.367        -599.638        -600.612        -598.878
             LJ        5352.998        5372.932        5362.589        5317.817        5359.310
           LJ_P         -24.168         -24.335         -22.566         -20.936         -22.627
           LJ_W        5507.931        5528.372        5516.883        5468.419        5507.255
          LJ_PW        -130.765        -131.105        -131.728        -129.666        -125.318
           LJ14          29.709          30.332          30.742          31.998          30.581
         LJ14_P          29.709          30.332          30.742          31.998          30.581
           LJsr        5490.824        5510.105        5499.453        5453.427        5495.972
         LJsr_P         -53.623         -54.413         -53.052         -52.678         -52.954
         LJsr_W        5662.115        5682.529        5671.132        5622.669        5661.170
        LJsr_PW        -117.668        -118.011        -118.627        -116.564        -112.244
           LJlr        -167.536        -167.506        -167.606        -167.607        -167.243
         LJlr_P          -0.255          -0.255          -0.255          -0.255          -0.255
         LJlr_W        -154.184        -154.157        -154.249        -154.250        -153.915
        LJlr_PW         -13.097         -13.094         -13.102         -13.102         -13.073
             EE      -42441.024      -42462.069      -42430.022      -42367.636      -42349.729
           EE_P         -62.621         -57.701         -55.272         -57.623         -55.354
           EE_W      -41925.753      -41928.107      -41906.840      -41839.068      -41820.815
          EE_PW        -452.650        -476.261        -467.910        -470.945        -473.560
           EE14         200.958         199.956         203.888         200.645         195.058
         EE14_P         200.958         199.956         203.888         200.645         195.058
           EEsr      -39012.547      -39033.160      -39005.176      -38940.114      -38918.750
         EEsr_P         -45.852         -49.026         -49.383         -48.922         -41.898
         EEsr_W      -38592.468      -38599.983      -38580.036      -38510.175      -38489.446
        EEsr_PW        -374.227        -384.151        -375.757        -381.017        -387.406
           EElr       -3629.435       -3628.865       -3628.734       -3628.167       -3626.037
         EElr_P        -217.727        -208.631        -209.777        -209.346        -208.513
         EElr_W       -3333.285       -3328.124       -3326.805       -3328.893       -3331.369
        EElr_PW         -78.423         -92.110         -92.152         -89.928         -86.155
         Bonded         264.899         266.817         266.487         260.240         260.536
       Bonded_P         264.899         266.817         266.487         260.240         260.536
           Bond          57.600          54.661          57.080          54.424          56.185
         Bond_P          57.600          54.661          57.080          54.424          56.185
          Angle         134.238         135.721         132.627         129.567         130.807
        Angle_P         134.238         135.721         132.627         129.567         130.807
            Dih          63.048          66.210          67.010          67.439          63.869
          Dih_P          63.048          66.210          67.010          67.439          63.869
            Imp          10.012          10.224           9.770           8.810           9.676
          Imp_P          10.012          10.224           9.770           8.810           9.676
             PV           1.709           1.709           1.708           1.708           1.712
           PV_P           1.709           1.709           1.708           1.708           1.712
           PV_W           1.709           1.709           1.708           1.708           1.712
          PV_PW          -1.709          -1.709          -1.708          -1.708          -1.712
