             PE      -44437.499      -44445.180      -44447.956      -44450.062      -44437.781
           PE_P         456.661         456.143         456.943         456.558         455.843
           PE_W      -44351.162      -44358.145      -44361.565      -44362.907      -44349.849
          PE_PW        -542.998        -543.178        -543.334        -543.713        -543.775
            PE2      -44437.499      -44445.180      -44447.956      -44450.062      -44437.781
          PE2_P         456.661         456.143         456.943         456.558         455.843
          PE2_W      -44351.162      -44358.144      -44361.565      -44362.907      -44349.849
         PE2_PW        -542.998        -543.179        -543.334        -543.713        -543.775
      Nonbonded      -44700.906      -44708.769      -44712.704      -44714.220      -44701.374
    Nonbonded_P         193.254         192.554         192.195         192.401         192.249
    Nonbonded_W      -44351.162      -44358.144      -44361.565      -44362.907      -44349.849
   Nonbonded_PW        -542.998        -543.179        -543.334        -543.714        -543.774
             LJ        6552.272        6548.360        6543.199        6551.102        6549.071
           LJ_P         -11.308         -10.490         -10.882         -11.762         -11.158
           LJ_W        6724.517        6720.766        6715.232        6724.025        6721.351
          LJ_PW        -160.937        -161.916        -161.151        -161.161        -161.122
           LJ14          51.133          51.079          51.036          50.939          50.769
         LJ14_P          51.133          51.079          51.036          50.939          50.769
           LJsr        6704.198        6700.341        6695.217        6703.186        6701.346
         LJsr_P         -62.154         -61.282         -61.632         -62.415         -61.640
         LJsr_W        6912.056        6908.307        6902.768        6911.531        6908.876
        LJsr_PW        -145.704        -146.684        -145.919        -145.930        -145.890
           LJlr        -203.059        -203.060        -203.055        -203.023        -203.044
         LJlr_P          -0.287          -0.287          -0.287          -0.287          -0.287
         LJlr_W        -187.539        -187.541        -187.535        -187.507        -187.525
        LJlr_PW         -15.233         -15.232         -15.233         -15.229         -15.232
             EE      -51253.178      -51257.128      -51255.903      -51265.322      -51250.445
           EE_P         204.562         203.044         203.078         204.163         203.407
           EE_W      -51075.679      -51078.911      -51076.797      -51086.931      -51071.199
          EE_PW        -382.061        -381.261        -382.184        -382.554        -382.653
           EE14         664.122         664.529         663.123         663.724         663.881
         EE14_P         664.122         664.529         663.123         663.724         663.881
           EEsr      -47382.192      -47386.018      -47384.777      -47394.413      -47379.860
         EEsr_P         -68.641         -69.314         -69.098         -68.786         -69.134
         EEsr_W      -47005.616      -47008.897      -47007.457      -47017.706      -47002.649
        EEsr_PW        -307.935        -307.807        -308.222        -307.921        -308.077
           EElr       -4535.108       -4535.639       -4534.249       -4534.633       -4534.466
         EElr_P        -390.918        -392.170        -390.947        -390.775        -391.339
         EElr_W       -4070.063       -4070.013       -4069.340       -4069.226       -4068.551
        EElr_PW         -74.127         -73.456         -73.962         -74.632         -74.576
         Bonded         263.407         263.589         264.748         264.158         263.593
       Bonded_P         263.407         263.589         264.748         264.158         263.593
           Bond          63.301          63.300          63.269          63.530          62.756
         Bond_P          63.301          63.300          63.269          63.530          62.756
          Angle         146.160         146.958         147.793         147.561         146.800
        Angle_P         146.160         146.958         147.793         147.561         146.800
            Dih          45.367          44.613          45.027          44.561          45.447
          Dih_P          45.367          44.613          45.027          44.561          45.447
            Imp           8.579           8.718           8.658           8.506           8.590
          Imp_P           8.579           8.718           8.658           8.506           8.590
             PV           2.082           2.082           2.082           2.082           2.082
           PV_P           2.082           2.082           2.082           2.082           2.082
           PV_W           2.082           2.082           2.082           2.082           2.082
          PV_PW          -2.082          -2.082          -2.082          -2.082          -2.082
