             PE      -38196.980      -38193.939      -38194.372      -38184.514      -38212.638
           PE_P         466.279         463.715         466.645         472.755         466.621
           PE_W      -38071.975      -38068.895      -38065.639      -38055.466      -38082.339
          PE_PW        -591.284        -588.759        -595.378        -601.803        -596.920
            PE2      -38196.980      -38193.939      -38194.372      -38184.514      -38212.638
          PE2_P         466.279         463.715         466.645         472.755         466.621
          PE2_W      -38071.975      -38068.896      -38065.639      -38055.466      -38082.339
         PE2_PW        -591.284        -588.758        -595.378        -601.803        -596.920
      Nonbonded      -38416.420      -38411.613      -38412.799      -38404.462      -38430.301
    Nonbonded_P         246.839         246.041         248.218         252.807         248.958
    Nonbonded_W      -38071.975      -38068.896      -38065.639      -38055.466      -38082.339
   Nonbonded_PW        -591.284        -588.758        -595.378        -601.803        -596.920
             LJ        5623.972        5637.689        5621.528        5612.623        5630.221
           LJ_P         -15.325         -15.193         -16.540         -16.537         -16.726
           LJ_W        5759.666        5772.782        5758.551        5748.582        5767.069
          LJ_PW        -120.369        -119.900        -120.483        -119.422        -120.122
           LJ14          36.412          36.394          35.029          35.569          35.588
         LJ14_P          36.412          36.394          35.029          35.569          35.588
           LJsr        5761.989        5775.699        5760.904        5751.496        5769.036
         LJsr_P         -51.511         -51.362         -51.344         -51.881         -52.088
         LJsr_W        5921.188        5934.282        5920.052        5910.117        5928.567
        LJsr_PW        -107.688        -107.221        -107.804        -106.740        -107.443
           LJlr        -174.429        -174.405        -174.406        -174.442        -174.403
         LJlr_P          -0.226          -0.226          -0.226          -0.226          -0.226
         LJlr_W        -161.522        -161.500        -161.501        -161.535        -161.498
        LJlr_PW         -12.681         -12.679         -12.679         -12.681         -12.679
             EE      -44040.391      -44049.302      -44034.326      -44017.084      -44060.522
           EE_P         262.164         261.234         264.758         269.344         265.683
           EE_W      -43831.641      -43841.678      -43824.191      -43804.048      -43849.408
          EE_PW        -470.914        -468.858        -474.893        -482.380        -476.797
           EE14         703.076         706.090         700.426         703.291         705.780
         EE14_P         703.076         706.090         700.426         703.291         705.780
           EEsr      -40832.095      -40841.628      -40824.277      -40807.936      -40853.649
         EEsr_P        -100.905        -102.521         -97.061         -96.006         -99.079
         EEsr_W      -40345.780      -40356.453      -40338.775      -40319.634      -40364.709
        EEsr_PW        -385.410        -382.654        -388.441        -392.296        -389.861
           EElr       -3911.372       -3913.764       -3910.475       -3912.440       -3912.653
         EElr_P        -340.007        -342.335        -338.606        -337.942        -341.017
         EElr_W       -3485.861       -3485.225       -3485.415       -3484.414       -3484.700
        EElr_PW         -85.504         -86.204         -86.454         -90.084         -86.936
         Bonded         219.440         217.674         218.426         219.948         217.663
       Bonded_P         219.440         217.674         218.426         219.948         217.663
           Bond          52.478          51.729          53.131          53.017          52.095
         Bond_P          52.478          51.729          53.131          53.017          52.095
          Angle         127.084         125.945         124.632         124.897         126.000
        Angle_P         127.084         125.945         124.632         124.897         126.000
            Dih          32.131          32.274          32.613          33.973          31.847
          Dih_P          32.131          32.274          32.613          33.973          31.847
            Imp           7.747           7.726           8.050           8.061           7.721
          Imp_P           7.747           7.726           8.050           8.061           7.721
             PV           1.784           1.785           1.785           1.784           1.785
           PV_P           1.784           1.785           1.785           1.784           1.785
           PV_W           1.784           1.785           1.785           1.784           1.785
          PV_PW          -1.784          -1.785          -1.785          -1.784          -1.785
