             PE      -38217.174      -38184.878      -38168.145      -38194.508      -38167.561
           PE_P         469.092         474.137         460.173         457.094         458.685
           PE_W      -38088.136      -38054.895      -38040.304      -38072.806      -38036.043
          PE_PW        -598.130        -604.120        -588.014        -578.796        -590.203
            PE2      -38217.175      -38184.879      -38168.145      -38194.508      -38167.561
          PE2_P         469.092         474.137         460.173         457.094         458.685
          PE2_W      -38088.135      -38054.895      -38040.305      -38072.806      -38036.043
         PE2_PW        -598.132        -604.121        -588.013        -578.796        -590.203
      Nonbonded      -38437.107      -38404.258      -38382.636      -38411.875      -38380.555
    Nonbonded_P         249.159         254.758         245.682         239.726         245.691
    Nonbonded_W      -38088.135      -38054.895      -38040.305      -38072.806      -38036.043
   Nonbonded_PW        -598.131        -604.121        -588.013        -578.795        -590.203
             LJ        5648.932        5621.693        5613.770        5660.763        5608.728
           LJ_P         -18.392         -13.009         -15.286         -13.423         -15.332
           LJ_W        5786.870        5753.028        5748.217        5794.208        5748.060
          LJ_PW        -119.546        -118.326        -119.161        -120.022        -124.000
           LJ14          35.940          37.630          36.027          37.501          36.280
         LJ14_P          35.940          37.630          36.027          37.501          36.280
           LJsr        5787.490        5758.499        5752.117        5797.483        5747.005
         LJsr_P         -54.106         -50.413         -51.087         -50.699         -51.386
         LJsr_W        5948.456        5914.556        5909.689        5955.538        5909.700
        LJsr_PW        -106.860        -105.644        -106.485        -107.356        -111.309
           LJlr        -174.498        -174.436        -174.375        -174.221        -174.557
         LJlr_P          -0.226          -0.226          -0.226          -0.226          -0.226
         LJlr_W        -161.586        -161.528        -161.472        -161.330        -161.641
        LJlr_PW         -12.686         -12.682         -12.677         -12.665         -12.690
             EE      -44086.039      -44025.952      -43996.405      -44072.639      -43989.282
           EE_P         267.551         267.767         260.968         253.149         261.023
           EE_W      -43875.006      -43807.922      -43788.522      -43867.014      -43784.103
          EE_PW        -478.584        -485.797        -468.851        -458.774        -466.202
           EE14         709.969         710.637         703.657         703.139         706.130
         EE14_P         709.969         710.637         703.657         703.138         706.130
           EEsr      -40881.301      -40819.296      -40791.553      -40863.855      -40780.800
         EEsr_P        -102.982         -99.954        -103.033        -105.248        -102.302
         EEsr_W      -40392.478      -40322.035      -40304.523      -40382.064      -40297.226
        EEsr_PW        -385.841        -397.307        -383.997        -376.543        -381.272
           EElr       -3914.706       -3917.293       -3908.509       -3911.922       -3914.612
         EElr_P        -339.435        -342.916        -339.657        -344.741        -342.805
         EElr_W       -3482.528       -3485.887       -3483.999       -3484.951       -3486.876
        EElr_PW         -92.743         -88.490         -84.853         -82.230         -84.931
         Bonded         219.932         219.379         214.491         217.368         212.994
       Bonded_P         219.932         219.379         214.491         217.368         212.994
           Bond          51.779          51.961          51.932          51.705          52.987
         Bond_P          51.779          51.961          51.932          51.705          52.987
          Angle         125.699         127.958         123.325         125.885         120.428
        Angle_P         125.699         127.958         123.325         125.885         120.428
            Dih          34.621          30.598          31.290          32.132          31.832
          Dih_P          34.621          30.598          31.290          32.132          31.832
            Imp           7.834           8.862           7.944           7.645           7.746
          Imp_P           7.834           8.862           7.944           7.645           7.746
             PV           1.784           1.784           1.785           1.786           1.783
           PV_P           1.784           1.784           1.785           1.786           1.783
           PV_W           1.784           1.784           1.785           1.786           1.783
          PV_PW          -1.784          -1.784          -1.785          -1.786          -1.783
