             PE      -43290.694      -43289.161      -43289.974      -43292.237      -43288.739
           PE_P        -302.123        -301.003        -302.400        -300.546        -303.123
           PE_W      -42172.530      -42169.561      -42170.940      -42172.577      -42170.718
          PE_PW        -816.041        -818.597        -816.634        -819.114        -814.898
            PE2      -43290.695      -43289.161      -43289.974      -43292.237      -43288.739
          PE2_P        -302.123        -301.003        -302.400        -300.546        -303.123
          PE2_W      -42172.530      -42169.561      -42170.940      -42172.577      -42170.717
         PE2_PW        -816.042        -818.597        -816.634        -819.114        -814.899
      Nonbonded      -43598.456      -43596.777      -43597.479      -43600.295      -43595.505
    Nonbonded_P        -609.884        -608.618        -609.905        -608.604        -609.889
    Nonbonded_W      -42172.530      -42169.561      -42170.940      -42172.577      -42170.717
   Nonbonded_PW        -816.042        -818.598        -816.634        -819.114        -814.899
             LJ        6253.893        6254.632        6253.595        6251.904        6252.153
           LJ_P         -13.740         -13.605         -13.436         -13.649         -13.672
           LJ_W        6384.800        6384.857        6384.226        6382.348        6383.020
          LJ_PW        -117.167        -116.620        -117.195        -116.795        -117.195
           LJ14          46.562          46.553          46.668          46.489          46.666
         LJ14_P          46.562          46.553          46.668          46.489          46.666
           LJsr        6401.487        6402.218        6401.048        6399.569        6399.612
         LJsr_P         -60.034         -59.890         -59.836         -59.870         -60.070
         LJsr_W        6564.231        6564.273        6563.625        6561.778        6562.423
        LJsr_PW        -102.710        -102.165        -102.741        -102.339        -102.741
           LJlr        -194.156        -194.139        -194.120        -194.154        -194.125
         LJlr_P          -0.268          -0.268          -0.268          -0.268          -0.268
         LJlr_W        -179.431        -179.416        -179.399        -179.430        -179.403
        LJlr_PW         -14.457         -14.455         -14.453         -14.456         -14.454
             EE      -49852.349      -49851.409      -49851.074      -49852.199      -49847.658
           EE_P        -596.144        -595.013        -596.469        -594.955        -596.218
           EE_W      -48557.330      -48554.417      -48555.166      -48554.926      -48553.738
          EE_PW        -698.875        -701.979        -699.439        -702.318        -697.702
           EE14         -52.881         -52.497         -51.211         -52.845         -51.970
         EE14_P         -52.881         -52.497         -51.211         -52.845         -51.970
           EEsr      -45429.544      -45428.850      -45428.862      -45429.113      -45425.364
         EEsr_P        -151.272        -150.983        -151.943        -150.594        -151.619
         EEsr_W      -44702.086      -44699.698      -44699.921      -44699.724      -44698.193
        EEsr_PW        -576.186        -578.169        -576.998        -578.795        -575.552
           EElr       -4369.924       -4370.063       -4371.001       -4370.241       -4370.324
         EElr_P        -391.992        -391.534        -393.315        -391.516        -392.629
         EElr_W       -3855.244       -3854.720       -3855.246       -3855.201       -3855.545
        EElr_PW        -122.688        -123.809        -122.440        -123.524        -122.150
         Bonded         307.762         307.616         307.505         308.058         306.767
       Bonded_P         307.762         307.616         307.505         308.058         306.767
           Bond          61.287          61.493          61.294          61.219          61.180
         Bond_P          61.287          61.493          61.294          61.219          61.180
          Angle         135.582         135.151         135.625         136.237         135.285
        Angle_P         135.582         135.151         135.625         136.237         135.285
            Dih          99.332          99.368          99.069          99.010          98.741
          Dih_P          99.332          99.368          99.069          99.010          98.741
            Imp          11.561          11.605          11.518          11.593          11.561
          Imp_P          11.561          11.605          11.518          11.593          11.561
             PV           1.978           1.978           1.978           1.978           1.978
           PV_P           1.978           1.978           1.978           1.978           1.978
           PV_W           1.978           1.978           1.978           1.978           1.978
          PV_PW          -1.978          -1.978          -1.978          -1.978          -1.978
