             PE      -50590.200      -50603.047      -50580.133      -50602.172      -50596.954
           PE_P         401.224         401.791         402.626         399.600         402.750
           PE_W      -50350.236      -50360.796      -50339.498      -50359.310      -50355.884
          PE_PW        -641.188        -644.042        -643.261        -642.462        -643.820
            PE2      -50590.200      -50603.047      -50580.133      -50602.171      -50596.954
          PE2_P         401.224         401.791         402.626         399.600         402.750
          PE2_W      -50350.237      -50360.796      -50339.498      -50359.311      -50355.884
         PE2_PW        -641.187        -644.042        -643.261        -642.460        -643.820
      Nonbonded      -50817.104      -50829.415      -50806.376      -50826.585      -50823.903
    Nonbonded_P         174.320         175.422         176.383         175.186         175.801
    Nonbonded_W      -50350.237      -50360.796      -50339.498      -50359.311      -50355.884
   Nonbonded_PW        -641.187        -644.041        -643.261        -642.460        -643.820
             LJ        7460.943        7459.873        7452.641        7464.732        7466.786
           LJ_P         -13.678         -13.061         -12.787         -12.526         -13.069
           LJ_W        7618.132        7617.058        7609.594        7620.455        7621.748
          LJ_PW        -143.511        -144.124        -144.166        -143.197        -141.893
           LJ14          45.547          45.842          46.202          45.879          46.091
         LJ14_P          45.547          45.842          46.202          45.879          46.091
           LJsr        7643.587        7642.242        7634.636        7647.121        7648.911
         LJsr_P         -59.010         -58.688         -58.773         -58.190         -58.945
         LJsr_W        7832.018        7830.963        7823.485        7834.412        7835.657
        LJsr_PW        -129.421        -130.033        -130.076        -129.101        -127.801
           LJlr        -228.191        -228.212        -228.197        -228.267        -228.216
         LJlr_P          -0.215          -0.215          -0.215          -0.215          -0.215
         LJlr_W        -213.886        -213.905        -213.891        -213.957        -213.909
        LJlr_PW         -14.090         -14.092         -14.091         -14.095         -14.092
             EE      -58278.046      -58289.288      -58259.017      -58291.317      -58290.690
           EE_P         187.998         188.484         189.169         187.712         188.870
           EE_W      -57968.369      -57977.855      -57949.092      -57979.765      -57977.632
          EE_PW        -497.675        -499.917        -499.094        -499.264        -501.928
           EE14         564.159         564.029         564.710         564.254         565.231
         EE14_P         564.159         564.029         564.710         564.254         565.231
           EEsr      -53835.186      -53846.141      -53816.550      -53848.604      -53848.362
         EEsr_P         -95.221         -95.054         -95.388         -95.342         -95.299
         EEsr_W      -53364.239      -53373.598      -53345.614      -53375.312      -53373.688
        EEsr_PW        -375.726        -377.489        -375.548        -377.950        -379.375
           EElr       -5007.019       -5007.176       -5007.177       -5006.968       -5007.559
         EElr_P        -280.940        -280.491        -280.152        -281.199        -281.063
         EElr_W       -4604.130       -4604.257       -4603.478       -4604.453       -4603.944
        EElr_PW        -121.949        -122.428        -123.547        -121.316        -122.552
         Bonded         226.904         226.368         226.243         224.414         226.950
       Bonded_P         226.904         226.368         226.243         224.414         226.950
           Bond          57.528          57.599          56.785          56.888          57.494
         Bond_P          57.528          57.599          56.785          56.888          57.494
          Angle         125.946         126.319         125.875         125.159         126.354
        Angle_P         125.946         126.319         125.875         125.159         126.354
            Dih          34.482          33.757          34.776          33.695          34.186
          Dih_P          34.482          33.757          34.776          33.695          34.186
            Imp           8.948           8.694           8.807           8.672           8.915
          Imp_P           8.948           8.694           8.807           8.672           8.915
             PV           2.353           2.353           2.353           2.352           2.353
           PV_P           2.353           2.353           2.353           2.352           2.353
           PV_W           2.353           2.353           2.353           2.352           2.353
          PV_PW          -2.353          -2.353          -2.353          -2.352          -2.353
