II_0I_3
0.8266984423774452 -0.8545983971324967 0.30452587128358466 -0.5953442868560106 0.8640605566130488 -0.6587592610512495 0.31295813763542396 -0.19954106287540005 
-0.8126260482527028 1.3538853076670787 -0.6128662845957802 -0.7990859765043977 -0.4577052814727364 1.5625908139122018 0.46043230453090633 -0.694624835277896 
0.2883542301403175 0.25083463842653836 -0.01276652948251236 1.2651335062666555 -0.5148108366050992 0.0660034540179687 -0.2813361602216135 -1.061412302538023 
0.37962094260353946 -0.7053361485047477 -0.321292882073165 0.008825550364243555 0.17884927752376767 -0.7318571699286271 0.23724031385917785 0.9539501161498348 
-0.372240267438954 -0.9092106410798151 0.19202434297452559 -0.48701850737300123 0.66996443642693 0.3145959769614482 0.1919700825056779 0.3999145770235219 
0.1687281226645732 0.2879104971555919 0.1334753378328053 -0.19892368178462735 0.4134071466046407 -0.167072491880742 0.028464273657524266 -0.6659892042494381 
IIp_1I_4
0.5494614416360267 0.38515200454330556 0.5459581528296744 -0.6732169487783736 1.1561772939910853 -0.7435229037658472 -0.37093975033647986 -0.8490692901223548 
-0.2591917402084541 2.594313492941989 -1.0792717696756857 0.17298708410044808 -0.7455036911930762 -0.1869497218248574 -0.44421516893571705 -0.052168485198194156 
-0.1754337524408304 -0.851394218872808 -0.29321580945464315 0.07027989020062471 -0.12704689163212976 0.070780186684294 -0.3690559904835687 1.6750865859949327 
0.11566851230544478 0.009323137218003048 -0.7348410936612652 2.7319097623858832 -0.5624187365640366 -0.1134154241318664 -0.2692505336334738 -1.1769756239179407 
0.931149670248239 -0.6967078634368417 -0.41462498450304625 -0.031075945350406368 -0.1363258373713272 -0.5871923983537571 -0.09190518376851814 1.0266825425177515 
-0.10806845241820752 -0.6323522722216427 0.1178054169102274 0.5893958931948592 0.16315905730438954 0.03293635787390078 -0.12074532352913647 -0.04213067711699589 
IIp_2Ip_5
-0.030273105184226205 0.035455850570665234 -0.008452837924550526 -0.022185189256785035 -0.04168015644166316 0.04817157661644728 0.04765522706165768 -0.028691365441048052 
-0.026840078131410712 -0.059589195043378514 0.10933581479243865 -0.07503069461917514 0.00813410543190938 0.044804917185536385 0.04315304692364841 -0.04396791653964985 
-0.011885574866633651 0.22973003967409358 -0.047367485216104066 -0.012140474415302955 -0.05018391576934667 -0.03771416291377108 -0.030010715497906564 -0.04042771099419173 
-0.006897910235266703 -0.042095548524436185 -0.015587319115015682 0.07303951591297668 -0.024335962837289293 0.0018405616648051312 -0.010845715946332844 0.024882379080492185 
0.011379464552943256 -0.040644571443254715 0.06279454503009434 -0.0179380596647377 0.017263530000632236 -0.012303678206967057 -0.008859352500490197 -0.011691877768410706 
0.002168636774022174 -0.04062637740885205 0.010014298143856609 -0.039858448903507857 -0.021194710461652434 0.09586050952830477 -0.008336483694934877 0.0019725760225068997 
IIp_1II_4
0.18278261575287852 -0.6466180700891437 0.630953764609695 -0.8640665131278616 0.468435845753308 -0.02666030881100633 0.15323571693270463 0.10193694897647555 
-0.31742514358162294 2.2129373282877323 -0.8062431552794252 0.058557757895299496 -0.4232852361588699 -0.4269837809344861 0.0022597878344744055 -0.29981755805410815 
0.20652477482989107 -0.5993002681889232 -0.1489921341218248 -0.027561397168188565 -0.1577114811387146 0.08471090894858752 -0.1888997134349248 0.8312293102710279 
0.10415081261683765 -0.38045347502917143 -0.015712273996250675 0.05022396716347572 0.24169443227310713 0.03940765711934282 0.553297560379273 -0.5926086805245911 
0.4543352781240918 -0.7856787614196298 0.212080397602428 -0.2506584043347253 0.8966154476040804 -0.5617177815183848 0.14509589888608515 -0.11007207495264323 
-0.5490698338900348 0.4557304248033896 0.03584568249075433 -0.44751573226780367 -0.497882625159355 1.1139246454732308 0.31316548843034914 -0.4241980498728211 
IIp_2I_5
-0.09321580315977115 -0.6339372313047791 0.11811530470447446 0.5892188573761683 0.16151797204387744 0.031424822157230574 -0.11992490220866862 -0.05319901960788835 
0.5641712930144823 0.3844596147919372 0.5462015747857243 -0.673468883021574 1.1544063043879618 -0.7452067799747806 -0.3702583260681519 -0.8603047979176313 
-0.2441939288517787 2.5935314269278207 -1.078923986460989 0.17271769244647855 -0.7473699816785195 -0.18871741000364683 -0.44355562422896794 -0.06348818814263282 
-0.16071164963611528 -0.8520646987781826 -0.2928206372087742 0.06991943025468153 -0.12886236713942553 0.06904076077830024 -0.3683218496793433 1.66382101140266 
0.13057764850551273 0.008780526943883041 -0.7343564163006934 2.7318367875116416 -0.5640729966541659 -0.11504687250436302 -0.2696813581705664 -1.1880373193274256 
0.9464553580166261 -0.6984984103866262 -0.4141213312028471 -0.03102768069946698 -0.13793017221202822 -0.5886509203721758 -0.09201522115557659 1.0157883779987098 
II_1II_4
1.3872875782146992 -0.5887407943365955 1.3255393409988177 -0.6963045126198167 0.220187998544337 -0.950510755057719 1.1113106361918867 -1.8087694919386916 
0.4107302191586156 -2.049244429970829 1.2751531121997277 0.01744066814599774 1.9191087050866482 -1.5328036407654655 -0.06101616098595455 0.020631527120787894 
-0.8723333505990126 0.14344615634785812 -1.3588478457726336 -1.213164248753964 -0.7320189892047859 3.0348253197547783 1.742434715528376 -0.7443417572908834 
1.3873620731124616 -0.5887832290942685 1.325195468226337 -0.6960294091122354 0.22043490188424064 -0.9504277170504564 1.1112223216847628 -1.8089744096489488 
0.41006808734735695 -2.0496629376201994 1.2747005473376114 0.01667865400768383 1.9185574226425992 -1.5330288450387715 -0.05758397064759261 0.020271041952674904 
-0.872731336508846 0.14683026502983829 -1.3589549820482583 -1.2135114758949461 -0.732367335744024 3.0340721120289436 1.7420006147201115 -0.7453378615689582 
I_1IIp_4
0.12005929461441042 0.008308591251490286 -0.7341758910154819 2.731118243514996 -0.5643414390976976 -0.11433575073576921 -0.26950851595571834 -1.1771245325756763 
0.9323252428707186 -0.6962207316932089 -0.4147362648092493 -0.0316520432358496 -0.1360409177606651 -0.5873415984469712 -0.09237984589000488 1.0260461589598477 
-0.10847195398278367 -0.6326798882392042 0.11670896006194298 0.5890158583770928 0.1631927465995288 0.033611016433657936 -0.12044717943710091 -0.04092955981712062 
0.5542558360354577 0.3839075477760639 0.5447602586198297 -0.6725179615110581 1.1555923095651335 -0.7439933318568135 -0.37167621916434546 -0.850328439463866 
-0.26160358651230936 2.5925331573389987 -1.0818350387299132 0.16828240653365054 -0.7482056105160989 -0.18831907484962726 -0.42609428197487764 -0.054757971282728 
-0.17799353492147654 -0.8333867914137628 -0.2948927288306843 0.06801858461610333 -0.12890053798454484 0.06737397854982669 -0.37110979721516846 1.6708908271976237 
Ip_0Ip_3
-0.025637929771057853 -0.05658755800876705 -0.04160934634676764 -0.06500923509486536 0.06914710014607044 0.13927418258790286 -0.02519192430153925 0.005614710788818653 
-0.04330994439194079 0.27673060083649087 -0.05288657893315109 -0.07281767248010936 -0.06603398294873251 0.023318836903828896 -0.03528146759873463 -0.0297197913866963 
-0.02523705305500272 -0.05934932165257296 -0.020690644659674486 -0.005913744762296879 0.10347368424219455 -0.028211746150142603 0.07878651589628889 -0.0428576898585136 
-0.025676493329684517 -0.05656559092984643 -0.04143133471995221 -0.06515164713406149 0.06901928640635804 0.13923119654241567 -0.025146206785018107 0.005720789949266214 
-0.0429671805269851 0.2769472484840812 -0.052652300986446174 -0.07242320281892653 -0.06574860215605197 0.02343541775014317 -0.0370581996745359 -0.02953318006966527 
-0.02503102883642783 -0.06110116343525079 -0.02063518373254445 -0.005733996689227929 0.10365401179093302 -0.027821835278400257 0.07901123561019346 -0.04234203942899496 
II_1IIp_4
0.1013938076143769 -0.3797017466527859 -0.014514996430952595 0.04940896424682365 0.24163067009833505 0.039536948666502834 0.5538412266987075 -0.5915948742405416 
0.4566986390798211 -0.7840440329682133 0.21419957071058351 -0.2468761134597743 0.8989652944146146 -0.5606115684994952 0.12975060800328558 -0.10808239728449574 
-0.5470378963367469 0.44052278183540666 0.036936732154645845 -0.4457275274447913 -0.4963171927195477 1.1169780262616635 0.3149752081962203 -0.4203301319431557 
0.18048079787658178 -0.6461256313604392 0.6300498719578419 -0.8632005475558482 0.46988074022081716 -0.026023629066090886 0.15323975398270548 0.1016986439429244 
-0.31910761512201347 2.2120148440852123 -0.8068892950492245 0.0576839040095601 -0.42430389753376074 -0.42725363647058223 0.007886253618536404 -0.3000305575281942 
0.20612489396901762 -0.5938299484605647 -0.14855572062042677 -0.02789485880273371 -0.15827455503001112 0.0831619549028755 -0.18974248541047797 0.8290107194469404 
Ip_2I_5
-0.15242532368784956 -0.15206070358310184 -0.028209055244306048 0.4621078572422789 -0.053880687550364674 -0.03252786667930189 -0.04434210641491896 0.0013378859171738996 
-0.05453087230429064 0.8553595351510492 -0.24311263573590594 -0.11016956379779358 -0.03331149425426779 -0.1514009227224811 -0.15948528995187855 -0.10334875638323972 
-0.022743423071195527 -0.0947127172861922 0.1713918780731713 -0.15576214102772917 -0.14134819161164508 0.13655852476692376 0.0462374838558689 0.060378586301233196 
-0.12658085610079073 0.7717945410621295 -0.19354301223988693 -0.12024195312661873 -0.18300297651473404 -0.024138205420283623 -0.13255016573437822 0.00826262807644964 
-0.12233957774351348 0.16104358920558381 -0.0866332716843418 0.03453483637681876 0.05835764572791877 0.19589272195595944 -0.10582545936898269 -0.13503048446779511 
0.15929156438161 -0.08161237510289077 -0.09399230101747684 0.23894549331055967 -0.030034275661656853 -0.11499822937076017 -0.08627318050412165 0.008673303963207363 
IIp_0IIp_3
-0.0983811903731629 0.3913635257572413 -0.12160755784416788 -0.06650778942587605 0.07854095289248474 -0.07928873330157468 -0.05004115054749256 -0.05407805715617906 
0.03989311240736661 -0.11991464129547977 -0.07213656946733663 0.015603195782125857 -0.06104414804893645 -0.03974709214479346 -0.0366475677041104 0.27399371046999677 
-0.0564211040625948 -0.1252084099947446 0.2783978814011944 -0.17634760850321618 0.009896875224802709 0.00860617278622213 0.12089936085060927 -0.059823167702452315 
-0.09844384324165004 0.391399214904282 -0.12131834856295916 -0.06673916129853409 0.07833329836781255 -0.079358571230208 -0.04996687489289166 -0.05390571404409041 
0.040449988903107165 -0.11956266141918838 -0.07175594625901442 0.016244076881510965 -0.060580499829213215 -0.03955768731022844 -0.039534162335800045 0.27429689136768837 
-0.05608638370070062 -0.12805456623518208 0.27848798683508974 -0.17605557807841957 0.01018984710350674 0.009239647379594018 0.12126445513167142 -0.05898540843532741 
Ip_0I_3
-0.0236817457783049 -0.09436472316016752 0.1709674732532536 -0.15576793544241824 -0.1410312273353777 0.1368554290645001 0.04634024216546477 0.06068248723337458 
-0.12539694485735794 0.7713748145380244 -0.1938173363526714 -0.11992322972045658 -0.1832136520082578 -0.024241272498094414 -0.13283261810089994 0.008050239001958275 
-0.12288648915870219 0.1604639787863827 -0.08712869882191507 0.03333406346787174 0.05763850644537061 0.1954335140335584 -0.10094398882294317 -0.1359108859279508 
0.1577324917479323 -0.07650515007061136 -0.09426418337541405 0.23821358575955034 -0.03042021907809621 -0.11582523121832869 -0.08669857375204666 0.007767279985413212 
-0.15076382680484662 -0.15205365648782604 -0.027606087595863367 0.4627119739963652 -0.05395170049499999 -0.032549009216206314 -0.04751572239692472 0.0017280290017185971 
-0.053804349409029055 0.8523917195189068 -0.24288248912105156 -0.11000211312920338 -0.03295546791032121 -0.1508843752831183 -0.15901161310604014 -0.10285131155837995 
II_2II_5
-0.8550892757593148 0.14224962307651307 -1.3581664431758078 -1.2136529494815569 -0.7345424266713595 3.0326140259166343 1.7430395611001774 -0.7564521149993397 
1.4024581723475869 -0.5891719218805924 1.3256212681213575 -0.6967618102345732 0.2186563619670141 -0.9522256942362773 1.1122355923436553 -1.8208119684294666 
0.4261272872371352 -2.049900826269307 1.2751206121866845 0.01709156249388986 1.9171070315620056 -1.5344459731463385 -0.060318594022569734 0.00921889994726187 
-0.8549754838408822 0.14218480343424372 -1.358691713283617 -1.2132327253175306 -0.7341652786281242 3.032740867545294 1.7429046595473423 -0.7567651294527629 
1.4014467574452154 -0.5898111977253583 1.3249299694437282 -0.6979257966831118 0.21781427090645855 -0.9525696966744768 1.1174783074688845 -1.8213626141838062 
0.4255193586121815 -2.04473155649865 1.2749569601389912 0.016561168544729752 1.9165749277175272 -1.5355965076886444 -0.06098168862188587 0.007697337780504517 
I_1I_4
-0.3134304928785339 0.47071601519499995 -0.5045305766713658 2.5125638858351316 -0.49432307561646394 -0.23801749505148123 -0.7935455089990563 -0.6394327518102352 
0.08516035314487436 -0.5424961838431204 -0.1518312018176976 -0.11954763911563043 -0.12235681824268205 -0.34996643188014215 0.07865256097842253 1.1223853607728396 
-0.4169704802735321 -0.7257162737154467 -0.08760420895411129 -0.2478156765767728 0.15313325432429822 -0.07901605919786665 -0.1715823688959127 1.5755718132872907 
-0.3134536207482204 0.47072918959545434 -0.504423817078993 2.5124784765200805 -0.4943997298376864 -0.23804327523608015 -0.7935180906580697 -0.6393691325502928 
0.0853659202244751 -0.5423662529236122 -0.15169069741165245 -0.11931106232163183 -0.12218566573189532 -0.3498965144050537 0.07758699467296348 1.1224972778892515 
-0.4168469205830314 -0.7267669124698741 -0.08757094716069114 -0.2477078755792425 0.1532414028529808 -0.07878221646345406 -0.17144759688468567 1.5758810662863094 
I_2Ip_5
-0.12558661573607824 0.7716457783204709 -0.1939789094817348 -0.11991391238574255 -0.18284409006734204 -0.02414801464071615 -0.13266003419359768 0.007485798188692783 
-0.12256899819779739 0.1604505388153363 -0.08726706489190751 0.03341227675322875 0.05751733339145328 0.19549237019432933 -0.10098171347867349 -0.1360547425851631 
0.15934410350392786 -0.07688819448714279 -0.09419538392370991 0.2384192906116243 -0.030602746838401085 -0.11609609348975394 -0.08683889349299362 0.006857918114968157 
-0.15161808018262557 -0.15210294672658356 -0.027781764120023273 0.4617453340147461 -0.054341577098116406 -0.03274611764614078 -0.04423028807146687 0.0010754398302059759 
-0.05309821154612528 0.8558170213592284 -0.24261040203545275 -0.10937931790196495 -0.03276797911534497 -0.151235967419532 -0.16325701758467073 -0.10346812575431523 
-0.021691860953651568 -0.09848331576552151 0.17145772831427417 -0.1554167352352749 -0.1410422443869662 0.13735136034171622 0.046761449368027466 0.061063618317322564 
II_0II_3
0.419752743414408 -2.0514674133783504 1.2764007386656 0.016097338918821036 1.9151955151354731 -1.5346399588549016 -0.061694788167843524 0.020355824253550057 
-0.8701383379366449 0.14411504617850132 -1.359102312153732 -1.21469693272125 -0.7317177224578316 3.034290766442836 1.743314828234897 -0.7460653355838527 
1.3853191751072755 -0.5873324791109759 1.3230684718646055 -0.69714581292154 0.22044465373733532 -0.949334777184311 1.1117503332717926 -1.8067695647672453 
0.42051417441725236 -2.051901149671403 1.2728859289210412 0.01890924076976237 1.9177191760091883 -1.5337912065900172 -0.0625974728717259 0.018261309004485166 
-0.8769061530140321 0.13983737468106155 -1.3637280909530731 -1.2224856700813795 -0.7373525183882141 3.0319888971694935 1.7783961053669517 -0.7497499447672502 
1.3812512614317498 -0.5527426566499878 1.3219734051504228 -0.7006949085068489 0.2168841165020312 -0.9570335020147375 1.1073132801735899 -1.8169509960971655 
I_2IIp_5
-0.16095644022036373 -0.8530758961630194 -0.2923211869683126 0.06925012396240592 -0.13037367379497247 0.0686213565743289 -0.36896677547595896 1.6678224920824083 
0.12585368048922646 0.00938515119544791 -0.7348929370207347 2.730749129038321 -0.5633711021171512 -0.1147126658084925 -0.26826728615898554 -1.184743969609951 
0.93994545667274 -0.6963908063072836 -0.4156526407447898 -0.03159761431898249 -0.13740601279604978 -0.5876429527550044 -0.09219831109060111 1.020942881331987 
-0.09305798528918513 -0.6351777677875728 0.11675629092504153 0.5900363508807727 0.16134105708234805 0.03145419773325514 -0.12104712469179103 -0.05030501885255113 
0.5558688266637062 0.3828024100546707 0.543219162512306 -0.6786748549166671 1.1521287871616106 -0.7460896921383822 -0.35029494526409877 -0.8589596940786602 
-0.2528547492350531 2.6139284819741824 -1.081034315134692 0.1702711660878093 -0.7487284648013643 -0.19178016146711988 -0.44608481655186 -0.06371714086165474 
I_2I_5
-0.41613570041841874 -0.7250203278984279 -0.08808971078511113 -0.2473333954250728 0.15415110310612118 -0.07875478591290498 -0.1711118001133919 1.5722946174457293 
-0.3093426199976131 0.4701021879376257 -0.5042138822193987 2.513082721536716 -0.4951393752724688 -0.23843744586972504 -0.79372511371321 -0.6423264723955989 
0.09033204176662658 -0.5431908003110218 -0.15079569161123368 -0.11929679117587959 -0.12287631817020624 -0.3509316571307672 0.07873932124462156 1.1180198953827631 
-0.41644944143133494 -0.7248416106367033 -0.0866414640431609 -0.2484920150918002 0.15311125062354666 -0.07910450689129121 -0.17073985674342526 1.5731576442112598 
-0.30655400074052924 0.47186476522118365 -0.5023078703540288 2.5162920029283904 -0.4928176066865686 -0.2374889806838101 -0.8081800484047689 -0.6408082612731002 
0.09200819016584509 -0.5574432353865889 -0.15034447890959898 -0.11783441725194137 -0.12140922981404187 -0.3477594646187232 0.08056757032783479 1.1222150654841028 
I_0II_3
0.38892688930972574 -0.7075714461696928 -0.321080526843161 0.008120832611688554 0.17571672417003778 -0.7334751079440863 0.23641052554132627 0.9529521093184915 
-0.37204849423195213 -0.9096171552078978 0.1902689387044437 -0.49077584363102517 0.6686932371417964 0.31352896862910085 0.20256358927745693 0.3973867593156537 
0.16655411770811204 0.2986451281315868 0.13085296664083007 -0.20087814900685746 0.41230209637049825 -0.16822079703080087 0.027615449213834867 -0.6668708120246056 
0.8363343760752645 -0.8570216663065684 0.30321498738866776 -0.594830389882578 0.8620217008586997 -0.6600093690131651 0.31173714616327525 -0.20144678528943932 
-0.815367293178177 1.3516249473682787 -0.6166263968756014 -0.8062187755440923 -0.461418473993055 1.5605262274490175 0.4862292441368097 -0.6987494793500586 
0.2844172833129581 0.2765597168861979 -0.015863477845004144 1.2616409412109257 -0.5174589432253188 0.06151869548210913 -0.28410790322113594 -1.0667063125981286 
IIp_2II_5
-0.5449012302393567 0.4400968569119017 0.037444428675511364 -0.4457066186681919 -0.4967507430476511 1.116522134971838 0.3149236736186715 -0.4216285022143825 
0.18021824579078624 -0.6456935193624946 0.6304211673051829 -0.8635737000791501 0.46997605179479046 -0.026030071363771244 0.15361775775389666 0.10106406815829636 
-0.31716042610966944 2.2126312421987877 -0.8061944095288539 0.059154516818589534 -0.42357393643075897 -0.4268639966427906 0.0019520086183095883 -0.2999449989156561 
0.20900070099868742 -0.6000751199925672 -0.14813583868439284 -0.02706350378113487 -0.15791796812636957 0.08405925914378366 -0.18912143370733359 0.8292539041452309 
0.10073683331609659 -0.379671985880175 -0.01508825893246776 0.04890565857536336 0.24171367963959875 0.03949500647404715 0.5567729409495709 -0.5928638741402323 
0.45720015353955734 -0.7814763454187452 0.2140362790374744 -0.24698194397519618 0.8984782177747559 -0.5612005175992077 0.12934228589348856 -0.10939812926081104 
I_0Ip_3
0.15744544195831175 -0.07646043879963485 -0.09461204480536985 0.23851260611133232 -0.03005496713215831 -0.11568051854297857 -0.0867536430471784 0.007603564256871982 
-0.15142522495914487 -0.15245124985201777 -0.02798504570718038 0.46210496197735107 -0.05444692283522312 -0.03273008737524462 -0.04453637905211076 0.0014699478039969648 
-0.054113179924336195 0.8553181052653296 -0.24288668152447326 -0.110269318396843 -0.03325669556005335 -0.15158379521926815 -0.15940746683474927 -0.10380096780297239 
-0.0241287357728224 -0.09422890465668848 0.17135790510003338 -0.1560595610667138 -0.14119607573401055 0.13682185951778264 0.04647478371585528 0.06095872889615254 
-0.12463674903206268 0.7718757551879787 -0.1932246397692648 -0.11889420085881128 -0.18252527345517433 -0.023938838110580157 -0.1372221717752069 0.008566117815504792 
-0.12234084573807097 0.15612469861390849 -0.08690287012874243 0.03381235329072476 0.05808517722909535 0.19635122765366864 -0.1004078300933455 -0.13472191082543533 
IIp_1IIp_4
-0.057310009023950656 -0.12495387916190016 0.2781186250845782 -0.17632152921253164 0.010175071517596914 0.008836575199747957 0.12096376460757963 -0.059508619010642264 
-0.09793107334896264 0.39114066932031766 -0.1214782208100638 -0.0665153054853441 0.07822180865137819 -0.0793939979034098 -0.05016051430227398 -0.05388336612054521 
0.039973690400153236 -0.11992465296231257 -0.07201700970157968 0.015541054010524281 -0.06099138250914305 -0.03983231809044276 -0.03660606321088634 0.2738566820626184 
-0.05736251548887275 -0.12492396974216703 0.2783609979770487 -0.17651543125402516 0.010001045886053408 0.0087780472689741 0.12102601159065421 -0.05936418623728031 
-0.09746438097134623 0.39143564733898034 -0.1211592381425634 -0.06597821274337497 0.07861037073238136 -0.07923526649119247 -0.052579635457412705 -0.05362928426381243 
0.040254204019714135 -0.12230988457636564 -0.07194149651425955 0.015785791172659012 -0.06074585635812809 -0.0393014323979756 -0.036300094617627995 0.27455876927071754 
II_0Ip_3
0.016897247167926642 -0.08206263006415493 0.05319170122320855 -0.03843045899367438 0.06789058243480345 -0.027765556323050198 -0.02309814696406357 0.033377261518498104 
-0.048261570976897324 0.015824099040057604 -0.012008712041273609 -0.06441700666298283 -0.03055409615794542 0.10278868677849534 0.061758809171218336 -0.02513020915047336 
0.02165219682929548 0.07553843737954365 -0.0018668449373903011 -0.03182905185362937 -0.00698958434891887 -0.051008663610710506 0.0520935501448578 -0.057590039602678826 
-0.019017359040746258 -0.05929899150584601 -0.006132600876348838 -0.06007172570547522 -0.012435463292541086 0.15928693772855085 -0.012838724060986998 0.010507926752964459 
-0.03785296532805894 0.13774834490315616 -0.05856417430018228 -0.06252923266343698 -0.038580043340418306 0.08804847284152528 -0.0083970754023935 -0.019873326709090377 
0.0009328706250543269 0.02285238850152986 -0.018182451614103947 0.08899350070008058 -0.028286255166483455 -0.029995536889645284 0.027550392097726032 -0.06386490825374067 
I_1Ip_4
-0.11986514327694235 0.15984293358957144 -0.08692601117014415 0.03274216545807251 0.056317263249414565 0.19488481014278816 -0.10110982125714224 -0.13588619673480237 
0.15929611533229404 -0.0764616074402586 -0.0946265957166731 0.2377763780259204 -0.030439620792281033 -0.11606136058976407 -0.08651720378224116 0.007033894962430175 
-0.15152522978224614 -0.15194938492378654 -0.028839188090765307 0.46156928615342013 -0.05445266625295136 -0.03244967749211487 -0.04429359082910181 0.0019404512177443253 
-0.05087566080442988 0.8545965089498995 -0.24395967854999645 -0.10995032633786771 -0.033731252566414134 -0.1518082579736853 -0.15986323996177484 -0.10440809275285187 
-0.024466789462419914 -0.09572705850287735 0.16934648700639252 -0.1590744250458972 -0.14316847378971648 0.13576979406044243 0.05843445757103707 0.05888600816371808 
-0.1269491986454485 0.7835161296497001 -0.1950224023151942 -0.12159401232153179 -0.18443165201491074 -0.02654144973407957 -0.13412179571735472 0.005144381101056676 
other
-1.3354889086834472 0.8531056504974669 2.202214875862626 -0.5347239137827255 -1.9414639366159143 0.6337496579848695 -1.8704715788567319 1.9930781535916995 
-1.3121403399459584 0.8435120876194371 2.2077275884630962 -0.5343095841991821 -1.955120690720795 0.6290329349666965 -1.8754000708518752 1.996698074668205 
-1.3018131816132341 0.8421633816270705 2.213841686761701 -0.5364069847897043 -1.9537706945056874 0.6243555104334655 -1.8736483238433925 1.9852786059260854 
-1.3379801535932145 0.8545247460290598 2.213714607102224 -0.5439238756299127 -1.9497208335432548 0.630972715948458 -1.867518181021167 1.9999309747097038 
-1.2899974474035862 0.8575077448928938 2.2228621809008735 -0.5088264448952806 -1.9366848027179364 0.6365641756120762 -1.9901787609705992 2.0087533545913274 
-1.2885038085995313 0.728992629637966 2.217424518780964 -0.524795077366625 -1.9421213523679473 0.6495441473314495 -1.8591312029119187 2.0185901455023867 
Ip_0IIp_3
0.0016616938269152933 -0.0396544106501795 0.009892673767659711 -0.039930858452443665 -0.021169002121910602 0.09575534366684822 -0.008429994751828549 0.0018745547145597532 
-0.030226461631041788 0.03538691148489716 -0.008411810398441879 -0.022177185410937335 -0.04177005114463379 0.04815083261095024 0.047609854551610195 -0.0285620900623371 
-0.02689109050395069 -0.05959458811642523 0.10938352724070366 -0.0750428771762284 0.008161128449957077 0.04478293485331703 0.04316009992361188 -0.0439591346708234 
-0.012309376789223305 0.2298351336115552 -0.0473682545162968 -0.012197199632620538 -0.05013460195240864 -0.03764630056438178 -0.029967657674508028 -0.04021174248175216 
-0.0066527669688761434 -0.04206225888836484 -0.015513086525363935 0.07332511488506756 -0.02421260313364118 0.0019023077908989874 -0.011842717287110349 0.02505601012746242 
0.011264283835476136 -0.04167428564644703 0.06275378266763562 -0.018054069981156586 0.017241724170135555 -0.012180304634558428 -0.007844002553808333 -0.011507127857566695 
Ip_1Ip_4
-0.024304347735348196 -0.059518115251111614 -0.02068149646258278 -0.006124491723474573 0.10305201012208348 -0.028362438049217592 0.07874289816803937 -0.042804019067983944 
-0.02494704374642644 -0.05661218506413978 -0.04160039276500296 -0.06525957701791223 0.06898126909178323 0.13913223058474208 -0.025123637720446117 0.005429336636981435 
-0.043318010801706414 0.2768985587212294 -0.053162788753451706 -0.07300587819606233 -0.06603253472217784 0.02340277150141959 -0.0351941425602239 -0.02958797518786671 
-0.02422292574394731 -0.059564495911413745 -0.02105734510493403 -0.005823807029251387 0.10332187238555114 -0.02827167854592592 0.0786463715151047 -0.04302799156433927 
-0.025670745537914142 -0.05706960869211895 -0.04209504050078097 -0.06609244894429436 0.06837872427297591 0.1388860851304083 -0.021372296583595626 0.00503533085570808 
-0.04375300442670059 0.28059734720690555 -0.05327988736402664 -0.07338539312120686 -0.06641327313562717 0.022579524871997186 -0.03566860931774858 -0.03067670471254732 
IIp_1Ip_4
-0.027107650078007556 -0.05951905730301978 0.10929672522552956 -0.07503836624935252 0.008237161674584888 0.04484755723175204 0.04318223508112557 -0.04389860558253706 
-0.012087628725519712 0.22975079141096136 -0.04741963476091075 -0.012129282454217438 -0.05017654108155822 -0.03766464724497029 -0.030025871831148573 -0.040247185311981876 
-0.006754829812169976 -0.04217915187679519 -0.015600336804958105 0.07309596334026017 -0.024351597883711384 0.0018095368295812761 -0.010897521257100995 0.024877937464885074 
0.0109244916444196 -0.04067420489937953 0.06270973719256501 -0.018200912345061406 0.017171984943258164 -0.01233681577603931 -0.007920903391142 -0.011673377368833416 
0.0020014329096342113 -0.03963995235765831 0.010028765023157813 -0.039778392734228146 -0.021162729550932416 0.09576151499716481 -0.009180410545481204 0.001969772258346133 
-0.03006632362457988 0.03467719471921431 -0.008354249342682004 -0.02212769963482137 -0.041687196305668694 0.04827614965201946 0.04771691561354246 -0.028434791076499925 
II_1Ip_4
0.00026405964264194793 0.024891104876769127 -0.018420819867841894 0.08880991488995336 -0.02832286119499246 -0.03028132106661701 0.027354505406607884 -0.06429458268625084 
0.017311305381718045 -0.0822126260195582 0.05327748915119625 -0.03844350601690019 0.06766690186214923 -0.02784938675157116 -0.023168918280387227 0.033418740672937056 
-0.04810279056117563 0.015816325060359425 -0.011935788161187318 -0.06446399826119636 -0.030533145551163533 0.1027230061468156 0.06179263059541561 -0.025296239267266745 
0.021172695337074422 0.07571253241372565 -0.0018972858269798638 -0.0319380953999544 -0.006938862199587724 -0.050911177007510994 0.052177289033636706 -0.05737709634975288 
-0.01827626614898908 -0.05929209074265142 -0.006042947572641466 -0.0596030385950811 -0.012283991523646516 0.1593464431621701 -0.01443897959762977 0.01059087101848438 
-0.03789093999243541 0.13604810487352462 -0.058696849105817635 -0.06285044692358885 -0.03871558110304112 0.08818235590890819 -0.006266344272247092 -0.01981029938456474 
I_2II_5
-0.8136275897721665 1.354635001708943 -0.6133066724481272 -0.7991533828628402 -0.4566944099400912 1.5628698199129991 0.4608852042268089 -0.6956079708116076 
0.2883953291417856 0.25091158229557015 -0.01327103905169184 1.2652771246495909 -0.5150336788938127 0.06629056973771166 -0.28143523494215417 -1.061134652935164 
0.3835618395401668 -0.7064132772649125 -0.32128535305542966 0.009431738136728922 0.17839525465238967 -0.7325121622218216 0.2367673914884517 0.9520545687188053 
-0.3753152723054405 -0.90952603966194 0.19124925693493255 -0.4899914105828316 0.668742031541787 0.31401154196479336 0.2023542200922241 0.3984756720139869 
0.16946126096814684 0.29868832839073894 0.13390930764172504 -0.19767085630199355 0.4137125285502337 -0.1682941768812175 0.017728722546885272 -0.6675351149111978 
0.8315203108010228 -0.8648349022094017 0.3057979197933767 -0.5945626258495422 0.8638646854832978 -0.6575833867618482 0.3139248245156073 -0.19812682578396837 
I_1II_4
0.29618287293664886 0.24927633643566532 -0.01235993825946992 1.2635376190045275 -0.5182649584079061 0.0646232050491269 -0.2817490330494303 -1.0612461037077483 
0.38422023764813185 -0.705356601144064 -0.32235886783115 0.007752720345777475 0.17872790540974792 -0.7325268847837817 0.2376360713382558 0.9519054190131803 
-0.3744701747450169 -0.909120008506608 0.18854104257701118 -0.490489751433999 0.6683793802653408 0.3147128108578517 0.20224893108419972 0.4001977699005169 
0.17610356910846145 0.2955237057735125 0.1304852527751685 -0.19902436018583988 0.4111913233136561 -0.1698318567130788 0.026031263127353012 -0.6704788971956888 
0.8251294545882043 -0.8582648649983888 0.3003583774349053 -0.6040504777747759 0.8582816352027249 -0.6616898217667311 0.3444866858662816 -0.20425098856400384 
-0.816567906258438 1.385608219382215 -0.6160360252594438 -0.8035304665134341 -0.4608685521761269 1.556565898588827 0.4571159533675831 -0.7022871211171239 
II_2I_5
-0.3631037114947143 -0.9103602565014224 0.19059902912056606 -0.4896181638878439 0.6677043486373717 0.31277621074277623 0.202584809105074 0.389417734274506 
0.17906620121169112 0.29706403389091207 0.13282250098298545 -0.20015178198279274 0.41082945864679604 -0.1702561613806067 0.027736341470919742 -0.677110592839742 
0.8415899898453971 -0.8559985899277124 0.30550461144167057 -0.5958535000595018 0.8615041339924537 -0.6608755936853051 0.31328711203390397 -0.20915816364759143 
-0.8017619458770555 1.3539978305888798 -0.6123601276883677 -0.8000575787858025 -0.4588785880368909 1.5612489018624676 0.4615258814893627 -0.7037143735469928 
0.30107487720109444 0.2512306272740843 -0.012256361628766397 1.2663346101823612 -0.5153568698095848 0.06537432085353442 -0.28736498540213246 -1.0690362186679436 
0.3954795654098128 -0.7132910672804121 -0.32108117431119687 0.009753212504339442 0.17765224966282772 -0.732306850485623 0.2381454252949516 0.9456486391982225 
IIp_0I_3
-0.25524687684708663 2.593422534466978 -1.0787754518703336 0.1724234524573729 -0.7470989608962785 -0.1877245465419731 -0.4444586462985656 -0.05254150445973477 
-0.1742495895949247 -0.8511278181154929 -0.2933420603521083 0.06964912288419016 -0.12696860520828793 0.07054244362804385 -0.36868544832033684 1.674181955076163 
0.11530750352520833 0.00985210585278992 -0.7357127942008584 2.731474561996382 -0.5624726000691456 -0.11303100529592897 -0.2690445059992009 -1.1763732658060622 
0.9355740406063376 -0.6976602520138256 -0.4154084299297033 -0.03031665556399547 -0.13676908214024258 -0.5875691870816325 -0.093421490606349 1.0255710567211032 
-0.1094744618951946 -0.6346903875650358 0.1158649194769633 0.5857547470013075 0.1610853198003655 0.031982040338873564 -0.10628408747309054 -0.04423808968299445 
0.547499735681384 0.39944909256365424 0.5445587179067547 -0.6749927892880419 1.154770728955147 -0.7461833008053886 -0.3725247924947327 -0.8525773925234443 
I_0I_3
0.08484019111329465 -0.5423827364899808 -0.1518960343895138 -0.11953439167046598 -0.1221859597281423 -0.3499014270592007 0.07870511409372373 1.1223552441266027 
-0.4170883819519449 -0.7257128041202078 -0.08765541177987894 -0.247777667069372 0.15311719900246387 -0.07896785784851414 -0.17160900953776462 1.5756939333023388 
-0.31310389471521244 0.4706006790763344 -0.504395770187357 2.5125594889083165 -0.49443614480279735 -0.23811623106445967 -0.7935792736798889 -0.6395288535297482 
0.08480838080186874 -0.542364616283459 -0.15174919614176116 -0.11965186452623906 -0.12229139073727449 -0.3499368853920018 0.0787428255634336 1.1224427467147848 
-0.4168056428628116 -0.7255340957882236 -0.08746216056511623 -0.2474522768982206 0.15335260393758493 -0.07887169262890882 -0.17307460045805284 1.5758478652631653 
-0.31293394943821773 0.46915561966348723 -0.5043500215722634 2.5127077595159535 -0.4942873961972168 -0.2377946013478402 -0.7933939068609637 -0.6391035037549753 
Ip_2II_5
-0.04837413062821349 0.01591954312502405 -0.012064543048485227 -0.06446883575484873 -0.03044304411186473 0.10281097298186215 0.06182320050724848 -0.025203163070313808 
0.021542893071869275 0.07558438422113484 -0.001983064900369777 -0.03184287776733394 -0.0070033979406713305 -0.05094392299950885 0.052091840017618365 -0.05744585370246511 
-0.01844748251918528 -0.05946882505266964 -0.0062008602201022636 -0.05997621358003899 -0.012506535193890106 0.15920650846839265 -0.01292929151571321 0.010322699613012964 
-0.03835261675723711 0.1376215716238498 -0.05878558298885052 -0.06307403323438207 -0.038837639762914176 0.0879246322248143 -0.006400861458726968 -0.02009546964622877 
0.0007681642569910558 0.024886205098527715 -0.01824479635443066 0.08897756112740149 -0.028355648736646602 -0.03029340971556599 0.026446484883389444 -0.06418456055909934 
0.01752547430979309 -0.08305745842846052 0.053341638988563686 -0.038400943594738786 0.06776948513190173 -0.027703312259270942 -0.02303072012031138 0.03355583597188104 
I_0IIp_3
0.9263881840648948 -0.6954028077291777 -0.41517508904748185 -0.029975988142016113 -0.1340044454629083 -0.5860894851934765 -0.09248383600211957 1.026743467500215 
-0.10871257415174544 -0.6337566180899438 0.11818137212857613 0.5904416501991548 0.16303586712091228 0.03331318356587376 -0.1211479010118721 -0.04135497976363524 
0.5502593546160495 0.38449800849285265 0.5472881618287683 -0.6726189851014549 1.1562967102076671 -0.7440941979885656 -0.3711245396221598 -0.850504512433611 
-0.26456745156892364 2.5957567186845405 -1.0779202440413784 0.17226661675795468 -0.7447808295482908 -0.18639501237786882 -0.4433612818319891 -0.05099851606835248 
-0.17229028839074248 -0.849437210373698 -0.2902071796349902 0.07571406889941426 -0.1240211068158262 0.07228085112318255 -0.38975610896735624 1.6777169741544429 
0.11878684877224825 -0.011218873418294884 -0.7327896027242223 2.7344762992419005 -0.5603166614137202 -0.10957978536567872 -0.26685921585223066 -1.1724990092337735 
IIp_0Ip_3
-0.011745242702091374 0.22969779957015443 -0.047390953763764676 -0.01221084590833119 -0.05029574824929221 -0.03773429738590196 -0.030025871250716984 -0.040294840309245315 
-0.006705868506053607 -0.042129639103216786 -0.01566386799645765 0.07302342187078066 -0.024345287230314705 0.001815328772130208 -0.010860112915677263 0.024866025108671162 
0.011097811909681959 -0.04068858644110792 0.06258703403625297 -0.018205985788077455 0.017139788458055066 -0.012326433797024104 -0.007938921183743664 -0.011664707194385712 
0.0022301037593366723 -0.0397941803546322 0.009850236969579712 -0.03992871438422697 -0.02131597670326283 0.09567211304655403 -0.008493277389092876 0.0017796950553235534 
-0.030317568096387467 0.035295509839806345 -0.008588568109840284 -0.022522616382099216 -0.04193437765647695 0.048050927356024155 0.048789459196572973 -0.028772766146922635 
-0.02708040595686196 -0.058414648420406445 0.10921062921970807 -0.07521472306714233 0.00803919840285363 0.04459357320276189 0.04304026484980335 -0.04417388823044741 
II_2IIp_5
0.21518125148714334 -0.6005152539581379 -0.14765126723003552 -0.027554620975856543 -0.15916543806520322 0.08318599726139747 -0.1888662394672865 0.8253855709426429 
0.10677132390181547 -0.37951723111406543 -0.014689576070849085 0.04921893815530913 0.2415201767435285 0.039011424683112465 0.5544072009105072 -0.5967222572072993 
0.4627051305751828 -0.7842762341976094 0.21397249459706102 -0.24693026692314937 0.898082784753929 -0.5611224616774287 0.12996882601531637 -0.11240027314669324 
-0.5385257483990827 0.43954568359795276 0.03702918568319177 -0.44547787046774345 -0.4973521391801006 1.1158661592595225 0.314947774628256 -0.4260330451174662 
0.18452013113753485 -0.6466338766765681 0.6296356203243867 -0.8652543885672623 0.4683400040244669 -0.027102946851114456 0.1602330557371298 0.09626240086988211 
-0.3126968617700023 2.218686575809428 -0.8065385382612871 0.05829760202317276 -0.42488089043681293 -0.42875686498840526 0.0014426339204887512 -0.30555365628613373 
II_0IIp_3
0.45516496564895725 -0.7839001590445992 0.2141266468112238 -0.24641074782134537 0.8994154051413752 -0.5602972745188087 0.1296726986235532 -0.10777153484794749 
-0.5471279140728211 0.44022146340555957 0.03739258647395697 -0.44535314133815895 -0.49633365457704254 1.1168682084748203 0.3147935705415701 -0.4204611189067372 
0.17894676963286033 -0.6458478738665938 0.6307390120828097 -0.8632927151351073 0.4701242699244805 -0.02597858427728168 0.15344021727252413 0.10186890436318581 
-0.31960694427224384 2.2129298940935938 -0.8057374729325341 0.05909128016528686 -0.4232350788826208 -0.426663217138874 0.0020561591004721056 -0.2988346201271052 
0.20758371217151853 -0.5993681915630495 -0.14732314711908498 -0.025927421167568014 -0.15697243061722913 0.08463525560057011 -0.1936833319749796 0.8310555546629479 
0.10050911017528966 -0.383934870210873 -0.014273263650678018 0.050242536555928224 0.24275319401387113 0.04071181135851722 0.5544600312153641 -0.590468549457506 
II_2Ip_5
-0.037658123717803305 0.13751810564106104 -0.05882327514004138 -0.06306627505307609 -0.03895663939289853 0.08783829320747158 -0.00642770408774585 -0.020424381456235593 
0.0010251113779791694 0.024792317435340928 -0.018369438281925412 0.08872076316408144 -0.028526921965783263 -0.030405969524664903 0.027355818566087525 -0.06459168077071485 
0.01773683240818018 -0.08218319037100562 0.05323741140291454 -0.038531017250591305 0.0676344821803724 -0.02789762613457993 -0.02310987367326885 0.03311298143747061 
-0.047690022322111406 0.015821992629843032 -0.012054298667681852 -0.06449942753648566 -0.030596462546678242 0.10271305830513977 0.06180866909196857 -0.025503508953726235 
0.02189214265250565 0.07554883733653017 -0.002044618407717127 -0.03199344948073177 -0.007097821327118206 -0.05102508889587092 0.052522719704806146 -0.057802721582013356 
-0.018180644412331592 -0.05906630831428301 -0.0062901528008631555 -0.06005788309833179 -0.012592977961569513 0.1591171932122228 -0.012947930573260217 0.010018703948610668 
IIp_2IIp_5
0.041561498648745025 -0.12014081391404184 -0.07201678731040502 0.015268808929030509 -0.061558314031514155 -0.04006076022541553 -0.03663342895752461 0.2735797968601741 
-0.05593002068452389 -0.12502364320968462 0.27814725289225156 -0.17664553023646423 0.009885459040650092 0.008595502296256117 0.12106313090940521 -0.060092151007564674 
-0.09744903899758044 0.3913261062339026 -0.12180606102386993 -0.06676561266647071 0.07816697740221097 -0.07935183967937981 -0.050026115616595965 -0.05409441565071712 
0.0416594028799769 -0.12019658340360508 -0.07246871892970194 0.01563036117480062 -0.06123382359592575 -0.03995162829134581 -0.03674949548449746 0.2733104856493285 
-0.05680022130691556 -0.1255736630251246 0.2775524736991894 -0.17764700028562652 0.009160941176354341 0.008299529659291203 0.12557385539577157 -0.060565915312354654 
-0.09797208830822106 0.3957736398449551 -0.12194686388628008 -0.06722195273346777 0.07770916617637916 -0.08034173598423601 -0.05059662859928546 -0.0554035365082571 
Ip_2Ip_5
-0.04312985603313742 0.2767591757141546 -0.05290515771215946 -0.07290771182958149 -0.0660408871825893 0.02328441798366569 -0.03523614159325303 -0.0298238393458769 
-0.025248978751797376 -0.05928665795810973 -0.020811459023976537 -0.005971887694314102 0.10346468934401688 -0.02816726482983584 0.0788115125500795 -0.04278995363588807 
-0.025142789129345235 -0.056692419318301344 -0.041558601692162196 -0.06509054300892218 0.0689457420577784 0.13917968724961835 -0.025218514835718624 0.005577438676849204 
-0.0431264253276684 0.27675722147075565 -0.052920994048090156 -0.07289504251734272 -0.06602951656964498 0.023288242124039134 -0.03524020873182757 -0.029833276399245885 
-0.025279471836942312 -0.059305931445883905 -0.020832300944912847 -0.006006980649543157 0.10343930119287886 -0.02817763613798574 0.07896957484330466 -0.04280655502056183 
-0.02516111753171123 -0.05653657132449422 -0.0415635356275511 -0.0651065338231559 0.06892969969201661 0.13914499985509832 -0.02523850643362478 0.005531565193487271 
Ip_1I_4
-0.05562602542337578 0.8557879506913794 -0.24335838214732058 -0.11016715285260363 -0.0326907519950332 -0.15117948885304347 -0.1592719333865146 -0.10349421602973083 
-0.023201722162512275 -0.09466674850343804 0.1711431259353254 -0.1556532700857218 -0.1414083099932549 0.13675942143591488 0.046152366686724 0.06087513668628072 
-0.12505784807396172 0.7712630642326718 -0.1935068600053375 -0.11991536137749668 -0.1831703359095838 -0.024427308467438107 -0.13281094971114893 0.007625599314301686 
-0.12447255225668781 0.16095294306884356 -0.08698460630330049 0.03305326232058215 0.05783157110215977 0.1956729291219157 -0.10068799014116361 -0.1353655569107028 
0.1592905522963435 -0.07620441323372038 -0.09369842834063015 0.23973522855632612 -0.029737367497791548 -0.1155039000060166 -0.09221292455678501 0.008331252780353335 
-0.15039761380703112 -0.15770834888819069 -0.027529240196193724 0.46258160853201075 -0.053859826837301346 -0.03178094116048097 -0.04381578387609864 0.002510146235274023 
Ip_0II_3
-0.01941429535400973 -0.05922064074334159 -0.006380954906771038 -0.05984726129939072 -0.012113511396692601 0.15942241865576945 -0.01285988503399967 0.010414130078432417 
-0.03832070989058213 0.13747813681678156 -0.058792952911317094 -0.06287580570979748 -0.03890051756009912 0.0879439541628347 -0.006530989567173418 -0.02000111534031797 
0.0007620613162006492 0.02467837777781729 -0.01813024835436702 0.08884725882796106 -0.02847421176276417 -0.030461760009159435 0.02729070447975254 -0.06451218227494981 
0.016381236498195985 -0.08191645060836598 0.053493001339765076 -0.0386457263585001 0.0678178783561527 -0.027762805254952626 -0.02297814399737157 0.03361101002455949 
-0.04767094882964695 0.01622284320156022 -0.011514100572615225 -0.06354555879144864 -0.02999338784510477 0.1030441397868415 0.05813880305336804 -0.024681790001954747 
0.022117537350221414 0.07195518953006519 -0.001643392590571644 -0.03142027787918425 -0.006620735826717949 -0.05027094218229444 0.052527739240690825 -0.056645117642054404 
IIp_0II_3
-0.314518294331754 2.2117134240903913 -0.8055392758950912 0.05863924830773254 -0.42501261071780344 -0.4275707318577288 0.0016218147927111787 -0.29933357437923125 
0.2078462057464217 -0.599491852811967 -0.14817888009879832 -0.027808153037729932 -0.15753902486711552 0.08410325725900746 -0.18868566646697907 0.8297541142746192 
0.09941072018958241 -0.37884834730870015 -0.01568676061364888 0.04925255513939828 0.24222956912235505 0.04026061100317515 0.5540973697556993 -0.5907157172876756 
0.4604700723254504 -0.7852399299662178 0.21332566698170527 -0.24606342281821056 0.8983552901082253 -0.5609635091423911 0.12898174251056532 -0.1088659100007977 
-0.548789349460932 0.4388817618254427 0.03522185453124 -0.4494480261101234 -0.498502087377064 1.1156818434117344 0.32976400929497685 -0.4228100061068193 
0.17669196847908436 -0.6309282866005912 0.629014213681589 -0.865291620068389 0.46858846892707146 -0.028618349111657844 0.15181620708096089 0.09872739760736819 
Ip_2IIp_5
-0.007843879526656302 -0.04190645403379535 -0.015787204395977906 0.073249611278523 -0.02390475084633096 0.00204714681569723 -0.010821607977931283 0.024967138686275227 
0.010886544934495281 -0.04081779725747553 0.06271855742435646 -0.01798571880914239 0.017110747841489096 -0.012307243973020852 -0.008057476359964854 -0.011547613800892921 
0.0020292281544863947 -0.03984983728781894 0.010196670217282855 -0.039856321226770075 -0.02125757037745044 0.09559083754144608 -0.008489779599048614 0.0016367725778211025 
-0.03132648465181357 0.03570612945167423 -0.00815691159191802 -0.02237175080726297 -0.04160494106520587 0.04825843374210579 0.04780667095781919 -0.02831114603491236 
-0.02637830558771621 -0.059158997240861565 0.10991235606249619 -0.07397964665863926 0.008776187708149637 0.04512606131912721 0.039006232840964175 -0.043303888443170124 
-0.011451149057234369 0.2256272159223249 -0.047030639121802685 -0.01163769864207412 -0.0497445135886484 -0.03689782528497457 -0.02953810484796666 -0.03932728537894529 
Ip_1II_4
0.021535552828730077 0.07561730790999574 -0.0020025833480630507 -0.031873302733684286 -0.0069716164980037085 -0.050942715174866295 0.05211809119780425 -0.05748073418143902 
-0.018486912684390386 -0.05944442085568843 -0.0062555181099894965 -0.05999010657170902 -0.012511400900466636 0.15923362888192963 -0.012925747888290927 0.010380478128244584 
-0.038100793078391024 0.13755066523963483 -0.058827413123288375 -0.06303563476110162 -0.038870251188137736 0.08789304929803904 -0.006439882162326961 -0.020169740223749257 
0.0005899480523238987 0.02481693918545144 -0.018355465958432227 0.08873818378745246 -0.02847814455445826 -0.030354067947492028 0.02733913481815857 -0.0642965273824573 
0.017429250550571138 -0.08215726615411481 0.05328950993644931 -0.03845241435798755 0.06771307371897763 -0.02785044042085987 -0.02335895660798842 0.03338724333428752 
-0.04811513785367115 0.015639476550817457 -0.012013184378790268 -0.0644768700183941 -0.030514944039692266 0.10280748887310306 0.06183452099676481 -0.025161350129472126 
Ip_1IIp_4
0.010814862323152458 -0.040653945513079985 0.06262170930068608 -0.018123128474189957 0.017276200797322432 -0.012293998927330855 -0.007931341117804512 -0.011710358389003923 
0.0018349219274142378 -0.03973793500159544 0.009940916611818982 -0.039915277044149274 -0.02128167321290053 0.09572046281173385 -0.008476758625118644 0.0019153425323964184 
-0.030134903541699197 0.035367004732015046 -0.008344676206572836 -0.022186738423998025 -0.04175820160461002 0.048105540005151534 0.04762116076463125 -0.02866918572482624 
-0.027258694273624137 -0.05947520663395723 0.10939987079971862 -0.07511352409142615 0.008204113485530067 0.04484420972903083 0.04322089513675623 -0.04382166415198782 
-0.01188603253823997 0.229885474927265 -0.04725588316229857 -0.011842530770734477 -0.04998900344091104 -0.03758049881932841 -0.031230320158015766 -0.04010120603708246 
-0.00660215247398295 -0.04337071147733089 -0.015531202066779987 0.07322996285294228 -0.024228942559801497 0.0020576673186084144 -0.01075194104620996 0.025197319452634363 
II_1I_4
0.16977830325277168 0.2972207930897271 0.1328439205329782 -0.200578815903046 0.41135055754065175 -0.1694274018670255 0.027186827057170616 -0.6683741837041616 
0.8298060898977785 -0.8549808483562085 0.30472770487754997 -0.5961951473095346 0.8630649406465953 -0.6593952717435236 0.3130409074473337 -0.20006837546428904 
-0.8123336453010562 1.3544229598376816 -0.6136296491597345 -0.7998003457102295 -0.45765842313591304 1.5627353564799007 0.46078790552880694 -0.6945241585309835 
0.2907315904785117 0.25047557389179803 -0.014035628635033772 1.2652107118408331 -0.5152090235012731 0.06600187211572098 -0.2816295859054058 -1.0615455102806584 
0.3811286602227216 -0.7069825682751584 -0.3232990876167106 0.006668006194688391 0.17704349667873498 -0.7328744592887189 0.24645717676943232 0.9518587753048154 
-0.3749051339767132 -0.90060248418851 0.1896904825631377 -0.4908333426318315 0.6675026643849364 0.31204554204296014 0.200827958577083 0.3962743132258678 
