II_0I_3
0.8250091325900134 -0.8563822601708609 0.30429836379161523 -0.5902099338657795 0.8631075144706328 -0.6611524820240989 0.31369155902745766 -0.19836189382457545 
-0.8114468130169111 1.3538732667212363 -0.6121214344096773 -0.8004088443637536 -0.4572034537297992 1.5626468754250054 0.4598820074333946 -0.6952216040545746 
0.2885026597911631 0.2503146785445373 -0.013301694767337661 1.2654995667686022 -0.5168029378452295 0.0658978508238491 -0.2800111130867168 -1.0600990102253496 
0.3772272827843125 -0.7048452306684357 -0.32061418860946367 0.007982459041184697 0.18053056822508862 -0.7302204761012325 0.23585489054919334 0.9540846947727841 
-0.36972233717366243 -0.9080828160683031 0.1932091037805724 -0.4882151258594827 0.6487184545610278 0.31685988680011223 0.2048716364966997 0.402361197464659 
0.17049478237660756 0.301857642582429 0.13621809862966097 -0.19756860311737884 0.4173270680000365 -0.1661604209894712 0.03196188136505152 -0.6941304488478385 
IIp_1I_4
0.5503209785686456 0.385516983966482 0.5460719732789859 -0.6746179544910864 1.156247303109226 -0.7429876054189493 -0.37115695775063917 -0.8493947212642399 
-0.25940233739660795 2.5943524984251773 -1.0794871894830291 0.17325601362276147 -0.7456207213302293 -0.18698423824490448 -0.44403048475478046 -0.05208354083102697 
-0.1755209108960732 -0.8512045884848847 -0.2931843449736463 0.07013978460085069 -0.1265355542672653 0.07085287492277201 -0.3693824146365228 1.6748351537316981 
0.11674558867771502 0.009077990945203684 -0.7351228652220145 2.7321883062448586 -0.562917178552082 -0.11388719122373549 -0.26895907954611253 -1.1771255713218784 
0.9302827701689167 -0.6971599071000437 -0.4151656962210456 -0.031195273710855686 -0.13105627157619912 -0.587904936427377 -0.09361020767760644 1.0258095225277095 
-0.10876122662216503 -0.6343382498921728 0.11693624464264153 0.5888371387873728 0.16197365335245917 0.032393562716546836 -0.12183806622333335 -0.03520305676286619 
IIp_2Ip_5
-0.03001383301751207 0.035408371509865796 -0.00841906752633176 -0.022256041026210396 -0.041779513889319476 0.04813490052452946 0.047634995003930196 -0.02870981157838691 
-0.026790531909430388 -0.05956788243948882 0.10931832951296397 -0.07506692807708178 0.008138963217071374 0.04479276578315622 0.04318107994096222 -0.04400579602831633 
-0.011915244198049409 0.2297654829338458 -0.047427923847053244 -0.01216933586651265 -0.05017551512300781 -0.03768673283900711 -0.030008197333968534 -0.040382533725562046 
-0.006613914417951585 -0.04216814831419574 -0.015653859200410822 0.07307985687278867 -0.024382648776149242 0.0018030786830374788 -0.010877856692793859 0.02481349184558382 
0.011238254550025735 -0.04074555878278037 0.06264947727252476 -0.018185492559723758 0.01724425112280323 -0.012391033946365466 -0.007962651467816398 -0.011847246188860568 
0.002019517174915297 -0.03974152645118189 0.009904959671702686 -0.039989035143416125 -0.02131734565236711 0.09567392088286146 -0.008466655749709232 0.0019161652668573646 
IIp_1II_4
0.18134776445515882 -0.6449808035475683 0.6307717816659275 -0.866742743892204 0.4700366162583461 -0.024728912856568336 0.15295264523699326 0.101343652674979 
-0.3186856656961905 2.2127361027486536 -0.8065606847472174 0.059781963397269156 -0.4236624287399548 -0.426901356765552 0.002346063258761958 -0.29905399344780237 
0.2067184420544875 -0.5993066274906647 -0.1480476574157368 -0.02751856458977373 -0.15648580069085913 0.084511092690351 -0.1897945150030504 0.8299236304418383 
0.10293586907536417 -0.3800634428225373 -0.01550500610237052 0.050381732818296436 0.2410485240323853 0.03870072839465891 0.5545226827276516 -0.5920210881224527 
0.45406751832359504 -0.7854283982314156 0.21272591776990427 -0.24744468321110877 0.9107557914369371 -0.5623471896441659 0.12782512172921934 -0.11015407818029233 
-0.5487666583375784 0.4378893404738806 0.035117544956947126 -0.4471241527271429 -0.4992532693715435 1.115156655579172 0.31214611266828707 -0.40516557323548896 
IIp_2I_5
-0.09585297583981348 -0.6348319310739702 0.1177668922671614 0.5930148226594516 0.1614752838921737 0.030065522508072602 -0.11932317722958197 -0.052314437182505565 
0.5646559011646248 0.3843263022232689 0.5467946614597621 -0.6741263442621461 1.1547079977700794 -0.7450983935750832 -0.3707854247646337 -0.8604747000177192 
-0.24392168843960016 2.592980697872523 -1.078920623152579 0.17312841151544145 -0.7487304871609205 -0.1889482904323127 -0.44269837233026366 -0.06288964786486967 
-0.1639578395423484 -0.8513144813328815 -0.29198248796580417 0.06912722084524235 -0.12748117565314038 0.07033845772436129 -0.3690445597366368 1.6643148656561486 
0.13306557740985997 0.01011693048260744 -0.7327232037420742 2.732504960711066 -0.5779424111150854 -0.11304296419703687 -0.26646586513335346 -1.1855130244120575 
0.9484953798145844 -0.694525054195552 -0.41167294127926957 -0.029367573856794334 -0.13462881715990954 -0.5869528971878238 -0.08894746631805789 0.9975993701735152 
II_1II_4
1.3987673113218775 -0.5850503713115289 1.3270552670118847 -0.7123725822975525 0.2202176613981487 -0.9448504976378255 1.1087500008587288 -1.812516789347906 
0.4087672612538335 -2.0486517394864796 1.272632941258578 0.0201505121852006 1.917847474310016 -1.5332777068673573 -0.05875754935914515 0.021288806696060626 
-0.8735228050493483 0.14581530329202222 -1.3589531296442274 -1.2149347581434347 -0.7262856854784108 3.0358374874769583 1.7388339514688635 -0.7467903639147186 
1.4014398772507655 -0.5920472144936235 1.3215708864412397 -0.6926375029960612 0.2145568834339006 -0.9559407806368106 1.1142126949245927 -1.8111548439248215 
0.3993939310641677 -2.0554345191897476 1.2676144735417259 0.013495997630599015 1.9768462808089609 -1.5415865853002821 -0.06975220192277655 0.009422623354136307 
-0.8815340666289453 0.13145751077420947 -1.3694148228559728 -1.220688796191236 -0.7464337646092011 3.0266509095820955 1.7289050593102482 -0.6689420293731876 
I_1IIp_4
0.11490008417672624 0.009247390946835162 -0.734847903467268 2.73254145414233 -0.5623689133619968 -0.11361345653174348 -0.26910420386664813 -1.1767544520370488 
0.9313436209215585 -0.6966444652122615 -0.41438652662355135 -0.03093549206443862 -0.13613605849243915 -0.5870998658674493 -0.09293871977619797 1.0267975071098765 
-0.10788169744204229 -0.6333859926988923 0.1179089647178946 0.5895906755785484 0.16302005106991757 0.03306539909495016 -0.12049345711501949 -0.041823943208103405 
0.5486031026994022 0.3853522490802357 0.5460850279366939 -0.6733223560696497 1.1565252373285462 -0.7432434882090111 -0.3710412106141575 -0.8489585621502177 
-0.2587891108890017 2.594544028044184 -1.0789476772734614 0.17319800831435303 -0.7478830148282832 -0.18657595893866386 -0.4438840474971884 -0.05166222692499261 
-0.1750239602472339 -0.8509379889903771 -0.29271122401718885 0.07061853677768225 -0.12645132991725078 0.07108600543137394 -0.3685119606838095 1.6719319216487234 
Ip_0Ip_3
-0.025625563850040983 -0.0568241255549636 -0.04160857222912906 -0.06448957695475264 0.06896321988253797 0.1389778009547263 -0.025125549766792477 0.005732367518248972 
-0.043139449304572426 0.2767458132111026 -0.05281679084032234 -0.07299390081248029 -0.06597403658268643 0.023315670319383537 -0.035321282772200265 -0.029816023217611592 
-0.0252434921235344 -0.0593799831920304 -0.020797509686302857 -0.005895195711546982 0.10325722693197938 -0.02820225325805681 0.07893679094169542 -0.04267558390199438 
-0.02572375783095904 -0.05656705130345703 -0.04140706806597115 -0.06521467263121705 0.06917120514392107 0.1393852741718355 -0.025326257136076287 0.005682327651520449 
-0.042795059444677784 0.2769950224573997 -0.052632404996744785 -0.07274940421533528 -0.0681417390202271 0.023620950664955252 -0.0349173231570725 -0.02938004228705968 
-0.024949146656500755 -0.058852456896409604 -0.020413131777302945 -0.005683783938302273 0.10399749682616088 -0.027864724950678738 0.0793015929607718 -0.0455358455676751 
II_1IIp_4
0.10346834530449636 -0.3783258450661254 -0.014238517418962551 0.04492255881477326 0.24217810714746577 0.04145137979326474 0.5531747191633164 -0.5926307477366649 
0.4558351446080636 -0.7839798823484937 0.2135304427181024 -0.2458583769467745 0.8985566787347429 -0.5606894101713268 0.1302832939408861 -0.10767789053787204 
-0.5472376438250655 0.44104881379539035 0.03723235365761019 -0.44610777584914296 -0.4946249041596516 1.1171361717692998 0.3138701387770188 -0.4213171541605554 
0.18320884898027615 -0.6467215349111829 0.6293118292747778 -0.8623910504460977 0.4683520661532914 -0.027491555568113925 0.15432034177120252 0.10141105474462118 
-0.3215777876018008 2.210812706535534 -0.8082509823848674 0.058060121807536745 -0.4065315619985199 -0.42937415633519443 -0.000661518039453657 -0.30247682197477893 
0.20426483130083978 -0.6032848199014555 -0.15113365302017687 -0.029362683163514307 -0.16187361685269652 0.08192370055144717 -0.19300642268994805 0.8524726637724144 
Ip_2I_5
-0.1511709692140049 -0.15235514925525467 -0.02804590577059901 0.46190960355551497 -0.05441087771504232 -0.032786718003017606 -0.04442138148677401 0.0012813978888156054 
-0.054244710164984826 0.8554665677906214 -0.2431777149031776 -0.11039307866672252 -0.03327149197471211 -0.15146042585573719 -0.15936103787648917 -0.10355810834753502 
-0.022888351041918928 -0.09455018290210832 0.1710707444868287 -0.15589626640230297 -0.14136747174905578 0.13669349259665975 0.04629115759530025 0.06064687741713932 
-0.12522369196044347 0.7714438577388787 -0.19385734976659863 -0.12006473112560863 -0.18318624876575054 -0.024276478656269525 -0.13275499017332754 0.007919632710670015 
-0.12297332779959574 0.16056954596889866 -0.08732769758125641 0.03325088486763124 0.057603355898464284 0.1955225141581321 -0.10090748391386244 -0.13573779159717186 
0.15859471720274854 -0.07672177828668401 -0.09445848023988426 0.2383293150508437 -0.03053105449007131 -0.11591033440578143 -0.08682100350179611 0.007518618668893342 
IIp_0IIp_3
-0.09815869743021285 0.3910360739562431 -0.12157960162681174 -0.0659285690771266 0.07823648115532306 -0.07968073735366626 -0.04997611173669484 -0.053948837885598504 
0.040141367078475904 -0.11987898104076607 -0.07206515678856215 0.015358572862456043 -0.06096690874277949 -0.03976068544976662 -0.03667386774559335 0.27384565982551273 
-0.05645271230981692 -0.12521758249616197 0.2782187769137595 -0.1763479935909404 0.009638723157895619 0.008639726966438962 0.1210852608122 -0.059564199453488995 
-0.09827454429475771 0.3913393638905794 -0.12134187192786423 -0.06678401927769684 0.07848185709594223 -0.07920001038656149 -0.05021290139747332 -0.05400787370025984 
0.0405476698385537 -0.11958497004802845 -0.07184762286590496 0.015647023986622342 -0.06352431122833353 -0.03940052314116384 -0.036197286040651 0.2743600194976864 
-0.056105450704188604 -0.12459521983410761 0.27867225659935413 -0.17609857513525212 0.010512075530666937 0.009037934634272007 0.12151564534013987 -0.06293866643111426 
Ip_0I_3
-0.023011835625212137 -0.09458368092620097 0.17105438580333873 -0.15573607409205117 -0.14136156176487052 0.13663959332067094 0.04631563781326389 0.06068353547079238 
-0.1251998372469881 0.7714357157017376 -0.19383349466936295 -0.12008855651793118 -0.1831765621867985 -0.024273732492009568 -0.13277709654471226 0.007913563958302606 
-0.12296521357316367 0.16054226322481413 -0.08732758972049849 0.03326767886042437 0.057571099861039726 0.19550775141123788 -0.10087578001501253 -0.13572021004740895 
0.15844129496893866 -0.07669191139574955 -0.09442483446965122 0.23829112979297928 -0.030477504567067305 -0.11585803123650461 -0.08685497653272894 0.007574833438050021 
-0.15105519035469445 -0.152292977895952 -0.02796989626987745 0.4619434595447863 -0.054984534263906135 -0.03269676778877584 -0.044336652541128764 0.0013925595700926866 
-0.05415307621552927 0.8555847132765226 -0.243071609501675 -0.11031633022669168 -0.03312878405906871 -0.1513804524672458 -0.15922608683787873 -0.10430837396546191 
II_2II_5
-0.8536228444628516 0.14337011830001475 -1.3579704799828582 -1.2171544417571876 -0.7340423714853962 3.0341532766861254 1.7425259162269349 -0.7572591735196271 
1.4017416552103033 -0.5891355371533783 1.325103698727879 -0.6959322437292639 0.2183298268269628 -0.9522790851588842 1.1126381111604207 -1.82046642588443 
0.42598926298298906 -2.0495085663130688 1.2753952201241634 0.016810197245217925 1.9184401590335394 -1.5343393513667636 -0.06119452510128291 0.008407603382313068 
-0.8530087150018977 0.1417623123009714 -1.3592307368949066 -1.2126195139243674 -0.7353431627899166 3.031604838330118 1.7437811897923863 -0.7569462118077087 
1.3995877557846503 -0.5906941534629095 1.3239505040237558 -0.6974613859645395 0.23188717441137707 -0.9541883840017473 1.1101116477411006 -1.823193158536179 
0.4241483535764054 -2.0528078463375197 1.2729912255410962 0.015487975686965598 1.9138103278863423 -1.5364503369452873 -0.06347608722343653 0.02629638779804737 
I_1I_4
-0.30782405855385486 0.4721479084114183 -0.5037915562631853 2.5055435153346965 -0.49459180419095455 -0.2357189587735476 -0.7946896026978274 -0.6410754432628908 
0.08446749996254431 -0.5421842845188171 -0.15295034407174563 -0.11850009198968454 -0.1228783675449061 -0.3502020447068075 0.07969055436824288 1.1225570784985228 
-0.4175593248609533 -0.724610384690412 -0.08782001906548054 -0.2486488505963679 0.1555904228353373 -0.0785088005031538 -0.17310350944068087 1.5746604663191723 
-0.3066744865191974 0.46913830061695677 -0.5061505964879397 2.514032321922258 -0.4970267196292796 -0.24048931038624205 -0.7923398906613627 -0.6404896188480518 
0.0804356749137774 -0.5451018154875974 -0.15510897749653416 -0.12136245125014082 -0.09750074176527616 -0.35377600865724956 0.07496133703449619 1.1174529827009614 
-0.4210052725067752 -0.7307862161543817 -0.09231999035432951 -0.25112388073570097 0.14692396934792093 -0.0824602963014227 -0.1773743027758751 1.6081459894824492 
I_2Ip_5
-0.12436341934339708 0.7714726297442724 -0.19381940566612274 -0.12036168722467523 -0.18327396212304714 -0.024257104186209216 -0.1327700992072609 0.007373048009872179 
-0.12237173668529096 0.1605480068018397 -0.08736488351251946 0.03327920433811452 0.05752729218999097 0.19543560364419002 -0.10084052820956933 -0.13621295856590124 
0.1592052195943407 -0.07671395893789994 -0.09445795549773005 0.2382788035572795 -0.03051605160044624 -0.11596845988347107 -0.08685959995910453 0.007032002725993831 
-0.15026504542041713 -0.1524458931509932 -0.028101642587258686 0.46194975030694124 -0.054595285104514356 -0.03295678113089877 -0.044343180039918655 0.0007580771269939756 
-0.05380322868466966 0.8553291692274612 -0.24330062330577779 -0.11047842764359363 -0.03233977326901408 -0.15168926367381153 -0.15948188626769863 -0.10423596638056602 
-0.02241469224121862 -0.09478761479936777 0.1708925688268762 -0.15604506494104567 -0.14169662632691735 0.13647844747597412 0.04608296172560552 0.0614900202805346 
II_0II_3
0.4011296366966356 -2.05196237628812 1.273961121288523 0.029904373379181823 1.919346314885062 -1.536916436971277 -0.05911915272838626 0.023656519731399737 
-0.8708947794952566 0.14282080931354 -1.3566692606282773 -1.2150028693627708 -0.7310713392201414 3.035120462370102 1.7406153460150264 -0.7449183689884795 
1.3873665371116066 -0.5904175474986663 1.3256765278257712 -0.6947406257876173 0.21622671077002667 -0.9511686164066881 1.1140722049428047 -1.8070151909576455 
0.39910164692553374 -2.0466530493035187 1.2781227651899054 0.014929050029983517 1.9236418122139856 -1.5285009362575281 -0.06326434053039945 0.022623051723448685 
-0.8637821326027685 0.14796770118705596 -1.352861159548654 -1.2099533073274775 -0.7758406655061467 3.0414253846518307 1.7489582806825197 -0.7359141015229564 
1.393445622516949 -0.579522603413739 1.3336150436127403 -0.6903743610780352 0.2315154256115798 -0.9441976804245015 1.121606421971736 -1.8660878688116518 
I_2IIp_5
-0.18291221672998487 -0.8565876940097432 -0.29520783739694806 0.0920647631073887 -0.12771893787501906 0.06225525459189274 -0.3650886292664169 1.6731952975732518 
0.12706314177919925 0.008036722560822721 -0.7311418661255011 2.728207585209114 -0.5618627475905764 -0.11376682490059248 -0.27196415982038863 -1.1845718511067267 
0.942296412602165 -0.7004322854182178 -0.41387740982975213 -0.028512985633687867 -0.14508900694801088 -0.5897026745824366 -0.08758433428633212 1.0229022840869324 
-0.11906234211304571 -0.6289654779126997 0.12327321872139646 0.5845321682738784 0.17025003963948993 0.03963914595322504 -0.12406439558489016 -0.045602356978314204 
0.573576733552232 0.39304494992362426 0.5563658956507308 -0.6678290749349642 1.0768557305474973 -0.7325936986559162 -0.3587791459801981 -0.8406413901092757 
-0.23736593547075943 2.6099324913067274 -1.0644690421894625 0.1831439969777999 -0.727112943755444 -0.17707212791630556 -0.4255274627177667 -0.16152897622211837 
I_2I_5
-0.41051661469766243 -0.7253938339442659 -0.08735548022908174 -0.2503321813008259 0.15249894078760212 -0.07872538700785876 -0.1717386689689139 1.571563225359873 
-0.30873919333765737 0.47052437179291745 -0.5047904046781193 2.5127856318991784 -0.4952011523838253 -0.2386935601324849 -0.7930024397916101 -0.6428832533612087 
0.08970308719681729 -0.5423321470650053 -0.15181464910868045 -0.11997803584240119 -0.12208757345593885 -0.3503600750889315 0.07837382311615582 1.1184955702440842 
-0.41012441063811045 -0.726420633797543 -0.08816032335894367 -0.24743602141929877 0.15166821100956313 -0.0803529068276279 -0.17093700837502487 1.5717630934033722 
-0.3101147471136074 0.4695289861569645 -0.5055268742227743 2.511809069414228 -0.4865429669336977 -0.23991290361776624 -0.7946159256651895 -0.64462463801023 
0.0885274195430041 -0.5444391800308956 -0.1533499221979688 -0.12082245171164481 -0.12504434183646784 -0.3517082226152002 0.0769167395801749 1.129919959269204 
I_0II_3
0.37907122119239595 -0.7069786005788378 -0.3223685623572626 0.013519598332273172 0.17856694564957537 -0.7336049762913253 0.23752792694388902 0.9542664471046558 
-0.37306219818434183 -0.9103538772394255 0.1912989067889799 -0.49030113592260016 0.6688174621357283 0.3139774960071864 0.20128510907659208 0.3983382373373753 
0.16765594549938861 0.29713048404434567 0.1326125451652303 -0.19967797553020544 0.41086103353444087 -0.16922115554217276 0.028296425714149337 -0.6676573028836568 
0.8252243452344007 -0.8542515860642426 0.30588630307718284 -0.5966998251397551 0.864593705730089 -0.65777829781374 0.312035498665661 -0.19901014369201375 
-0.809074341840231 1.3557357941507155 -0.6109732568326696 -0.7984394336836138 -0.47305973360169135 1.5648281143937581 0.46299588493398364 -0.692013027505921 
0.29054607782655895 0.2543375030600422 -0.010531641522168554 1.266896843120821 -0.5109902497465781 0.06843563712989825 -0.2776256637661449 -1.0810685061028196 
IIp_2II_5
-0.544055894098816 0.440699879439202 0.037557240082413915 -0.4476293249294657 -0.49649527924645526 1.1173555074728343 0.31463990734204983 -0.42207203605244964 
0.17983598515511537 -0.6456699461260831 0.6301357396733346 -0.8631274371069839 0.4697987504866121 -0.026061322621770706 0.1538422588647417 0.10124597167274606 
-0.3172409110918742 2.212851440639922 -0.8060551465713389 0.05899596951123239 -0.42284514650414634 -0.4268010352257945 0.0014745613103063708 -0.3003797320600999 
0.21012332778324003 -0.6003183018406896 -0.1484415394520746 -0.026721904031929897 -0.15856874815170335 0.08343292162824051 -0.18864883357750853 0.8291430776388141 
0.0996979416203411 -0.38017134460622165 -0.015647970411023813 0.049115811801473924 0.249388153442529 0.038596631087529025 0.5529104902736242 -0.59388971320553 
0.4564261196456268 -0.7857280232019728 0.21294472327621725 -0.24759026147889548 0.8969484976679509 -0.5616989372810451 0.12795866470920755 -0.0992607833476006 
I_0Ip_3
0.15802822164752978 -0.07688494165691583 -0.09453727190891625 0.2390627365714875 -0.030521264912613665 -0.11616256275893203 -0.08670778816576484 0.007722871183333068 
-0.15108582243108548 -0.1523840907400149 -0.027928564673179345 0.4617868461644988 -0.05435501362526351 -0.032760909466288936 -0.044529181872171475 0.0012567366438453991 
-0.05418668321280084 0.8553538944210568 -0.24316356239977854 -0.11030716702218828 -0.033531934178794125 -0.15151103851871378 -0.1591981537485499 -0.10345535533764845 
-0.023572858588397756 -0.09438937539517382 0.17124555626803284 -0.1560569746599792 -0.14109194908489783 0.13694900489225398 0.046160418811666375 0.06075617775606542 
-0.12471157441872678 0.7717200883848345 -0.19351434747512208 -0.11987678495652213 -0.1858131358231677 -0.023877905877035175 -0.13236097675338357 0.008434636921681105 
-0.12255532794510764 0.1611062723791321 -0.08684039740638189 0.03359537784295229 0.05828332020067879 0.19588572190954678 -0.10029819686044474 -0.13917677011876095 
IIp_1IIp_4
-0.055447652958432285 -0.12475724112519757 0.2783631181178654 -0.1780307298416919 0.00987248089101549 0.00924925546354073 0.12066390609050477 -0.05991313663739044 
-0.09796101296873051 0.3912611812592008 -0.12176588200555667 -0.06637512627842097 0.07811966838778718 -0.07947534488554556 -0.049864716229307327 -0.05393876727827587 
0.039772104241564264 -0.11959582179440814 -0.07221252148089027 0.015288016314497844 -0.06043339276227661 -0.03965406957860557 -0.03693255220521392 0.27376823726434674 
-0.055183022571385014 -0.12545004997224393 0.27782006930555114 -0.17607661465286478 0.009311965676825852 0.0081511250670468 0.1212048075625615 -0.05977828041532689 
-0.09888913525350565 0.39058956841001874 -0.12226279736313561 -0.06703403865291144 0.08396157366448784 -0.08029806798170404 -0.05095337755365916 -0.055113725267840245 
0.03897885037647687 -0.12101749231359508 -0.07324841058440373 0.014718266734383626 -0.06242840209837388 -0.04056370014673558 -0.03791568476214124 0.2814765727938498 
II_0Ip_3
0.017017802842676948 -0.08228674898848427 0.053206682322727634 -0.03801238223189429 0.06768990773452986 -0.028036674796028727 -0.023049486780350053 0.03347089989632081 
-0.04809355093631961 0.015846250185627 -0.011955944085893434 -0.06458432793786649 -0.030500344739535543 0.10278080582926384 0.06173635786687617 -0.025229246181811413 
0.021634069012207494 0.07552702018825597 -0.001984612779857955 -0.031825289705350285 -0.007172677392948998 -0.05098885155401657 0.05222420138584642 -0.05741385915373748 
-0.01893774426342703 -0.059331022192923154 -0.0061398784454041976 -0.06010897482557718 -0.012324249814714862 0.15940391351335811 -0.013007606413061623 0.010445562441434048 
-0.037764395117785066 0.13774673751483102 -0.05860850466419569 -0.06291539424594093 -0.04065184441725624 0.08817143433748535 -0.006170906348113996 -0.019807127058022365 
0.0009402743019997438 0.025166517987269762 -0.018037316697051036 0.08898145081670948 -0.028042042901670543 -0.030111606670361325 0.027745597245959177 -0.06664287408252985 
I_1Ip_4
-0.12322329827981518 0.16049801628330604 -0.08736327017707347 0.033570288429964186 0.05763484120145389 0.19541030113039545 -0.10085930217705448 -0.1356675764102542 
0.1586255895481358 -0.07674008430681924 -0.09441221567578445 0.2382755642145003 -0.030512765656460356 -0.11590352971720717 -0.08687324712295659 0.007540688715818647 
-0.15114008519843838 -0.15240291445995746 -0.028038566337690835 0.46193969445828337 -0.05452433819869069 -0.032806359921892965 -0.04435191954870963 0.001324489207073602 
-0.05454362926272747 0.855536495889073 -0.24310253440887478 -0.11046170997853737 -0.03315296133582989 -0.15134946017005302 -0.15941637563141522 -0.1035098250987684 
-0.022668431492050795 -0.09442805208967969 0.1712208473842549 -0.155815776552334 -0.1425091206585229 0.13686876192771877 0.04646088703691003 0.06087088444293651 
-0.1250330055911656 0.7716774822853798 -0.1936451419853467 -0.11991229324995428 -0.18290307247540796 -0.02411888846576036 -0.13248656077115153 0.00642148025755132 
other
-1.3061770460799251 0.8458375786753305 2.206025983402651 -0.5384918356958168 -1.954149691446078 0.6272135982166254 -1.8722127338803738 1.9919541468049777 
-1.3051752579367069 0.846036709590154 2.2063235925313283 -0.5398212497928428 -1.9540871706954004 0.6276381827904282 -1.8725645864236682 1.9916497799347492 
-1.3052081784361345 0.8459080022111405 2.2061654658050487 -0.5395082893392511 -1.954579827667823 0.6275229841932285 -1.87214577723683 1.991845620468291 
-1.3063663798166882 0.8463332590462851 2.2064145157344264 -0.539889936404711 -1.953748662517901 0.6279992719047929 -1.8725997298645742 1.9918576619202955 
-1.3045112190742256 0.846517224970538 2.206679117998961 -0.5393498211555475 -1.9582668485139216 0.6282268122393682 -1.871785687523038 1.992490421065084 
-1.3046406331852536 0.846925157482426 2.206906608037783 -0.539100653545696 -1.9531524686320594 0.6281737928832353 -1.871442380458223 1.9863305774295807 
Ip_0IIp_3
0.0017956942950471974 -0.03974221766453887 0.009909901538916192 -0.0398262425345214 -0.021268726459986117 0.09565682940871807 -0.008422267837050556 0.0018970292529997279 
-0.030155454240831603 0.03540175982288378 -0.008401777478386411 -0.022243031909706754 -0.04175141587711906 0.04814385379440541 0.04761323072134285 -0.028607164832418246 
-0.02690778121723272 -0.059585005790353425 0.10932421243831814 -0.07505241327612189 0.00810691257186678 0.04479932169977213 0.043201947353742255 -0.04388719377994457 
-0.012179018582572842 0.22979815229252987 -0.04739523501689259 -0.012193888247071797 -0.05011710730064136 -0.03762358508247624 -0.030032473683706314 -0.04025684437871469 
-0.006677452939940992 -0.04210025160966754 -0.0155808215854099 0.07311233666926649 -0.02486853150364046 0.0019083834720704004 -0.010812725450906073 0.025019062948230312 
0.011211244806561022 -0.04062114863878934 0.06275864119969488 -0.01810632065938128 0.017272672030901028 -0.012285918179179674 -0.007831198862629504 -0.012397971697618118 
Ip_1Ip_4
-0.025250277368390108 -0.059277176288507025 -0.020804462748456612 -0.006017159412773337 0.10346628009012537 -0.028143476840385068 0.07879725103290317 -0.042770978464357096 
-0.025176400384911184 -0.05669404481982152 -0.04155700995066848 -0.06507695024411406 0.06894628772899314 0.1391773114899671 -0.02521402005559711 0.005594826235828607 
-0.04320831310116874 0.2767785974711413 -0.052912232139094406 -0.07290633867487627 -0.06600050932844122 0.02330033005855898 -0.03524672627372042 -0.02980480801132884 
-0.02524148259703176 -0.05930020121548003 -0.020822510524966968 -0.005952216016192673 0.10344765183224511 -0.02817997229266297 0.07881522744448453 -0.042766496629667874 
-0.0252072457587132 -0.056716365315418175 -0.041573524520119476 -0.065098848649975 0.06914043860250467 0.1391499689707241 -0.02525020081114235 0.005555777482235934 
-0.0432346762350314 0.2767313494313261 -0.05294665905373444 -0.07292527382932219 -0.06606681180800217 0.023270099241556052 -0.03527939986831919 -0.029548627877440697 
IIp_1Ip_4
-0.0270347212241276 -0.05959530613354747 0.10930599970931314 -0.07491789714010234 0.00816112732197305 0.04475815293874612 0.04319462003432176 -0.04387197550656666 
-0.012028560679810204 0.2297605968716136 -0.04740559605307213 -0.012186315254795806 -0.050159145506914964 -0.03766875966131679 -0.03002903307206845 -0.04028318664293509 
-0.006764523878352203 -0.04217786651069692 -0.015645249082297294 0.07309319371478543 -0.024407445936938957 0.001819449434796288 -0.010856506970043428 0.024938949228766022 
0.010988051766162047 -0.04069408852259149 0.06269838636616316 -0.01820699947392659 0.01720023011097636 -0.012305520285661021 -0.007977863320584887 -0.011702196640779587 
0.0020097231235702033 -0.03965424154377182 0.009995157846675066 -0.039932385580584186 -0.021810293353679153 0.09578786414952907 -0.008364990185564532 0.0019691655436529444 
-0.030084379737681275 0.035518378292846785 -0.008323999345250415 -0.022149280904677306 -0.041627920031805356 0.04821454142868853 0.04775990736592847 -0.029307247067625095 
II_1Ip_4
0.0005446258726360917 0.02476996593382895 -0.018384524973434013 0.0888889710455058 -0.028483715715304173 -0.03040873199695639 0.027352661070390718 -0.06427925123643376 
0.017414979766858903 -0.08218533638697127 0.0532795945198067 -0.03853467029827739 0.0676899378184373 -0.02786330640102232 -0.023150835393197993 0.03334963637392869 
-0.04813639246351779 0.015845046930800147 -0.012032149922367806 -0.06448929754495669 -0.030588621355696552 0.10275512591327012 0.06184006208812565 -0.02519377364507919 
0.02146191057295611 0.07563456613514548 -0.0019611209083823795 -0.031913779041014445 -0.006943487844398905 -0.05090533176141819 0.052089357528385824 -0.05746211468055629 
-0.018375821888263973 -0.059385714098379845 -0.006191945992328651 -0.05996440139160099 -0.013017102683784193 0.15930839317488357 -0.012843950195741662 0.010470543075218783 
-0.038025809982167605 0.13766258409281226 -0.058747502078613234 -0.06297495371309106 -0.038744279053663996 0.0879703225557909 -0.006318909081106365 -0.020821452739285592 
I_2II_5
-0.8094029258247005 1.354551005733789 -0.6127539444402736 -0.8018473625964501 -0.4577860906344229 1.5631394231810063 0.4603573307943232 -0.6962574361981898 
0.2887077747099318 0.25121707284061845 -0.013763817395296665 1.2652003455548653 -0.5151302876124364 0.06610018548895702 -0.28085732935518626 -1.061473944228624 
0.3830931854634537 -0.7057405291605128 -0.3219640996516684 0.008902811781566869 0.179170433094142 -0.7320892982324811 0.23636646008227433 0.952261036618197 
-0.370508767413059 -0.9107148973504464 0.19008426425992658 -0.4891429107705899 0.667527607211441 0.31294201107804276 0.2023559531590365 0.3974567398232513 
0.1666338983397374 0.2968880142644395 0.13146660037325542 -0.2007772079897161 0.4204395990508973 -0.1702759367089532 0.026164324548402715 -0.6705392918739111 
0.8288285637484059 -0.856911437511988 0.3033473907952965 -0.596856567421734 0.8608382050390734 -0.6605236754579432 0.3109308529428373 -0.18965333214577595 
I_1II_4
0.29051936288290403 0.25185691536262034 -0.013092104055658312 1.2616398307161534 -0.5149145267957823 0.06736521973241227 -0.2817506798124436 -1.0616240180297944 
0.3820304002585821 -0.7059156652636099 -0.3224421384247194 0.00969370526931613 0.17822842702372527 -0.7322444091876416 0.2372948082159799 0.9533548721042435 
-0.37378898626724966 -0.9096811106965749 0.19054623241357654 -0.4899905635503349 0.6696244116376924 0.3140597160791365 0.20120479128449745 0.3980255090968566 
0.1703005769087948 0.2970963771655925 0.1317579859052457 -0.19947771345303364 0.4111957051337087 -0.1700398332710948 0.027909310457437365 -0.6687424088446281 
0.8270358293554557 -0.8564053455393513 0.30335057875563126 -0.5965744982506542 0.874461295763961 -0.6610312621889483 0.3110781385602099 -0.2019147364662957 
-0.8138967989561754 1.3517444791764515 -0.6151447503342679 -0.8010497570164401 -0.4604909333853326 1.5608656273269323 0.4580058127916062 -0.6800336795926764 
II_2I_5
-0.357355446948785 -0.9096262720424901 0.1913541239498039 -0.49517732167010886 0.6668675250711502 0.3142097348846641 0.2016227645801703 0.38810489217098665 
0.17888262170869842 0.2974283029427698 0.13189632420631753 -0.19962448878410255 0.41048181694238667 -0.17050584051075612 0.028671653205256057 -0.677230389710311 
0.8409705073185935 -0.8549660916190395 0.3049575378174276 -0.5966453194509579 0.8633439908515959 -0.6603298579320485 0.31219796457474386 -0.2095287315663049 
-0.7950018470915331 1.352372969271844 -0.6140446132454843 -0.798667928427192 -0.4610890570703787 1.5592293542970106 0.4621745457885088 -0.7049734235172787 
0.296580310335801 0.24859064096180822 -0.015677098285785746 1.2632462281890875 -0.49754291248629473 0.061991061471838964 -0.28348314578291567 -1.0737050844030702 
0.3914948591367501 -0.7104984994184168 -0.32523827150986356 0.006427634514115212 0.17226955391453194 -0.7361844781900978 0.23299800513332852 0.9687311964144143 
IIp_0I_3
-0.25722725519589285 2.594753992117789 -1.079029938666121 0.17080196597318192 -0.7455993282058437 -0.18622615314498206 -0.44458254637915384 -0.0528907364886379 
-0.1753232309743367 -0.8513493059721602 -0.2935005137092804 0.07064740978273783 -0.1272526197721819 0.07064595563651428 -0.3687294135846107 1.6748617185888799 
0.11555489781129186 0.009715152209019508 -0.7348212014265066 2.7316126233394664 -0.5616400963207054 -0.11327436427104816 -0.2696846046791316 -1.1774624066588526 
0.9336562546157497 -0.6971139976821723 -0.4150136426866548 -0.03035623375876003 -0.13704984885557658 -0.5879273597553338 -0.09243785424651708 1.0262426823607462 
-0.10913540702619512 -0.6341364765218781 0.11686210404059627 0.5889446839001712 0.17112397592069573 0.03186490938206739 -0.12180860046194356 -0.04371518923312216 
0.5482707680093308 0.3835668978799829 0.5444541609033854 -0.6742287163757399 1.1542630084852579 -0.7446175510818203 -0.3727567573948562 -0.838951810432227 
I_0I_3
0.08066507037634413 -0.5437542855002611 -0.15244747382555868 -0.11362497358638796 -0.12221919643810653 -0.35199695481173565 0.07964484259656666 1.1237329711853368 
-0.4163533952417937 -0.72592658373825 -0.08672998862954677 -0.2487850904877283 0.15358338517764777 -0.07879576659428135 -0.1724356119802667 1.5754430514931692 
-0.3126719257260047 0.4697349782655907 -0.504370509169332 2.5132059111033764 -0.4965484931008013 -0.23848332570700484 -0.7922508779051837 -0.6386157577555118 
0.07968073465819171 -0.5411772704344391 -0.1504275155400627 -0.12089362251114366 -0.12013426903311376 -0.3479122803911655 0.07763287169265035 1.1232313515579238 
-0.4129010936134801 -0.7234284106300721 -0.08488163122405303 -0.2463341588585815 0.13185346938156925 -0.0757355143719733 -0.1683861593118694 1.5798134986282275 
-0.3097212890962162 0.4750231127375845 -0.5005173513498784 2.5153251872330205 -0.48912773175037993 -0.23509980702281888 -0.7885939566319833 -0.6672881641109182 
Ip_2II_5
-0.04810052479459427 0.015880169350581293 -0.012028867368428463 -0.0645675575056916 -0.0305396905091081 0.10278576224939423 0.06179876605914253 -0.025228057480743023 
0.021587478655152474 0.07560622496273287 -0.0020047510441940416 -0.03187312296285926 -0.007001006286780862 -0.05095662770769087 0.0521233074234009 -0.057481503039422954 
-0.018478562018552462 -0.05942994074848717 -0.006259878181546158 -0.060007583126222466 -0.012487738907009348 0.15923508017171994 -0.012933510625213071 0.010362133435071396 
-0.038050135610674385 0.13754486651410347 -0.0588570583459383 -0.06302848762859696 -0.03889396593440566 0.08787793902181959 -0.006426603707951535 -0.020166554307984468 
0.0006109566820379126 0.0247772263160954 -0.018399112090554833 0.08873084734418521 -0.028266439565594607 -0.030394282312223252 0.027296674482472555 -0.06435587085599953 
0.0173640351625309 -0.08222473808837351 0.05321584792090216 -0.03854133396732218 0.06762407206026146 -0.027898659696289973 -0.02318167015529469 0.033642446762964476 
I_0IIp_3
0.9281104322544158 -0.6976453895336884 -0.41495764574225147 -0.02614452775800916 -0.13613791916544354 -0.5887565294637305 -0.0920643472354594 1.0275959266335053 
-0.1070005330017957 -0.6334982820987533 0.11864610645202273 0.5887656609185999 0.16355930243649772 0.03321118745407138 -0.1213001744131353 -0.04238326775113807 
0.5500209488001789 0.38446734225865814 0.5460314113723165 -0.6726468084056091 1.1545688061011727 -0.7438446698600122 -0.3698727536538186 -0.8487242766135451 
-0.26318114635735246 2.5952909343969495 -1.0781365425123604 0.17200036179234124 -0.7438230655376068 -0.1853619695024534 -0.4450431273087342 -0.051745444966121774 
-0.17175716172309732 -0.8496754623464278 -0.2909502513989457 0.07148445145219993 -0.1438257041971915 0.07326089990433651 -0.3665422358060566 1.6780054641094295 
0.11852830226880608 0.012807859496584304 -0.731646575737085 2.734073103984716 -0.5582579283982861 -0.11109880266163137 -0.2652845780554041 -1.1991213808950811 
IIp_0Ip_3
-0.01213649188378336 0.2297399146691692 -0.04744201971054468 -0.01203800352988129 -0.050168394452596424 -0.0377160883468611 -0.029986852843730382 -0.04025206390072059 
-0.006759443384837797 -0.04216001115194593 -0.015628580815747067 0.07305610474043459 -0.024345091173079886 0.0018333395133680313 -0.010907602479809816 0.0249112847516001 
0.011141950549112972 -0.040746149073974156 0.06266513145574698 -0.018159921551333034 0.01709977828866222 -0.012366794960152337 -0.00792379524069626 -0.011710199467644152 
0.0017938812716050342 -0.039684372807233276 0.009954106522311927 -0.03999777646928726 -0.021226097379801745 0.09574832163036734 -0.008467276880055975 0.001879214111870562 
-0.03008193463740579 0.035454531299808766 -0.008366276848927311 -0.022188860827103814 -0.04220680666205792 0.048206659891182876 0.047700762603334626 -0.02851807481813338 
-0.0268441630892816 -0.05947180049054716 0.10940426943992422 -0.07501055068645389 0.008268289435098847 0.04487085661695221 0.04327407818226001 -0.04449097940795293 
II_2IIp_5
0.21318714762312524 -0.6002277989880823 -0.14791127825485567 -0.026836206534652365 -0.15846068197742105 0.08337035470786525 -0.188688296161607 0.8255667595780214 
0.10644602231397603 -0.379676441256039 -0.014531669914478445 0.04943973692121273 0.24150262102245068 0.03910402499953227 0.5541779450273767 -0.5964622391130411 
0.46293165579705664 -0.7845595645755444 0.2144028487109341 -0.24670167990774236 0.8979462461395017 -0.5613307160950528 0.12999926210817123 -0.11268805218158404 
-0.540730175284642 0.44010472434982456 0.0375500576071678 -0.44580968186543013 -0.4969419428650596 1.1162061446334453 0.3151357632538613 -0.4255148898251504 
0.18566552328346214 -0.6458397234968749 0.6307602537805052 -0.8634556233229193 0.46769482545415764 -0.02636815997613594 0.15403228903556254 0.09751061523792727 
-0.31152044114622196 2.212612902680361 -0.8056222181936499 0.059320682236713926 -0.423821815653767 -0.4273330557532615 0.002542173666141425 -0.3061782278260092 
II_0IIp_3
0.4551032929586345 -0.7845256492119125 0.2141163403297287 -0.24497239425090192 0.8989521722848188 -0.5610892961762767 0.1298605250802166 -0.10744499102090152 
-0.5466827539257957 0.4402549750627342 0.03758868080802109 -0.44581877551740573 -0.4961725187883475 1.1168640679449513 0.31467505977232346 -0.42070873535395964 
0.17894017291824638 -0.645944230287092 0.6304707872690474 -0.8632316965484823 0.46953289957444794 -0.025962865034589788 0.15384770626054894 0.10234722584568118 
-0.3198397650366214 2.2129526049866293 -0.8056470685537295 0.05890516578607293 -0.4228050405718778 -0.42623069345290443 0.0015786334778922467 -0.29891383662956933 
0.20810339286380247 -0.5992012403785194 -0.1472157629231088 -0.02672303484819925 -0.1634693633877561 0.08517159566342211 -0.18819443304415312 0.831528846047902 
0.10078644817059466 -0.37814855827860333 -0.01362959441364217 0.05042699316816345 0.24373177799293952 0.04066381659545871 0.5552969956175003 -0.5991278788543909 
II_2Ip_5
-0.03785390682910913 0.13751471282901834 -0.058848916161810115 -0.06292516491800068 -0.03891161799169949 0.08781663770417437 -0.006401147053585588 -0.02039059757829599 
0.001015859651852098 0.024778601529547764 -0.01834440558761315 0.08871889541333125 -0.028520588068742157 -0.03039722701058758 0.027327757166405522 -0.0645788930937255 
0.017758394973335097 -0.08221537341260245 0.05326563324432869 -0.03850588571079939 0.06759181518556387 -0.02791696837846063 -0.0230866244321303 0.033109008530198186 
-0.04791466043718394 0.015877149982012586 -0.011999456318566673 -0.0645407690086158 -0.03053538961749006 0.10276746993475185 0.061803037949635764 -0.025457382484230087 
0.0220287321479322 0.07563390433749931 -0.0019305825227087137 -0.031859268154888105 -0.0074839568728168465 -0.05092734991200249 0.052197028247934485 -0.05765850727059436 
-0.018053133895579776 -0.05936489540677469 -0.006169521576405401 -0.05994982025063561 -0.012441859921904011 0.1592523977722416 -0.012799959865364917 0.0095267931445001 
IIp_2IIp_5
0.03979493529589628 -0.12002794287836896 -0.0722476355700176 0.016221752255065433 -0.0610423788577338 -0.04007572958847928 -0.03643504112792234 0.27381204047062113 
-0.056116461765060605 -0.1251560960892074 0.2783298763091761 -0.17655552108522984 0.009906041586240737 0.008675970818038805 0.12083513228418262 -0.059918942057575454 
-0.09725140197277514 0.39105552862626003 -0.12148773588541936 -0.06655105141005777 0.07791479184521674 -0.07953137813661419 -0.04990828947403151 -0.05424046359094222 
0.039669718142316755 -0.11970012129751723 -0.0719906770728874 0.015297108851564063 -0.06077715565166011 -0.03955611895693865 -0.036690983551843526 0.2737482295362272 
-0.05567729515236523 -0.12483830397834175 0.2785650054920082 -0.17624373855364217 0.007141783261562305 0.009065264902723335 0.12135026236351588 -0.059362978335122635 
-0.09687605206610962 0.391728231174776 -0.12099757643530665 -0.06628145870948836 0.07885878544047893 -0.07910096138874788 -0.04944309323646275 -0.057887874777440534 
Ip_2Ip_5
-0.042786144593913264 0.27687714087583104 -0.05285974312525463 -0.07340547951427626 -0.06603428675004969 0.023463285128301363 -0.035314956113882974 -0.02993981590546174 
-0.025313112364704043 -0.05926936504577159 -0.020889166682848678 -0.005885188711717979 0.10342502306101464 -0.02818137621597104 0.0788804492268067 -0.04276726326669847 
-0.02517824204749944 -0.056620453748138726 -0.041558438266245 -0.06514418869915255 0.06912431625915283 0.13920973129279962 -0.025331112302588207 0.005498387511378131 
-0.04270298673551273 0.2766594315617346 -0.05303039161648226 -0.07279141536210125 -0.0662104239101753 0.023118206949225298 -0.035144982406257554 -0.029897438479585217 
-0.025604766934080567 -0.059480413696926394 -0.021045318126463656 -0.006092246346238132 0.10526079232973859 -0.02843990998275907 0.07853834662355723 -0.04313648386630038 
-0.025427515357965193 -0.05706720167123343 -0.041883957645948246 -0.06532322768051825 0.06849740146741101 0.13892388758878602 -0.02564005338422609 0.007920666683609525 
Ip_1I_4
-0.05454552161269984 0.8553825103049693 -0.24321838681791658 -0.10999905473351321 -0.03326352419153479 -0.15159335537225588 -0.1592965920641858 -0.10346607550933519 
-0.022846289248079032 -0.09456535287970531 0.17113282239706054 -0.15595886443116197 -0.14133516298640875 0.13670648917467265 0.04623273532573311 0.060633622647433036 
-0.12518594439135095 0.7713821109647363 -0.19385085509697017 -0.12001798755388166 -0.18332744547075144 -0.024305744079706204 -0.13266743011078128 0.007973295740383737 
-0.12334288632125937 0.16065216090756243 -0.0872375989040775 0.03316384114707445 0.05777357029759494 0.19565480492789827 -0.10098008725154307 -0.1356838048017476 
0.15886051883160177 -0.07657868191493283 -0.09427923506636748 0.23842553091778657 -0.03193702464682528 -0.11569989224835124 -0.08661721125186504 0.007825995377118238 
-0.15094022036431032 -0.1520659906885795 -0.02778356257617265 0.4620873991373045 -0.054061420788550994 -0.03258865277935228 -0.04409553575380611 -0.0005520161848520332 
Ip_0II_3
-0.018614697516137157 -0.05947907745443072 -0.0062772065984797835 -0.05981572575132434 -0.0125055710079086 0.1591684573838534 -0.01289008859573661 0.010413909540236464 
-0.038087531745180245 0.13755065156610766 -0.05881311612730131 -0.06307097154019248 -0.03885698892675662 0.08790524236898294 -0.006464208681433387 -0.02016307691379259 
0.0006681590444577417 0.024772218944708713 -0.018366351470458526 0.08876777545792493 -0.028551975140372235 -0.030373252659194966 0.027370253542383507 -0.06428682771899931 
0.017228011688734206 -0.08213939185578187 0.05330090916566079 -0.03855236421272647 0.06774758917837732 -0.027803890182099892 -0.023162608337249733 0.033381744554679245 
-0.048020937960352596 0.015936538697555982 -0.011948671771431779 -0.06445894623007734 -0.031196466712732372 0.10286542144758569 0.061907258682588284 -0.025084196152199364 
0.021700195716387257 0.07573891879124668 -0.0018719463805094761 -0.03179602491074026 -0.006831941388846275 -0.05086263277300825 0.05226806356241321 -0.05834463261671603 
IIp_0II_3
-0.31579152495825724 2.213311060057393 -0.805700243447197 0.055941249933715256 -0.423481447590683 -0.4256748158741137 0.0013290149548559284 -0.29993329306499333 
0.20662376906349178 -0.5996791849328477 -0.14850428489588677 -0.02661400699689314 -0.15791063203979316 0.08417799590581788 -0.1885836786154376 0.8304900225089414 
0.0995856775018813 -0.3788339980488459 -0.014784412096786314 0.04927824985912648 0.2434511994107184 0.04007824413980918 0.5532105682125336 -0.5919855289768886 
0.4594295571285875 -0.7848950680355309 0.2134926313624669 -0.24588329152749974 0.8976868807655385 -0.5616871285300615 0.13017918460755812 -0.10832276577325406 
-0.549137474947578 0.4390714254024184 0.03577809316309184 -0.4464020094898623 -0.4844762065444683 1.1150061047104058 0.3131420525977105 -0.42298198488375405 
0.17690599952523398 -0.6481232954090304 0.6282276511562899 -0.8649790261024933 0.46715633849798344 -0.02750410707705191 0.150728387133033 0.11758805227129149 
Ip_2IIp_5
-0.006987923518762609 -0.04221409401852073 -0.015676254219344352 0.07335254406845257 -0.024348136472980404 0.0017363188335908584 -0.010845034369877906 0.024982579697151782 
0.011158394571818952 -0.04073829395952919 0.06270631318839644 -0.01821771913202856 0.01716524209767898 -0.01234902644405946 -0.007991431148029115 -0.01173347917458825 
0.0019280429046008756 -0.03975366062650459 0.009930173574967754 -0.03993877156786156 -0.02136949539972794 0.0956866656280967 -0.008384764867240947 0.0019018103534734424 
-0.030428068482128597 0.03546773941308882 -0.008358913903251294 -0.022280398132135275 -0.0416597978830756 0.04823506705615701 0.04758559510119794 -0.028561223169498245 
-0.026729308374464744 -0.05945852600414767 0.10945070134212208 -0.07499899363159121 0.00717192840786899 0.044959835108332166 0.04331778725185441 -0.04371342409990462 
-0.01188613625207705 0.22996945634976773 -0.04724524483781787 -0.012032464875446002 -0.04992440426510796 -0.0375357154994184 -0.029776860847975022 -0.041568629771114377 
Ip_1II_4
0.02196136005031967 0.07570687579649381 -0.001946523435684931 -0.03236367330829034 -0.007006693925262561 -0.05079226555872153 0.052036711136063084 -0.057595790754510844 
-0.018525768560299256 -0.05941956986793651 -0.006334734350593737 -0.05992483319208742 -0.01254612317554275 0.159215522331375 -0.012850281980186309 0.010385788794843455 
-0.03814592702069931 0.1376320083377696 -0.058852317612962154 -0.06309728266267889 -0.03870138556130179 0.0879322455955224 -0.006543118153786217 -0.020224222921302167 
0.0010998426169902735 0.02469627552195355 -0.018484367676681896 0.08885088006573058 -0.028665042779545995 -0.03052708188977575 0.027414002331288274 -0.06438450818954106 
0.01706944390430782 -0.08236072546055355 0.05303208798579544 -0.03863395894990671 0.069392019675023 -0.028129554984762457 -0.02338658779459521 0.033017275624183946 
-0.04842367700132786 0.015514873385001293 -0.012355265043501396 -0.0647316934954313 -0.030966149037978122 0.10252535664107748 0.061408671155724 -0.022972116603017668 
Ip_1IIp_4
0.011166719637286085 -0.04071608958256044 0.06266754715997039 -0.018224392233612514 0.017143113722816652 -0.012340892793490807 -0.0079594560060915 -0.011736549904498458 
0.0019005179522294214 -0.039709150465359395 0.009916497289504918 -0.03996274413571328 -0.021275664257477015 0.09570399746802792 -0.008438312983161424 0.0018648591317000005 
-0.030175118589251752 0.03541542079213203 -0.008425681144523562 -0.02222610090569907 -0.04174468199862932 0.04814268528038169 0.047623110853345876 -0.02860963428743482 
-0.02687269035640827 -0.05957375111038336 0.10930930134776132 -0.07505814283967881 0.008139249870742608 0.04479181860652283 0.04317902150492874 -0.043914807023489724 
-0.012079415886967624 0.22974791146554852 -0.04745301612200274 -0.012175248758414374 -0.04999179017319388 -0.03770090270253628 -0.030033913003543078 -0.04031362481820217 
-0.006805391785769592 -0.04219144524608864 -0.015681805743330075 0.07305219320453127 -0.024398783996572946 0.0018047806980564661 -0.010931495086860022 0.025151947956137264 
II_1I_4
0.1731551424079112 0.2994376885304795 0.13329387946099966 -0.20783083266232522 0.41222426819867003 -0.16633976623638036 0.02610845026417081 -0.6700488299624104 
0.8284168468942602 -0.8548750493847759 0.3036453811400719 -0.5945554539776183 0.8624056087532216 -0.6595222299451053 0.31390399651102885 -0.19941909999566312 
-0.8126592727766142 1.3552760717719254 -0.6131585395683546 -0.8004173635092758 -0.4549248344502042 1.5629935728086277 0.4590036933107696 -0.6961133275788273 
0.29516628879829127 0.2495057831771037 -0.015234318693346956 1.2665220725377493 -0.5176823731053009 0.06362757156080422 -0.2798879758992832 -1.0620170483722955 
0.37712517960991815 -0.708934250662062 -0.3255129790689437 0.007249889206892423 0.2057403795670583 -0.7363077389372544 0.23274708565662727 0.9478924346191103 
-0.37792422488358696 -0.9157785935495318 0.1855162926724431 -0.49321712443508425 0.6616781705768855 0.3100266690856737 0.195543845135445 0.4341549653941088 
