II_0I_3
0.816793999552205 -0.8543336913928745 0.30574291542309046 -0.5926433138944268 0.8678477031724664 -0.6617828694578999 0.31778634509229403 -0.199411088501138 
-0.8109511986233414 1.3506975798597642 -0.6108516189640197 -0.7968400891642087 -0.46044183291620966 1.5611358451249275 0.4626942570081152 -0.6954429423197684 
0.28738586869638166 0.2493249159566054 -0.009699854285128411 1.2653550251782226 -0.5194327890210689 0.06652395249595058 -0.27899205397696175 -1.0604650650411966 
0.36824111345474253 -0.7039303785340114 -0.3181031637327068 0.008143243149686459 0.181647747176187 -0.7307939746753342 0.23753845875357954 0.9572569544006343 
-0.36662789919810734 -0.9034436441858669 0.19826905771070885 -0.4869909587904105 0.6250492628579156 0.3204950010033273 0.20607765800379174 0.4071715225998759 
0.17412864988051724 0.3048294361154029 0.13880377999385066 -0.1955896590272591 0.3688651461546315 -0.16454094268384828 0.0360202049019425 -0.6625166153346208 
IIp_1I_4
0.5523131535453322 0.3849949807071267 0.5457070343572115 -0.6739515018199105 1.1550717118854277 -0.742852118276502 -0.3721635933879972 -0.8491196670134143 
-0.2595186401797867 2.5951384152084436 -1.0797926103821083 0.17236013632555355 -0.7448119323774718 -0.18660708103539925 -0.4447377540234096 -0.05203053352808494 
-0.1752386556271077 -0.8509683897899661 -0.29407735395873014 0.07018284333985494 -0.12590456234503045 0.07069316092861376 -0.3696217513393887 1.6749347087885775 
0.11891894002493611 0.008864347195568048 -0.7357315360191128 2.732134867445843 -0.5631714769635393 -0.11372323877813477 -0.269388014665501 -1.1779038882389468 
0.9295572044977817 -0.6982882861372472 -0.41639289449556477 -0.03148346002023142 -0.12540130966682417 -0.5887736018213034 -0.09387644517650975 1.0246587928038071 
-0.10962774208060175 -0.6350305237420157 0.11633571303795559 0.5883750566101345 0.17406162142062354 0.03202248354034012 -0.122793888918833 -0.043342719869410046 
IIp_2Ip_5
-0.030051573713972966 0.03540223405283457 -0.008421452070449881 -0.02222015219110677 -0.04177382123822394 0.048121289699378976 0.047645394054661006 -0.028701918592508893 
-0.026785860833344603 -0.05957272560675125 0.10932571041924305 -0.07506930430563552 0.008138559535893002 0.04479243912564368 0.043178405911758116 -0.04400722424681536 
-0.011913327394558507 0.2297585815768803 -0.047423434298982506 -0.012165064005068258 -0.050191756807944354 -0.03768871634301563 -0.02999871639606499 -0.04037756633045094 
-0.006658772803261723 -0.042158885548536744 -0.01564216666270396 0.07307168910157809 -0.024367272566121194 0.0018157797966393103 -0.010882863005887602 0.02482249168819389 
0.011267780950414395 -0.040726327821077046 0.06267262662559399 -0.018174521220731675 0.017083221303339214 -0.01236641172900275 -0.007940946188935363 -0.0118154219197743 
0.002045272574523835 -0.03971037489550228 0.009933172246890236 -0.03996896342573224 -0.021332912302799992 0.09569470352906226 -0.008430552464951165 0.001769654738262687 
IIp_1II_4
0.1835806578393005 -0.6460225856562026 0.6300977802468011 -0.8646132586030986 0.46824654825472367 -0.02489177537830423 0.15157727685521688 0.10202535643708437 
-0.3187456977990123 2.2139032506651497 -0.8068575616406436 0.05822647601819917 -0.42233078633244364 -0.42628432503863056 0.0010953085943194165 -0.2990066644582858 
0.20724180264215994 -0.5991110414734405 -0.1494027290550784 -0.027325323266382994 -0.1559007554021964 0.08418933416358033 -0.18992180258150046 0.8302305149695886 
0.10526680881266406 -0.38015427962586223 -0.016182618912562834 0.050060232660780545 0.24106438586370701 0.03933494278279925 0.5536676916851971 -0.5930571632661716 
0.45370398686417607 -0.7867542635811912 0.2113476059570021 -0.24761062314131677 0.9155580905083796 -0.5630881183912325 0.12800151439966712 -0.11115819262379636 
-0.5494717246935261 0.4376274079942769 0.03492421629907144 -0.447319548137033 -0.47962252634450153 1.1151326469074883 0.3115876160349992 -0.42285808805301844 
IIp_2I_5
-0.09225581829636208 -0.6340522402170894 0.11810713677636307 0.5890047428008072 0.16113412211152908 0.03149698394402905 -0.1202089858829181 -0.05322594123476519 
0.5641807071483925 0.38466586679982623 0.5460717924143301 -0.6736647891388918 1.1545652220355394 -0.7451500992632423 -0.3703352786447948 -0.8603334213517394 
-0.24419263761329088 2.593667966240984 -1.0791975380760126 0.17265943820757634 -0.7471303569514524 -0.188698378381105 -0.4436621252712784 -0.06344636814711185 
-0.15963750188844603 -0.8522607027141146 -0.29309889544230927 0.0700172454205643 -0.12907500244695863 0.06893583472329445 -0.36840784499911455 1.663526867340624 
0.13005961326439008 0.008310048559278525 -0.7349284188301263 2.7313922898792287 -0.5619394127744047 -0.11548897843098005 -0.26873707813307146 -1.1886680635308393 
0.9459270967455788 -0.6977133233852895 -0.4145664978362769 -0.0314181642765429 -0.13573823940961421 -0.5891008312247672 -0.09260719794017427 1.0152171573131505 
II_1II_4
1.392450008286747 -0.5889484428144484 1.32499060660355 -0.6976751453482612 0.21820096139163309 -0.9491070383964894 1.1089374578054367 -1.8088484075329148 
0.40999117838938265 -2.0476630105182787 1.2741540890841139 0.01628703938705877 1.9204521501279646 -1.532111046764641 -0.06208418828643635 0.020973788571364928 
-0.8719008019425533 0.14422542510176595 -1.3604277998687004 -1.2133083937388554 -0.729772395935904 3.034608205179602 1.741307035039731 -0.744731273826169 
1.3932710210527832 -0.589562543233789 1.323557010786392 -0.6956490680146948 0.21902197415766633 -0.9509833426629917 1.1110223963305992 -1.8106774484168653 
0.40716301766727514 -2.052599831050146 1.271471593973951 0.016319755078951545 1.9402372563711427 -1.5360024501758758 -0.06313453157833071 0.016545189699165217 
-0.8755499754299372 0.13990270498998975 -1.3616766991609548 -1.2153017553797747 -0.7108083024580117 3.0325931060356273 1.738171753223436 -0.7473308318136603 
I_1IIp_4
0.11800941894239922 0.009211210493627128 -0.7349657998060453 2.731224866608594 -0.5633983926496708 -0.11286548365303087 -0.270254102163938 -1.1769617177686447 
0.9310422168594215 -0.69590582974595 -0.4149406963481585 -0.031393845439433625 -0.13559843857775555 -0.5868424372664639 -0.0932618075312876 1.0269008380429778 
-0.10779403571652639 -0.6328994540050796 0.11711891768321972 0.5894107320257437 0.16421318651212974 0.03305946229433464 -0.12110731840412899 -0.042001490393302574 
0.552174244830465 0.3847654420319315 0.5451271804490632 -0.6729598023232284 1.1556154085669628 -0.7437554846998188 -0.37107273273651026 -0.8498942561173369 
-0.26068817318134974 2.5928871130059563 -1.0808582341183464 0.17248045824414823 -0.7364385247502143 -0.1883284341045787 -0.4451089811115666 -0.05394522397543328 
-0.17683010699246912 -0.8528946766721331 -0.2944663810744573 0.06934752576075771 -0.11795307308157146 0.06983874360844498 -0.3708779937065586 1.6738359621538328 
Ip_0Ip_3
-0.02514778947509245 -0.05669781986846622 -0.041550183730802555 -0.06509105433754313 0.06894143709938359 0.13918360299785434 -0.025230895535692285 0.005592702850299869 
-0.043206067193745104 0.27677665599215645 -0.05291506595794339 -0.0729051353885694 -0.06601417439250558 0.02329912513458096 -0.03523868143941024 -0.029796656753604274 
-0.025289789674181207 -0.05928525590421676 -0.02081664986187457 -0.0059647057713859255 0.10347584216200102 -0.028161950164983643 0.07880176404337545 -0.04275925482843694 
-0.025144699841999078 -0.056700130849633684 -0.04155557863495069 -0.06508342980855772 0.06894452673247707 0.13917654209440355 -0.02522304950042168 0.005585819808289442 
-0.04321671012086414 0.2767580777618454 -0.05292516071660514 -0.07290501227289942 -0.0659397191313371 0.023284481015299112 -0.03524263408853222 -0.029813322445467697 
-0.02530352223448563 -0.05930152315345184 -0.020821349716479354 -0.005972207184793532 0.1035472077899848 -0.028169533380906955 0.07878996535889053 -0.04276903747838238 
II_1IIp_4
0.0999334206876541 -0.37934849129391185 -0.014721656977893658 0.04963955324772058 0.24224809316663246 0.039867964219505565 0.5539064539768433 -0.5915253370240161 
0.45634160507250615 -0.7841528300007609 0.214266325608592 -0.2466215413795378 0.8989356972928066 -0.5605294963564909 0.12958374966325173 -0.10782350990186995 
-0.5468551495031531 0.440334605375396 0.03730561377788316 -0.44556550833036485 -0.49626596257802236 1.1168104298866834 0.3148963736945382 -0.42066040231812657 
0.17890428471729353 -0.6457082308387551 0.6304115079368817 -0.8634125707723849 0.47008727056065097 -0.025860265373187644 0.15348451002602523 0.10209349374289207 
-0.31837131361449184 2.2125539963978342 -0.8060855071890298 0.05924173849356268 -0.4231201594318054 -0.42683979639023406 0.001837007230323894 -0.29921596548747625 
0.20693812880679785 -0.5998630984244944 -0.14802076253057833 -0.02716646998883562 -0.1573681865214387 0.08425453518909169 -0.189122052427635 0.8303479058907792 
Ip_2I_5
-0.1514377469155599 -0.1523349394285548 -0.028025866236052455 0.4619707845486766 -0.054304854958809906 -0.032839105620440366 -0.044313466459566776 0.0012851950698686415 
-0.0542214839435334 0.8553924716637722 -0.2431318699654569 -0.11033310158315646 -0.03333354204241097 -0.1514897904232722 -0.15931616224232426 -0.10356652146215371 
-0.02290362538302698 -0.09458933733272035 0.17115179450320073 -0.1558862575602438 -0.14146526495726086 0.13669934843307807 0.046338546361633405 0.060654795935677484 
-0.12552615872268688 0.7714886386299152 -0.19377533991727353 -0.12008603963118333 -0.1831194559661922 -0.024249421269537073 -0.1327382691652854 0.008006046043564854 
-0.12282723368133762 0.16071399760189126 -0.08716366783362332 0.03330656701380619 0.0566789590796781 0.19566415910299348 -0.10082016923477256 -0.13555261204751437 
0.15873971416358995 -0.07657314770503551 -0.09432585894439163 0.23842628664602278 -0.03148799986082057 -0.11581799934032694 -0.08663720768542246 0.007676212724906348 
IIp_0IIp_3
-0.09904247612874541 0.39128474858500784 -0.12140778414143716 -0.0662759908913121 0.07877569252713375 -0.07972905837842276 -0.04952029054548708 -0.05408484102538691 
0.04019032868896019 -0.12023835244629838 -0.071931366216791 0.01577665166543099 -0.061341626263035874 -0.03993527730526885 -0.03634295503173786 0.2738225969076597 
-0.05658567875420041 -0.12531977677253103 0.27862819923768084 -0.17637252417214752 0.009363374670596572 0.008715925099196085 0.12118615811049123 -0.059615677419174944 
-0.09923476490794675 0.3914285765802457 -0.12107202274847806 -0.06675051693204728 0.07858340374793217 -0.07928961057415568 -0.050008602421416165 -0.05365646274222461 
0.040852710073899394 -0.11908210344111 -0.07130310106472577 0.015768989347794055 -0.06597548104217231 -0.03902387465374291 -0.036096954923394244 0.2748598157020676 
-0.05573100858988529 -0.12430735576240672 0.2789207029969613 -0.1759056604488753 0.004921808670836017 0.009187879946628794 0.12192047009493762 -0.059006836907756335 
Ip_0I_3
-0.023658569895075837 -0.0944961316916925 0.17112533538932517 -0.15570446956823147 -0.14106465362968781 0.1365391621742444 0.04659811066507602 0.06066121655606637 
-0.12514946805977253 0.7712319214720946 -0.19372619219247825 -0.11989661079705775 -0.18336287649171798 -0.024361322640095977 -0.13262963989413754 0.007894188604914365 
-0.12301971755677944 0.16045318133436015 -0.08710120607026163 0.03327970332257301 0.0573443407766067 0.19553399822716874 -0.10077279887145073 -0.1357175011604021 
0.15771690781849726 -0.07659589848141457 -0.09422641132644552 0.23826155781388322 -0.03034098392028926 -0.11583046532566996 -0.08678284791078375 0.0077981413306021695 
-0.15073898741203554 -0.1519376301678361 -0.02757200931255659 0.4620651866910255 -0.05709582940253321 -0.03237303069623535 -0.0441650638187046 0.0018173641194350035 
-0.05382403714529366 0.8559016382322141 -0.24279060573519054 -0.11010847514198788 -0.03596211887661181 -0.15118969527779752 -0.15882381398045686 -0.1032028920721045 
II_2II_5
-0.8479806739678685 0.14198594212134943 -1.3589493817990288 -1.215552164873184 -0.7372743733818953 3.034601929620806 1.739725936475469 -0.7565572141899791 
1.4013977577339907 -0.5869687507700678 1.324229319385553 -0.6983557647260742 0.22053274272476486 -0.9512510001867268 1.1107295032979867 -1.8203138074634504 
0.4267459501403541 -2.048825345236268 1.2729391376685282 0.016902235622849704 1.9202524424351946 -1.5347622376545227 -0.061901449996627514 0.008649267006582518 
-0.8468317555952447 0.14112657514818594 -1.3609555437533443 -1.2127168892596347 -0.7361254550092723 3.031976245178405 1.7426435819464694 -0.7591167586515445 
1.397440053358681 -0.5938772959838235 1.3204754582449318 -0.6983099826608015 0.24821985433300206 -0.9566965974567216 1.1092596617121522 -1.826511151552486 
0.4216393273919907 -2.054874523477298 1.2711914384817915 0.014112742074136866 1.9467906356703784 -1.5375821504825549 -0.06628893705389512 0.005011467378677468 
I_1I_4
-0.3125584067883444 0.4706100807570343 -0.5045362075714747 2.5123701530743734 -0.49467205269788045 -0.237955540289448 -0.7938005846425205 -0.6394574418373044 
0.08517170403349064 -0.5423104906587628 -0.15194803379789118 -0.11972525269802757 -0.12221418409156243 -0.34991631540131485 0.07858497302327501 1.1223575995879727 
-0.4169708156944498 -0.7255923958401358 -0.08785232749555952 -0.24786919631193494 0.1533475430844513 -0.07899763793267388 -0.1716771515322942 1.5756119817207503 
-0.31247829477087574 0.47055015863969574 -0.5046760936457887 2.512567851757355 -0.4945919406804134 -0.23813862455558846 -0.7935971424571338 -0.6396359142812217 
0.08489574040608214 -0.5427922111247759 -0.15220978380218736 -0.11972206039717229 -0.12028361146321799 -0.3502960271313675 0.07848248360558058 1.1219254699006704 
-0.41732689133860706 -0.7260141941880925 -0.08797419142482277 -0.24806370269334277 0.15519800369604603 -0.07919426539586588 -0.17198308313465807 1.5753583244780882 
I_2Ip_5
-0.1251697085320492 0.771452290317314 -0.19380607719304613 -0.11993030888695014 -0.18303775006839063 -0.024471544313580895 -0.13248799702078565 0.007451095700861227 
-0.12228900232015888 0.16037509918382334 -0.0872182226962476 0.03336217960900409 0.05741554707013659 0.19538149401415805 -0.10078655493890963 -0.1362405399207548 
0.15919595898903746 -0.07684462482646419 -0.09427613446548755 0.23833490017262352 -0.030833398406094406 -0.1159762100432485 -0.08669124410901945 0.007090752687768639 
-0.15119792163764245 -0.15228405473995157 -0.0278529611402836 0.46183871088620654 -0.0543397739737275 -0.03279469953120206 -0.0443593599575614 0.000990060094124938 
-0.05328151218240211 0.8557548488979108 -0.24280537623702958 -0.1102821362539396 -0.035407429578623 -0.15121968142449232 -0.15913334661893583 -0.1036253666003774 
-0.021929015245360138 -0.09424677180359876 0.17137892520116466 -0.15569448689337245 -0.14350451411693704 0.13682738268403838 0.046729876907603364 0.06043860326614282 
II_0II_3
0.4136496226028134 -2.0495364377887837 1.274978381013932 0.016818388683579037 1.917861192884916 -1.532132525681628 -0.06235793893497069 0.020719317212942397 
-0.8725043881076101 0.1441830629393895 -1.3591565827368466 -1.2137438564259198 -0.7313003797209524 3.035062939137015 1.741893464703129 -0.7444342597856655 
1.3865539337604824 -0.588069071696155 1.3244895458739026 -0.6962815385600893 0.2217190005749953 -0.950388743563362 1.1108066732029585 -1.8088297995913993 
0.41407249742315033 -2.0498527393328265 1.274239986191827 0.017861949910383926 1.9182840677052662 -1.5330989440668932 -0.06128406037706785 0.019777242534945182 
-0.8739610742976601 0.14164028019066552 -1.360538241689647 -1.2137270057213088 -0.7211097668458065 3.033058614005703 1.7413524697895528 -0.7467152754190619 
1.3846743727469977 -0.5902955529038976 1.3238462817401382 -0.697308249085345 0.23148673862673277 -0.9514266503124715 1.1091917997284186 -1.8101687405498625 
I_2IIp_5
-0.15943891605868862 -0.852332659768847 -0.29347076154258533 0.06841807640399479 -0.13080671652785683 0.07102234849527296 -0.37131959726409736 1.667928226257084 
0.12409049968778507 0.010774594939289861 -0.7357760775309128 2.7302140062741636 -0.562019169874122 -0.11374990074983543 -0.2698619823191846 -1.183671970419573 
0.940905816540221 -0.696073614268155 -0.4163302682274047 -0.03130889128740156 -0.13487016313809097 -0.5883321826962429 -0.09361624580084024 1.019625548870125 
-0.09106143848821344 -0.6348690303932948 0.11599648396809698 0.5898629723696471 0.1603982020090221 0.03130775661854641 -0.1205919477125262 -0.051042998373157025 
0.5547813601612975 0.3811426181451665 0.5419705759229652 -0.6748033923759928 1.178482521370784 -0.7481308459860283 -0.3727341283407767 -0.8607087089026874 
-0.2536399452075747 2.590064713444876 -1.0824760795497792 0.17035099297923006 -0.723261018223411 -0.19037381315909996 -0.448473909077239 -0.062190941197549664 
I_2I_5
-0.4128207057249366 -0.7258710703857497 -0.08756054936417157 -0.24783074173773384 0.15274040885507498 -0.07962699812177332 -0.17115928072678427 1.5721289372058995 
-0.30843823208471016 0.470292967632647 -0.5043295918263007 2.5125167681823815 -0.4951303462492128 -0.23866987726605843 -0.7932685284738711 -0.6429731599081018 
0.08986658564369053 -0.5427690053781163 -0.15162007686487564 -0.1196846847968006 -0.12310657234444582 -0.35051321908280625 0.07898429066652311 1.1188426821531003 
-0.4128866205988401 -0.7258217674360294 -0.08744545336261153 -0.24799340502020092 0.15267449398117278 -0.07947635934592112 -0.17132666967023788 1.5722757814489325 
-0.3082111736708934 0.4706893194489033 -0.5041142281519343 2.5125141416086807 -0.49671879021615245 -0.23835745658962143 -0.7931842018370249 -0.6426176105833423 
0.09015955893082447 -0.5424219565121642 -0.15151980919265334 -0.11952464808862137 -0.12462910143806731 -0.35035143718280565 0.07923600624623409 1.1190513872342365 
I_0II_3
0.38421974992404656 -0.7061753616747737 -0.32206300599710336 0.008726691968062042 0.17775516771201424 -0.7317716542890225 0.23609089570772612 0.9532175166451012 
-0.37369418031225154 -0.9096718532477213 0.1902954005662691 -0.49001804977972263 0.6689042028878404 0.3140365333005089 0.20161577402203262 0.39853217256253215 
0.16740987921417635 0.29806680493992327 0.13197370357985552 -0.20024993565765542 0.41306759663235537 -0.16896120326154765 0.027013552436845237 -0.6683203978812645 
0.8313360343545124 -0.8555041264586535 0.3042915678225238 -0.5956050792264805 0.862518522041302 -0.6594774066519722 0.3126905730468427 -0.20025008493137195 
-0.8130687863936213 1.353107780459036 -0.6141314673044198 -0.7999244258129776 -0.45120671586839045 1.5614865244442346 0.46007025544139524 -0.6963331649509069 
0.2870523930390857 0.25012614636546937 -0.014344616560717203 1.2641827170369986 -0.5084135598602597 0.06562969651896221 -0.28251261502921776 -1.061720161508734 
IIp_2II_5
-0.5404218689284093 0.439904911570827 0.03698276529651642 -0.44688961440851327 -0.4984770756608156 1.1177110153063587 0.3128887300330435 -0.42169886320059835 
0.17959961886402398 -0.6443348787422352 0.6295629582166099 -0.8645718171393889 0.4711277308230492 -0.02544022997717153 0.15270979272870358 0.10134682522354335 
-0.3167973057263056 2.2133061119195254 -0.8075621910198681 0.05902459828613021 -0.4216520523695332 -0.427043229716266 0.0009894395730381427 -0.3002653709392069 
0.21412400501158851 -0.6007591908314348 -0.14955343150473002 -0.026729313528670192 -0.15913622270629418 0.0835769041459401 -0.18930242834353855 0.8277796777528987 
0.09821956671018862 -0.38220862543150624 -0.01788558969275432 0.048536037864326136 0.2602324850358059 0.0369319366657336 0.5522613585971714 -0.5960871697450252 
0.45475382920520646 -0.7871678021120551 0.21168407927470592 -0.24854421314291544 0.9169046590626775 -0.5625107761707261 0.12603853617678643 -0.11115831230109535 
I_0Ip_3
0.15885563612805795 -0.07674506004725598 -0.09448190394468146 0.23825979905049435 -0.0306405592926442 -0.11586049330814836 -0.08693289185039348 0.007545473263595039 
-0.1511890496590634 -0.15228124917360236 -0.028090911225431683 0.4618453717133799 -0.05435112123230415 -0.03275601386585949 -0.04446521590285 0.0012881893459661476 
-0.05423112058837168 0.8555060039330561 -0.2432578595930797 -0.11040251263196968 -0.033174431902434305 -0.15146588814552187 -0.15940765464192716 -0.1035665364273114 
-0.022588173508316763 -0.09459418240506823 0.17098915925752892 -0.1558748563549595 -0.14143256092484505 0.1366652967795182 0.04627453975467834 0.060560777401309385 
-0.12536414583041558 0.771299188207938 -0.19402183320579058 -0.12011914866299646 -0.18226485934389627 -0.024420428900218883 -0.13284237314666103 0.007733600884628647 
-0.12312308460087301 0.16041732192414382 -0.0874645155152303 0.033151570967433985 0.058553668650977136 0.19542551968099017 -0.10109569373071446 -0.13586478737487873 
IIp_1IIp_4
-0.0568270063766283 -0.12509131362540674 0.27821228808621773 -0.17638680154710712 0.00996699834731756 0.008676167870473176 0.12098458709456529 -0.05953491984910817 
-0.0977733927769689 0.3911529709411104 -0.12148520072267445 -0.0665944812581509 0.0782070850476795 -0.0794405870693146 -0.05007252413201117 -0.05399387002846755 
0.039891908160267595 -0.11986467330884568 -0.07213355162313624 0.015478987996629223 -0.061056362698637165 -0.03976086915021428 -0.036552162286211165 0.2739967229090044 
-0.05684775440355971 -0.125075794534146 0.27824851685860513 -0.1764380030738357 0.009946250320386147 0.00872358444311217 0.12093189807137047 -0.05948869768168965 
-0.09770192159247232 0.3912777306155506 -0.12141741069170578 -0.06659530802485193 0.07770709048711158 -0.07934224640255998 -0.050045980633721954 -0.053881953755639304 
0.0399841273715759 -0.11975543272578566 -0.07210199036467402 0.015529362756537499 -0.06153560923239355 -0.03970994505621825 -0.03647292976484709 0.27406241701429435 
II_0Ip_3
0.01733560150671704 -0.08217505142999565 0.053261581420828555 -0.038496265294283495 0.0677040551647117 -0.027880705492276312 -0.023104580977626757 0.03335536510148748 
-0.048142125535719144 0.015849413407851162 -0.012024068130320182 -0.06449186323522375 -0.030552812324513193 0.102758022800188 0.06181906487318825 -0.02521563185522502 
0.021590726060495516 0.07559422120266156 -0.0019758765552858985 -0.03188031340108084 -0.007019855574537258 -0.050953390702021734 0.05212584133357526 -0.057481352363276096 
-0.01854620932837311 -0.059428550845351064 -0.006238941566049617 -0.060005819388648615 -0.012493266831077994 0.15923776785245355 -0.012916272288824806 0.010391292395506188 
-0.03807212153154438 0.1375928364324103 -0.05880306397639741 -0.06302842006408559 -0.039094034885863896 0.08793352135498773 -0.006416072079594954 -0.020112645249049613 
0.0006884231682353629 0.02483665904574118 -0.018337930275402883 0.08877005198603485 -0.028710234163227752 -0.0303381103334858 0.027374195635879218 -0.06428305506335469 
I_1Ip_4
-0.12433203156959949 0.16066017482246647 -0.087234635826531 0.03358793869024557 0.05815633107400732 0.19524644247019937 -0.10036851360067622 -0.1357157060592427 
0.1587100820768803 -0.07709702463212238 -0.0942294618757921 0.2386191967435726 -0.030843408343349997 -0.11605882469957222 -0.08660835100527077 0.007507791735098977 
-0.1512389942207121 -0.1525538053100639 -0.027641105729754534 0.4619564777444341 -0.054909855420589404 -0.032757591606481236 -0.044179098069718536 0.0013239726134608334 
-0.055782712205318497 0.8556971691069684 -0.24276248802394038 -0.11050549429240876 -0.03292686686760946 -0.15131410505094228 -0.15928283289818507 -0.10312266976560867 
-0.02213822981693776 -0.09381724368471603 0.1719030423399974 -0.15561124315739083 -0.14608804766285707 0.13741761398730404 0.04674250524769016 0.0615916027460797 
-0.12447594800095811 0.7722072231014325 -0.19317607857664829 -0.11956447774387634 -0.18792113383095596 -0.023802218346676566 -0.13181047227901924 0.008543105679648168 
other
-1.31832271735692 0.8469808231726684 2.2070677918807466 -0.5363819203292374 -1.949091932502124 0.6249823033397586 -1.8671789204721283 1.9919445722634097 
-1.3041521907018505 0.8425234421586832 2.2083885830792083 -0.5368212605080116 -1.9571198597118316 0.6262063572011568 -1.8702977288586866 1.9912726573411446 
-1.3060047181392451 0.844159194426167 2.2100284968115322 -0.5391234506946144 -1.9589723871492293 0.6278593302945794 -1.870057171365382 1.9921107058177405 
-1.3200855643865155 0.8482993959742764 2.2101459536793353 -0.5407322356464446 -1.9508547795317261 0.6290110316923706 -1.8716556202758716 1.995871818498951 
-1.298079672782139 0.8531235933140808 2.214148333399864 -0.5368915063832117 -1.9996016788195012 0.6345618289262186 -1.8680424721428535 2.000781574497211 
-1.298169353189198 0.8534407727806935 2.21271008533434 -0.5348433812518778 -1.9996913592265573 0.6321860736677566 -1.8633252148450854 1.9976923767389902 
Ip_0IIp_3
0.0016949405100926745 -0.03969669394436554 0.009939453142868631 -0.03991783766447507 -0.02118948928754959 0.09566315545163709 -0.008361010723800374 0.0018674825152323288 
-0.030152516914853593 0.03535002542483041 -0.008388233952677232 -0.022174636105571018 -0.04181012144310683 0.04811664317406872 0.04766817951954108 -0.028609339702046148 
-0.02693072389565213 -0.05959405584658675 0.10938420580748541 -0.07506066168247184 0.008080116778009563 0.04481337638548156 0.043208148985945015 -0.043900406532241164 
-0.012284537748414615 0.22980273404410775 -0.0473646444525973 -0.012180231464571646 -0.05011684525420056 -0.037650738638127686 -0.029995110427415646 -0.04021062605832731 
-0.00665958810744 -0.04204062390766613 -0.01551863787020655 0.07312033471162588 -0.02509021466359782 0.0019425722325146309 -0.010819141810295661 0.025065299415056478 
0.011243924074141256 -0.04060765930822091 0.06276892373806159 -0.01809645585238787 0.016406648114276414 -0.012283561290385134 -0.007804331611627679 -0.011627487864047034 
Ip_1Ip_4
-0.025281470522409803 -0.059289287518051716 -0.020810517158846447 -0.005966190239603349 0.10346370426558729 -0.028159576710157626 0.07880203778495726 -0.04275869990124468 
-0.025171455880224576 -0.05669363591911407 -0.04155020910391289 -0.06508741156192581 0.06895250595469449 0.1391800360075231 -0.02522328906997459 0.005593459572583044 
-0.04320353863878369 0.2767718276546992 -0.052913979625389664 -0.07290057355801201 -0.06601581643644036 0.023296490723031246 -0.03523671760747294 -0.02979769251018257 
-0.025280177165654658 -0.05929025492180364 -0.020812775528949137 -0.005962998522209565 0.10346499762234251 -0.028162532487118728 0.07880532222748166 -0.04276158122331985 
-0.025175911134381584 -0.05670141298431 -0.04155443488832083 -0.06508736002422952 0.06898367380080253 0.13917390580737193 -0.0252249436952502 0.005586483118425363 
-0.04320928724972022 0.2767650179932318 -0.05291594703971943 -0.07290371373773341 -0.06598594194711171 0.023293316299816878 -0.03524165667529692 -0.029801787642289707 
IIp_1Ip_4
-0.027074037347249426 -0.05955220997275427 0.10933222814943923 -0.07503032239052071 0.008218251277910956 0.04477807803312593 0.043232229555189176 -0.04390421730504771 
-0.012031315109274812 0.22972453076507526 -0.04740283198848042 -0.012129043730388004 -0.050205633940496264 -0.03769015508088866 -0.029982185815721128 -0.04028336509916032 
-0.00678495817878414 -0.04217756232710668 -0.015602194447432537 0.07308193346749721 -0.024411124667905827 0.0018328515092902989 -0.010861906045175585 0.02492296068963069 
0.01095270132282567 -0.04070054421058411 0.06271006799307981 -0.018187159985580625 0.017183643103754913 -0.012341101214727666 -0.00794252628467783 -0.011675080724272167 
0.001991750612692571 -0.03962758228066157 0.01001958006684992 -0.03993797666742146 -0.02181160361718215 0.09578829820988395 -0.008393829605701727 0.001971363281299825 
-0.03008639022297307 0.035495132724367474 -0.00834659798305727 -0.02216332066164039 -0.04230321758028335 0.0481937232238849 0.04774194703340526 -0.028531276533107414 
II_1Ip_4
0.0007881708971116954 0.024791267658662006 -0.018379756667754182 0.08871278487756483 -0.028539385207107755 -0.030333513305110724 0.027275651468886383 -0.06431521972201884 
0.01738765524599816 -0.08214260973264471 0.05323378619778205 -0.03854143384610673 0.06770958119807764 -0.02785341112860771 -0.023151936486809913 0.03335836855184669 
-0.048140465585736016 0.0158868106307144 -0.0120753156106036 -0.06451105379531895 -0.030488709116244482 0.10276220465654248 0.06178453031527222 -0.025218001493960723 
0.021747177742971833 0.07558074898452034 -0.0020363896335087056 -0.031871556168058375 -0.007030653180319268 -0.050969240119111386 0.05210666541370533 -0.05752675303951729 
-0.018548335622094524 -0.05951226416837 -0.00634144478391928 -0.06002890563631715 -0.012039517853213397 0.1591588294125133 -0.012964987593737156 0.01027662624509247 
-0.03818134556822869 0.13748215946590187 -0.05891033276569712 -0.06309155266158263 -0.03840006217125873 0.08785191685313337 -0.006531334680427345 -0.020219448471045648 
I_2II_5
-0.8058983792244584 1.3536975365334678 -0.6133583246350416 -0.8008711748843806 -0.4597870915226621 1.563422431742474 0.45862157022336886 -0.6958265682204211 
0.28849319953874936 0.25255899570372753 -0.014307550527019096 1.2637026071781299 -0.5137678360096339 0.06673608832114394 -0.2820365229653526 -1.061378981238714 
0.38356033886292396 -0.7053152045284449 -0.323484779187576 0.008957983135726303 0.18029778776395172 -0.7323500013953289 0.23592542305017844 0.9524084522921724 
-0.3666705984807084 -0.9111118226328867 0.18901286383525154 -0.4891997907838346 0.6670375543177735 0.31316650045666466 0.20165450006238705 0.39611079322221565 
0.16529369237355662 0.294911696840699 0.12930816860415204 -0.20130646400984126 0.43060554493881664 -0.17183707959827163 0.02562858707028458 -0.6726041462149995 
0.8272664552898115 -0.8582022012911285 0.3022228730221335 -0.5977152146203399 0.8812396394639588 -0.6612320817560176 0.3091766316995721 -0.20275610181817366 
I_1II_4
0.2938804246777093 0.2507648454751869 -0.01383044144384646 1.263404104174407 -0.5171165632749595 0.0674481385808585 -0.2835633744578409 -1.0609871337313916 
0.3818667308829591 -0.7044572237201523 -0.32293638824520404 0.007927050208376094 0.17978972644987573 -0.7315181643161747 0.23588955897083086 0.9534387097654474 
-0.37321697632500983 -0.9093146192441626 0.18887568927937673 -0.4898508151748337 0.6706324233137557 0.31372418877561636 0.20086624483727333 0.3982838645357376 
0.17391869863860052 0.2968047203774346 0.13073320936089028 -0.19968895301408224 0.4109059334252764 -0.16955473641693342 0.02701243270522033 -0.6701313050747918 
0.826019846835607 -0.85833736879322 0.3012788242271865 -0.5969880087479041 0.8832910547594982 -0.6623891124080828 0.3108487179576407 -0.20372395384184427 
-0.8152355386689117 1.3508144178466956 -0.6159358706016338 -0.8016800744749127 -0.4372818616686851 1.5604209594087466 0.4566305682084133 -0.6977326000365678 
II_2I_5
-0.3601998983340526 -0.9108412487583035 0.1907378806617591 -0.4901948061445987 0.6665182590494807 0.31266541676622567 0.2019994345951172 0.38931496216072076 
0.17935052909518048 0.2975348989357053 0.13252748571203865 -0.20071193009317417 0.41115177501382055 -0.17021035331862963 0.027715533615275356 -0.677357938959976 
0.8414559998838129 -0.8556001626740173 0.3047124410662093 -0.5960845066491467 0.8619185774113369 -0.6607145211572611 0.3131447683947368 -0.2088325962829426 
-0.7985557670584235 1.3533159384073625 -0.6131557803911324 -0.7997145048467345 -0.4594344747715719 1.5609287210035145 0.4611807004863886 -0.7045648328217857 
0.2995465417589714 0.2499393156639463 -0.01393703166821506 1.2643318850197525 -0.5122099083420081 0.06423016094422054 -0.28106503647012393 -1.0708359269054348 
0.3938744769345235 -0.7073038760470444 -0.322321536811596 0.008471749631854455 0.1811165112829595 -0.733972467406233 0.236563903963676 0.9435712384439122 
IIp_0I_3
-0.2828703617861086 2.5959263515288744 -1.0775505775707166 0.17901440679940195 -0.7362050086687143 -0.19179252001732808 -0.43462631651626027 -0.05189597375942732 
-0.1729720861449565 -0.8579887499291896 -0.2890171736106439 0.07548262428079358 -0.1324999886797747 0.0681510801804801 -0.365188363682693 1.6740326575814568 
0.1144358132897628 0.005834936494952781 -0.7276278386260098 2.732819201111944 -0.5712462158280734 -0.11295223609483143 -0.2648917725394503 -1.1763718878062115 
0.9044055356132518 -0.6925589313059352 -0.40712295635454493 -0.0328456434943929 -0.1301221624890156 -0.5845668634283193 -0.0914617458752357 1.0342727673249748 
-0.09433416377600662 -0.6203546680861456 0.13262413940395248 0.5945618419606794 0.07967901357523875 0.045872504361181204 -0.11261501017440766 -0.02543365726418553 
0.5626569829110348 0.3987203672909397 0.5580110724388249 -0.6643637097959748 1.0725375680414289 -0.7350811913989073 -0.3542251219681112 -0.8382559675206138 
I_0I_3
0.0846219683636265 -0.5424308257002906 -0.15180296237605606 -0.11944611042957202 -0.12211264565074208 -0.35010135229771394 0.07892246429434586 1.1223494637926152 
-0.41694783543360514 -0.7258450255636083 -0.08757150277102846 -0.24771504284018073 0.15299274319633957 -0.07905081250296567 -0.17147330687821086 1.575610782793461 
-0.3131810917057451 0.4705615076530879 -0.5043139096115892 2.5125421718273993 -0.49466371615611837 -0.23806283351252122 -0.793454787271334 -0.6394273412173017 
0.08454024802173253 -0.542369700588969 -0.15166026795528667 -0.11964777810110157 -0.1221943659926388 -0.3499145924403398 0.07871493781413993 1.1225315192410477 
-0.41666633157455324 -0.7253536341017667 -0.08730449788708565 -0.2477182992300901 0.1510234124861742 -0.0786634776994591 -0.1713687598885843 1.57605158789455 
-0.3128178675039366 0.4709917740044641 -0.5041895991475599 2.5127405831098737 -0.49655132652353234 -0.23786225856552937 -0.7931427138006408 -0.6391685915637858 
Ip_2II_5
-0.04816620250124354 0.015868162596810318 -0.012033786419671972 -0.06450108809754203 -0.03053115574326791 0.10276116235079782 0.061816145356858594 -0.025213237542291024 
0.021595811627544512 0.07559862794455016 -0.0019917745586234487 -0.031878859143266706 -0.007000474349024211 -0.05095663197439409 0.05211732401598345 -0.057484023562511276 
-0.01847462526319441 -0.059442151535822677 -0.006253093680327559 -0.059999728102904416 -0.012516358071636612 0.15923121391571202 -0.012916602228104227 0.010371344966037161 
-0.03812850472556051 0.1375614174629806 -0.05883669720344153 -0.0630434610958059 -0.03886633401760772 0.08790134992831462 -0.006436402515237631 -0.02015136783326178 
0.0006636453881995726 0.02481051518361838 -0.01835883497422847 0.08875039613960505 -0.028551129379301404 -0.03035075816231458 0.027335825460632762 -0.06429965965577532 
0.017409628453134117 -0.08216903456625746 0.05326633754858721 -0.03850546794354888 0.06761464319538821 -0.027861355008359772 -0.02311735285541599 0.03336260117581083 
I_0IIp_3
0.928240068905046 -0.6963994432131275 -0.41423882490453023 -0.0299756302305905 -0.13489043825194827 -0.5878657069649887 -0.09143735642217102 1.0265673310703054 
-0.10720518371708981 -0.6342494049378619 0.11849886197261156 0.5902525498793645 0.1624205162875102 0.03269119868739353 -0.12006258321282931 -0.04234595496051118 
0.5494591983410081 0.38467651393736924 0.5469658311186485 -0.6730503124585341 1.1549523061247484 -0.7434550169527115 -0.3702833929834485 -0.8492651271258617 
-0.2627453958529273 2.5948605186125553 -1.0781890556671425 0.1727300309284674 -0.7446828517902596 -0.18661369139734782 -0.4440222676717178 -0.051337287157178654 
-0.1730646778608373 -0.8495775384875084 -0.29102218115725903 0.07102551346876888 -0.13915317918260886 0.07255223324033308 -0.3678901893321045 1.6771300193038556 
0.11772602430323661 0.011322352443588679 -0.7330302005153366 2.7331391688531013 -0.5745166036015601 -0.11222127507195541 -0.2667839555575611 -1.175635510849957 
IIp_0Ip_3
-0.012007653283303778 0.22976434537962045 -0.04743186112035309 -0.012171050927056655 -0.05018422941246326 -0.0376672266683701 -0.030020470786303204 -0.0402818531809361 
-0.006775925093711115 -0.04214565814578082 -0.01565412382436173 0.07306841642554651 -0.024346951313505727 0.001832974637469941 -0.010894985106846403 0.02491625242115296 
0.011133830259362749 -0.040722062584591545 0.0626525027637789 -0.01817560908829214 0.017156154635860735 -0.012358936396535252 -0.007957234888930602 -0.01172864470087983 
0.0019478180882368911 -0.03971712595831439 0.00991415564387773 -0.03996790079712321 -0.021280880332778848 0.09570153164063179 -0.008447335888052515 0.001849737603286895 
-0.030186156849910654 0.03538934666732327 -0.008445282202151011 -0.022227511017316796 -0.041645386014213685 0.048120832459888456 0.04762304886686269 -0.028628891909880844 
-0.02693411377227932 -0.059582060292917294 0.1093043033690903 -0.0750815278739084 0.00827510226533278 0.04479692394092933 0.04314692315784971 -0.04392555079369791 
II_2IIp_5
0.2171178504319207 -0.6003783101064327 -0.14812110460663705 -0.028183424241094702 -0.1598704908993576 0.08424371302333339 -0.190198641211784 0.8253904076030225 
0.10608113183547191 -0.37867701339065774 -0.015221803781461528 0.048733815835575324 0.24227978842873374 0.039474031524590614 0.5536644336696018 -0.596334384120165 
0.46308996255550977 -0.7839603653509637 0.21332285324050138 -0.24689589770109757 0.8994265306806191 -0.5613709687337809 0.12925558182373972 -0.11286769651944643 
-0.5362397663889282 0.4393970007608133 0.03634023963633813 -0.44541137020958194 -0.49802308673473045 1.1156622368052065 0.3150100622618626 -0.426735316127819 
0.18336796856895252 -0.6479483591894162 0.6283443514958321 -0.8643266895334265 0.48181014726141336 -0.028530188603156235 0.15259269911911544 0.0946900708763717 
-0.3137426449159111 2.2102572477272004 -0.8077309571282817 0.057787908450902696 -0.4116833248257094 -0.42881988838602697 -0.0003312285594962773 -0.3057371123526532 
II_0IIp_3
0.4551058308139685 -0.7840899367709339 0.21436904866737858 -0.24629251734193724 0.8994020759097598 -0.5607884101633291 0.13009534395285013 -0.10780143507459909 
-0.5467500959261995 0.43998245001399505 0.03754486591945322 -0.4452930969271775 -0.49657769308657407 1.1166788944211647 0.3151117979200767 -0.4206971223344398 
0.17874274566455098 -0.6458778541878419 0.6308080455795159 -0.8633701687283648 0.4696504556318745 -0.025826675780184223 0.15371270687662536 0.10216074494164554 
-0.3197366487244944 2.2128103256699814 -0.8056522438677337 0.05915505861160545 -0.4230928603984265 -0.42666088739551883 0.0019356580154927792 -0.298758401904591 
0.20767277808560147 -0.5991442570505326 -0.14721462340140593 -0.0268734797473833 -0.16199455831454224 0.08494814672227376 -0.18864844022333274 0.8312544339230181 
0.1005310381878624 -0.37864055395031154 -0.01408877261052433 0.050118238049205906 0.23793571653652168 0.040288878009297084 0.5548057823102767 -0.5909503265326835 
II_2Ip_5
-0.03775289656307378 0.13754109068285794 -0.05883676059902748 -0.06305134298289883 -0.038916559962471564 0.0878599237348951 -0.006423595184396637 -0.020419859125138284 
0.0010018255266869673 0.02478532627674634 -0.01836515035960358 0.08873726910794115 -0.028528770958276203 -0.030400586490646288 0.027344894177151455 -0.06457480727958295 
0.017748754347077983 -0.08219539561063677 0.05326133425759482 -0.038520478087912625 0.06763794737186944 -0.02790854929787842 -0.02311507112919977 0.03309145814855283 
-0.04779231180468904 0.015849120445270894 -0.012030850894962298 -0.06451320830938603 -0.030583099154064024 0.10272366117369248 0.0618245912319909 -0.025477902687505435 
0.02193990795850067 0.07558376630804318 -0.0019924784675196096 -0.031892054612440816 -0.007019504133142523 -0.05099831992677182 0.05212858993192456 -0.057749907058200795 
-0.018127865710922886 -0.05945946993849411 -0.0062554844152098036 -0.06001056836010101 -0.012532724634440068 0.159188234985759 -0.012907761846830847 0.010105639920160746 
IIp_2IIp_5
0.04101980625978648 -0.11990926492531466 -0.07221695646528549 0.015300705777091502 -0.06131041794332767 -0.039689473801839396 -0.036816102638164545 0.2736217037359393 
-0.056255663702243344 -0.12494844528319722 0.2780983418145781 -0.1765756003126992 0.009994088741779154 0.008720826061201227 0.12084117220376932 -0.059874719522904934 
-0.09727711952154373 0.39126732052432733 -0.12169587862241492 -0.06666413572815486 0.0784203732292396 -0.07949216846925258 -0.05019114102088852 -0.05436725039010894 
0.04110707868717022 -0.11997454288016628 -0.07236934555356644 0.015516074763177528 -0.061223145515944336 -0.03988892213524083 -0.03659447679556859 0.27342727942931644 
-0.05655629295121332 -0.12547322191180307 0.27781319660199466 -0.1765721226835974 0.012097215903311377 0.008307175706796621 0.1207295222849925 -0.06034547295025188 
-0.09766502119775201 0.3908078218507179 -0.1218286347465737 -0.06687602708499496 0.08043622796353292 -0.07970637049011148 -0.05052441678211665 -0.05464357951068896 
Ip_2Ip_5
-0.04239929091321946 0.2767156802998695 -0.05296547444162326 -0.07309414923263297 -0.06632473431079697 0.02344818297967475 -0.03554294530780767 -0.02983726907223376 
-0.02532644338815098 -0.05907908261241022 -0.02094249506007928 -0.0061317056503943975 0.10363801840890609 -0.028082570502948958 0.0786828387205065 -0.042758559915313264 
-0.025096194179009042 -0.0565836864953514 -0.041778449923845475 -0.06511675039283306 0.06923076821568118 0.1391599340210866 -0.025359039194613416 0.00554341794859798 
-0.04229477013805922 0.27663750094058126 -0.05314798140439658 -0.07283621515129556 -0.0662202135356368 0.02320931607676476 -0.035277517777363404 -0.030070119009768036 
-0.025686488400112215 -0.05970757504348442 -0.021283995801694804 -0.006127540709577122 0.10615680341326082 -0.028577973885409242 0.07854912253531213 -0.04332235210775933 
-0.025560759966188888 -0.05713399956719652 -0.04193744370274633 -0.0653705195334119 0.07164503244481694 0.1389033975414774 -0.025758182910310682 0.005212475693626803 
Ip_1I_4
-0.05501565650624316 0.8555198835313512 -0.24312403472527094 -0.1101992721197471 -0.032971421865349584 -0.15161555382462485 -0.15905136043160292 -0.10354258405444282 
-0.022821027129123175 -0.09475971347218091 0.17120348726965864 -0.15573032038182014 -0.14153923416306058 0.13661144852071463 0.046413870633661425 0.06062148872179541 
-0.12525898346468223 0.7713285181547128 -0.19362911302126162 -0.12003265210329109 -0.18347255848269733 -0.024263619347423642 -0.13261532736018372 0.007943735627287387 
-0.12385251517342077 0.1606979626463407 -0.08709410124585895 0.03318457766478439 0.05782423677336896 0.19560212260289145 -0.10086723900071468 -0.13549504426601594 
0.1590177777218096 -0.07631049580576604 -0.09398953974694255 0.23848866166129756 -0.03322383625663525 -0.11550212289966749 -0.08656912900338908 0.00808868432763963 
-0.15074399742411698 -0.15191858504215236 -0.027656744256878828 0.4621864287255985 -0.05710298218221138 -0.03251325424680745 -0.043885898668049775 0.0016350330961654822 
Ip_0II_3
-0.018528887077533827 -0.059435620507577315 -0.0062546685348494795 -0.059986633015975614 -0.012487996276588082 0.1592197345328946 -0.012897770586312425 0.01037184146597467 
-0.03810269509375125 0.13754317102662633 -0.05883283388215567 -0.06302995187053215 -0.03888353348647431 0.08789343351772133 -0.006428541175435496 -0.020159049035639438 
0.0006504290022841662 0.024792377620443833 -0.018353681247070545 0.08874869715200914 -0.028507153367582867 -0.03035952165160721 0.02733959054771043 -0.06431073805573037 
0.0173367897418259 -0.08217005318516513 0.053274026556418684 -0.038516894092410985 0.06769319170347164 -0.027861866885276327 -0.023127051148255324 0.033371857308870746 
-0.048117121899331906 0.01589676322920402 -0.012001123364554112 -0.06449403794930392 -0.030731115128225153 0.10279440632409986 0.06182723644939662 -0.025175007660388292 
0.021624443108636364 0.07563488709721337 -0.001967084960050545 -0.03186249597217093 -0.0071894449664947485 -0.05093520258575569 0.05215284879036497 -0.05745795051137169 
IIp_0II_3
-0.31739532944621146 2.2125348394375575 -0.80610059946011 0.05902656447412789 -0.4237726881741794 -0.42660838664039175 0.0014920662181215748 -0.29917646639824175 
0.20690163104441864 -0.5995619341077656 -0.148139340224868 -0.02733721478690117 -0.15744801666702904 0.08438339116523909 -0.1892142098452831 0.8304156934191801 
0.0999007395842896 -0.3792053153928984 -0.014993307953446557 0.049623398996915195 0.24262310662164382 0.039832860424591804 0.5537725522982723 -0.5915540345784002 
0.45740476286339815 -0.784333718240513 0.21399470672806323 -0.2465256137550214 0.8986798609051561 -0.5606390396131375 0.12954411099557722 -0.10812506988605342 
-0.5473752307476806 0.4398196510183356 0.036758640894707956 -0.44575852101102637 -0.4930526164645442 1.1163150441537968 0.31460025539898034 -0.4213072232332755 
0.17830084650852976 -0.6462194423326934 0.629967988381255 -0.8637620945503716 0.4733587679193726 -0.02617865787128208 0.15284134512438372 0.10169124681774054 
Ip_2IIp_5
-0.006848226060450323 -0.0421497575082661 -0.015643281895048506 0.07309371608152343 -0.024326156326524295 0.0018153793716738462 -0.01086100882308401 0.02491933515992118 
0.011134696065262756 -0.04074645398697614 0.0626748510568864 -0.0181586790605322 0.017127995331333346 -0.012365523715726584 -0.007939794206519699 -0.011727091484001676 
0.001902084299966733 -0.03972181340710674 0.009945829349925004 -0.03996779564644188 -0.02129824166421145 0.09570701577892109 -0.00843270485814391 0.0018656261469477242 
-0.030252454380500202 0.03541990955686511 -0.00840261354945229 -0.022226325521799286 -0.04174413240796556 0.04814700494249912 0.04763822865706849 -0.028579617296326947 
-0.026879581470349377 -0.05952413777527334 0.10936527162646417 -0.0750539175044827 0.007907951112906137 0.04484749031582323 0.04319417728043599 -0.04385725358544983 
-0.01200572401165963 0.22980730959886414 -0.04739339417339101 -0.012136151274215856 -0.05042104121102754 -0.037648356584368305 -0.02995722982262841 -0.040245412520657144 
Ip_1II_4
0.021619752673347217 0.075601910340911 -0.0019967747451518675 -0.031889249235744384 -0.007006281154133885 -0.05094951395128128 0.05210410280348589 -0.05748394673105487 
-0.018475880015141114 -0.05943243505482694 -0.006263009304230368 -0.06000599528162854 -0.012503780974240557 0.15923358791993927 -0.012924041321031001 0.01037155403084724 
-0.038106181048750645 0.13756205922248302 -0.05884999862818914 -0.0630429302532918 -0.038861616379761224 0.08789884777623097 -0.006442050112412335 -0.020158130575667985 
0.0006824472114296772 0.024796196832732438 -0.01837803523783981 0.08874864601009357 -0.028493311796979965 -0.030363382467372576 0.027328198904744003 -0.06432075945636427 
0.017385355618873676 -0.08219327291101866 0.05324131674328523 -0.03851765873529221 0.06776828702917795 -0.02788151197095716 -0.023138753367014167 0.03333623759238985 
-0.048161757684225835 0.015852450277751385 -0.012047992948786963 -0.06451512083106416 -0.030448995756509827 0.10275587156000891 0.061790941684352646 -0.02522539630093441 
Ip_1IIp_4
0.010880433146294157 -0.04070979308738018 0.06268012260317012 -0.018112145953632502 0.017240968537509817 -0.012407717682816767 -0.007851976817098321 -0.011719890746200149 
0.0019278126060695282 -0.039779017665607666 0.009967226401006047 -0.03991696224795676 -0.021327924874560603 0.0956790336414373 -0.008405591432842325 0.0018554235722459318 
-0.030184533875733277 0.035371072593692654 -0.008350639516842768 -0.02221047423185316 -0.04185374448379904 0.04814415870784702 0.04767871577681882 -0.02859455496976113 
-0.027200815066632432 -0.059520686848747215 0.10939746356050079 -0.0750898258153421 0.008221067168814244 0.04483603513089383 0.04318435359187332 -0.0438275917213112 
-0.011907482895408788 0.22990086596000733 -0.04727708661831378 -0.012110201405583108 -0.05103554877606187 -0.03754105750220793 -0.029924212146610736 -0.04010527661517029 
-0.006640822068182121 -0.04201462387868473 -0.015523317746156904 0.07316712525941545 -0.025220735606735493 0.0019170755745440105 -0.010716976374594449 0.025032274840377573 
II_1I_4
0.16679378359927846 0.2978303790310715 0.13255962425156861 -0.2000476283981164 0.412591253852569 -0.16902866402090386 0.027551335358340052 -0.6682500836740727 
0.8292923796560979 -0.8553323398906513 0.3049464682865149 -0.5956475120271261 0.8628707743304935 -0.6593335892778448 0.31287880665179385 -0.1996749877345848 
-0.8120765607199663 1.3540260838346425 -0.6128460048468617 -0.7995154840186206 -0.457815696969223 1.56248020755695 0.4607785545136299 -0.6950310993426974 
0.2874734903630953 0.2512534695271482 -0.013257714931446405 1.264817245907175 -0.5147132621229648 0.06633337133088664 -0.28120118021306567 -1.0607054198573105 
0.38266601971893904 -0.7057694748031095 -0.3216146026948832 0.009296157002595506 0.17667164338140995 -0.7318656974557106 0.23700111598132825 0.953614838861147 
-0.3732492230827636 -0.9098831986375638 0.1908733849059244 -0.48942943175940185 0.6666828046515562 0.3140212203025535 0.20227240786968503 0.3987120357471932 
