II_0I_3
0.8282941941861204 -0.8557293372262434 0.30564452605200715 -0.596225674675919 0.8635006850411784 -0.6585283012409271 0.3120580564633817 -0.19901414860482408 
-0.8126622426400171 1.3546131850038918 -0.613716701035103 -0.8001198630154341 -0.4577182689734506 1.562111424547121 0.4619174961533054 -0.6944250300330653 
0.28715450582567326 0.2510033713683652 -0.01376532111173675 1.2644414669243427 -0.5141822400513546 0.06704342262880579 -0.2810961905666661 -1.0605990150131017 
0.3787242288841482 -0.7058499130006011 -0.32245140414414897 0.009255046714564133 0.17866303667356817 -0.7317097253390407 0.23687456254466005 0.9564941676604999 
-0.3694224863489246 -0.908598079281399 0.19220993055913405 -0.5040519158789561 0.669929982934385 0.3156877849417987 0.2032683092698133 0.40097647380376433 
0.16379192418954153 0.2999546129414842 0.13289931090207274 -0.19997187202416689 0.4122300275585398 -0.16856371513473176 0.02763116409486904 -0.6679714525277681 
IIp_1I_4
0.5503854142708708 0.385865577435338 0.5449649792237894 -0.6726079496706865 1.155651416853841 -0.7443904361579311 -0.3700232589088517 -0.8498457430481793 
-0.2584962947911642 2.5936688798761587 -1.07838352988301 0.17374299387259953 -0.7453977446809434 -0.18650016978961786 -0.4457443107189289 -0.052889823878452945 
-0.17429960685221782 -0.8512271558302789 -0.2927283150726697 0.07081773186328694 -0.12785348606605634 0.06981835965518327 -0.369230225823574 1.6747026981230397 
0.11987546647089001 0.009147418273981241 -0.7341463092719812 2.731792684171319 -0.5626151384800366 -0.11391653570792588 -0.269268161145992 -1.1808694243075792 
0.9262495318293161 -0.6985439443281634 -0.41644356189730763 -0.01319446616886177 -0.13794875297218118 -0.5893798366387508 -0.09449902920834247 1.023760059368221 
-0.10363535194816846 -0.6359231958258642 0.1174352039451873 0.5892635026412584 0.16345004803687338 0.03266971574782831 -0.12099027408775903 -0.04226964851125001 
IIp_2Ip_5
-0.03008333566632396 0.035376192445262314 -0.008385559952768497 -0.02224515096667877 -0.041754819887968996 0.04815891995451426 0.04760579793239635 -0.02867204385785545 
-0.026815674602947454 -0.0595453543464304 0.10929000742119276 -0.07509936633249586 0.008137107789134785 0.04477704500774983 0.043233932049429866 -0.04397769698573245 
-0.011954963685164195 0.22975288521984638 -0.04744355367234263 -0.012185163296245548 -0.05015606908695786 -0.03765316058325646 -0.02999472781317743 -0.04036524708183682 
-0.0068151609806237625 -0.04215176703711596 -0.01567037025864485 0.07307593533159028 -0.02436165989705911 0.001834594287303227 -0.010881431701972116 0.024969860256422324 
0.011452820704099562 -0.040659513371994624 0.06273943492214779 -0.01885193194067375 0.017195198358216427 -0.012286826788765847 -0.0078818376015802 -0.011707344281928595 
0.00187379240661414 -0.03961662035614383 0.009944326125885488 -0.03996408589785833 -0.021295722587729812 0.09570708606270774 -0.008426043888994952 0.0017772681350570944 
IIp_1II_4
0.17853379271185363 -0.6458501717631991 0.6306652832466423 -0.8635547525065208 0.4702572110727036 -0.02563382284566601 0.15327541361446154 0.10230704646611141 
-0.3185032189602151 2.2127469703729994 -0.8062422373032246 0.059089963066620815 -0.42343666899267063 -0.42689939551180917 0.002221945449810033 -0.2989773581140694 
0.20672105272101948 -0.599863245527746 -0.14808002807773996 -0.027257405196623244 -0.15746618884494334 0.08450585663877203 -0.18902523192226997 0.8304651902077549 
0.09879046810247204 -0.3792851449449824 -0.014866316644527812 0.049680020177576875 0.24233550406751866 0.039976536857599276 0.5539531212415523 -0.5905841888564543 
0.45754052902531145 -0.7837182911278051 0.2147437329279056 -0.2507883609114405 0.8993350308385427 -0.5600024282464735 0.12999025328000846 -0.10710046579509004 
-0.54787983155096 0.44094859267636893 0.037439537226881425 -0.4455027706602307 -0.4963428390876128 1.1169167686345909 0.31499446685388616 -0.4205739240911885 
IIp_2I_5
-0.09477111914290563 -0.635054163470994 0.11968611620895446 0.5882626243246893 0.16239076321073964 0.03282350944368453 -0.12137914375823988 -0.051958586815199895 
0.5630447465284038 0.385479075181649 0.5447913803735916 -0.6746579334969546 1.1542349488054722 -0.7459187559281163 -0.3678313718903627 -0.8591420895736508 
-0.24599047220011636 2.59325448000133 -1.0796789858075038 0.1718701111012572 -0.7460842905568686 -0.18719463063735797 -0.4432816102284079 -0.06289460166525915 
-0.16750230829077495 -0.8517614185839423 -0.2939061162669475 0.07009399587986921 -0.12853721607636312 0.06984818247326242 -0.3682802283591327 1.6700451092238138 
0.13842401704800442 0.01173635575233552 -0.7314137580254396 2.703444562204441 -0.5614398108368361 -0.11153830947619804 -0.26587742287055083 -1.1833356337929588 
0.9394418989119218 -0.693136482385015 -0.41350041217933403 -0.030775623318464305 -0.13836013751392287 -0.5881653529670027 -0.09158828459871189 1.0160843940432625 
II_1II_4
1.3895415198327774 -0.586747445208799 1.3228136221916156 -0.6946122482208585 0.21886793124183934 -0.952811884972782 1.113811770783602 -1.810863265648074 
0.41255896426503036 -2.0510137353076874 1.2775748038639654 0.019534735100680163 1.9193881012929173 -1.5315727484051975 -0.06518746663781687 0.018717345819555396 
-0.8692290488980061 0.14386649736257712 -1.3574618630887387 -1.2116789470647116 -0.7342027260228805 3.0321902677379473 1.7419518606421265 -0.7454360406589032 
1.3984971490539586 -0.5891893969742648 1.327142464324171 -0.6963825433706358 0.21993944626247267 -0.9517584161611294 1.1112151680693265 -1.8194638712025883 
0.3969086921033301 -2.0545463724385638 1.2699086892349425 0.06542135006651051 1.9143025127475304 -1.5388854903764138 -0.0655981895834255 0.01248880823048225 
-0.8605709916003551 0.13617241390255652 -1.3598648534163886 -1.2137468141380185 -0.7314779216424464 3.033531856146412 1.7414469208783088 -0.745490610125639 
I_1IIp_4
0.11640171527381413 0.009951422618027233 -0.7356015192797409 2.7323618806097794 -0.5629182386151468 -0.11417047857302912 -0.268442871412615 -1.1775819106195151 
0.9319111823575651 -0.6971494700529274 -0.4137449044906066 -0.030222050674578976 -0.13608986945771942 -0.5867472648534345 -0.09412652222159552 1.0261688993852358 
-0.1069908772626416 -0.6331147587619024 0.11825882979895098 0.5899509249623249 0.16256406335247106 0.03231238627300399 -0.12077992977761426 -0.042200638588280534 
0.5530322814273266 0.38500065886801504 0.54646826492328 -0.6732486404122491 1.1560806309247127 -0.7439243982840967 -0.3709725864397816 -0.852436211007909 
-0.26353063676839833 2.59264901528945 -1.0809241874079225 0.1880760710018503 -0.7470145462158218 -0.1888654045927738 -0.44565250744820384 -0.05473780385072193 
-0.1717378858070265 -0.8536771486620426 -0.2935469843980312 0.07009189501046291 -0.12687723558026623 0.07037792283405225 -0.36936497659306883 1.6747344131932598 
Ip_0Ip_3
-0.02534398817246262 -0.05679419739919051 -0.041405305014098046 -0.0651702125860342 0.06904372233419703 0.13931549475875923 -0.02535595373287371 0.005710439811570735 
-0.04331573055325396 0.2768633668073252 -0.053041530094276486 -0.07300645139244674 -0.0660362357536032 0.02323142627341774 -0.035010829271201235 -0.029684016015150128 
-0.025455796536509465 -0.05931815531569424 -0.020873314054008642 -0.006040066092412446 0.10358803394154034 -0.02802210443992083 0.07883033381462284 -0.04270893131737387 
-0.02583585868509774 -0.056660077949107095 -0.04164305824689021 -0.06507298256891987 0.06898487145618896 0.1392576350336718 -0.02521334038028655 0.006182811339908042 
-0.042456169800976544 0.27705739002930835 -0.05262048366201804 -0.07552668445114523 -0.06575691969630591 0.02363306439990108 -0.03498827111243921 -0.029341925705133307 
-0.02593132349017041 -0.05889557274986568 -0.020741334485127414 -0.005926492516324003 0.10343837936174545 -0.02809578857337803 0.07885806664877305 -0.042705934195636064 
II_1IIp_4
0.09975566120559166 -0.3793963008131726 -0.014637469508575248 0.04961394807647144 0.24233152029594526 0.03992584981476728 0.5538663869000536 -0.5914595959706456 
0.45628789478509 -0.7841247338509592 0.21420938887726493 -0.24666163482264455 0.8989076868380658 -0.5605740490392117 0.1297196406750549 -0.1077641934657327 
-0.5469496844545627 0.4403061997212194 0.03729570344359238 -0.4456038887680579 -0.49623064367469427 1.1168882466991674 0.3149246673253587 -0.4206306002892313 
0.17844649857830766 -0.6456743435451515 0.6303853943708305 -0.8634127752336436 0.470127300260922 -0.025808316094519477 0.15349383831327582 0.10244240334792704 
-0.31791659531111366 2.212755691720997 -0.8058756409957004 0.05782398302495494 -0.4232663423104571 -0.42661160515700963 0.001999601999568593 -0.29890909296214363 
0.20663368395321938 -0.5996014111597774 -0.1479414566180436 -0.027115502557998706 -0.1576742190428366 0.08431966798376095 -0.189035689707222 0.8304149271451621 
Ip_2I_5
-0.1510592453216983 -0.1522935236116571 -0.028133179518486626 0.4619548287405987 -0.0544683660288391 -0.03286819962927326 -0.04434008340362247 0.0012077687724124588 
-0.05417688214346426 0.8554097743960071 -0.24309873095559506 -0.11032674648233358 -0.03326163868411297 -0.15142057576668344 -0.15949769470107708 -0.10362750566132051 
-0.02278772092776867 -0.09453099583950852 0.17110958030576195 -0.1558502273721567 -0.14143909702791477 0.1366083674378272 0.04627461939029207 0.0606154740336141 
-0.1248087936711157 0.7714201527678397 -0.19380095873015732 -0.12007082558964695 -0.1832100043179668 -0.024327143184502107 -0.13275894434002344 0.007556517067233723 
-0.12343730584169839 0.16039072830939485 -0.08750939447095397 0.034861967903738585 0.05746676092245095 0.19531220318716208 -0.10106266454257666 -0.13602229546586508 
0.15898394612885677 -0.0769681836862254 -0.09450513325546621 0.23830316797581183 -0.03051934369411897 -0.11595411640696499 -0.08685879023135443 0.007518453168817923 
IIp_0IIp_3
-0.09778128241612226 0.39109692921253475 -0.12137715536450376 -0.0667094310299337 0.07830710163248224 -0.07931793130982051 -0.050212933631339114 -0.054005297092042215 
0.03996252139100657 -0.11976453745460054 -0.07229628764194321 0.015371479645577533 -0.06103588220573495 -0.039843055307315633 -0.0363660697355564 0.27397183130755076 
-0.05666020874851733 -0.12513693869050851 0.2781459004555181 -0.17649901652686564 0.009997546532859754 0.00881590588948202 0.12095328395144968 -0.05961647286326623 
-0.09823329125162067 0.39122017948866905 -0.12159564083803295 -0.06662008063031802 0.07825302008842708 -0.07937110202497578 -0.05008187780703351 -0.05357120702352567 
0.04075242248236639 -0.11958623806811954 -0.07190936323263276 0.013055488788187158 -0.06077920220040454 -0.03947396633531753 -0.03634533971251448 0.27428619827753503 
-0.05709719852340531 -0.12474860263734759 0.2782671842685186 -0.17639464706663935 0.009860020109559213 0.00874819319175765 0.12097876928910165 -0.05961371863121622 
Ip_0I_3
-0.022106239558298945 -0.09410695621054962 0.17042390508012892 -0.15551393464707325 -0.14178657265889993 0.13607784335342535 0.046895486644763215 0.06011646799640159 
-0.12471316313596338 0.7710227541689013 -0.19327031358355742 -0.11958355988072264 -0.18311251495691724 -0.023984290745496926 -0.133765752609942 0.00740684074595386 
-0.12223423223795342 0.16070023575508718 -0.08704437052916475 0.033593430480414854 0.05708347486013804 0.1948894997816691 -0.10102160774430326 -0.13596643036409284 
0.16159386903906175 -0.07689010593858109 -0.09403647869425391 0.2382702777255991 -0.030693046737882364 -0.11626869171680623 -0.08686469083415282 0.0048888671557945585 
-0.15454187944395023 -0.15364915622066808 -0.02935726344246315 0.4737594431929524 -0.055595651296411364 -0.03430292730816809 -0.045536299050437073 -0.000776266429181308 
-0.05135496692303659 0.8536924808734884 -0.24348804904943172 -0.11056040916057518 -0.0331408583748632 -0.15175727844592413 -0.1595956839598504 -0.10379523495631969 
II_2II_5
-0.8560279206402304 0.14281908947153332 -1.358709612908134 -1.2132128420877206 -0.7341989857530037 3.032548246156275 1.7434683865756224 -0.7566863608074332 
1.4024293243733597 -0.589525460397752 1.3260248698541426 -0.6962484622546712 0.2186560603559717 -0.9519945989839839 1.11152918363943 -1.820870916586474 
0.42670499203569245 -2.0500049319344416 1.2756335242721724 0.01743294532911218 1.916819204699175 -1.5349482409478137 -0.06043782938123888 0.008800335912702097 
-0.8547787885129987 0.14247848577616415 -1.3581058255419498 -1.2134597630460477 -0.7340495307229347 3.032695184099171 1.7431062121492722 -0.7578859741960756 
1.4002464227269342 -0.590018193006004 1.324955599359615 -0.6898481922620949 0.21794672191730094 -0.9530145810221721 1.1114718959577117 -1.821739673680757 
0.4279126187987938 -2.051078103524 1.275298354922135 0.01714451900665149 1.9171992607068569 -1.534761116052759 -0.06050825843437261 0.008792724557076833 
I_1I_4
-0.3131581269443013 0.4706463672274762 -0.504487594465199 2.512514374500757 -0.4944368218965326 -0.2380683534936788 -0.7935695098986477 -0.6394403350266287 
0.08521877003862614 -0.542468070710535 -0.15185186603379786 -0.11960197140431114 -0.12234880423639774 -0.3499826932762252 0.07869064271626182 1.1223439929033499 
-0.4170103563724652 -0.7256812199043067 -0.08767858513585289 -0.2478491708940019 0.153135000137896 -0.0789795729148148 -0.1715696486086189 1.575633553688813 
-0.31318053733463436 0.47065247791975545 -0.5044984268744724 2.5125188044527267 -0.49443950323447367 -0.238070989673139 -0.7935630122108769 -0.6394188130401722 
0.08525793297171537 -0.5424592307091446 -0.1518326824995689 -0.1197167971679004 -0.12233607815991378 -0.34996439401479024 0.0786916705009643 1.122359579073051 
-0.41703202212464885 -0.7256619663809039 -0.0876725719398936 -0.24784399630388534 0.1531281816411779 -0.07898293007907534 -0.17156838505707803 1.5756336902425792 
I_2Ip_5
-0.12474388663965397 0.7713192184605311 -0.19371274095334573 -0.12015795260516486 -0.18317966292133095 -0.024224112475036134 -0.13285097730741102 0.007550114444546455 
-0.12244639415600102 0.16062404713684733 -0.08744305707903893 0.033134230049223175 0.05753292050899695 0.19538304119195424 -0.10066998275454309 -0.13611480489675679 
0.15907229438575507 -0.07678536387302272 -0.09451201442682021 0.23823948218573096 -0.030502340806849416 -0.11585626592902669 -0.0867741173297428 0.007118325792781208 
-0.15115671220911764 -0.15235018305381284 -0.028123447691084134 0.461899798828735 -0.05445745220004312 -0.03278426929303065 -0.04438503753977357 0.001357303157774508 
-0.052902216412270595 0.8557071432328599 -0.24289339974823695 -0.11288645150562593 -0.033103272629190765 -0.1512171509226412 -0.1590975661224314 -0.10360708589061893 
-0.0228563513327826 -0.09420867510997254 0.17114626759250287 -0.15587642080161423 -0.14147149738790143 0.13668189366544722 0.04636844732126162 0.060216336052984765 
II_0II_3
0.40833974546976676 -2.0505562953521035 1.2770067187513126 0.01653003412463916 1.9202577243516394 -1.5310400525286505 -0.06279800669302797 0.022260131867102982 
-0.8736370993919352 0.1445008580661427 -1.3602617211740191 -1.2144072600405147 -0.7322199815217353 3.033905529107193 1.7452237063879217 -0.7431040314280275 
1.3843073854013235 -0.5889030957570034 1.3246216010401237 -0.697119070571645 0.2220886273799069 -0.9485694146531526 1.1116767278063033 -1.8081027606491271 
0.40213818217530983 -2.048865300999788 1.2740090970528055 0.017755922015822073 1.9195157253186257 -1.5317695549849895 -0.060999920184048255 0.0282158495947987 
-0.8627996527995121 0.14694712646598668 -1.3549531165052808 -1.2461826652124763 -0.7286983306722312 3.0389694314942983 1.7455081223995836 -0.7387909151592226 
1.3783118836877972 -0.583575123329026 1.3262856155097804 -0.6956871210995321 0.22020176422195853 -0.9494984331763939 1.112026386755345 -1.8080649725730675 
I_2IIp_5
-0.1665103325804231 -0.8520842879211729 -0.29268369947705525 0.06990913209553444 -0.12799106550558897 0.06997203406870901 -0.3689276586715101 1.6683158779871028 
0.12443809825799232 0.009145794585368126 -0.7349040036940736 2.731432771703842 -0.5635700572034943 -0.11460882084317874 -0.2682955258506852 -1.183638256948808 
0.94018577492683 -0.6971273241466507 -0.41446984145353205 -0.03120858679824555 -0.13707497638325622 -0.5878970934246729 -0.09235960133448855 1.0199516486039129 
-0.10010680477574165 -0.6336516550139351 0.11784995985508308 0.5893285747391368 0.16217982748365706 0.032203025414188506 -0.12019192658613094 -0.04761100111843484 
0.5601166350358612 0.3853845230436243 0.5467176806535753 -0.6790912270043609 1.1556979599570896 -0.7438223992252146 -0.369959275753959 -0.8550438967133485 
-0.2513640060421299 2.594699945759938 -1.0789505657592962 0.1728982133065229 -0.7467243586782315 -0.1878742796005884 -0.4436961583055908 -0.05898879067306998 
I_2I_5
-0.4105260289052741 -0.7248833043238099 -0.08908887231227737 -0.2470676706583039 0.15157674030612453 -0.0809521330853487 -0.169955102142297 1.5708963711200823 
-0.3073167351523771 0.4694569219178102 -0.5030539309196146 2.5135192721390927 -0.49484401176961446 -0.2379373240293353 -0.7956844482368597 -0.6441397439410819 
0.09161097840524372 -0.5423891714829888 -0.15110355469805423 -0.11890880468256862 -0.12418465192444061 -0.3519762877644977 0.07864164657954831 1.118309845563953 
-0.4053974016851847 -0.7262817387594078 -0.08660987088827406 -0.24808146697225503 0.15219036565452052 -0.08034884227362626 -0.17144210065822518 1.565971055581878 
-0.3162791888027065 0.4674338838382063 -0.5074440908046632 2.5397971959733496 -0.49775637975550907 -0.24212511771688644 -0.7959196572679221 -0.6477066454535328 
0.0965691948791416 -0.5467953483003425 -0.1524796770554787 -0.12009301174271098 -0.12262423605883468 -0.35120799927599006 0.07835248232930422 1.1182785952254806 
I_0II_3
0.38122294175110927 -0.7067021626526467 -0.3209763770062495 0.008620893686018028 0.1790963145387478 -0.7312311614454423 0.23593296791983548 0.9540365832031866 
-0.3742770963981462 -0.9095548130744951 0.18974285886097694 -0.49032862036167235 0.6683752878923656 0.31340403560579366 0.20340819167241442 0.3992301558013314 
0.16621095637977237 0.29759782637733273 0.13209939211407143 -0.20068570572944447 0.413194300450788 -0.16799477140134897 0.027507571782337644 -0.6679295699726852 
0.8248084731547471 -0.8549497976915891 0.3042268843490185 -0.5956768606518351 0.8632179427749143 -0.6587536984327695 0.3128515936668141 -0.19572453717502966 
-0.8070588472345821 1.356017070758222 -0.6110610331552997 -0.8170594508418075 -0.45587461335413804 1.5647142800340637 0.46233183658228894 -0.6920092427755621 
0.2837879510613732 0.2537880140362064 -0.01295948597525441 1.265109447215502 -0.5150387673847298 0.06671587467446022 -0.28088236620431933 -1.060520667419944 
IIp_2II_5
-0.5446594258695419 0.44080082947963484 0.03656428997966978 -0.44512415616691003 -0.4969646038858707 1.1159166449748352 0.3157069238504437 -0.4222405023525114 
0.1806710294193938 -0.6462651664844377 0.6311754760507883 -0.8628638863661425 0.47004666602362616 -0.025637584219798573 0.1523145518777973 0.10055891369710158 
-0.31617236785003544 2.212701180565128 -0.8056639764287568 0.05965002104699772 -0.4242274713925989 -0.4277068625288938 0.0017880347051411982 -0.3003685581087576 
0.2118880560024975 -0.6000750826644511 -0.14743784821907616 -0.027232394763067286 -0.1580028422357867 0.08370643897526472 -0.189052662296812 0.8262063351982443 
0.09698562276335956 -0.38098055296449346 -0.016292182934777553 0.06407196230671133 0.24068307409867468 0.03785679668788316 0.5526410108599888 -0.5949657308171086 
0.4611162407150304 -0.7863965357482441 0.2139255291084959 -0.2468372273490465 0.8989219797759631 -0.5610447179206667 0.12936792819402404 -0.10905319677993018 
I_0Ip_3
0.1583574394423122 -0.07685864064860051 -0.09427027722844691 0.23821186090608187 -0.030411519054894327 -0.11573009098014855 -0.08700734814659182 0.007708575709326726 
-0.15131599770405602 -0.1522285779962408 -0.028220704585268503 0.4617597145711576 -0.054433769303796564 -0.032872208116254485 -0.044120808990858296 0.0014323521253502385 
-0.05446720378999861 0.8554271171953347 -0.2432642312256376 -0.11049463325030438 -0.03310971357916146 -0.1512730515830048 -0.15932711310663453 -0.10349117065795711 
-0.0237841752937952 -0.09450044898252563 0.17094342869926574 -0.1558804251995237 -0.1413185757128795 0.1367997728807678 0.046300958303290195 0.0614394653048582 
-0.12421080338284388 0.771828568969868 -0.19346784218032287 -0.12359791907939528 -0.18283564710792738 -0.023826163706166942 -0.13242173817423575 0.008531544663721862 
-0.12383975988133748 0.16109591737652526 -0.08723873054430469 0.03329934802007731 0.057588800843571035 0.1956071951422282 -0.10084090849700778 -0.1356718624591415 
IIp_1IIp_4
-0.056702085987577894 -0.12511788593961515 0.2782248165803385 -0.17643903428675106 0.009922449404954275 0.008729316164136997 0.12090120970713285 -0.05951878564232307 
-0.0978051635420649 0.39121008050585326 -0.12153297192804324 -0.06664504092702563 0.0782389868665876 -0.07943483769155002 -0.05006058478428087 -0.05397046849827747 
0.039873257392844766 -0.11984684605154212 -0.07218967881201936 0.015460428932186857 -0.0609801703485394 -0.03974110618498204 -0.03657571417592258 0.2739998292469673 
-0.05678252741623707 -0.12509595179250263 0.2781859339695307 -0.176423133106883 0.009912824821700547 0.0087198536758957 0.12092453296303461 -0.059441533114199356 
-0.09766458936009699 0.391241811428473 -0.12146411320266372 -0.06705720458111641 0.07828466673990124 -0.07936915303699718 -0.050056895580565565 -0.053914522405617615 
0.03979548882053343 -0.11977773610400624 -0.0721680946251265 0.015479002968402914 -0.061004645139976436 -0.039753156626751336 -0.03657117869607968 0.27400031940188313 
II_0Ip_3
0.017313823373300494 -0.08222787383030077 0.05332785299587505 -0.03855421664044359 0.06772526567517176 -0.027800378258796356 -0.023196546196585587 0.03341207288123342 
-0.0482029651179134 0.01591284281124021 -0.012099561645943523 -0.06455823081864008 -0.030546707857732596 0.10273261401125679 0.061919571441641424 -0.025157562823713585 
0.02151273233271882 0.0755890748104929 -0.002026335878176105 -0.03192055395604834 -0.006936684703998339 -0.05088574730825439 0.05212644428721369 -0.0574589295836549 
-0.018802487606429885 -0.05942154472961643 -0.006305312700751578 -0.059994350081876986 -0.012492495256676736 0.1592697156031174 -0.012915761403232086 0.010662236175062977 
-0.03773785097049657 0.1377001447508846 -0.058698689470508 -0.06434030810858202 -0.03874131098126283 0.088065643932696 -0.006315484920711208 -0.01993214423124819 
0.0003368915729602605 0.024994851599339073 -0.01833630989009535 0.08876494537064611 -0.02850115717774985 -0.030328132082996985 0.0273554613882103 -0.06428655078004472 
I_1Ip_4
-0.12326113589850979 0.16040702135263177 -0.08709701930588039 0.033110569745463836 0.05778036350185617 0.1957416066517899 -0.10113028319061312 -0.1355511228563289 
0.15840842567248448 -0.07657505537642968 -0.09467598307707832 0.23815258445519785 -0.030564776917456755 -0.11602030976503974 -0.08646071998733401 0.007735834994738977 
-0.15143473961454906 -0.1524018786334092 -0.028148853226631847 0.4617781887289667 -0.05421411490774859 -0.0325567945235889 -0.04438254571391118 0.0013607378909692488 
-0.055331640680184944 0.8555259097471181 -0.2433330975912581 -0.11037181321084315 -0.03321564258117973 -0.15133227375456362 -0.1593463124442932 -0.10259512948284721 
-0.02166778436875758 -0.09408056641802605 0.17154515356589867 -0.1601854811955417 -0.140936577763014 0.13724319829376153 0.04669249196536262 0.06138956592070013 
-0.12626274691227712 0.7720841301568665 -0.19374713695876455 -0.12000232228434628 -0.1832362408820535 -0.024171575828031377 -0.1326685522737467 0.008004444985805732 
other
-1.30834299086876 0.8443648901114664 2.20865619692432 -0.5411302443426191 -1.9525355061953207 0.6299971802511019 -1.8747538727799067 1.9937443468933111 
-1.307260006616614 0.8477156815465007 2.2038528053969157 -0.5415056539638106 -1.954471141012998 0.6264561994798042 -1.8684634503149773 1.993675565478502 
-1.308191989094894 0.8455658956714426 2.205027523463401 -0.5409792425687598 -1.9520576659066915 0.6300482858540143 -1.8719687653794777 1.9925559579599124 
-1.3169765738485433 0.8467190287970776 2.2044830208321424 -0.5394236093647428 -1.953568489318412 0.6289815943916619 -1.8722506444249425 2.002035672930055 
-1.2921725214108148 0.8511212843320364 2.2112432449923816 -0.5857421769579683 -1.9495684312604271 0.6335059737698214 -1.8680674970481554 1.9996801235956008 
-1.3165387008982816 0.8529832983313782 2.2073441017719055 -0.5389857364144788 -1.9546844857697465 0.6287549412363499 -1.8714819833520102 1.9926085650974155 
Ip_0IIp_3
0.002022701981604183 -0.039645270564961206 0.009827987024648417 -0.03991349446006199 -0.021334721665036183 0.09561369867501157 -0.008355217637040821 0.0017843166454778435 
-0.03009591805616885 0.03534513480267502 -0.008336837331144022 -0.022148772645334925 -0.041751016446378096 0.04818318884484385 0.04748320020922868 -0.028678979377483236 
-0.026808354730061004 -0.05954298329428355 0.10936396562278311 -0.0750176876206052 0.00807665572232662 0.044715340060627114 0.04315374041764681 -0.04394067617822065 
-0.011597015143095635 0.22974248339576506 -0.04736590002642422 -0.012170865038378052 -0.05019388597367662 -0.03772651726805048 -0.03001280461563548 -0.04067549533001139 
-0.007280164449203986 -0.04234792196761199 -0.015844079125441595 0.07484431036086343 -0.024530813068181133 0.0016032875976803426 -0.011055854395059702 0.02461123504716574 
0.011559521099956538 -0.040991526334549465 0.06261636421820006 -0.01819930926349909 0.01716376177754182 -0.012402093266791432 -0.007986497782261799 -0.011760220448978797 
Ip_1Ip_4
-0.0255039543006364 -0.05940892557614612 -0.020633898679380563 -0.006068031698154843 0.10358211434107281 -0.02799387789015768 0.07864104259729124 -0.0426144687935094 
-0.02530776696805369 -0.05658209022935496 -0.041708713665300136 -0.06521584266821498 0.06892959026979685 0.13909887136947757 -0.024946433203983407 0.005732385095214398 
-0.04340641945439888 0.27673415348898756 -0.05298908630163396 -0.07299386085340281 -0.06587122104064767 0.023467876191451874 -0.03520495124583926 -0.02973649078312776 
-0.02610804388559483 -0.05924420709652339 -0.02092589473931838 -0.005948618886759227 0.1035098367771531 -0.02806493817200542 0.07881619284281075 -0.04203432683889442 
-0.024252099500970164 -0.0563438010766929 -0.04119160650388137 -0.06831106082750006 0.06927263161266274 0.13959214226691696 -0.024918728455623866 0.0061525224853223245 
-0.04399043673690216 0.27725314724912514 -0.05282699591207883 -0.07285437573955214 -0.06605501895227717 0.02337738120046436 -0.03517089123239291 -0.02973280987528774 
IIp_1Ip_4
-0.026987227079367813 -0.059601238911581055 0.10937734958930642 -0.07510229144168731 0.008194444672501038 0.044862671100724845 0.04311763531647589 -0.043861343246354795 
-0.012088703420573027 0.22980325516688074 -0.0474806184234281 -0.012204171988857843 -0.05017725878482824 -0.03769914273165229 -0.029919317096645803 -0.04023404272037178 
-0.006841137513541254 -0.042166258084040835 -0.015673245625064718 0.07304590918970363 -0.02430686797643188 0.0018844010138323343 -0.010880136254241952 0.024937335249771108 
0.010867750799195917 -0.040712694427939955 0.0626254676005342 -0.018169346358209177 0.01715772551673175 -0.012327045174153575 -0.007948055741642228 -0.011493802214856227 
0.002198971280664141 -0.03959879176013338 0.010038316319203279 -0.040999655202798024 -0.021169036487816185 0.09583738754616782 -0.008348919497240665 0.002041727801858387 
-0.030421971289439128 0.03556171581623094 -0.008397803894105814 -0.02220570366794464 -0.04177377819848155 0.04816499500831527 0.04765459429566488 -0.028582048069918587 
II_1Ip_4
0.0006168910822629455 0.02477990846517626 -0.01833999099070787 0.08872862134647291 -0.028467120467824278 -0.030331859361386992 0.027301380378084713 -0.06428783045185502 
0.017376000895105145 -0.08215986882469216 0.0532295602796888 -0.03853464960950913 0.06767554447268033 -0.027881596233856273 -0.023082970715988343 0.033377979736027796 
-0.04818247563886201 0.015860671815295917 -0.01204847208195077 -0.0645217720072715 -0.030512943913650694 0.10279424131754529 0.06181390869016481 -0.02520315818079334 
0.021454023018072994 0.07561129157572766 -0.0020148667587563886 -0.03188024760756711 -0.006989028573537852 -0.05093809070494395 0.05211612069593119 -0.05735920164440791 
-0.018316051654427776 -0.05937896144901502 -0.0061973611388341735 -0.06055384704110325 -0.012454273499106952 0.15930172318157146 -0.012867933283108444 0.010466704884051827 
-0.038242472112632736 0.1376410950391234 -0.05882793487360298 -0.0630340546957124 -0.038877156979163004 0.08791319850212029 -0.006426456040672696 -0.020146218838794944 
I_2II_5
-0.8105259034780711 1.3544131814011098 -0.6135022866254677 -0.7992498777712338 -0.4580739575442139 1.5618726088119892 0.4612121210848075 -0.6961458858656272 
0.28935968316519334 0.25078663734957185 -0.012929925939567202 1.265223932006476 -0.5148950423507077 0.066408970059477 -0.28199903733301074 -1.0619552169533357 
0.38387128159200645 -0.7059851267188959 -0.3216873548019 0.009442160502204977 0.17792641217302277 -0.7327496418484274 0.23678149210565952 0.9524007769900739 
-0.3702321871644886 -0.9103487908301815 0.19096975510449407 -0.48968486966840535 0.6682521178381168 0.31345106769746184 0.20192371599053843 0.3956691910309792 
0.16550445549456563 0.2967148338026909 0.13148824875020365 -0.19070784156487192 0.4113303849589127 -0.1702444071275142 0.026494426050637662 -0.6705801003634184 
0.8324565676742282 -0.856654378681213 0.3046253081218347 -0.5959146374589464 0.862981386685691 -0.6596199276389928 0.3126484288142724 -0.20052274752367477 
I_1II_4
0.28742063814901864 0.25080445335825075 -0.012888314906754449 1.2645476116052223 -0.5145006246702355 0.06678070854113924 -0.28172547548680643 -1.0604389965869159 
0.38196789591268254 -0.7057059340590243 -0.3224129704353608 0.008795335633978694 0.17841100757712325 -0.732382349516556 0.23765492597765042 0.9536720889047838 
-0.37413956815506694 -0.910283834908405 0.1903788277632136 -0.48990090203031267 0.6689327152856606 0.3143533685491928 0.2020027795687464 0.3986566139262397 
0.16485739122502976 0.29792818350848776 0.13217446304131047 -0.20013129304304078 0.4125169805982188 -0.16863488475345842 0.02737533461647904 -0.6660861751908486 
0.8320044677514434 -0.8541329870899876 0.3059290184019062 -0.6054437195703487 0.8639551718039318 -0.658037937522344 0.31370523821986607 -0.19797925200517896 
-0.814409511778229 1.3555517077695047 -0.6127475732940272 -0.7993984352055339 -0.45773253722643237 1.5627122696188647 0.4608781770856 -0.6948540969607402 
II_2I_5
-0.3596341887662843 -0.9097691542210433 0.18937387477074252 -0.48903962483894226 0.6660374969893623 0.31104667604246683 0.20383219264775787 0.388152727371457 
0.18058428110154517 0.29627046478291347 0.13405080173528078 -0.1993805536968245 0.41105412403759156 -0.16967778106612147 0.025640472620299982 -0.6785418095131561 
0.8430577158148167 -0.8554771243665966 0.3057085863183121 -0.5952662428871015 0.8602617977611207 -0.662100412028572 0.3131108138905536 -0.20929513450893059 
-0.793177544834179 1.3531521819457124 -0.6118352757521927 -0.7999390037282685 -0.45948091739948443 1.5602622757101865 0.46116339257987327 -0.7101451085138072 
0.29264302050426844 0.24767952150758765 -0.01614575369731249 1.291138536281877 -0.5190045967117688 0.061463572178051394 -0.2831625756928769 -1.0746117243681366 
0.4009984933234693 -0.7106073348244046 -0.322415345247367 0.00853188763273677 0.1772606611995896 -0.7342188957774728 0.23686327574995175 0.9435872579361145 
IIp_0I_3
-0.2588739936404983 2.5943049339079893 -1.0792937593122591 0.17304590110457813 -0.7455775447383247 -0.18701425588555862 -0.4441864147614908 -0.05240486666127297 
-0.17505114671310007 -0.8514670613865352 -0.2931123844707745 0.07032801916923533 -0.12707906856050594 0.07073502913318991 -0.3691138325779947 1.6747604454038594 
0.11577825244748037 0.009383005264239092 -0.7347574542022918 2.731889670469783 -0.562457263308471 -0.11346534120210566 -0.2692035793938349 -1.1771672900733607 
0.9317815780622851 -0.6966426907675713 -0.41445986058047596 -0.030841648655089433 -0.13623649754741698 -0.5871807793370158 -0.09282966690709923 1.0264095657256647 
-0.10782108056231778 -0.6333799803822314 0.11781923401012433 0.5902434027398417 0.16314121231508188 0.03297894241329444 -0.12069398907307538 -0.04228774145950329 
0.549724400939402 0.38508203620947645 0.5459132715799138 -0.6731957020339975 1.1562464448187575 -0.7435300559240166 -0.370924074431985 -0.8493163211551866 
I_0I_3
0.08532637237387103 -0.5424155008011537 -0.15192910118658592 -0.11954787657002558 -0.12240249582514051 -0.35005920468619606 0.07875846438914544 1.1222693423017651 
-0.41693617205725414 -0.725733951270666 -0.08759991980604728 -0.24778401974339234 0.15313909620871324 -0.07894823327812411 -0.17170088538943465 1.575564085334422 
-0.31305271030295584 0.4706678922149583 -0.5044572209324394 2.5125624980545247 -0.4945113501389806 -0.23815574745156412 -0.7935775224231141 -0.6394758390148556 
0.08561206751957706 -0.5424934019451455 -0.15179100601148962 -0.11960435107500673 -0.12236831323058424 -0.35002559778701087 0.07867562969730571 1.1219949728308665 
-0.4174354342158246 -0.7258466465654186 -0.08784447791306113 -0.24632018255085103 0.15297685993039115 -0.0791815183801576 -0.17171398793588163 1.5753653876322122 
-0.3127765080530328 0.47042244186902926 -0.5045338791606695 2.5124965306537628 -0.49442442566204037 -0.23811294919718312 -0.7935936305974793 -0.6394775798450275 
Ip_2II_5
-0.04800172497808684 0.0159493958327407 -0.012155763073306496 -0.06443421696220861 -0.030617006089716174 0.10264991183372624 0.06192179602245687 -0.025312392585153637 
0.021688250668103377 0.0755253770997528 -0.0018851181207377961 -0.03179335076840299 -0.0069820687597028025 -0.05089969256372648 0.05192552881072042 -0.05757892636556635 
-0.018334838958525276 -0.05941455572568601 -0.006205131716874373 -0.05993622058316078 -0.012611145970768383 0.15911343645694845 -0.012940526173255593 0.0103289826710509 
-0.037547224994639666 0.13752781365299802 -0.058762772165966044 -0.06305232641358903 -0.03890011732033858 0.08783312945730042 -0.006444535983703534 -0.02065396623158449 
2.3470976653327754e-05 0.02455882521443999 -0.018614985668663285 0.09095881216796954 -0.028707829872937192 -0.030643954257702877 0.027121835437227272 -0.06469617399640593 
0.01793885750581545 -0.08251052746580813 0.05319933457179637 -0.03854368568067139 0.06770357730244196 -0.02792319547701814 -0.023174170270994478 0.0333098095138293 
I_0IIp_3
0.9325917637065744 -0.6961316215366625 -0.4152243893719846 -0.03040224000645027 -0.13672160114665943 -0.5878753241759357 -0.09212956890087463 1.0258929814189879 
-0.10693309047975556 -0.6337843618321788 0.11857591249919203 0.5900529910307392 0.16328950455086672 0.033398468313771544 -0.12177768736810236 -0.04282173671753724 
0.5504971597524698 0.38533988379183604 0.5462620299015585 -0.6727937202165873 1.1556029239672656 -0.7442432584925517 -0.3710310743705889 -0.8496339443344948 
-0.2553858125513491 2.5940857880365806 -1.078763837515789 0.17295593965164296 -0.7457422339623138 -0.1873937826942759 -0.4442627770209571 -0.055493283938542665 
-0.17884304639850637 -0.8529278048078754 -0.29464809879352033 0.08385904934261458 -0.1284515162545934 0.06896783099673115 -0.37032034906297173 1.6723639349752077 
0.11914002398579066 0.007340096535373456 -0.735127260370562 2.7316732994660042 -0.5622859878403969 -0.11377736954072534 -0.26946157111036256 -1.1775012311205408 
IIp_0Ip_3
-0.01200796349589341 0.2297855122652909 -0.04745703329747763 -0.01214629370966483 -0.050189056237976544 -0.03770026255051671 -0.029981150199663072 -0.04030375277324244 
-0.006751468067924794 -0.0421727515927373 -0.015623220804114149 0.07309615331540638 -0.024351315030141023 0.0018419238815601561 -0.01093269124796957 0.024893369545797035 
0.011163714708080088 -0.04072135821049167 0.0626747674794712 -0.01815959597386445 0.01712054173943934 -0.01238509355252471 -0.007955889894040268 -0.011737086296312139 
0.002037600636072826 -0.0397183583664329 0.00994269350212557 -0.0399731020174427 -0.021278940572031387 0.09569004663883428 -0.008447033662762034 0.001747093841288341 
-0.03031140406544057 0.035352325584843004 -0.008480508613577502 -0.02171498611341938 -0.04181334202652332 0.04807409866465101 0.04758683316678397 -0.02869301659673562 
-0.02679246388677628 -0.059638674713375306 0.10930810485923574 -0.07507630298916967 0.008163002212979092 0.04479613332806033 0.04316033803457059 -0.04392013684535588 
II_2IIp_5
0.21306652858074643 -0.6003933995006445 -0.1474826649979604 -0.02751286514366892 -0.15822053468513947 0.0838873924512616 -0.18911999964826934 0.8257755429363532 
0.10609844703596943 -0.3794091535763248 -0.01495179115449435 0.04922612022066795 0.2414232183292261 0.03891508689898043 0.5548428982210675 -0.5961448259745454 
0.46245488593171735 -0.784569635649447 0.21422369360725751 -0.24695752509121233 0.8984275745807296 -0.560926967010364 0.1299659368202255 -0.11261796319264675 
-0.5420928637554763 0.44010401911565616 0.03719042778320638 -0.4456790157742833 -0.4970162154549731 1.1162608822351725 0.3152371226438799 -0.4240043567906603 
0.18735811916327993 -0.645241312837264 0.6313276483058301 -0.8705974721815036 0.469998562765096 -0.02571274207382831 0.15445277869528887 0.0984144181594991 
-0.3134917556489769 2.2133355260730654 -0.8057382665780242 0.05920921152661316 -0.42429954194719477 -0.4273811703577618 0.0023077795281817915 -0.3039417825877756 
II_0IIp_3
0.4552456008442952 -0.7847988571816724 0.21519229947980312 -0.24714366195215343 0.8995111565582037 -0.559669843184263 0.12874308053684386 -0.10707977510903162 
-0.5475703192611768 0.4409138592128339 0.036500537336281835 -0.4462384121123318 -0.4964040909632205 1.1163968121223997 0.31633787609266545 -0.41993626242573634 
0.1777614569915465 -0.6458820048878934 0.630033082755662 -0.8639048758071227 0.4708759121994032 -0.02496420457184615 0.15364494554669367 0.1024356877706742 
-0.3225587752312931 2.21282905183372 -0.8066358318066461 0.05933792294920245 -0.42319002397657485 -0.4262950876752099 0.001918278160462651 -0.29540553424732924 
0.2117429836584718 -0.5979899515659194 -0.14612928749166956 -0.04385036020947531 -0.15598837284494996 0.0864244455894824 -0.18749408019648267 0.8332846230550465 
0.09577566998130527 -0.37684143798790687 -0.014279812301342006 0.049897740151773944 0.2420955999123768 0.040269431714053346 0.5542719133958981 -0.5911891048673893 
II_2Ip_5
-0.03779605584838014 0.13752035551127528 -0.05880544543014982 -0.06306821246655113 -0.038894168491998754 0.08788821073601494 -0.006450241905160283 -0.020394442104275545 
0.0009782401031455403 0.024803805859860674 -0.01839229018469658 0.08871559127311002 -0.02853371852128518 -0.03041528088167605 0.02739418496800632 -0.06455053261609171 
0.017712895130250896 -0.08220261621558407 0.05324935773415664 -0.03853670325545741 0.06766184520839268 -0.02787836261615775 -0.023108758030268867 0.03310234204420509 
-0.04794236601940908 0.01585790287462156 -0.012049468016945158 -0.0645110241316434 -0.030574183245657822 0.10274124610448482 0.06182673328592119 -0.02534884085110383 
0.02210444742590824 0.07564878920454787 -0.0019262364204289098 -0.03245747689360983 -0.006982967621329154 -0.050922672368181446 0.05218374414452453 -0.05764762747131111 
-0.018262851855707477 -0.059371420749720724 -0.006237802591998396 -0.06000039960845548 -0.012559109449536605 0.1592044373613712 -0.012892490410197287 0.010119637303924175 
IIp_2IIp_5
0.04015208540736336 -0.11999086074510197 -0.07198684589334985 0.015352866603897184 -0.06093869018443439 -0.039643593708672056 -0.036730335643452884 0.27378537416288506 
-0.05634248992638173 -0.12500516443070403 0.2780418474743095 -0.17657269972030856 0.009826538351948329 0.008567821615489352 0.12123350020799144 -0.059749353572053084 
-0.09752395364547371 0.3911340454032677 -0.12158510315625788 -0.06673663312291829 0.07833797018360462 -0.07930011175432117 -0.05004377345707766 -0.054282440449498606 
0.039519416157049646 -0.1198183493833075 -0.07229265637736298 0.015477928872275953 -0.06101438722236687 -0.03971801587454076 -0.036546898985687526 0.27439296281287195 
-0.05523687850475512 -0.12475560174458102 0.2785834191354945 -0.17981435360898038 0.01018580908682064 0.009084429311666652 0.12126251567645553 -0.05930933935207819 
-0.09813560096632407 0.39167759291893317 -0.1214153442201203 -0.06659054892507629 0.07814547673595547 -0.07939488809127004 -0.050008102053775594 -0.054278585396693044 
Ip_2Ip_5
-0.04324274565745526 0.2767285545072951 -0.052851638331586584 -0.07293585144785367 -0.06598497339009023 0.023349025463637527 -0.03528869284211645 -0.0297736783003747 
-0.025304335350356047 -0.05925196513653258 -0.020862914928886738 -0.006008254413994016 0.10345643499840933 -0.0281921352056333 0.07889958950037157 -0.04273641946316192 
-0.02520576503858332 -0.05670996376457545 -0.04157410847422329 -0.06511746168516447 0.06899590628033489 0.1392325556565068 -0.025210172158305247 0.00558900918390285 
-0.04344507257532755 0.2767837234475908 -0.052949436181988996 -0.07289585667450177 -0.06600918121810075 0.023325225338285453 -0.03523003000440256 -0.02957937213048315 
-0.02495076205568332 -0.05917215526893158 -0.020689720918031902 -0.007044931697796984 0.10357132937715721 -0.02802692464283451 0.07890886861471819 -0.042595703408288596 
-0.025401369166948826 -0.05653613787772804 -0.041519819756566996 -0.06507074412230583 0.06893434709128034 0.13920224629003786 -0.025198764483508062 0.005590242025436657 
Ip_1I_4
-0.054172564991924785 0.8555080333700047 -0.2432390353255311 -0.11035631300944429 -0.03331127479135996 -0.1515180272213832 -0.1593036154656612 -0.10360720256057246 
-0.02284194895845131 -0.09458820630496198 0.17112542731552918 -0.15585238570582607 -0.14135793575542327 0.13672139869262212 0.046195394621098895 0.06059825609473005 
-0.1251480195591119 0.7714547771789197 -0.19383229852261644 -0.12003117041804147 -0.18323950752627238 -0.024337469897881395 -0.1327640681901187 0.007897756937625906 
-0.12269836665087276 0.16055174120719645 -0.08729119099681248 0.03324394423262283 0.057613384958162976 0.19548570844995736 -0.10091469261821391 -0.13599052858080912 
0.15827632723525434 -0.0768474762495779 -0.09458526462121496 0.23943034085488768 -0.030647513342517693 -0.11605519381535437 -0.08693046953370095 0.007359249470950669 
-0.1508965050124456 -0.15251892461329203 -0.028074012787864932 0.46188702857059205 -0.05439881139454004 -0.0328120176385934 -0.04444444044888781 0.0012576833257083525 
Ip_0II_3
-0.018558407589357954 -0.059487322807245835 -0.00618854577744626 -0.060041961913229934 -0.012463901419467974 0.1592975892037861 -0.012985544720455542 0.010428095023498214 
-0.03816217420349533 0.13760373374749782 -0.058906135182720795 -0.06309387519463114 -0.03887929927856049 0.08786744460492718 -0.006327833946882144 -0.020101860545790617 
0.0005728462730603024 0.024786107630741693 -0.018401214278900895 0.08870920822232155 -0.028427820385849487 -0.03029245131438437 0.02734162109281352 -0.06428829723935243 
0.017074223210027953 -0.08216176573438635 0.05321082561038169 -0.03850621747054327 0.06769598858381996 -0.02782940093785056 -0.023126090873123718 0.033642437611045316 
-0.047782040487857516 0.016007224271783287 -0.011892971938076901 -0.06579006555629287 -0.030410031100844868 0.10292936497324172 0.06192940494941391 -0.024990885110499426 
0.0212810782683652 0.0757958768167025 -0.00196145834258083 -0.03186460868722907 -0.007010510533705163 -0.05092252372914886 0.05213987503549326 -0.057457728827474346 
IIp_0II_3
-0.318395435299023 2.2125592400831713 -0.805976505582281 0.05922492437437001 -0.4233719625729436 -0.4267402055716509 0.0018104735802617893 -0.2991105290014383 
0.20693839931464256 -0.5997785937045179 -0.14803165231421658 -0.027178881519474254 -0.15766517967739763 0.08425735814006467 -0.18897351446789964 0.8304320642253604 
0.09978373665942734 -0.3793547214632358 -0.014741436186949702 0.04962946832279546 0.2423292885800475 0.039907666589820694 0.5539496247266845 -0.5915036272281751 
0.4560797602069943 -0.7841608937027049 0.21424241469737293 -0.24659856804999172 0.8989308911779768 -0.5605065793366812 0.1296005413882611 -0.10758756638418773 
-0.5465570452829523 0.4404384455037513 0.03744798677463738 -0.44662490033706276 -0.49619037261264837 1.1169481755916577 0.315011124655431 -0.4204734142852597 
0.17855096298371426 -0.6455350769227176 0.6304647505091591 -0.8634044352754885 0.4700966775338619 -0.02582469401278849 0.15351036402872187 0.10214145115440779 
Ip_2IIp_5
-0.0068475176695154535 -0.042194765583769264 -0.015589764662508263 0.073041065441905 -0.024315912656852325 0.0018856295867770785 -0.010944631229650698 0.024965896773301167 
0.011082691602460401 -0.04068883495885509 0.06260913709663257 -0.01821766338792692 0.01713728444178939 -0.012384546233437039 -0.007859631850978314 -0.011678436710081608 
0.0018385470771453947 -0.039723303820265135 0.009898475875035907 -0.04000184442812082 -0.021222504072724833 0.09576262976421825 -0.00843557334242905 0.0018835729469682293 
-0.030443293252999788 0.03542252157966568 -0.008463305326056955 -0.022215262672868007 -0.04174826914351534 0.04817141889658118 0.047637583286226144 -0.028361393366727956 
-0.026613309792215777 -0.05944545049676861 0.10944013947645805 -0.07614365055232043 0.008265226962276587 0.044946828914958235 0.04327116222793185 -0.04372094674024525 
-0.01230692459925674 0.22992765474872207 -0.04740150146892626 -0.012147278329851683 -0.050182525127468965 -0.037646692782152824 -0.029985786345674306 -0.04025694609465042 
Ip_1II_4
0.021509479871141792 0.07555581515254108 -0.0019249654508940923 -0.03192431706038101 -0.006950681222136485 -0.050887974089502894 0.05204877960838741 -0.05742613680871621 
-0.01852818854785095 -0.05939401157342133 -0.006322309539274241 -0.060052375146373904 -0.012517819788406917 0.15919896756481294 -0.012810393297014977 0.010426130327098326 
-0.03818806818674193 0.1375438546623228 -0.058873381108828185 -0.06307917707570425 -0.038812112927943246 0.08796745830323402 -0.006425500336268331 -0.020133073329284042 
0.0003283976765559911 0.024818217740500335 -0.018416343369184584 0.08875254192096722 -0.028469925765690393 -0.030322202311779744 0.027333764519659586 -0.06402445041063684 
0.01776492898858628 -0.08203924434428325 0.053399036988376676 -0.03979550090881896 0.06780731550315808 -0.02770349838610377 -0.02300965648780181 0.03357661864614438 
-0.04846059341249864 0.016058930719615498 -0.012001628973331839 -0.0644874758007069 -0.03055254880996079 0.10279697601980682 0.061834257131536535 -0.025187916874197518 
Ip_1IIp_4
0.011104418771543938 -0.04074040386813698 0.06268229093622452 -0.018185919647455185 0.01715710523159707 -0.012338983647363994 -0.007969899587075927 -0.011708608189619314 
0.001890526468599753 -0.0396983758814272 0.009906422616520789 -0.03998532733054833 -0.02127418279218672 0.09569657840087292 -0.008414598912765426 0.0018789574306398776 
-0.03019388781381798 0.03540364170362779 -0.008433415988831437 -0.022230861453917474 -0.041745725980991265 0.04815851800279494 0.047637525161943646 -0.02859579363049249 
-0.027011251922032124 -0.05955786464966078 0.10930816301397626 -0.07506733253653719 0.008162633249347928 0.044820066803452394 0.04317137696641081 -0.0438257909249681 
-0.011941578511636072 0.2298065039225962 -0.047389356281484454 -0.01252557503300285 -0.050134366759191994 -0.037627082491333105 -0.02997304062181098 -0.040215504223438996 
-0.0068650847187422875 -0.042100362196747544 -0.015638908161013845 0.07308094573231706 -0.02435813312538308 0.0018388712013550643 -0.010882506904493024 0.024925178172504985 
II_1I_4
0.1684220991204962 0.29842294600074787 0.13160422215486822 -0.19963261609583535 0.4117908629486474 -0.16980001906955922 0.028204971348502843 -0.669012466406736 
0.8299630135603716 -0.855787200584155 0.30569360037277904 -0.5950779193671569 0.8630959606259351 -0.6588597948836522 0.31135793282261665 -0.20038559255128224 
-0.8109919546631663 1.3542917716552203 -0.6125930958737275 -0.7990469090387313 -0.45839880050927195 1.5615760760624124 0.46052880586907013 -0.6953658934926886 
0.2923259988227373 0.2509336570118477 -0.01281053050220403 1.2647812763404245 -0.5150663371093342 0.06577327792793503 -0.2812845487555849 -1.0646527937328438 
0.37758360456923223 -0.7078889813935221 -0.3237960016171872 0.026030336906643144 0.17679048658454763 -0.7342989203376756 0.2352461355798044 0.9503333396996905 
-0.3694259046159246 -0.9126955710934024 0.19017357885013011 -0.48985893442968725 0.6686743537222953 0.3134180100405408 0.201577819146291 0.3981366483746064 
