II_0I_3
0.8293234948214113 -0.8555278097246143 0.3045847917986133 -0.5964049448399197 0.8629138652731783 -0.6590439210308017 0.3133024544998735 -0.19914793080315105 
-0.8115263082806304 1.3542369455131158 -0.6132331904658502 -0.7998223845586557 -0.4569212698220034 1.5629410880302257 0.4597730006606557 -0.6954478810716704 
0.290550286963693 0.2513617636534824 -0.014394708671667084 1.2632584872832107 -0.515905125161985 0.06704707133854285 -0.2813619509254734 -1.06055582447544 
0.3810252034985665 -0.695535676988084 -0.32306100113150815 0.007916282809821262 0.17656123631061726 -0.733784898894183 0.23579450663087587 0.9510843477596572 
-0.37506336856177025 -0.9113539344467229 0.19000181930672705 -0.4909118460286737 0.6668416436374452 0.31175758477744997 0.21217556979963284 0.39655253151507164 
0.1702069435038558 0.29725167374116357 0.13202769921571197 -0.2000634923775045 0.412183964217535 -0.17018246672605847 0.02791498909233594 -0.6693393106674782 
IIp_1I_4
0.5492227644048906 0.385201189931003 0.5459215009101281 -0.6731906404557333 1.1562769621687092 -0.7434693369972203 -0.37091436177337855 -0.849048078190055 
-0.25923580260612206 2.594295697664845 -1.0792637755873802 0.17302381701926056 -0.7454972473466642 -0.18692898525089466 -0.44425716355304085 -0.05213654033160038 
-0.1753565952018834 -0.851421522035136 -0.2931739546437589 0.07027382895393082 -0.12706471586395698 0.07076963055957602 -0.3690685425884109 1.6750418708163268 
0.1153816169231315 0.009598900370046876 -0.7348032395981632 2.731850465506851 -0.56242124192983 -0.11342120631991769 -0.269232220375297 -1.1769530745722787 
0.9312410368236201 -0.6966403660520881 -0.41450407389082816 -0.03085641423212142 -0.13621935026022008 -0.5871623965516276 -0.09263865276577384 1.0267802169140792 
-0.10787733818831703 -0.6332946820636132 0.11788536208635926 0.589516260248878 0.16325087581083012 0.03308598700811101 -0.12062844188486652 -0.041938023018891664 
IIp_2Ip_5
-0.03004755767765311 0.035439841645232964 -0.008391203712276524 -0.022149548115708365 -0.04177038000613644 0.048097072484587486 0.047582323430327006 -0.028760548047932 
-0.02684669070349456 -0.059584609142250465 0.1093501442217162 -0.07503933255137842 0.008060958291321706 0.04473995570272274 0.043280677311891225 -0.04396110313057855 
-0.012197313242223893 0.2297380476797529 -0.047315430745501603 -0.01198243935396131 -0.05006585782229691 -0.03777694275272585 -0.02998600190586065 -0.040414061856492024 
-0.006489438430968425 -0.04336280529942829 -0.015517055454687364 0.07321803111308497 -0.024151957954270366 0.0020022268862924376 -0.010765410622058746 0.02506640976211455 
0.011435746884169238 -0.040598465274719386 0.06273462237315824 -0.018029511122923877 0.017315986881275884 -0.01213526680775737 -0.009118390053397547 -0.011604722880043678 
0.0017071579783380214 -0.0396555049845642 0.009983334579347424 -0.03998662973515597 -0.0212647440854257 0.09583397275483915 -0.008504685288671342 0.0018870987808842507 
IIp_1II_4
0.17882452485097924 -0.6457577931316087 0.6303854793839517 -0.8635416461500958 0.4700944882724496 -0.025806957106988757 0.15358513272018895 0.10221677115812443 
-0.3182264967817799 2.2126243140568143 -0.8060785446490664 0.05920509293218842 -0.4232765576205504 -0.4267063191839379 0.001692138374771181 -0.29923362712081786 
0.20745463124153915 -0.5997791006120536 -0.14816391100160664 -0.02743891287904521 -0.1578588755071078 0.0844293274053859 -0.1890890533549331 0.8304458947058981 
0.09959421227123601 -0.377354278031067 -0.014929271542893433 0.04941995005525418 0.24191882896616834 0.03954047036165336 0.5537441746724173 -0.5919340867501658 
0.4560592719181595 -0.7843985260473714 0.21416506912114536 -0.24684797592911709 0.8986055118194093 -0.5609321580391801 0.13153835330682548 -0.10818954615756347 
-0.5463117487040209 0.4402196007922676 0.03723672633832236 -0.4455407670870126 -0.49633545699161224 1.116574186118293 0.3150192346756394 -0.4208617751392272 
IIp_2I_5
-0.09280257390865813 -0.6345098030169742 0.11774688811717873 0.5882055046645734 0.1612820393465271 0.03171413446651479 -0.11918645805458257 -0.05244973161493285 
0.565019412334252 0.38468606474408557 0.5458376779284956 -0.6739495688349206 1.1554678158255012 -0.7445170051956566 -0.37159241766235235 -0.8609519791394528 
-0.24050721770589265 2.5938633208669177 -1.0804618099049805 0.17029185311439943 -0.748958162613691 -0.18753532787323055 -0.44373947495362837 -0.06295318092086127 
-0.16241215172891393 -0.8364393712133871 -0.2945823352313563 0.0680628770335282 -0.131763532157461 0.06655215132212071 -0.369914961223969 1.6604973231973972 
0.12813804353121763 0.0069058390350684356 -0.7354349305956785 2.729601099514032 -0.5667061530358724 -0.11824626757245044 -0.2531805924167751 -1.1910770384571452 
0.9506174470001678 -0.6981513584555106 -0.4149729129706229 -0.031005167668396106 -0.13835681900408334 -0.5907473178438047 -0.09129380839640264 1.0139099373302976 
II_1II_4
1.3863850433568456 -0.5885317090221421 1.3254212090411785 -0.6961591721376149 0.22056788701183047 -0.9503263006252121 1.1113695676071482 -1.8087265252320837 
0.4105270292077608 -2.049320991249656 1.275199928024536 0.017599333324332746 1.9190822449428684 -1.5327596126304417 -0.061108300329172395 0.02078036870039927 
-0.8722226075481502 0.14332942559628137 -1.358620141792709 -1.21307172639164 -0.7320096737521864 3.0347302574081043 1.7423969922117244 -0.7445325257214138 
1.3863813179593485 -0.5885034652787194 1.32541897996838 -0.6961607997216225 0.22056310142009783 -0.9503311880716259 1.111365556584735 -1.8087335028605271 
0.410521683192822 -2.0493244104937887 1.2751989439502542 0.017596715133526175 1.9190761260641023 -1.5327662583455588 -0.06107920786296666 0.020776408341874376 
-0.8722215499283166 0.14332750107204212 -1.3586188844891633 -1.2130672608031936 -0.7320074493574823 3.0347249800043663 1.742398819579911 -0.7445361560749918 
I_1IIp_4
0.11548424060007553 0.009057487570645182 -0.7350502598580562 2.731237511681018 -0.5624561743597912 -0.1131569711949386 -0.26871059791983326 -1.1764052365171884 
0.9317876950198589 -0.6964840069694341 -0.41472229337443123 -0.031113862611807656 -0.13549066251444267 -0.5866554176663256 -0.09374447791308971 1.0264230260231268 
-0.10547315503323663 -0.6330900143974858 0.11692828799385661 0.5879304327606748 0.16220698557457058 0.03387166719428588 -0.12076956933972327 -0.0416046347584474 
0.5478824059439615 0.3955996076160257 0.5448110795655123 -0.6744340168526383 1.1543883957601417 -0.7450981878804788 -0.3719463543905554 -0.8512029297689198 
-0.2607598502024617 2.593127659464128 -1.0798631623817352 0.1717522484837405 -0.7471386237016064 -0.1889961333727927 -0.43409441646344926 -0.054027721818256075 
-0.17254275703281452 -0.8519622923681064 -0.29364402894911573 0.07041768684340709 -0.12724701668505287 0.06951118040123601 -0.3685018634601703 1.67396909124775 
Ip_0Ip_3
-0.02518775105426366 -0.056620953922245136 -0.04148760696820611 -0.06494096300122644 0.06896683192140392 0.1391266081545913 -0.025335118924449472 0.005478953794191723 
-0.0433208574938064 0.2767403332443261 -0.052859014706688 -0.07283614813509676 -0.06617680420031281 0.02319132637033305 -0.035030890457754135 -0.029707944620157405 
-0.025847952539944895 -0.05933249548548143 -0.02059108570535517 -0.005605529957915305 0.10370452699953583 -0.028333605081815146 0.07883523400852369 -0.0428290922373506 
-0.024867714481355756 -0.059047280461849164 -0.04129611469889233 -0.06480114264324902 0.06937794627299337 0.13954647250524815 -0.024990545259660234 0.006078378766595082 
-0.042861599151064377 0.2770340690823872 -0.052774476252326376 -0.07261122813748377 -0.0656511516836474 0.023762237654621172 -0.03753012807591658 -0.029367723435093574 
-0.025938809234016088 -0.0591671660496801 -0.020699096566126875 -0.005989153958479995 0.10351343653737596 -0.027880240862579862 0.07867825078114198 -0.04251722064770974 
II_1IIp_4
0.09990404512641084 -0.3795784552653939 -0.014906545245459174 0.049208399997342 0.242228887209107 0.04001529840269236 0.554294589259506 -0.5911662194830412 
0.45671452347474273 -0.7840813679257086 0.21411752836657658 -0.24680404050448518 0.899409813374967 -0.5602086220679928 0.12895825348234954 -0.10810608820336919 
-0.5451163968251276 0.4404596394537717 0.03664567233954244 -0.44668363603742356 -0.4970386779109914 1.1173507865050882 0.3148193752442146 -0.4204367627648789 
0.17786192076586785 -0.6383351119119143 0.6296468494557403 -0.8643091095113795 0.4687699924301583 -0.02700147236899536 0.15276555307271047 0.10060137806546053 
-0.3193972155364173 2.2117736046195042 -0.8064622027770919 0.058354766456996304 -0.42456220370471215 -0.42825267568591396 0.009048784965354259 -0.30050285832952345 
0.2090112212520293 -0.600196397078715 -0.14832552342817473 -0.027056526934441334 -0.157802337750661 0.08340339199123557 -0.18866476144152827 0.8296309333861167 
Ip_2I_5
-0.15121017184320765 -0.1521583118493463 -0.027887061656528992 0.4622773216819928 -0.054368249788737916 -0.03292035882042292 -0.044716645755282315 0.0009834780313625919 
-0.05454851052846361 0.8553888013602691 -0.24304359301380746 -0.11022582141014582 -0.0336805808743552 -0.15173399515397826 -0.15883045814833516 -0.10332584222952218 
-0.024333902442440068 -0.09466294053910189 0.17163817496182202 -0.15496749522418274 -0.14074987823194707 0.13624741661715858 0.046365838869958126 0.06046278598924986 
-0.12443139341162036 0.765342385198512 -0.19320399094357182 -0.11932585009594492 -0.1820793505244927 -0.02332545348143229 -0.13215390388042111 0.009177557140696693 
-0.12208952113465787 0.16125102329473567 -0.08697636494531233 0.033998891082338105 0.05858319187808051 0.1967266984478129 -0.10686608761616853 -0.13462783100501374 
0.1569100253538394 -0.07641167357018921 -0.09417573954970515 0.23826029203185037 -0.030417824565510617 -0.11518401687286788 -0.08715784912363478 0.0081767862958382 
IIp_0IIp_3
-0.09761889177642427 0.39117346610772524 -0.12151970934075912 -0.06665727697148734 0.0782183413097562 -0.07943397503480226 -0.05006931578482711 -0.0540926385075828 
0.04008604813779392 -0.11984457267859583 -0.07218577936225008 0.015457664339840612 -0.060992172898046815 -0.0397642364470687 -0.036608599871761086 0.2738516487791572 
-0.05640912569840237 -0.12510195581076677 0.27816508589581806 -0.17649304465856858 0.009844290353298929 0.008718607875781409 0.12092554464367385 -0.05964940260046167 
-0.09767616385983507 0.3916076689066865 -0.12155397780305305 -0.06668229849683069 0.07814477041998599 -0.07950911177897188 -0.0501309788987946 -0.05419990848826827 
0.04000386164948068 -0.11989713811893207 -0.07220090792503826 0.015417413824991417 -0.06108624094297987 -0.03986640376605289 -0.03616134928463348 0.27379076456249246 
-0.056392866456178 -0.12513154230812115 0.27818441495864393 -0.17642439329934206 0.009878486910205445 0.008637476169178315 0.1209536375469436 -0.05970521352076051 
Ip_0I_3
-0.022911065478791487 -0.09445174277534703 0.17114943764382004 -0.15571032264440815 -0.141343717080159 0.136626185777302 0.0461430127317843 0.0604982118256726 
-0.12536836298223566 0.7714034562387233 -0.193791584267308 -0.11998040013808692 -0.18339246721704575 -0.024415125224823843 -0.13248979198713956 0.008034275579315735 
-0.12369837196940771 0.1605102136043512 -0.08704799330101935 0.033712516646326 0.05793455139645103 0.19529616611845071 -0.1008731753887727 -0.1358339071050021 
0.1589825249783071 -0.07976758102038327 -0.09413656164323769 0.23869365357499703 -0.02998413720380145 -0.1154385039880205 -0.08652770538672305 0.008178310686854689 
-0.150722784074156 -0.15201266812122524 -0.027868470273402276 0.46227645413471985 -0.05393482676166364 -0.03218225172210355 -0.047390947698845796 0.0018354945173146159 
-0.05508328302007542 0.8556239498937148 -0.24303557643380314 -0.11042478777234235 -0.03321251648133202 -0.15109687493398014 -0.15952509531373138 -0.10324581593620592 
II_2II_5
-0.8568697248333172 0.14433443231881243 -1.3569177102085979 -1.2100456577544998 -0.7335755737620969 3.0316670599239046 1.740471369839697 -0.759064195519611 
1.3994091461405296 -0.5899942061231734 1.3269146804396443 -0.6950177590753068 0.21492379680719778 -0.9546286648615053 1.1168806083988623 -1.8184876017242209 
0.413238163264589 -2.051107656861716 1.2805975140309234 0.025633241211901667 1.9226804018321273 -1.5386265698425288 -0.05968764949636971 0.007272555849374815 
-0.8493715136092499 0.0874874640963581 -1.3524311933391246 -1.206769774101045 -0.7239434801005077 3.041504159346602 1.7485444662903422 -0.7450201285713298 
1.4101692165535422 -0.5831122009294323 1.3288953515262751 -0.6897480561959283 0.22723943174693328 -0.9412526517398235 1.058325389573929 -1.8105164805352585 
0.41110946067014126 -2.0472341150977083 1.2780669024792861 0.016645225372755024 1.9182032989970488 -1.528004594216131 -0.06336564600342677 0.014579467782948925 
I_1I_4
-0.3130452368068064 0.4701895384967464 -0.5048675542175177 2.5116336959499552 -0.49454208332380556 -0.23775351714525012 -0.7928688277719388 -0.638746015177044 
0.08593944420918428 -0.5422880074783357 -0.15216519688265318 -0.11998950841762777 -0.12138330782205294 -0.3493342717469165 0.07742995091370242 1.1217908972217319 
-0.4135908306948197 -0.7254111304311495 -0.08901587812402505 -0.25004063566282847 0.15167694937810872 -0.07793151157822714 -0.17175068012700365 1.5760637172376435 
-0.3150059422514808 0.4850544385102769 -0.506040732431607 2.510777085923607 -0.4970607771725354 -0.24032581790102037 -0.7949798598158957 -0.6424183948566727 
0.08312579599100049 -0.5440875813574317 -0.15268312208791657 -0.1213674817533034 -0.12460372023324061 -0.3528319621932194 0.09274154096466691 1.1197065306636587 
-0.4130341967665212 -0.7264240219328528 -0.08835414911942238 -0.2476903615681313 0.15284766591906823 -0.08070904942338582 -0.17078892170707327 1.57415303459818 
I_2Ip_5
-0.12460133133707223 0.7715045840402397 -0.19377280620575363 -0.11989971128330866 -0.18324748912104488 -0.02441762263136425 -0.13286411949497565 0.007298496036732381 
-0.12248504182025459 0.1604991747730115 -0.0872556466905692 0.03331356382879511 0.05735462180804645 0.19531468642782823 -0.10062984685820069 -0.13611151146770956 
0.1585408334541045 -0.07681159999739544 -0.0941822256843187 0.23875345816117827 -0.03032372666253237 -0.11620019193403226 -0.08676099074844348 0.006984443410265353 
-0.15015494212134947 -0.15528460385547257 -0.027722804036048217 0.4622387223787719 -0.053962555750020826 -0.032405198489162075 -0.04410776054838567 0.0013991424224748658 
-0.053185893204407066 0.8557614357136871 -0.24299924368690506 -0.11005010737142938 -0.03289684200317888 -0.15096043810391924 -0.16216182725817294 -0.10350708408311358 
-0.02305091297130385 -0.09442995094006496 0.1712182004220627 -0.15594292285564826 -0.14138731500881566 0.13696681561531204 0.04616173226930183 0.060464353469522905 
II_0II_3
0.41093598250757246 -2.0511241051456692 1.2737411294990406 0.014143205188546684 1.918685668485129 -1.5315061316529721 -0.05839149923421656 0.02351575034074817 
-0.8694325230050277 0.14404916720290337 -1.3598653364988147 -1.2146010014474748 -0.7282366859772916 3.03725071806684 1.73751036548159 -0.7466747038189795 
1.3997192838007118 -0.5874805586600417 1.32018436852329 -0.7047354903294764 0.21489137431784924 -0.9462061831773576 1.1106651188157437 -1.8070379132955825 
0.403273389385399 -1.9930308913410013 1.2691562555503422 0.010795504944185227 1.9088424122150254 -1.5415588879876112 -0.06664158068557043 0.009163797908759786 
-0.8804284844527109 0.13701628908176242 -1.361889429470805 -1.2199862310485092 -0.7408223143054059 3.0235814650818207 1.7973492795508244 -0.7548205744240698 
1.4018946535487684 -0.5914390193645107 1.3227704582043485 -0.695550431879811 0.21946662785111526 -0.9570610224129109 1.1144237473606047 -1.8145050133094789 
I_2IIp_5
-0.1660938768192101 -0.852047970602012 -0.29313737032635384 0.06975530181775064 -0.12823235508597045 0.0697984804715359 -0.3683709023520134 1.6683286928925196 
0.12495398096769697 0.009014465661576357 -0.7347429668473274 2.731513459751443 -0.5631646818264429 -0.11422050601355704 -0.269260017371151 -1.1840937343164735 
0.9418474172589629 -0.6969605278531217 -0.41484424193037994 -0.03188188932600303 -0.13789188479922584 -0.5877966967010039 -0.09248146907622355 1.0200092924180517 
-0.09937201223759876 -0.6282254818353787 0.11746400436992946 0.588636320205015 0.16110370176813424 0.031171997089018154 -0.12075151238323908 -0.05002701697667845 
0.5576914283916743 0.3841442915717492 0.5457668450633228 -0.6740666780704914 1.1542662862029311 -0.7456426176157791 -0.3651210400904875 -0.8570385154594572 
-0.2484574408985305 2.5935623719634417 -1.0793585490242759 0.17287659867301186 -0.74676900529169 -0.18867544500470101 -0.44351066457262917 -0.05966786583515749 
I_2I_5
-0.41239503641828 -0.7256353941726537 -0.08737724640753544 -0.2474363766045947 0.15260931165990002 -0.07971642443438118 -0.17175977731322667 1.571710943690294 
-0.30889875081711726 0.4703185522765644 -0.5042272822416812 2.51264033812766 -0.49558321890918217 -0.23899438455349636 -0.7926173045938568 -0.6426379492805794 
0.08790173046429714 -0.5428538650257917 -0.15098329339327562 -0.11842308080964378 -0.12207948072144703 -0.35113819918863814 0.07900175339592432 1.1185744352736424 
-0.41125079296382155 -0.7343103660277605 -0.08669259410766864 -0.24693646958497018 0.15407919024786332 -0.07821526151827853 -0.170527805114102 1.5738540990647178 
-0.30725674050580803 0.4713687613418421 -0.5039250274958395 2.5134445063285655 -0.4937038260441659 -0.23695317565552218 -0.8015529592316067 -0.6414215387290966 
0.0875768857865211 -0.5422627540686115 -0.15136947025816125 -0.1197946717115308 -0.12276269641930743 -0.3495172624439283 0.07844048307388783 1.1196894860383195 
I_0II_3
0.38250117128181893 -0.7065825273870652 -0.3223643340321974 0.00816342309177615 0.17835642076189587 -0.7317701828829556 0.2376322022829254 0.9540638268778391 
-0.3727038593156015 -0.9099616754322547 0.19024337686201342 -0.49007379988717564 0.6696045359643223 0.3145863872550604 0.2004653593805169 0.3978396751716778 
0.1712590861283127 0.2981058398735263 0.1309718684708475 -0.20271712140645984 0.41070859930720716 -0.16770448716381325 0.027136112377820314 -0.6677598975880124 
0.8270992036039009 -0.8385215019022011 0.30306742758678307 -0.5977744058527149 0.859955750543772 -0.6618836715840669 0.31115619359042684 -0.20309899599497547 
-0.81447673845882 1.3522330343083369 -0.6139690654996277 -0.8015848607181543 -0.46023596555855995 1.5591690211183702 0.47695894547693174 -0.6980943706563594 
0.2926529135898236 0.2503043928401452 -0.014201719146113432 1.2650403143267204 -0.5151711044514803 0.0642832592589043 -0.28032578945678666 -1.0625822669590173 
IIp_2II_5
-0.5456165088314797 0.44027939858288495 0.03736572488815078 -0.4455580019057914 -0.49644748398103333 1.1166551216891996 0.31494335128715434 -0.42162160172154745 
0.1800305515855344 -0.6457609539353778 0.6304703620105367 -0.863433546785763 0.46991802795269744 -0.026020245446978094 0.15359333090988364 0.10120247370789057 
-0.31720462584781406 2.2125288986760365 -0.8059633306643413 0.059312002060746064 -0.4235106265573905 -0.4269795374503063 0.0019292135876650667 -0.3001119937965897 
0.20829933032906714 -0.6004096453765158 -0.14790010960065383 -0.027099955727405856 -0.15771600124031743 0.08422207132166278 -0.188953980667003 0.8295582909569323 
0.10117512591954478 -0.37934297438683334 -0.01466324436079094 0.04969734105709265 0.24220935304428767 0.03981183587354428 0.5534767623639656 -0.5923641995097527 
0.4574489680299362 -0.7842079889097091 0.21432727902437373 -0.24663787016531322 0.8987726821291933 -0.5606196374877838 0.1296259616619729 -0.10870939428809534 
I_0Ip_3
0.15857249828690712 -0.0766465721225128 -0.0943981023296133 0.23847996019153525 -0.030519612471835805 -0.11596962008738833 -0.08694756967024404 0.007429018202276897 
-0.15129019760696108 -0.15238573256248522 -0.027989668291891798 0.4619709752996631 -0.054578859097258174 -0.03289667905596494 -0.0442049495634578 0.0013751108785145327 
-0.05483904272463833 0.8554200991458502 -0.2429456552485429 -0.11001014354532443 -0.03301931615790069 -0.1516440805265216 -0.1593287400958337 -0.10363312084429532 
-0.02256606397140956 -0.09705490765066956 0.1713396642722084 -0.15559415274986632 -0.14090929404700375 0.13708561091994872 0.046536064394437776 0.061163078832716905 
-0.1248522972233123 0.7717233714739571 -0.1937133397147307 -0.11975524917933984 -0.18279638355812056 -0.023782662374294387 -0.1351999789666143 0.008376539544963948 
-0.12366848019508347 0.16069640698480156 -0.08721289063525228 0.03322211762911912 0.05767693234577138 0.19581853443975036 -0.10104717397878804 -0.1354854465896538 
IIp_1IIp_4
-0.05667725094878758 -0.12508640633468388 0.27821390441215194 -0.1763955077980037 0.009910563696298603 0.008696234981464676 0.12089987856472534 -0.05956141657295166 
-0.09781088391158708 0.39118870203872824 -0.12150094486694021 -0.06661451231341227 0.07820941644308686 -0.07944579910947111 -0.05005533456593852 -0.053970643713266875 
0.03978584585415134 -0.11985102470754302 -0.07213437959300917 0.015546468193390327 -0.06095120916919047 -0.03979924303976895 -0.036573685353591075 0.27397722781456296 
-0.05661153516274931 -0.12558462425438707 0.27825322512131634 -0.17636679731452684 0.009994981244317264 0.008782449239967955 0.12097063275704333 -0.059438331630318524 
-0.09771658055526777 0.3912490172748962 -0.12148358587908659 -0.06656832760927141 0.07831735307039317 -0.07932856912091002 -0.0505685239271889 -0.05390078325204156 
0.03976718948932916 -0.1198170762318329 -0.07215655836634033 0.015467695469111146 -0.06099044737186992 -0.03970614997313966 -0.03660592003251491 0.27404126701625403 
II_0Ip_3
0.01739726049696073 -0.08216948122718477 0.05326510792498047 -0.03849314021217972 0.06768128855905835 -0.02787478805787622 -0.02314521699222071 0.03333896950789994 
-0.04816322836740366 0.015862908650043236 -0.012028196129940043 -0.06449722084718883 -0.03055920871124196 0.10275091886118957 0.061835785815970684 -0.02520175927099055 
0.021520427228045036 0.07559786112288715 -0.001965985280057042 -0.03183540293602827 -0.006964902558796877 -0.05097744974353543 0.05211823859912733 -0.05749278643126756 
-0.018433511196143053 -0.05975079446944938 -0.006225164480194907 -0.059962821140171055 -0.01245293201604133 0.1592795150329179 -0.012889297334807636 0.010435005603909678 
-0.038062210152174814 0.13759319830091335 -0.05882427005204989 -0.06300364459239317 -0.038822273347061 0.08796101197413499 -0.006741419385944649 -0.02010039274448641 
0.0005676279705873812 0.02481663233611863 -0.01835550765223337 0.08874314493021042 -0.028480701888860066 -0.03032336586832124 0.027312755353454406 -0.06428058518064304 
I_1Ip_4
-0.1228940310079607 0.16019776590563656 -0.08762978811929734 0.03254121831060994 0.05754706270210875 0.19577571176053682 -0.10035527885962421 -0.13518266069105112 
0.15916346405050477 -0.07657932425311104 -0.09471858918289915 0.23801204706517876 -0.02976509099397087 -0.115397198736079 -0.0878275239797384 0.0071122160293412545 
-0.14843498818771309 -0.15213858796789012 -0.029117793785578425 0.46014605120549185 -0.05557354178016927 -0.03194051972118982 -0.044566485678629135 0.0016258659161717476 
-0.05573062985326094 0.8669944033562782 -0.2444165955302282 -0.11178548308339552 -0.035368624860724146 -0.15326237132253992 -0.1604936703493105 -0.10593702835473505 
-0.02456802984604606 -0.09584186998523526 0.1704005729112109 -0.15731391434213052 -0.14317031995955903 0.13441124672481777 0.057543086229123144 0.058539228268866005 
-0.12204108794981523 0.7708468048217824 -0.19440197064770318 -0.11993891755870653 -0.1834143657995209 -0.025657922414452732 -0.13212805505478178 0.006735514607303792 
other
-1.304935554568019 0.844483656273887 2.2048460382833888 -0.542709574230796 -1.9545249687106683 0.628715492902633 -1.8699883579817862 1.9941132680324742 
-1.3028170423102534 0.8467235850512489 2.205033953230323 -0.541001958357571 -1.9508273150675184 0.6298410049183333 -1.8767368609145678 1.9897846334498477 
-1.2934615391350752 0.8470165776605746 2.201491808408202 -0.5472560994590071 -1.9592142838106734 0.6312599401227558 -1.8730224561561597 1.9931860523693967 
-1.3117383902080149 0.8960587013016895 2.2007755958879596 -0.5456816561581294 -1.9632637929572483 0.6197906748961229 -1.8773127646461252 1.9813716318852062 
-1.312579236026537 0.8404798091953309 2.2032369673294374 -0.5457829549825062 -1.9620008120250538 0.6177054680457473 -1.8236119865024514 1.982552744977732 
-1.2915302499989398 0.8435022637552471 2.2037877339218253 -0.5391016219891666 -1.9551523824019963 0.6216230344381866 -1.8696855528632708 1.9865567751401485 
Ip_0IIp_3
0.0019240160637622515 -0.03979054595271974 0.009860232337627305 -0.04012274434662079 -0.021289215857731716 0.09576080537231978 -0.008326147917051257 0.0019836003001233167 
-0.03004806302473332 0.0354394141285786 -0.008479543425399689 -0.022287792131015016 -0.04159650380305546 0.048250240461926 0.04741911474324307 -0.0286968669493441 
-0.02633258110405721 -0.059516651625458904 0.10909077009463437 -0.07544647648756592 0.00790808367566043 0.044990513303938946 0.043139276898825143 -0.04383293475580751 
-0.012364054443301983 0.23224364133038675 -0.047695479835499745 -0.01246194624614679 -0.05062111414910117 -0.03806069525956197 -0.030250714589211376 -0.04078963680713885 
-0.007137359541493321 -0.042432448562162536 -0.01579233870499739 0.0727713646243258 -0.02474199855553625 0.0013393255050729285 -0.008471813697426745 0.024465268932432786 
0.011810820532930394 -0.040854826787126895 0.06254582483415895 -0.018147478136797412 0.017095734342858618 -0.01265415189851662 -0.007816906469096531 -0.01197901641874024 
Ip_1Ip_4
-0.025305169239204346 -0.05922648546779156 -0.02075952964929424 -0.005844635425388245 0.10348104067497646 -0.028204750189061913 0.0787122964290607 -0.04285276713303266 
-0.025267016089992936 -0.05672107657780067 -0.04150554896526459 -0.06503248275994193 0.06882037917774188 0.1390920589616925 -0.025053286282441255 0.005666972535697175 
-0.04366371550710835 0.27673421072591287 -0.052730581156010675 -0.0726044966686406 -0.06582365132563339 0.023154631698395732 -0.0352107620421872 -0.029855635723147093 
-0.02504102726201612 -0.06122905249783557 -0.020601481629404953 -0.005729234783885269 0.10382035363751471 -0.02785821542048871 0.0789966900790617 -0.042358032122182046 
-0.02488796751576108 -0.05647864189506439 -0.041435775206992445 -0.06484684518632554 0.06925422614020349 0.13956326021855184 -0.02711603042378 0.0059477738693235 
-0.04373870402044157 0.27687066526811227 -0.052819727849664246 -0.07292112048781817 -0.0659813677142138 0.02352881556161257 -0.0353403280467445 -0.029598232709664916 
IIp_1Ip_4
-0.02692667425079343 -0.059530472938262025 0.10934744632602732 -0.07500692960303651 0.008164953571173677 0.04478665563549736 0.04312144341373875 -0.04395642215425396 
-0.012095198477143299 0.2297538972179408 -0.047407110269308425 -0.012134989999228659 -0.05023837954513963 -0.03771889987496041 -0.029919336788059085 -0.0402399822633736 
-0.007016169482684598 -0.0421735612285725 -0.015554270938697276 0.07322991443678283 -0.02425212107352379 0.0017557496036086342 -0.010877088442276228 0.024887547125415722 
0.01125868792218309 -0.04173826446124139 0.06277109081271122 -0.018051927775301305 0.017328149981650894 -0.0121997691961724 -0.007851887755956287 -0.011516079528041205 
0.0020532847994295506 -0.03959780145290809 0.00998323346865673 -0.0398463291346004 -0.021113456208632475 0.09590587774726272 -0.009432933240468245 0.0020481240212066702 
-0.03044978576854922 0.03545997560269159 -0.008377002169123212 -0.02223122724549198 -0.041742605050982456 0.048260246208985974 0.047579243662616975 -0.028498845239751203 
II_1Ip_4
0.0006456666114009905 0.024834611572452266 -0.018342596590646312 0.08881182542317398 -0.028479335294841587 -0.03038432490913881 0.027278363829784512 -0.0643642106418768 
0.017346684999770098 -0.08219306335889282 0.05328061311320013 -0.03848328517417438 0.0676078612122267 -0.027915513235545517 -0.023037855980726003 0.033394558423589876 
-0.048399732495631204 0.015847046282073573 -0.011936126995833697 -0.06434360953372234 -0.03043108436679816 0.10268700477852391 0.06182204030990641 -0.02524553797794333 
0.02173122849870372 0.07453998232794289 -0.001880741369081523 -0.031754269771421664 -0.006802841485569166 -0.05078840436541545 0.052218953382538354 -0.057263907217286386 
-0.018318687740061835 -0.05932013930906341 -0.006196772272885666 -0.05986972221899611 -0.012342983664834252 0.15944148334315175 -0.013958313069254344 0.010565134932052111 
-0.03840064485586583 0.13761323452148705 -0.058792264986782694 -0.0630533863120715 -0.03885022200477076 0.08802660446401231 -0.006495192219857618 -0.020048128605394788 
I_2II_5
-0.811069651696937 1.353696132144977 -0.6132786920738474 -0.800252882525823 -0.4578161031501917 1.5626184761735462 0.4612740414021214 -0.6951713202611907 
0.2895195554142517 0.25126756347086343 -0.013652421906814153 1.2645311181129715 -0.5141966057503897 0.06668134594564774 -0.28217356088640205 -1.0619769943963524 
0.3859621171187801 -0.7058802308779741 -0.3229717743399353 0.00743861254084506 0.1772186001253237 -0.7314159093188353 0.2367282489724165 0.9529203357727538 
-0.37409666201026137 -0.8988786735461414 0.1894107436650372 -0.49101095868838235 0.666314467809218 0.31196280893195866 0.20083896218335873 0.3954593116555733 
0.166554850686236 0.29648002998061895 0.13187925592715102 -0.20159112084587213 0.41050268171699683 -0.17127451056447363 0.03845565922151829 -0.6710068461193877 
0.8332675351269104 -0.8558200984518918 0.3043386876194097 -0.59565755781995 0.8626545327711768 -0.6607390706864171 0.313452541963009 -0.20149657052593228 
I_1II_4
0.28813471661999274 0.25083691026016625 -0.01368262249353757 1.264230244878588 -0.51491689956048 0.0665062436968521 -0.2807357067231102 -1.0603728866767994 
0.38288956560081927 -0.7059173397448377 -0.3221596545627352 0.00890753156293254 0.179160750176847 -0.7316818217014102 0.23593731492048478 0.9528636537434366 
-0.3711007330854561 -0.9099834697689752 0.1896579067074188 -0.49118373216828015 0.6674529937623238 0.3145907342248202 0.20178436309474682 0.3987819372326362 
0.16598796103774993 0.3080583449524931 0.1314208313947165 -0.20141755776590023 0.4105229637587044 -0.1705289446103522 0.02633500891369848 -0.6703786076814852 
0.8277518546815076 -0.8563421109965429 0.30426079625342317 -0.597020821093098 0.8613802626235388 -0.6613106663031584 0.32281497671032217 -0.2015342918876716 
-0.8092206756383871 1.353572174461688 -0.6134836033371969 -0.7994253071311722 -0.457826239196093 1.5612421429486405 0.46124282096067776 -0.6961013130577706 
II_2I_5
-0.36150260909569165 -0.9102522120817969 0.19123297983251136 -0.4889249776001015 0.667092699266885 0.3120735586979053 0.20171143218762355 0.3885691287889224 
0.17866821338325883 0.2970076063158547 0.133083435391225 -0.20002339892372556 0.4098223328252978 -0.1710473599459462 0.029282199523063955 -0.6767930285675692 
0.837639484503317 -0.8560711962169625 0.3065406106894717 -0.5936235514310793 0.8630785724329216 -0.6618505764308539 0.3135560509070404 -0.2092693944607082 
-0.7978629700734807 1.337678007894992 -0.6110898926080676 -0.7978992508854478 -0.45625089771605964 1.5635329495660952 0.46280611014365175 -0.7009140563110355 
0.3025120515269486 0.252357422440096 -0.012286415050029986 1.2665293922262968 -0.5138707264488925 0.06800136116929986 -0.2961311760350304 -1.0671119098240103 
0.39016014443838026 -0.7058148474422302 -0.32097661062054983 0.008738268246651209 0.1772768456471806 -0.73165956444923 0.2365312534120759 0.9457445107610347 
IIp_0I_3
-0.25891559571122796 2.594246552121781 -1.0792785907523041 0.17296283232114001 -0.7455581170007776 -0.18695445975550146 -0.44417752997375215 -0.05232509123778904 
-0.17503453324282292 -0.8514286389056269 -0.2931703555073124 0.07027192361360482 -0.1270191767695215 0.07075996604241279 -0.3691347234271647 1.6747555381931438 
0.11596062012668287 0.009392727237897656 -0.7348650475310915 2.7317212243027176 -0.5625207465873749 -0.11335559653273916 -0.2692087694695497 -1.1771244115448367 
0.9314706347739188 -0.6956675650390757 -0.414589985826593 -0.030954831024303357 -0.13640232052646725 -0.587309547308465 -0.09292220530482458 1.0263758202389135 
-0.10775184006853948 -0.6334076929382483 0.11784467873878035 0.5893879979246767 0.163063705943049 0.032882219267794305 -0.1196827419706137 -0.04233632689852019 
0.5498106629627117 0.38514244428932143 0.5458870349187801 -0.6731748297322429 1.1562194124358982 -0.7436270645046656 -0.37085705110264316 -0.8494006092655013 
I_0I_3
0.08519260589941476 -0.5423271184929647 -0.15172828829598367 -0.1193186018765812 -0.1223164489783398 -0.3500810407964054 0.0784617730481113 1.1221171194891748 
-0.417226396017903 -0.7257380029363109 -0.08757511344242654 -0.2477221659146423 0.1528254593445357 -0.07918940579664745 -0.17117686638436777 1.5758024911452517 
-0.31422296180632653 0.4705661071054418 -0.5040720258031343 2.5132094519068224 -0.4939838478168407 -0.2384068486708783 -0.7935066501227108 -0.6395832247863761 
0.08581009067561628 -0.5470085200165693 -0.1513588193943516 -0.11904882976370088 -0.12152323696801158 -0.3492709463680253 0.07912660016568963 1.1232736616666599 
-0.4163402940566034 -0.7251712633085522 -0.0874120033075737 -0.24728820090525155 0.1538396635138023 -0.07808787848260024 -0.1759989439583433 1.576458920503855 
-0.3143982624753262 0.47088509692832775 -0.5042804240543521 2.5124692803136743 -0.49435254146366064 -0.23753211894569976 -0.7938095366086835 -0.6389814936872954 
Ip_2II_5
-0.048138401903533405 0.01582578006079006 -0.01206838021061537 -0.06458453824832422 -0.030547356058296282 0.10279348583368256 0.06187065707887132 -0.025151246552030205 
0.021657962998879038 0.07562009628332127 -0.0020234118087557647 -0.03191782265312321 -0.006910321756048436 -0.0508971303939511 0.052002900265786474 -0.05753227293573225 
-0.018169530511637916 -0.059415473524437386 -0.00637804236981347 -0.06019608466004913 -0.01263902242712925 0.1593248234675961 -0.012935952766648978 0.010409282791960406 
-0.03827295561247805 0.13884200319703713 -0.05898020997023124 -0.06319709569608066 -0.039104516588023316 0.0876987112916947 -0.006563696738789274 -0.020422239882568582 
0.0004664300689202417 0.02465658418232417 -0.018444789430611896 0.08858872010588958 -0.028687832765183045 -0.030614821766787977 0.028582854723336014 -0.06454714511714485 
0.017753236659211732 -0.08224577536284552 0.05319656780236823 -0.038498417612325 0.06765398607697522 -0.028021421406317703 -0.023060520510949634 0.03322234435322419 
I_0IIp_3
0.9311971370993876 -0.6944435836115855 -0.4127086185369208 -0.026633715428576028 -0.1357590249631809 -0.5886974278237485 -0.09612588372111175 1.0231711169759896 
-0.11091301743475844 -0.6341808617127161 0.11942093707455953 0.5913703830937119 0.15861411601934491 0.029991825726192592 -0.1146729508577914 -0.03963043190992534 
0.5334191396603892 0.38390929889759456 0.5523079951863006 -0.6627486958195662 1.163133883221215 -0.7485380860836812 -0.37004906615390376 -0.8514344689094807 
-0.2499955767493839 2.5257707701481156 -1.0718963291508468 0.1813004913238045 -0.7331049629685342 -0.17628112533565304 -0.4374828280550847 -0.03831043920511462 
-0.16500284588125147 -0.8437638179558375 -0.2891656069559552 0.07871546327096035 -0.11636863262718464 0.08426983057884227 -0.43591917263111035 1.6872347821969789 
0.09695910597084664 0.012908910666626644 -0.7315468565378113 2.7311272001149502 -0.5610956276180823 -0.10524307066140799 -0.27291035634618255 -1.1701993055845419 
IIp_0Ip_3
-0.012038869006033811 0.22975586878592902 -0.04743820558640971 -0.012183325215859702 -0.05017345135381639 -0.03766648589459246 -0.029990721282404622 -0.04026481044598524 
-0.006756211627790936 -0.042150551975504075 -0.015655785717591776 0.07306652379350133 -0.024331990537239036 0.0018444718207031013 -0.010918817513376726 0.02490236175717089 
0.011211855336961342 -0.040720750725770034 0.06263118983309872 -0.018225637732878948 0.017109756437251232 -0.012333594666270228 -0.007955392136038313 -0.011717426346627362 
0.001866160038017709 -0.039374326434851635 0.009888315659156897 -0.04001146979801386 -0.02133360258436318 0.09565249262340164 -0.008478563727979126 0.0017909942244164264 
-0.030216586624582084 0.035369747754631795 -0.00844417179010058 -0.02226183246016371 -0.041815632345949996 0.04807208145557199 0.047963367910694304 -0.028666973899344802 
-0.026822802850230885 -0.05958045303918768 0.10930540981281031 -0.07506548887726834 0.008150815787480344 0.044768453508890575 0.043188679398892295 -0.04394461374132511 
II_2IIp_5
0.21321520762116816 -0.5987462441261068 -0.14674473603686866 -0.02462985958601196 -0.15816711672845168 0.08255819871508845 -0.19084637372791383 0.8233609238620402 
0.1042486739082337 -0.38021124484286 -0.013644219377650143 0.05068859025836961 0.23857178006031393 0.037151691216604554 0.557997700825728 -0.5948029720481028 
0.45265096641747754 -0.7852975528919931 0.21841754440920838 -0.2401629899612664 0.9024662664048145 -0.564465908694083 0.13044068027849978 -0.11404900596621143 
-0.5347408650103389 0.396759402302559 0.04208709469701836 -0.4404841511932913 -0.4892427696060101 1.1228100226715423 0.31946765796630744 -0.4166563918190031 
0.1916564736785489 -0.6411592338851944 0.6330636740997595 -0.8582538054358362 0.47606923081254154 -0.018048799059469836 0.11157311137550296 0.1050993484118528 
-0.323694573724718 2.2145181229364175 -0.803884458873364 0.058642981625078944 -0.4233755560158786 -0.422383195755447 -0.00017943175822059397 -0.2996438884238545 
II_0IIp_3
0.4561222773743185 -0.7831797402561269 0.21508677681603822 -0.24469410444746895 0.8991349651065697 -0.5612314499617133 0.12809777935194547 -0.10933650398995197 
-0.5484043759838831 0.4399244904709394 0.03801960257445719 -0.44471518638034885 -0.49837909892050836 1.115418745833622 0.3176106998466348 -0.41947487743840806 
0.17144451879171174 -0.6462742464998741 0.6333300863530401 -0.8586813218766635 0.47324406007931463 -0.028127436469664455 0.15387762953535203 0.10118671008606786 
-0.31431936336482347 2.181505854488278 -0.8026958039296481 0.06301788850478994 -0.41775460491222516 -0.4219356704095071 0.0049224904891550895 -0.29274079085867505 
0.21151266226145282 -0.5963293127345651 -0.14617163623299168 -0.0233142380246486 -0.15278900131186804 0.09044088411551023 -0.21941788458348757 0.836068526506329 
0.09128328877321268 -0.3777363873314495 -0.01325117281961303 0.049325006108404706 0.24288889884712328 0.04357097184218027 0.5522519667295096 -0.5883325721495386 
II_2Ip_5
-0.037744314655291177 0.13747849311640475 -0.05888734720512555 -0.06317069610988439 -0.03892810714593439 0.08790260928141577 -0.006326438453683607 -0.020324198827188663 
0.0011000530293926946 0.024808920308034197 -0.01840775706073402 0.08868493204332091 -0.0283983298450072 -0.030313060810925555 0.02717505746730398 -0.06464981513100132 
0.01821438734392726 -0.08215954671041927 0.05308003668340601 -0.03881999003840209 0.06743746614397726 -0.027764445044162245 -0.023138605870451565 0.03315069749168849 
-0.04805226253970867 0.017817053310111103 -0.012240286042170477 -0.06475146260204245 -0.03093937776136872 0.10241685440930247 0.0616314873285358 -0.02588200610208482 
0.02165658806983169 0.07536629577556005 -0.002103267331897273 -0.03213259847674019 -0.007347617257698573 -0.05138474532287247 0.05405069753201527 -0.0581053529875935 
-0.01758275595994064 -0.0595578391796388 -0.006345231251019063 -0.05998723573481999 -0.01259132932602613 0.15895495150555178 -0.012796983782687461 0.009906423728291662 
IIp_2IIp_5
0.04037664249345464 -0.1198717018424733 -0.07217663638433937 0.015448936636714069 -0.06106029204980674 -0.03981439198505068 -0.036547431961929826 0.2736448750924849 
-0.05618825563351236 -0.12512199530151952 0.2782048513877323 -0.1764418343593365 0.009862555380544645 0.00866130836457377 0.12092664999922606 -0.05990327983748526 
-0.09726150973104018 0.3911760009245499 -0.12152329467556812 -0.06667102560371743 0.07816134587475894 -0.07946379953131416 -0.0500779070844328 -0.05433981017173833 
0.04034761916961702 -0.11965166430045462 -0.07219400234378584 0.015436256674876823 -0.06109757499172458 -0.03985246844270352 -0.036578680493833005 0.2735905147269529 
-0.056229904634688695 -0.12514863347687058 0.2781971848047692 -0.17646223179662604 0.009814885256243685 0.008609533834777288 0.12115329966631308 -0.05993413365377672 
-0.09725327016254089 0.3911610076076983 -0.12151349943819507 -0.06663623569359818 0.07817867539533134 -0.07950491400899627 -0.05006367066447329 -0.05436809303342669 
Ip_2Ip_5
-0.0431307944011431 0.2765903091544101 -0.05305509689744891 -0.07324329103343798 -0.06606247662416484 0.02341714393768942 -0.03496466651419219 -0.02955112762028438 
-0.024981442029936872 -0.05921887009228849 -0.02093284456988987 -0.006116410466607473 0.10383676921091511 -0.027915482572154215 0.07832339991683472 -0.04299511939666461 
-0.023817417295144142 -0.05659380521247075 -0.04206669644670326 -0.06593560834347312 0.06838410823518432 0.13958331151015857 -0.025289870438827463 0.0057359779912175375 
-0.043889655918211715 0.28234354486081314 -0.05350915785893331 -0.07357482904491293 -0.06703729915052961 0.02242157366519593 -0.035781709677812315 -0.030972466874669476 
-0.026070422203142173 -0.05991536806303322 -0.02113329972119157 -0.00664973429571305 0.1025903570820841 -0.0292692109890722 0.0842495202759984 -0.043801842085243285 
-0.023601980515413557 -0.05698582961565326 -0.04181058420026777 -0.06502597014694791 0.06883721644295535 0.13850830731274666 -0.02491763632519567 0.004996477047590324 
Ip_1I_4
-0.054260640091729366 0.8555335597894367 -0.24312480367304 -0.11026408063015022 -0.033257409207062445 -0.15150707328258897 -0.15946048162870838 -0.1036590712719291 
-0.022992381848019845 -0.09457577783735426 0.171116771950784 -0.15584031786403887 -0.14150455011211918 0.13660062543993612 0.04647047548262037 0.060725154787670446 
-0.1257107078752507 0.7714035004273501 -0.19366518157316315 -0.11974582465196706 -0.1829787484500011 -0.02443134288135981 -0.13272776373454112 0.007856068742089366 
-0.12270970237806246 0.1584840387254657 -0.08710726511613714 0.033500929960637776 0.05800673666578065 0.19584431733507285 -0.10070632245901873 -0.13531273273222108 
0.15889416478188273 -0.07649323708507738 -0.09434200071893409 0.23858208775324194 -0.03021098920697016 -0.11550130304667461 -0.0888601176279195 0.007931395149205208 
-0.15173961570294964 -0.1522460590466674 -0.027947100035066643 0.4618802506868151 -0.05437026972932678 -0.03253520939420316 -0.04453555632881003 0.0014935595507799021 
Ip_0II_3
-0.018467965255801248 -0.05946430093594001 -0.006278735944250628 -0.06004816035645391 -0.012515010125913033 0.15924816202785058 -0.012882462490518172 0.01040847308094536 
-0.03806897625379731 0.1375682186312768 -0.05885958515156019 -0.06306307440489008 -0.03881901175391934 0.0879341602037372 -0.006504887360039301 -0.02018684391043756 
0.0008374162165000198 0.024815038054387166 -0.01844244481587568 0.0886281387757234 -0.028565124921802038 -0.03030375529171757 0.027319954591735206 -0.06428922260858355 
0.01729945906093711 -0.08140272564364869 0.05317363287777992 -0.03860615518049733 0.06753783532594392 -0.02798924814287968 -0.02320658634544381 0.03319378804742625 
-0.048260899114051486 0.01577978751713733 -0.012080244595866917 -0.06460117085802396 -0.030659993688400812 0.10261106209376517 0.06256701175989642 -0.025355553113518833 
0.0218081994598032 0.07556354187505167 -0.002031542997625642 -0.03187447535038398 -0.007011501541435394 -0.05104757714150888 0.05215651077229999 -0.057563155075734444 
IIp_0II_3
-0.3182567348628587 2.2122976762358793 -0.8062782956164545 0.058681710171586084 -0.4234756946591511 -0.42658579826812976 0.002318282858896307 -0.2987011458515788 
0.20745081629111492 -0.5996958670121704 -0.14818735583918163 -0.02739208785973676 -0.15702843619145532 0.08470519744249708 -0.18988069886271852 0.8300284320281971 
0.10207823829176305 -0.37916730209672056 -0.0155908103585523 0.04822716795596387 0.2413320649092542 0.04053973249181294 0.553822250986206 -0.5912413421803743 
0.4551372555020438 -0.7747708736411799 0.21327080863765427 -0.2477404346307216 0.8972064209773746 -0.5620083131265251 0.12867227695857433 -0.10976714068543227 
-0.5482295461764303 0.4392676605343786 0.03678375344310715 -0.446718140634659 -0.49776936922835957 1.11494973759477 0.32409232294649265 -0.4223764184713807 
0.18140131183254538 -0.6461799908959346 0.6299940444924452 -0.8633181061072591 0.4699244093192767 -0.026976373556617108 0.15399973751528007 0.10115496739869247 
Ip_2IIp_5
-0.006803283039575762 -0.042037379556950145 -0.015553409092428392 0.07330073759534364 -0.024328430248856055 0.0017481414962767807 -0.011066357140772436 0.024739979986677634 
0.010946402070909137 -0.040773734193336006 0.06274368417774814 -0.018074403429737793 0.01689885939208724 -0.01252199198648085 -0.0076333410167952085 -0.011585475014691805 
0.001038252899899704 -0.039779567860706404 0.010265268766112393 -0.03941244615369943 -0.02090244796947178 0.09543745049464303 -0.008399829168368527 0.0017533189914954092 
-0.029699187030248174 0.03174474602724009 -0.008031324191401318 -0.02177752728001773 -0.04109618016313318 0.04871176460936668 0.04799436397921216 -0.02784665595035456 
-0.02638574449788171 -0.059152083922292674 0.10953413182820539 -0.07461882350610952 0.008731503728575705 0.04553455226724079 0.03959433839121201 -0.043237874288743615 
-0.013054217736945333 0.22995608218852276 -0.04725699113980399 -0.012202045255345262 -0.05009896345101137 -0.03723537003279681 -0.03020597331115083 -0.03990252126045341 
Ip_1II_4
0.02159106577418408 0.07561738120620613 -0.0019838574612249245 -0.03185656141236323 -0.0069933009611943455 -0.05096419845200729 0.05209370529794686 -0.05750423399099839 
-0.018494895663351777 -0.059444903100234286 -0.0062491088254588885 -0.05998879817356528 -0.01253823686879386 0.1592116648207682 -0.012882750904964897 0.010387028715195288 
-0.038208977018201876 0.1375502925565311 -0.0588025350811845 -0.06297667697658926 -0.03882786256924493 0.08786801453150025 -0.0064321067055962645 -0.020170148736435255 
0.0007085756771603621 0.024372441176946428 -0.018324205701247386 0.08879825354997166 -0.028408931686520183 -0.03029370380266303 0.027371756978460317 -0.0642241861914425 
0.017461888814218902 -0.08213144388156404 0.05328191847760446 -0.03845964335694192 0.0677461486303345 -0.027783073233771556 -0.02354812712535799 0.0334323316748409 
-0.04826571566751747 0.01588901027897554 -0.012014932878705161 -0.06451031991702673 -0.030529976955371484 0.10281608660427835 0.061785515755437156 -0.025169667219630314 
Ip_1IIp_4
0.011122976149476663 -0.040703111760530666 0.06268171962395315 -0.01812864048401151 0.017149399869822415 -0.012374380507373346 -0.007987115563340082 -0.011760847328320955 
0.0018691139398505623 -0.03972071380798008 0.009940887275147192 -0.03995043546835605 -0.02132152433213429 0.09567236119312071 -0.008381191972206648 0.0018915031722959435 
-0.030346810647376148 0.035393884095035 -0.00835563119639027 -0.022107294305035358 -0.04168759787776124 0.04808495539636072 0.04764340795530129 -0.02862491341977911 
-0.026823744317094323 -0.060304559414093926 0.10940086519873271 -0.07497938245006962 0.00829275914295699 0.044925124620671414 0.043243153888751634 -0.04375421666967155 
-0.011936914118011854 0.22985001489738208 -0.04738641866432365 -0.012071380213756245 -0.05005448429898869 -0.03752670494923868 -0.030731202308333663 -0.04014291034397945 
-0.006980943482542888 -0.042116371517735327 -0.015613440436358367 0.07306779042670465 -0.02433960434616429 0.0019185189379923241 -0.010929981849960375 0.024994032267787653 
II_1I_4
0.16739392907988193 0.29742729740201734 0.13222537429071518 -0.20088160116562054 0.4123092007932503 -0.16866899235463684 0.027897707860220364 -0.6677029159045479 
0.8298169830952008 -0.8550442861520972 0.3046029854620386 -0.5960719423270594 0.8637562028749981 -0.6587640144417054 0.31179922228664014 -0.2000951508030252 
-0.8093301910090831 1.3543165419848568 -0.6140679065948675 -0.8012847391199476 -0.4587826859940319 1.563310052743812 0.46054236404023186 -0.6947034360417161 
0.2865814241826798 0.2626412118147379 -0.014648738180456576 1.263473334055062 -0.5169320857262916 0.06448386472909666 -0.2823591537198808 -1.0632398571499273 
0.3807081010344389 -0.7073355821591311 -0.3225991613489358 0.007776657836281755 0.1766761749418517 -0.7344141765043686 0.2480310915274988 0.9511568946629979 
-0.37037013002397257 -0.9107678427308781 0.1900723401520764 -0.48949593412203357 0.668263490183934 0.31246655183218164 0.20253547233855232 0.3972960523655154 
