II_0I_3
0.8292343247200322 -0.8552140514528872 0.3048902071479662 -0.5957660918839951 0.8629940953888378 -0.6592440691184274 0.3127719399112331 -0.1996663547182292 
-0.8120456363934657 1.354128310315269 -0.6129987838770936 -0.7995724221055289 -0.4576626459243916 1.562438801933559 0.4607476908488301 -0.695035314791336 
0.28792891380064856 0.251164096202089 -0.013415723920133127 1.264911667074777 -0.5147887700988836 0.0662919352214721 -0.28120993599535193 -1.0608821822807482 
0.3824500912049196 -0.7065181874452937 -0.3219042471393233 0.009247065611800656 0.17851161791082495 -0.7320850309128458 0.2368697397388978 0.9534289510264263 
-0.3734627659896194 -0.9101030883256016 0.19065012684746752 -0.49017579556445934 0.6685768312803584 0.3139500898028672 0.20199928473686385 0.3985653172119334 
0.16719651812633074 0.2978803067263127 0.13256278107741093 -0.2001742690860809 0.41237634058772976 -0.1689023398055462 0.02731893212414723 -0.6682582697510834 
IIp_1I_4
0.5492122065975863 0.3851913428050248 0.5459505873157153 -0.6731827048113695 1.156283114609214 -0.7434493479991121 -0.3709414016963103 -0.8490637968226513 
-0.2592440272464816 2.5943116824437604 -1.0792581610055996 0.1730032438700982 -0.7455380571376387 -0.1869608078783603 -0.44419437825572383 -0.052119494782972876 
-0.17550042148178688 -0.8514265060759886 -0.2931539662155572 0.07034246605269337 -0.1270032049753398 0.07076478473280756 -0.3690510201302703 1.6750278680904167 
0.11545925393954334 0.009051887624473296 -0.7347607279392223 2.731918882876504 -0.5623556968782989 -0.11334772411382601 -0.2691818843271275 -1.176783991178485 
0.9313213396092092 -0.6965651652635141 -0.41446510165833944 -0.031231583989435745 -0.13612268290853302 -0.5870413052259128 -0.09277979603597925 1.0268842954583652 
-0.10801680991099975 -0.633222287679094 0.1179239361301079 0.5895158842900428 0.16324534708082467 0.03312711805831825 -0.12065807357274295 -0.04191511439863295 
IIp_2Ip_5
-0.030066151723555836 0.03535132768383236 -0.008350692164029415 -0.02223810503338362 -0.04176461305365062 0.048198435793423054 0.047588877110085796 -0.02871907861225088 
-0.026780512031070323 -0.05951277082401666 0.10932650448769134 -0.0751515413432963 0.008060216690358125 0.044725781731238604 0.04331156645099541 -0.04397924516200155 
-0.012198396436164369 0.2297571652184314 -0.047425495856761715 -0.012054040030782628 -0.05006454457811301 -0.03765741455337891 -0.029955863154142597 -0.040401410608258685 
-0.006490624906884479 -0.04318534570066637 -0.015585219348736211 0.07320351867553197 -0.02428697716194016 0.0019381251949347825 -0.01079332791961473 0.025199851167452818 
0.011411785452275296 -0.040576424947643915 0.0627460327474235 -0.019390385356013097 0.017321496735581494 -0.012131754602957257 -0.007756037671854015 -0.011624712357126223 
0.001790098161546719 -0.03953109017879556 0.010013742794323117 -0.039967998196224055 -0.021317348229759663 0.09573916497126672 -0.008494868924889739 0.0017682996020972708 
IIp_1II_4
0.1786387362586997 -0.6460073844708033 0.6308858329284948 -0.8635119343286007 0.4701973200679899 -0.025384270451205657 0.15316738979327613 0.10201431019737556 
-0.318284741969681 2.2129524423648705 -0.8060156913639455 0.05876160153666566 -0.4239184330167467 -0.42722141732785807 0.0027115502349522027 -0.2989853104502729 
0.20519410543144023 -0.5998368973525584 -0.14796792290109823 -0.026437462844857165 -0.15689119403540383 0.08448136030169774 -0.18878147917121832 0.8302394905691555 
0.10081253864207886 -0.38575702248756333 -0.01433454071344258 0.05047915731490295 0.24280370992501427 0.040626072373855515 0.5545049703395041 -0.589134885392523 
0.45729505592297376 -0.7831935669949024 0.2147895172046792 -0.2542006147872731 0.9001299650594323 -0.5590261708754796 0.13078182499579774 -0.10657601053374696 
-0.5484137805565279 0.44149023810040894 0.037875288414906796 -0.4455266966284074 -0.4964787088907062 1.1171186619089997 0.3145642759498983 -0.42062927829661556 
IIp_2I_5
-0.0926066799408715 -0.6334390290862294 0.11734089955208038 0.5893376512602599 0.16123112843216247 0.030517724969675197 -0.1193607400636506 -0.05302095512180201 
0.5641655089407592 0.3838443641488863 0.5461518585090397 -0.672619829709176 1.1553374549542141 -0.7444490132642063 -0.37176305213278904 -0.860667291445161 
-0.240985746113987 2.5936077246054783 -1.0790200539805732 0.17142008850231502 -0.7487641140490937 -0.18904335820119522 -0.4440555949915249 -0.06315894576287373 
-0.16213174296589739 -0.8405250676639834 -0.29358636120958626 0.0684780234999702 -0.12985454948347347 0.06760339126732383 -0.36939440926343403 1.6594107158181155 
0.1287117541346006 0.00688809317156926 -0.735443979311785 2.7452983596970526 -0.5664441952170731 -0.11787582653109581 -0.2706626560026536 -1.190471549935084 
0.9491053867626918 -0.6994561164052662 -0.41522037571084647 -0.031238934991391715 -0.13771934790745025 -0.5894236091651036 -0.091517668305032 1.0154706657177424 
II_1II_4
1.3866537836042316 -0.588038975699789 1.3247172827008555 -0.6960124119996355 0.22042852176995856 -0.951060138525365 1.1118735740676056 -1.8085616359216428 
0.41046201137079 -2.0498764657531736 1.2751710554258053 0.018381430811811768 1.919879078759378 -1.532092013802993 -0.06243540362404697 0.020510306800071175 
-0.8694195252283708 0.14336140729944458 -1.3586348159886343 -1.2141641187985235 -0.7332113728312781 3.0344180121350575 1.7419534256191014 -0.7443030121980839 
1.3848742465957595 -0.5784601601074449 1.3248233965672824 -0.6974430953129303 0.2197466036120488 -0.951543391460864 1.1104807865020836 -1.812478386399313 
0.4090401927177251 -2.050863067382326 1.2744015871362462 0.0295278008814524 1.9171758762276445 -1.5351350953637366 -0.06296593660641506 0.018818642370906847 
-0.8697890207072129 0.14149525076767086 -1.3594731103169098 -1.2131233165531714 -0.7317209118397293 3.0342468949433608 1.7429421737968815 -0.7445779600883412 
I_1IIp_4
0.11541612776454016 0.009404257341649732 -0.7348008435509935 2.7318798010275356 -0.562387262853737 -0.11340941679293891 -0.2691973605553543 -1.1769053023786582 
0.931269615697459 -0.696632731174473 -0.41449278570998765 -0.03080859321996894 -0.1361640086625743 -0.5871021010679163 -0.09288003994142487 1.0268106440701454 
-0.10785505720739054 -0.6332829822568945 0.11789469923308622 0.5894828810854432 0.16322076521348583 0.033102135641078306 -0.12065236698795864 -0.04191007472481362 
0.5491783606607351 0.3854937592507785 0.5459099183224678 -0.6732143256850164 1.1562551048185392 -0.7435085205273587 -0.3709496145745424 -0.8491646822727323 
-0.2592883364121588 2.5942492616335575 -1.0792818323011382 0.1733681066125662 -0.7455652857624386 -0.18700573413094043 -0.44429185544638744 -0.052184324186510346 
-0.17533674186876275 -0.8514774686964172 -0.293178831429514 0.07030403509203155 -0.12703555955725587 0.07074069468744242 -0.3690504698409564 1.6750343416104705 
Ip_0Ip_3
-0.0252418534558354 -0.05682653650694262 -0.04136190929879255 -0.06512377327554812 0.06898731238957444 0.1393732374492039 -0.02535560407100876 0.005549126769106563 
-0.04318719334751744 0.27691746250446475 -0.05290331921129958 -0.0731071668406497 -0.06623089573621628 0.023119514424111157 -0.034882833673050465 -0.029725568119059603 
-0.02603525211897336 -0.05929723655578935 -0.020805276136024644 -0.005673330412854232 0.10378648292147796 -0.028079318289221077 0.07892345416420235 -0.04281952357264145 
-0.024770471080628496 -0.05936387336704233 -0.04139001784958245 -0.06474479891582217 0.06916794600351445 0.13950124654116874 -0.02498666793330937 0.00658663660141386 
-0.04281056715183305 0.2771788038628665 -0.05269949440291357 -0.07605973392606395 -0.06551484317659945 0.02392559769576865 -0.034742300547887336 -0.029277462351852718 
-0.025937376292151773 -0.05880290949550503 -0.020583219966739934 -0.0059490289976934126 0.10339167402491026 -0.028033990977959868 0.0786615442052228 -0.04274669249996864 
II_1IIp_4
0.10008069098740138 -0.378921609121176 -0.015319117504725137 0.049784554455439105 0.24216099334477525 0.03922342042682501 0.5543724249834152 -0.5913813575711361 
0.45629441180241465 -0.7846508690568758 0.21425540640780716 -0.24593451478514466 0.8996008023735065 -0.5599656901629937 0.12845873598733482 -0.10805828256850757 
-0.5444538744043721 0.4403501568660902 0.037315645315584366 -0.44650117437021214 -0.49732789907082264 1.1165464198158161 0.3145311881731648 -0.42046046232130035 
0.17751653926407093 -0.6370708153932367 0.6299245326851516 -0.8645203639217753 0.4694050217138819 -0.026892926073899842 0.15272933030393296 0.09890868141942977 
-0.31959726832213414 2.2112787248566828 -0.8067185884453596 0.06947270728059537 -0.42504055517510764 -0.42882845006119796 0.00027208646197255054 -0.30083865658548237 
0.2090729611102248 -0.6013863283043608 -0.14871144958193364 -0.027183635995359223 -0.15741344498266047 0.08387158289282738 -0.18859768064738722 0.8303479955042561 
Ip_2I_5
-0.1512969658047275 -0.15259372468868196 -0.02770130910100176 0.46183190655952 -0.05434291472689756 -0.0324265338489871 -0.044669122095334406 0.001198663705897866 
-0.05421438847764565 0.8557377847651967 -0.2431644183420181 -0.1107733394596983 -0.03366181099510798 -0.15178707046554993 -0.15871117805018706 -0.10342557897336428 
-0.024260129449846034 -0.09456498453330436 0.1710790065481424 -0.1553618743345345 -0.1407771958194091 0.1368453797069942 0.046506296222707806 0.060533501660051475 
-0.12448003701571636 0.7665272988749289 -0.19356687309077436 -0.1194357871812186 -0.1827878759789552 -0.023685151740847392 -0.13232064957215975 0.009749075705801292 
-0.122253060000336 0.16131939897332023 -0.08694098882298297 0.027427729769793328 0.05855742348368744 0.1966775370739897 -0.1000033653227236 -0.1347846751536263 
0.15739986970199113 -0.07583188941415502 -0.09404552779833977 0.23835329110293232 -0.030676769916989557 -0.11567883575021828 -0.08709264944950121 0.007572511524315016 
IIp_0IIp_3
-0.09755503595486045 0.39130933339772256 -0.12168414203117509 -0.06659533807653369 0.07818656450353696 -0.07962580845967715 -0.04996385937896708 -0.054071713998640934 
0.0400493052917066 -0.1199880924077851 -0.07218378901254158 0.01566355625033366 -0.06082161332315491 -0.039616660397276474 -0.03690289929968548 0.2738001928974431 
-0.05580966211910246 -0.12510172046681164 0.2781999474703335 -0.1767017978307451 0.009587003477569491 0.008610608392002787 0.12082033842467925 -0.05960471734772124 
-0.0979978535412264 0.3936929129354631 -0.12165773680000823 -0.06695134738044711 0.07801687690984023 -0.079746060467686 -0.05031043875617493 -0.055046352898823696 
0.039695501858115156 -0.12023359702481502 -0.07237526246254088 0.018437203927790767 -0.061494274590873005 -0.04037389670363746 -0.03703491641047472 0.27337924140529857 
-0.05590160687490741 -0.12556609233810107 0.27799134744185006 -0.1764428060051745 0.009957887778373323 0.008568027821301208 0.12106637718636251 -0.059673135009250096 
Ip_0I_3
-0.022692350232969588 -0.09418966031006798 0.17055562949610606 -0.15579103065895414 -0.14146703398718127 0.13615809545938842 0.046658953433451764 0.06076739679994466 
-0.12526381860117866 0.7710366594224115 -0.19388053054033239 -0.11949219625335399 -0.1826051094522634 -0.023790063296011747 -0.13372541124650217 0.007720469970047789 
-0.12092472968253129 0.16059069495913542 -0.08734350635546699 0.03244773471563938 0.0567476404791964 0.19529202848914806 -0.10123558151468288 -0.13557428108895322 
0.15748676639107578 -0.06936682461036668 -0.09490048877025808 0.2373865127053376 -0.031137547310430627 -0.1168028130481379 -0.0874753241457764 0.00480971878712602 
-0.15225134600186838 -0.15348041737130902 -0.02862911039828357 0.4706199080341215 -0.05580292758776833 -0.034519580217740396 -0.0457818556640596 -0.0001546707918606183 
-0.05246216940936604 0.8541267466900223 -0.24380404596526647 -0.11043274676387806 -0.03306299563212917 -0.15181243942266429 -0.1589618521917845 -0.10359049730174262 
II_2II_5
-0.856502055243449 0.14250845130815887 -1.3582571420334315 -1.2134466283570342 -0.7339442882794541 3.03298711383536 1.7430639777744459 -0.7564094290002527 
1.4021537304206255 -0.5892195529683794 1.3256974159452326 -0.6966166270335288 0.21851264633731307 -0.9522444732906037 1.1122657680084942 -1.820548907417093 
0.42593301399882955 -2.0500840025428024 1.2754744894978192 0.017377244203100602 1.9172770357413902 -1.5345552041415926 -0.060319837019723294 0.008897260250145981 
-0.8562781333657046 0.14130313422146107 -1.358270494503342 -1.21326660327591 -0.7338584814686112 3.0330479222959323 1.743239234375385 -0.7559165782669939 
1.402332640045819 -0.5890954073701876 1.3257942393215925 -0.6980191919113893 0.2188527944653285 -0.9518615576620099 1.1123325257879286 -1.8203360426831585 
0.42597950818199526 -2.049849181199128 1.2755799733607076 0.017246278456137545 1.9170894887433114 -1.5345336722031906 -0.06044425272336069 0.008931857364930301 
I_1I_4
-0.3128170585904248 0.4712601542985371 -0.505367041646711 2.5126979693073346 -0.49461396314826067 -0.23898291256512363 -0.792937384812932 -0.6392397628376175 
0.08514499677034965 -0.543160007384288 -0.15188244429721975 -0.1186291721559616 -0.12135862619465448 -0.34915116313282923 0.07703343759843925 1.1220029787926438 
-0.41352229066037594 -0.7256396223777298 -0.08769702633946636 -0.2492041450742109 0.15163739200635998 -0.07937025915858312 -0.1721206880339147 1.575916639636035 
-0.31502159275877745 0.483126626401132 -0.505235585181738 2.5109256036677223 -0.4954587401165915 -0.23958157817483047 -0.7946628042691256 -0.6440919295618905 
0.08338361289016827 -0.544382233722178 -0.15283568051916502 -0.10482077505231654 -0.12470741990669042 -0.35292100733666343 0.07637620030556616 1.1199073033350568 
-0.4139800307367089 -0.7279514629386566 -0.08873552594863457 -0.24791477367950457 0.15348381170374534 -0.07958224333875315 -0.17089580249706504 1.5755760274354287 
I_2Ip_5
-0.12462315592583802 0.7713331216602801 -0.19373542837941524 -0.12010099841352581 -0.18324553223787537 -0.024235836978762255 -0.1328049932394812 0.007412823517744056 
-0.12233078353878653 0.16062497007466828 -0.08731522488476057 0.03310972846378379 0.057421282993923434 0.19533780194239383 -0.10066924469699208 -0.13617853035331876 
0.15877901734220928 -0.07676267733121067 -0.09444933040535215 0.23848667602627227 -0.030423787287839284 -0.11593831486186912 -0.08672630036960667 0.007034716886247158 
-0.15028727356450103 -0.1539932043896127 -0.02793860656697632 0.4620935137458804 -0.054358814027567384 -0.03266416048249701 -0.04425119678599491 0.0013997420720846757 
-0.05337103625950323 0.8556824914130479 -0.24304018113845133 -0.1123121288936399 -0.033046775754916054 -0.15115545106080336 -0.15903337008660504 -0.1037235482168971 
-0.022641617016824947 -0.09428684785517766 0.17121826376155652 -0.15590273694236087 -0.1414897564989463 0.13669675291533276 0.04623211918843559 0.060173822448322506 
II_0II_3
0.41059435587062765 -2.049195722846335 1.2750205730352073 0.017637131661525043 1.919044769509047 -1.5329481029205145 -0.06097686579413121 0.020823861475606456 
-0.872245348572552 0.14318713809945216 -1.35862512429683 -1.2128680012990043 -0.7318029370514821 3.0348990696841365 1.7420577895625298 -0.7446025861213561 
1.3871023973220027 -0.5885225341258659 1.3254175204941763 -0.6964375499164707 0.22026046418319717 -0.9504061453593617 1.1112548751956688 -1.8086690277993756 
0.41013986814446307 -2.046749325781899 1.2750476741569732 0.01727173998776558 1.91887060992037 -1.5330715240841395 -0.061332579022241124 0.019823536666824276 
-0.8726084762405024 0.14293516338559542 -1.3588216438910499 -1.2100212561277996 -0.7324933258228032 3.0341218769597695 1.7419222932366405 -0.7450346314867285 
1.3870080294284672 -0.5889991441840587 1.325203422962028 -0.6961717325470395 0.2206411228736921 -0.9504498481101392 1.1115073981325156 -1.8087392485589573 
I_2IIp_5
-0.166009165660709 -0.851643367732477 -0.29332173062973843 0.07016069483538141 -0.12825853222127392 0.0693354332695463 -0.3684017866317302 1.6681384547655096 
0.1246509537730864 0.008686355022415717 -0.7346346329189142 2.732026103114028 -0.5631626514992742 -0.11415672557962175 -0.2693992323509314 -1.184010169554892 
0.9418475713532323 -0.69704815269942 -0.4143400513821086 -0.03155204095610134 -0.13789583921258966 -0.5883436732647773 -0.09261876218655198 1.0199509483394098 
-0.09936399266043146 -0.6290555804734774 0.11777725809494162 0.5887049953038507 0.16172357252267827 0.0314677010178558 -0.12062211664490519 -0.05063183716210767 
0.5578037272924594 0.3840459723891102 0.5457159461404942 -0.6678535066929218 1.1542443068455859 -0.7456546428405992 -0.37135820946927717 -0.8569435936707546 
-0.248841529610281 2.5929956187360723 -1.0794963721150526 0.17279135099595538 -0.746528537650748 -0.18824034752793234 -0.44355656142191063 -0.059123621396871995 
I_2I_5
-0.4109242446814727 -0.7233267632408081 -0.09128819260218984 -0.24719222091606094 0.15181894242667093 -0.08337192781503389 -0.16870600841014832 1.5729904152376641 
-0.30881477795797774 0.46751668500991483 -0.5045681069390345 2.5165064375033865 -0.49083438231654547 -0.23511237807665775 -0.8003149044269882 -0.6443785727884397 
0.10461794876242704 -0.5425267360672649 -0.15185566238313808 -0.12545113563081384 -0.12923977611165277 -0.3521488430481951 0.07657022020468326 1.120033984270982 
-0.4202508456654157 -0.6731239349199748 -0.0907320469946314 -0.25469047036749737 0.14824499115034387 -0.08590466935539291 -0.17600564523550083 1.5524626213875052 
-0.31626656748401905 0.46234587952864975 -0.5086009107889723 2.57492486070554 -0.5050019389699344 -0.2510612497975357 -0.8030954419511722 -0.6532446312332064 
0.10268141309505381 -0.5523073122812829 -0.1562491853396361 -0.11999626326381142 -0.12142823024773129 -0.35304567281499494 0.08175227581341336 1.1185929750402583 
I_0II_3
0.3821396671470422 -0.706487586519009 -0.32130335067074206 0.009057661491952355 0.17859785610705778 -0.7314874305434161 0.23637742207831763 0.9531057609025292 
-0.3734752159290254 -0.9096795874111742 0.19063918427578158 -0.49031695271979353 0.6677753241407067 0.3132425507248423 0.2030989631978225 0.39871573371850777 
0.16480308802705068 0.29776582074501196 0.1325382618416443 -0.19919832071689447 0.4134645069651513 -0.16864792923958902 0.027740468008128114 -0.6684658956313413 
0.8305948865518613 -0.8641779618088444 0.30539146265742445 -0.5946120838592021 0.8637206549798528 -0.6581926940694088 0.3135874502745272 -0.19631171473716788 
-0.8107229981064883 1.355478230514295 -0.612287195448051 -0.8101800247594573 -0.45592584491533866 1.5645887175345607 0.4623455399712377 -0.6932964247777057 
0.2858824400876254 0.25280193187334 -0.012653084481632852 1.2649103017606462 -0.5151001471289691 0.06670702489081312 -0.2817168350065346 -1.0608316319943865 
IIp_2II_5
-0.5456719967061409 0.44015372367351535 0.037507463619387296 -0.445622790624816 -0.49642041345771276 1.116828892601384 0.3148575087730661 -0.42163238787085194 
0.18007110699345003 -0.6456315691047145 0.6304650464509114 -0.8636205838582897 0.469777427201809 -0.02614400411128519 0.1538405410908571 0.10124203533550735 
-0.3176985566422647 2.2125316777542148 -0.8060091611982275 0.05947281208874671 -0.4232985019198279 -0.426871993565055 0.0020205559856431615 -0.3001468324947066 
0.2085641131343146 -0.6020996095830982 -0.14782524606112596 -0.026880604049605215 -0.1576316552554371 0.08440727140350558 -0.18881050566784813 0.8302762360751095 
0.10142538756430584 -0.3790624146136894 -0.01451785872276634 0.046998393103989775 0.24254629642980477 0.040230390604502154 0.5544081528849056 -0.5920283472501455 
0.4570572282999469 -0.7838307140418361 0.21449103236110598 -0.24661980675675654 0.8986991013767454 -0.5605771780558537 0.12953462751294711 -0.1087542907012119 
I_0Ip_3
0.15854049769448741 -0.07681875226312407 -0.09433136919461438 0.2382989608807838 -0.030511100847935603 -0.11577672371782387 -0.08692118365654271 0.007519671103746069 
-0.15115380988070273 -0.15224991574065921 -0.0280397019811403 0.4617566762883387 -0.05456030017996165 -0.032909396761449286 -0.04417400976646336 0.0013304580220019713 
-0.05477057471129147 0.8554607793822487 -0.24317558730466873 -0.11018704360922857 -0.03304689834256864 -0.15140266020841706 -0.1592770720248487 -0.10360094317865652 
-0.022606564936345098 -0.09643136965436698 0.1711824677326958 -0.15565677602120906 -0.14121150420401762 0.13692132835738802 0.046455513071068495 0.061346905654948415 
-0.12493965425029713 0.7717305174757677 -0.19370966006514453 -0.12229256763234822 -0.18283283870608363 -0.023835107367954193 -0.13240613888137018 0.008285449430371485 
-0.12343411516683955 0.16090966656885053 -0.08717102227867654 0.033259562864131065 0.057574446261406155 0.19560873169493584 -0.10101299019430793 -0.13573427974866153 
IIp_1IIp_4
-0.05670333042660497 -0.12515599889596257 0.27827893760197114 -0.1764411214201703 0.009922537389129975 0.008787691610340194 0.12086754385717505 -0.05955625971568369 
-0.09777989408385344 0.39125597374237 -0.12150840135881151 -0.06671365578761379 0.07815385262929003 -0.07949777413864884 -0.049950929101554915 -0.05395917189992051 
0.03959099528250037 -0.11984559333950427 -0.07217740254393883 0.015593584899058634 -0.060867335837458646 -0.039729758997915594 -0.03653086078735471 0.2739663713236651 
-0.05650748193645292 -0.1262102037603861 0.27826725914833395 -0.17628366632624734 0.009997586483946063 0.008840876431661895 0.12102082830168348 -0.059125198342069314 
-0.09762341459788883 0.391364555040998 -0.1214237168583454 -0.06794037922076233 0.07845135593026777 -0.0791628651561175 -0.04989254083371801 -0.05377299430284009 
0.03963166042803803 -0.11964021186267886 -0.07208514333410734 0.015479038504416488 -0.06103136981571877 -0.03971092654696229 -0.036639678326406744 0.2739966309522734 
II_0Ip_3
0.01737669190943829 -0.08222122139392861 0.05331687257711006 -0.03852458188823822 0.06769095616769673 -0.027805582347602314 -0.02317311425823406 0.03333997923320925 
-0.048142353409289976 0.01591403357509801 -0.012032594615340775 -0.06457205506108546 -0.030606176170089244 0.10270807551431277 0.0619216523682669 -0.02519058220152842 
0.021355599498356765 0.07560091145291874 -0.0019934942820132246 -0.031789732355166384 -0.006894021065440376 -0.05092831047471639 0.05215204573357319 -0.05750299850717857 
-0.018345347851121983 -0.060294621647869584 -0.0062077720675773945 -0.059891287645840875 -0.01243980397555063 0.1593341517837798 -0.012844554905511852 0.010689236309633346 
-0.03798141895422837 0.1376892027497477 -0.058774521905563204 -0.0640548110067464 -0.03870930331244121 0.08810097443089625 -0.006279502928266295 -0.019990619072483663 
0.0004462106031498569 0.024956259590909607 -0.018297524251334532 0.08875123802578627 -0.02851108167779496 -0.03031973866369706 0.027283389258003537 -0.06430875288475264 
I_1Ip_4
-0.1227307506557938 0.1610192419287108 -0.087978878209525 0.03338255077066183 0.057499569384959016 0.1948445146140956 -0.10044647840896036 -0.13558976942330403 
0.15853222570989067 -0.0772372944666021 -0.09449017606902185 0.23904457928329254 -0.02980275989303357 -0.11529873944807374 -0.08804927672206575 0.007301441604806388 
-0.14858213484303726 -0.1523237916344775 -0.028061047167887675 0.46089435473988516 -0.055518602829295605 -0.03306967805058242 -0.04483069588826443 0.001491595674312482 
-0.05563454707380377 0.8647274726579599 -0.24372918473687513 -0.11157418902017052 -0.034027414374615185 -0.15257927654222644 -0.16017611693591108 -0.1070067439726058 
-0.024254890683666208 -0.09596684096193858 0.17033591913878227 -0.14492876488188067 -0.1431163818143762 0.1345106850069796 0.044579244594348415 0.05884102960193199 
-0.12297349646240949 0.769756193375975 -0.1946456861768322 -0.1201145108656216 -0.18292580602054917 -0.024721504123651566 -0.13225276694318797 0.007877577219859273 
other
-1.3031010172419846 0.8501054970125812 2.200380694406983 -0.538454419527514 -1.9553155153656623 0.6216068009301042 -1.8682667458772286 1.9930447056603897 
-1.305820289869131 0.8415455302324981 2.2059006775291317 -0.5332523477323333 -1.9476447317571197 0.6330697842042479 -1.88326784949053 1.9894692268779937 
-1.2823292303818628 0.8463497990401674 2.2060009023837184 -0.5486059076850138 -1.9640219986516354 0.6250650735249821 -1.8760275506907897 1.9935689124578704 
-1.3176502544857376 0.9284205081121566 2.201248266034159 -0.5501514794069665 -1.9608907796128845 0.6176557948124792 -1.879653975602948 1.9610219201528964 
-1.3174448735603321 0.8334792179924999 2.199609616074175 -0.44212123790089286 -1.9697457247405572 0.6081899894292135 -1.8876054104260827 1.9756384231435806 
-1.2853501719768539 0.8310923731071581 2.1991471291883182 -0.540096459028879 -1.9518362051113314 0.6236660441183388 -1.8679436885636793 1.99132097827469 
Ip_0IIp_3
0.002027336906645315 -0.039489244439662306 0.009606438624166705 -0.039905164885136436 -0.021334830311408592 0.09537468577368734 -0.008217525762956323 0.0019383040943070076 
-0.030199842631053887 0.035157190419047676 -0.008437946527509151 -0.02186768913758405 -0.04140195027514853 0.0484410974844213 0.04703413812494225 -0.0287249974568231 
-0.025651321341324092 -0.05954820004747983 0.10931345265624182 -0.0755639291165564 0.007614278471566834 0.04466918481941725 0.04296987522768605 -0.04380334066940293 
-0.012726696481221938 0.23431181817388283 -0.04769964712072995 -0.012742746099325774 -0.05054137671851011 -0.03822258558640904 -0.030407662286533133 -0.04197110388073939 
-0.0074469911245338555 -0.042850484415060584 -0.01600894844263191 0.07845887120847332 -0.025213650410627383 0.0007582667894793803 -0.011729161197504603 0.024032097592412104 
0.012229606690807455 -0.041554413565631006 0.06227638905125411 -0.018199354244654232 0.017273273776551645 -0.01257508962671412 -0.007705458911368749 -0.01174495317046035 
Ip_1Ip_4
-0.025367537338128503 -0.05942856090356188 -0.020609371694056442 -0.006005073966254169 0.10350713666790202 -0.027952898076258625 0.07866210383752284 -0.042805798526950135 
-0.025152503389333246 -0.05653831772707828 -0.04154017390039623 -0.06530763452834834 0.06872312759937546 0.13898873435642334 -0.024843516610906873 0.0056702841998926695 
-0.0440033655701114 0.2767611714325928 -0.052906228790490006 -0.07258822653424886 -0.06567667288323593 0.02338494237240162 -0.03510870991178235 -0.02986291011356078 
-0.024861266370049904 -0.06215369458666918 -0.020639560653029736 -0.0055980504412494105 0.10370113958236549 -0.027815414601389542 0.07905834617797404 -0.041691499107239745 
-0.02474800182397799 -0.05625763361701633 -0.04132126333339486 -0.06847873102046427 0.06949217761387629 0.13985447855834632 -0.02469258215717949 0.0061515557799343215 
-0.04389824562467009 0.2772920852988321 -0.05266773749836011 -0.0728843304973857 -0.06610070291232374 0.023433624510153437 -0.035390004706548406 -0.02978468856863962 
IIp_1Ip_4
-0.0269655973719024 -0.05964753259729496 0.10944252082867285 -0.07509401506149889 0.008181884454994216 0.04493541781882574 0.04308322776745268 -0.0439359058392228 
-0.012033992974549906 0.2298623977386606 -0.047424454498314644 -0.012297044514525308 -0.05030812085860028 -0.037788709390754883 -0.02977828620401984 -0.04023178929740905 
-0.007260222816561335 -0.04216028366966712 -0.015645412298689442 0.07326455206204073 -0.024146781128824256 0.00188319399625942 -0.010813307296139392 0.024878261151557404 
0.011388417502102784 -0.04246043602278663 0.06276552006307287 -0.0179528845137226 0.017285607820276893 -0.012148442583983614 -0.007798581647106739 -0.011079200618035509 
0.0021616728633538753 -0.039445830119761 0.010061977994443834 -0.04202388458941734 -0.020943999243111168 0.09611430342425023 -0.008125400295814822 0.002201159965918636 
-0.030591147991299923 0.0357233706184966 -0.008277373533239986 -0.022210721237992965 -0.041811627913177135 0.048222112394775876 0.04754035438385929 -0.028594966721180608 
II_1Ip_4
0.0006594625252253038 0.024811596687650928 -0.018386005702183808 0.08874976247044895 -0.0284899300681233 -0.03037708939078503 0.027341010297518935 -0.06430880681949135 
0.017398099876394194 -0.08219192554968599 0.05325637293390473 -0.038494706608940346 0.0676970492778277 -0.0278528206937624 -0.023160072605504102 0.03334800336915481 
-0.04808463467430761 0.015867622734433845 -0.012035484883259074 -0.06453034033842028 -0.030565415258914954 0.10275790137177401 0.06179878006723214 -0.025208429017990367 
0.021560246625460643 0.07582993584388634 -0.002008404076705169 -0.031911736503823104 -0.007014759781878495 -0.05098198761589731 0.052094410015584916 -0.05756770450627056 
-0.018507002280515633 -0.05947406446485517 -0.006276548782955298 -0.059732471605066687 -0.012552353828082733 0.15917750471173217 -0.012961707920862264 0.010326644170543757 
-0.038052742044866854 0.1375170819088614 -0.058861589591924265 -0.06304316786938571 -0.038864609677838426 0.08788853876972608 -0.006425212886150401 -0.020158298607754997 
I_2II_5
-0.8109490464679291 1.3544310282620173 -0.6135172556688958 -0.79944686343384 -0.45784205930407085 1.561811558588139 0.4611091520286711 -0.6955965139927381 
0.28890808875943047 0.2507029173101812 -0.013423350593844599 1.2654305575972409 -0.5143524787560666 0.06667869638204137 -0.28219390629280594 -1.0617505244035144 
0.3853993886399414 -0.7060672461410608 -0.32192971081222543 0.008337841778251065 0.17745183164132777 -0.732480485809579 0.23653439130621087 0.9527539893902213 
-0.3737774134512981 -0.9026068388348736 0.19017597960767954 -0.4906118515764613 0.6677560031915851 0.31281573392549605 0.20128336237374495 0.39496502476457096 
0.16708387628898255 0.2965864632137782 0.1319345178207619 -0.1911825888702763 0.41083908019177323 -0.17082347344374416 0.025980090915207133 -0.6704179661142389 
0.8319873298385485 -0.8566201153482167 0.3042262254748107 -0.595821990037284 0.8630925708198199 -0.6597463212970514 0.313248808644846 -0.20036650810095502 
I_1II_4
0.28796291550513164 0.2509882320926416 -0.013162413019754836 1.2648082220391903 -0.5147945966656046 0.06654189582551355 -0.2814128686953022 -1.0609313870799535 
0.38240262007249554 -0.7058484692722714 -0.32192152077907676 0.008905347164985027 0.17818529415147333 -0.7323829459763329 0.2373078156706174 0.9533518589631748 
-0.37454524033626935 -0.9101866856570157 0.19061908796043214 -0.48922423684457006 0.6689224021371452 0.3139512782579161 0.20207265305051328 0.39839074143197806 
0.16785504971686732 0.294163016160711 0.1327387403645597 -0.19971323977928232 0.41268592453876524 -0.16848608101450083 0.027664380466251925 -0.6669077904534705 
0.829782572937387 -0.8546351250255477 0.3051454805547986 -0.6000608381410248 0.8636744240885279 -0.6584220230252703 0.3134662783133424 -0.1989507697143659 
-0.8129285699270731 1.3547637056278348 -0.6126916327986616 -0.7995158842660506 -0.45772855112736116 1.5626435775921674 0.46048922052466057 -0.6950318656153043 
II_2I_5
-0.36542580941033126 -0.9181457027969336 0.20140380711729186 -0.4920763812691784 0.6690773461814196 0.3234374908712406 0.1948867905399414 0.3868424587624305 
0.18041110873601088 0.30554656896061727 0.13317501520108327 -0.21218844465263295 0.3988897007461385 -0.1803812791786918 0.047871781069559236 -0.6733244508794404 
0.7992005735499887 -0.8562635900808717 0.30532538803997455 -0.5795703086203285 0.8795684998723781 -0.6560321282508151 0.32002435427683296 -0.21225278879257517 
-0.7772191323369364 1.202286883698047 -0.603802737852711 -0.7805081508263885 -0.4467957539299602 1.5793250760268276 0.4745753841487296 -0.6478615689165069 
0.32251214291687147 0.27373313339460825 -0.0012093220403679226 1.0854642336341414 -0.48775098135178113 0.10051884589428745 -0.25273618606713283 -1.0405318663785352 
0.35788207646771075 -0.6790971135742775 -0.3088754760636584 0.009746447711395155 0.17267201773488355 -0.7263259585008434 0.22920921424730878 0.9447887919717477 
IIp_0I_3
-0.2584412869736106 2.59515777168182 -1.080514714831079 0.17328175319585934 -0.7458011264336116 -0.18828828485353905 -0.4433196408492276 -0.052074470925429675 
-0.1751964085021897 -0.852434535924066 -0.29320172695900104 0.07169665852882973 -0.12565437217028838 0.07191377306577997 -0.37143042078547495 1.6743070327432288 
0.12076053049717662 0.009432876624690773 -0.7348060820155151 2.729905670578717 -0.5645791469834529 -0.11398150191066556 -0.2699912138082013 -1.1767411329817488 
0.9288913243628723 -0.6786082665357277 -0.4155575917141024 -0.03313912788102783 -0.13769707120925817 -0.5893359553953087 -0.09441566809230512 1.0198623564497906 
-0.11026995424634574 -0.6360588251705996 0.11647082787717047 0.6108545895045884 0.15980612916643866 0.028823913005491187 -0.12395378588894415 -0.045672894247901656 
0.553911966059318 0.3819104453263277 0.5444013059385934 -0.6732850356321413 1.1567501748351563 -0.744373148897756 -0.3699342883927033 -0.8493814192363617 
I_0I_3
0.08510309402296388 -0.5426965702170133 -0.1515247363246925 -0.11966329560529479 -0.12228465210396344 -0.34964574234886947 0.07845019686586426 1.1222617057065316 
-0.4169720225866378 -0.7254269487662056 -0.08766222583171084 -0.24820186014959938 0.1527652662412058 -0.07929097020157785 -0.17096473274062327 1.5757534940333624 
-0.314428951604893 0.4706359334335163 -0.5044862414031275 2.513017988393057 -0.49389233592004134 -0.2379333814563813 -0.7933609878471445 -0.6395520235899608 
0.08591416682905781 -0.5470623781777231 -0.15157310062979304 -0.1190112224401207 -0.12197384919760451 -0.3494254865671717 0.07908499800448371 1.1240468721767438 
-0.4163239897338566 -0.7249772780104364 -0.08731151955160679 -0.2532821240629773 0.1539973249461064 -0.07790400230604647 -0.1707229277809666 1.5765245165006865 
-0.31426054390493136 0.47148648546299954 -0.5041041657679978 2.5125436142195885 -0.4945716544015994 -0.23785539010246334 -0.7938116369514296 -0.6394267085470151 
Ip_2II_5
-0.0481105601933588 0.015934925053538607 -0.012132561358315001 -0.06448563604714722 -0.030557656977969635 0.10266345364768256 0.06187864906928278 -0.025190613193206354 
0.021585381283433666 0.07552688734538085 -0.001999034134169111 -0.031774777352815586 -0.0068858335986507506 -0.05086214590783596 0.05193045918448442 -0.05752093681941671 
-0.018085015302184027 -0.059434931127665 -0.0062609801514087625 -0.06015213414815777 -0.01267616083327587 0.15918793702624812 -0.012981317915619243 0.010402602451980832 
-0.03831650672225581 0.1389512291356161 -0.058925154104343305 -0.06321973639984096 -0.038984659801437636 0.08773109338433245 -0.006560205528777785 -0.020676059962698154 
0.00044795280418714396 0.02458729829626521 -0.018480682453780404 0.09039631403504812 -0.02875022491012846 -0.030689016325450964 0.027072384762005457 -0.06458402620771442 
0.01773703417202921 -0.08243308078058405 0.05313870269014324 -0.03851997447558053 0.06771866409364624 -0.027934427997397374 -0.02305484142241759 0.03334792371961688 
I_0IIp_3
0.9303175432238131 -0.6991592962876688 -0.4108717837367392 -0.031584361846990094 -0.1355238592508851 -0.5834110973334107 -0.09541353289333682 1.0256463881144144 
-0.10718338673952363 -0.6304581074427419 0.11805366464542041 0.5854981029248071 0.1591072825123828 0.02963227403793621 -0.11380351646853855 -0.04084631347147876 
0.5352409734894698 0.3850208177591323 0.5460225328974279 -0.6675652218446041 1.1624012518496334 -0.7419327461765008 -0.36862870428795474 -0.8505589036882716 
-0.25107593690144925 2.5426378408107437 -1.0761830574978473 0.17961136565265584 -0.741352040809877 -0.18075059009462674 -0.4396691347193482 -0.03321844643357222 
-0.16736458001141133 -0.843541076040742 -0.28905082158139733 0.009139622551996915 -0.11733139210878768 0.0828782930248838 -0.35950951946756216 1.6847794736277866 
0.10332271381354127 0.018771469346378116 -0.7303870823873441 2.732151849889825 -0.5639024219250902 -0.11097000263695429 -0.2719855358808929 -1.17700099021641 
IIp_0Ip_3
-0.012052469269602626 0.22974628422813181 -0.04740027059603189 -0.01216863642236992 -0.05016530517289893 -0.03764361853920245 -0.03002791321164247 -0.040288071015544116 
-0.006770320073507666 -0.04213186382231484 -0.015647092700283204 0.07304333156628244 -0.024387659004590806 0.0018016549330113613 -0.010834468176979122 0.024926417278230986 
0.01101559583593323 -0.040728386139050374 0.06266326621506267 -0.01812883689846302 0.017193654672474357 -0.012345415312972506 -0.007932788794368437 -0.01173708957890722 
0.0019721775105416015 -0.040128667393095334 0.009949308502799051 -0.039917455627878094 -0.021238259540236587 0.09575557982904163 -0.00840864461207389 0.002015961330630446 
-0.03010593860227935 0.035471428292401554 -0.008391476114095756 -0.02271461738547446 -0.0416839322995041 0.04823720449516186 0.04771137927469295 -0.028524047660339384 
-0.0270167789219672 -0.059487062350674615 0.10935673446189204 -0.0750668136069618 0.008145561125553789 0.04482872258256568 0.04314780788001115 -0.043908171170450074 
II_2IIp_5
0.21367800956479463 -0.5998614360428006 -0.14825260704891327 -0.027206167241231666 -0.15854696821567638 0.08311988684666972 -0.18848362901192603 0.8255529111422869 
0.1063623432353686 -0.37996245718285543 -0.014619030549179577 0.049939152483747286 0.24190664320906896 0.03945665981870656 0.5535136068939457 -0.5965969179081763 
0.4644373143997928 -0.7844728021420663 0.2143840976266285 -0.2473551000101619 0.8974440149705115 -0.5614701833995289 0.1296569080784334 -0.11262424952798743 
-0.5411415969200944 0.445532717962487 0.03711489656129113 -0.44641746398862764 -0.4975593221929736 1.1153830530843254 0.3147277009841523 -0.4276399854827962 
0.1845418591466996 -0.646855110841077 0.630111571827207 -0.8570250145443988 0.468251414439386 -0.02791553818627272 0.15277203737179537 0.09611878078291786 
-0.3104396252982489 2.211277691126857 -0.8063909662642197 0.05907878997244067 -0.42406487750749855 -0.4278211069336526 0.0024670395555448023 -0.30410694464242244 
II_0IIp_3
0.45627152746761174 -0.7843170712275689 0.21448342360059452 -0.24664531904855713 0.8989570823514151 -0.5603273875989775 0.12945172069149585 -0.10787397624293205 
-0.5468413238715132 0.44048208389097265 0.03733887423079485 -0.4457870634279056 -0.49652638180926056 1.1166196035920417 0.31529388463139135 -0.42057967723524275 
0.17800151482330603 -0.6457034597112361 0.6304419894425598 -0.8631039692402597 0.4704550429456685 -0.02576200141336939 0.1536169884792587 0.10205389467160238 
-0.3178905791043216 2.209700808673477 -0.805862229233942 0.059629224259557884 -0.4231733454467886 -0.42644535723290444 0.0021201606943414397 -0.29807868260352804 
0.2074110626679881 -0.5993725359862417 -0.14774897601987894 -0.030568359110103048 -0.15711026928787697 0.08496700554278418 -0.18852895459891325 0.8309510267855776 
0.09914821900866992 -0.37881509723488077 -0.014469559786840022 0.0496763724775162 0.2421981895519425 0.039989789106278206 0.5537829355154961 -0.5915108486379218 
II_2Ip_5
-0.03775244578394206 0.13755283772454024 -0.058852612414708204 -0.06304655473434538 -0.03891753425620288 0.0878418451748205 -0.006409626868707402 -0.020415908840635717 
0.0010008636789737926 0.02477094178933623 -0.018364837620615526 0.08875654665568283 -0.028511641591225552 -0.030385768420029515 0.027315141682274443 -0.06458124617397552 
0.017813280082420613 -0.0821954965317293 0.05326265467417103 -0.03854555528610204 0.06760803119165458 -0.027915594930023043 -0.02312428069533031 0.033096961494429256 
-0.047833707104588064 0.016082503753765683 -0.012042893452606142 -0.0645433590921725 -0.030600589412312248 0.10269621097344388 0.06180443919184342 -0.025562604856858042 
0.0219088181570587 0.07555129856022921 -0.0020073774080613003 -0.03161557962919197 -0.007083532853270888 -0.05105003525136745 0.05208759089097939 -0.057791182466114005 
-0.01806840400530496 -0.05949853466059642 -0.006272324432635886 -0.060009734987834434 -0.012546241223984804 0.15917915268512858 -0.012891178468538338 0.010107265093394978 
IIp_2IIp_5
0.040204290228285006 -0.120177241834227 -0.07172360878195264 0.015369893095147288 -0.060970166990898675 -0.03935348632302992 -0.036878635624872654 0.27352895623076917 
-0.056158420064501655 -0.12477217523767115 0.2782282990652759 -0.1769322468708855 0.009341058020107457 0.008226996881427676 0.1217894853321226 -0.059722997125759014 
-0.09909631367334747 0.3911513876276365 -0.1214925201556522 -0.06594213033366356 0.07894777464426828 -0.07928237918529593 -0.04979332667488395 -0.054492492247980355 
0.041334437875798054 -0.12626055218753235 -0.07179099953356607 0.01627849087825723 -0.060537094681482044 -0.0390465822431457 -0.03599410465801498 0.276016404548608 
-0.05525545204675723 -0.12414560467240816 0.2787169726765734 -0.18401107909159375 0.011057806796077886 0.010159595894425534 0.12212641600463879 -0.0586486555610774 
-0.09886165463373496 0.3923365455667139 -0.12096013653131577 -0.06660312260543709 0.07800121327683579 -0.07917370614848243 -0.05042126047035968 -0.054317878452893535 
Ip_2Ip_5
-0.043055005976972115 0.2769817691138728 -0.05321560110576402 -0.07283813640542794 -0.06608379745356698 0.022975471362466745 -0.03501473351447375 -0.02974996601861427 
-0.02528595638657581 -0.05953051239493847 -0.020822036592545504 -0.005626300347432134 0.1038091279638488 -0.027875760317549632 0.0782318492327804 -0.042900411157274505 
-0.023921731309008466 -0.05668375274663252 -0.04155545276109174 -0.06556079034551256 0.06842488978249124 0.13904091388225487 -0.025412403619581657 0.005668327117120298 
-0.04382536472422946 0.2811284231838062 -0.05316966458147304 -0.07345747694161467 -0.06637899874214376 0.022766271933422785 -0.035617669041583214 -0.031445521085309264 
-0.025901459424988595 -0.05995761067431083 -0.021155138193761042 -0.0008010544312824869 0.1026389158776915 -0.029193105496037465 0.07800218234690078 -0.04363273000396098 
-0.02408168531515626 -0.057491608947658555 -0.041918349045258825 -0.06511022870475185 0.06907010798095144 0.13896683752181851 -0.024984376102074234 0.005549302612039581 
Ip_1I_4
-0.05408227968423666 0.8557652836346517 -0.24360633966444156 -0.11030396882948824 -0.033356691362928244 -0.15190552728945436 -0.15905343628725396 -0.1034570405130951 
-0.02292752499932325 -0.09488594492142206 0.17105271556534857 -0.15542297897224658 -0.1408804542453307 0.13709976976961313 0.04548298958814041 0.06048142821473983 
-0.12351260737290311 0.7714620781357412 -0.1938694345888799 -0.12072856867919035 -0.18391960153875136 -0.0244671014964106 -0.13302312044658715 0.008058355990058233 
-0.1238946039825901 0.16667727116550995 -0.08769407074515448 0.0324691082629028 0.05712947558473499 0.19478067127764995 -0.10144961989398513 -0.13801823166760932 
0.15768945889476924 -0.0776622559096123 -0.09494782487716942 0.24556315363936887 -0.03169275067200556 -0.11735433295093828 -0.087955288207097 0.006359840081163774 
-0.14968520947976863 -0.15346623561922654 -0.028564290514898765 0.4618688812203396 -0.054237496528233266 -0.03307645287834023 -0.04409191561236975 0.001252719413617397 
Ip_0II_3
-0.018521819676055408 -0.05952756373276408 -0.006132330929884095 -0.06002645799042453 -0.012484555269469334 0.1593622397297222 -0.01301046965227495 0.010340957521076269 
-0.03809615763660901 0.13765775575835157 -0.05883708557955033 -0.06318192951887382 -0.039014152697944095 0.08777950359844304 -0.006199217996781028 -0.020108715926656535 
0.0001499596551192909 0.02479472331377063 -0.018367088287729517 0.08894300158479859 -0.0282709613551311 -0.03030502159437421 0.027409202994822038 -0.06435381631093225 
0.017670221803326277 -0.08398406860075269 0.05336428749263001 -0.038281887870829055 0.06782630942053088 -0.027649860242177585 -0.02297117346355926 0.03402617146036375 
-0.047881569016027845 0.016143162485828904 -0.01189193047399549 -0.06664309273098083 -0.030197070279582336 0.1031903269742661 0.062142058810170646 -0.024861885768778326 
0.02115693770354492 0.07593225437578457 -0.0018416525410025646 -0.03187285987303425 -0.00704755326298613 -0.05086839885564939 0.052016716633146304 -0.05747544417940271 
IIp_0II_3
-0.318474514859206 2.212325952414359 -0.8056434837092634 0.05917876217077407 -0.42333230685672807 -0.4263885782792358 0.0015843817432496386 -0.2992502126136363 
0.20701890560659805 -0.5995081785353946 -0.14796253386010222 -0.0275694407929688 -0.15810150110980767 0.0839126467184769 -0.18832652226504795 0.830536624234847 
0.09829145097718348 -0.37936080438575376 -0.014706198158225355 0.05026877960949571 0.24294881523069722 0.040023412174747135 0.5541860383376443 -0.5916514937870279 
0.4571871110728502 -0.7897634760789727 0.21461275272222502 -0.2458902218733025 0.8993727364027913 -0.5598633975964317 0.13008956831228177 -0.10574507296978859 
-0.5460353914370756 0.44117779704654553 0.03777370560173857 -0.4521805868769475 -0.4952397714100509 1.118129484620348 0.3159433683467444 -0.41956860588411293 
0.17745610059948433 -0.6446766579254548 0.6309117362536941 -0.8633885897345887 0.469949737950594 -0.02558418716488011 0.15318692681577567 0.10214493320308768 
Ip_2IIp_5
-0.006787787311582343 -0.04217518200515049 -0.015619020348034418 0.07306974492287814 -0.024348303121877125 0.0018603363079860461 -0.010910774654167623 0.024910986209668334 
0.011131034629975584 -0.0407037379605894 0.06266371833577991 -0.018206741440709565 0.01711092484545134 -0.012385712586874079 -0.007895961369974799 -0.011713524453414014 
0.0017889109295597442 -0.03971257729147979 0.009925164203556474 -0.039924955836345984 -0.021221667204265385 0.09571852292817812 -0.008427089771607332 0.001853692042257306 
-0.030108179131287237 0.03498816164549763 -0.008399706873812838 -0.022166759487541505 -0.041728171343454384 0.048189931633763554 0.04767111650155528 -0.028446392944047837 
-0.026857414495186166 -0.059498633222412896 0.10935450994498332 -0.07556596989270307 0.008237207163988436 0.04490811509766495 0.04324770609409081 -0.04382552069024129 
-0.012146608525112011 0.22984323187865904 -0.047393886882143944 -0.012160219112573487 -0.05018255327017412 -0.0376535232579152 -0.0300298423696591 -0.04027659846032375 
Ip_1II_4
0.021576535174578595 0.07557138896776051 -0.0019487097438185609 -0.03189237380819735 -0.006987143632576665 -0.05090653258982807 0.0520811835212839 -0.05749434788871546 
-0.01846944894938959 -0.059402991271737066 -0.0062566634546611126 -0.06005174241274518 -0.01256198160507871 0.159186952301893 -0.012832660832750342 0.01038853622406452 
-0.03829196321915469 0.13755614763565827 -0.05884123788556126 -0.06296994506844653 -0.0387919840326325 0.08791971571463411 -0.006408319449056382 -0.020172413694670235 
0.0007525640941012056 0.024139583978813314 -0.018330891732857887 0.0888308800523729 -0.028432879187924108 -0.030280774940527694 0.027387902934368748 -0.06406638519775851 
0.017497025454182673 -0.08207826608270996 0.053309472060284406 -0.03929510612596211 0.06780410418199842 -0.02771201967693307 -0.023008125268493333 0.033482915456838055 
-0.04830790672068568 0.015987240378766924 -0.011978948529803442 -0.064502043359853 -0.030557124780185355 0.10279646452333119 0.061772994575444586 -0.0252106760867186 
Ip_1IIp_4
0.011118627388325317 -0.040744706280734906 0.0626880491332504 -0.01817945141382444 0.017149260739890315 -0.012331252151345968 -0.007969679179328608 -0.011730848236483385 
0.0019082711720963496 -0.03969108782272802 0.009925516052188743 -0.03999898212295303 -0.02130081667877427 0.09568133772618875 -0.008397360117286179 0.001873121791010533 
-0.03027302328665152 0.035406544154007284 -0.008424017668668406 -0.022180544748783015 -0.041718706563591404 0.048150504272711295 0.047650245070574075 -0.028611001229231645 
-0.026864508710337624 -0.05992815324231134 0.10934293438196903 -0.0750224088566712 0.00818765803303127 0.04485332448051524 0.04320240537093781 -0.043771251456936215 
-0.01199106907210397 0.22982276071230193 -0.04740054919037598 -0.012595191279976629 -0.050101555549542834 -0.03758745711143123 -0.029939676016763134 -0.04020726249135605 
-0.0068650904241494785 -0.04208817871807903 -0.01561734493782772 0.07307781175738237 -0.024364491333912188 0.0018472489336475086 -0.010909484655140802 0.024919529377849737 
II_1I_4
0.16772154800000344 0.29854697162197563 0.13144535400913346 -0.1999550109207321 0.4121762617412405 -0.1700460460488009 0.028117087010499794 -0.6680061654114643 
0.8291495162917378 -0.8560400248100044 0.3048122749436338 -0.5945644718277416 0.8642089230636175 -0.658255475949525 0.3107624384868273 -0.2000731802030903 
-0.8077521717112305 1.3541521166542076 -0.6130264922797021 -0.8012128749347791 -0.45946728797959296 1.5619955575720526 0.4600068748429866 -0.6946957221533088 
0.28574987382717787 0.2665658461906473 -0.014331796320103682 1.2628945760743995 -0.5161011386810439 0.06441720873941077 -0.2825877525782448 -1.0666068172479182 
0.38010804771044004 -0.7084062967591319 -0.32315391536486365 0.02742719250436039 0.17556087164196701 -0.7357724978641575 0.23398400304596692 0.9502525950763582 
-0.36980062893329896 -0.9129790368528397 0.18930461044048863 -0.48970496179310324 0.6689253953967573 0.31310329328283953 0.20274574349507665 0.3984055849592911 
