II_0I_3
0.8265217127562239 -0.8550742693932444 0.3054066672634606 -0.5960992420731037 0.8638457322490636 -0.6585742271060588 0.31344748339545286 -0.19947385709804172 
-0.8114851529609536 1.3549021193191133 -0.612652840555709 -0.7993359773385144 -0.4588720496698725 1.5627345618202522 0.4606259155881777 -0.6959165761964694 
0.2849640734190783 0.2524335067065042 -0.012712622460073696 1.2645068061012068 -0.5147167200571215 0.06653534280319526 -0.27964907245746307 -1.0613613140507894 
0.38484234430019565 -0.7032515196452305 -0.3200527711513316 0.011358765619387048 0.18077792411964308 -0.7471148140170636 0.2383644334890529 0.9550756372773492 
-0.3736266754005967 -0.9095664835978742 0.19279668017269921 -0.48688099494869935 0.6556560873485149 0.31554452814095757 0.20463246889795583 0.4014443893877856 
0.1700156562958711 0.29968672622264947 0.11605198208937656 -0.1975523943842851 0.4154948832892886 -0.16724470640068476 0.0290939059486226 -0.665546053060503 
IIp_1I_4
0.5527473871709563 0.38505667510474895 0.5452161399420457 -0.6727380058542807 1.1551680509748754 -0.7443849458354621 -0.37176803986881307 -0.8492972616358863 
-0.2599752307270011 2.593258288218289 -1.0797085550380876 0.17277069395271596 -0.743898159687419 -0.18728067677047522 -0.44416168759718155 -0.051004672342430495 
-0.17140023593659431 -0.8530659773445836 -0.2940653450016903 0.07076332643059498 -0.12720956680659665 0.07042069242454753 -0.3711123582143452 1.6756694644458352 
0.11222196557927741 0.005770995937051145 -0.7372126198283888 2.729065743006521 -0.5653652903034476 -0.09401456053769647 -0.27119926637730446 -1.1792669674730603 
0.931393895939144 -0.6974043058525063 -0.417317627684199 -0.034374445443164724 -0.11958308871395441 -0.5893274035195117 -0.09636165179004531 1.022974627048899 
-0.1114353712000655 -0.6357318962741453 0.13920733007251399 0.5861181348599052 0.1592370476537227 0.030937049204443394 -0.12290358175507217 -0.045428712562826545 
IIp_2Ip_5
-0.029918882530136668 0.035396212599336355 -0.008446532095073947 -0.02220839170237619 -0.041816568456175915 0.0480928798189458 0.04761158440013714 -0.028710302034164845 
-0.02681178036494089 -0.0596044213984866 0.10930822306610606 -0.07508087146891207 0.00819630514870403 0.04478216561204578 0.043178976276434244 -0.04396859687096056 
-0.011776409429129251 0.2297046785382051 -0.04745822140719611 -0.012150005788038976 -0.05019269140515524 -0.037700316408139804 -0.030070606729863728 -0.04035642736979381 
-0.006752633454070774 -0.04228414210892086 -0.01572879372958884 0.07297720100579898 -0.024471939357732755 0.0024732600230765113 -0.01095118350581856 0.024738231127336193 
0.011264862778690085 -0.04076000897641174 0.06256867757945875 -0.018297729565314592 0.017692433517357043 -0.012448271251693706 -0.008064903755006658 -0.011955060327291211 
0.00191923219324127 -0.0398008420589943 0.010651501409306707 -0.04008915488704061 -0.021424898123344423 0.09561627728217452 -0.008516440107591873 0.0016443242921075644 
IIp_1II_4
0.17998545517380338 -0.6457445097473722 0.6302001018873694 -0.8632729164085966 0.46973829436751263 -0.026154944794518183 0.15320802713928758 0.10204049237736312 
-0.3185683178769533 2.2122539443990616 -0.8061842740987629 0.0591729910777033 -0.422872036809988 -0.4269095456586487 0.0018905631893226616 -0.29878332421412507 
0.20831889149902816 -0.6003630769722178 -0.14828250244559635 -0.026983314271129457 -0.15771364029105053 0.08417253345311261 -0.18974638071496716 0.8305974897390097 
0.09878818845662361 -0.38054925302297143 -0.015526376810636199 0.048723644728231236 0.24128645961228531 0.046309521548414556 0.5532771805272546 -0.5923093650385661 
0.45638974679857985 -0.7844379827124841 0.21333872078251903 -0.24778483685243466 0.9044516587110061 -0.5612738563385946 0.12842397813379355 -0.10910742852970251 
-0.5480265382243232 0.4395063068044524 0.04443470288609157 -0.44669421259885816 -0.49763590073351366 1.1160874148424724 0.31415666352231064 -0.42182843649019913 
IIp_2I_5
-0.09286940931866364 -0.6340087538380977 0.1181445521600395 0.5891761525039999 0.161377188434864 0.03135167094101929 -0.11995537134645412 -0.05321602953469896 
0.5642291244218006 0.3844710770059241 0.5461798067512328 -0.6735251324553585 1.1544374737287406 -0.7452255716408387 -0.37022757653130584 -0.8603392012798687 
-0.24417427580555787 2.593548044653678 -1.0790124917393036 0.17269188352135154 -0.7473762201679518 -0.18868980076094596 -0.44357091974256757 -0.06341621994993588 
-0.16043135279688728 -0.852197148456534 -0.29292844703810456 0.0699238266575651 -0.1289467501112637 0.06926931922319671 -0.36839700787350155 1.663707560388561 
0.13042788550992798 0.00865684531182202 -0.7345600674426274 2.7314839718344945 -0.5640215964029436 -0.11516538550977909 -0.2685634850695649 -1.1882581682264743 
0.9462418358318798 -0.6973728715919804 -0.4139448585590726 -0.031220487023724056 -0.1381037574012433 -0.5888974332688113 -0.09217710407754823 1.0154746760743185 
II_1II_4
1.3854949012549818 -0.5884926731698034 1.3256013054790134 -0.6962684960286438 0.22084831971974442 -0.9500969990359268 1.1115811638907656 -1.8086675221136166 
0.4107096738470374 -2.0490601893990226 1.2753139569456549 0.017665397340796956 1.9186733012685722 -1.5326744369213214 -0.06112545018576284 0.020497747092702856 
-0.8732400845619043 0.1437429670667064 -1.3583877239076596 -1.2131830742773622 -0.7319650463150316 3.0348124662966107 1.7429138183264072 -0.7446933226222476 
1.3871890728293017 -0.5876173790650833 1.3260356611595678 -0.6954483073497155 0.22132068568204563 -0.9552166111589928 1.1118698766365511 -1.808132998738785 
0.4104947593062876 -2.049122630899641 1.2759136911425806 0.018494445180496633 1.914889928655688 -1.5322039999373278 -0.06021769544194163 0.02175150198033495 
-0.8713456058489374 0.14394674920690065 -1.3639964417938213 -1.212210490812583 -0.7309928571351877 3.0352769102498476 1.742968685424314 -0.7436469492809334 
I_1IIp_4
0.11594445009445513 0.009367313376848041 -0.734888873760242 2.7319425336124876 -0.5625520726623765 -0.11352706320689246 -0.26933993191195926 -1.1769463555417772 
0.9311606085182613 -0.6967742477919728 -0.41456025603634344 -0.030870111671889022 -0.13594150397648858 -0.5871731224215653 -0.09283053921458118 1.0269891725870988 
-0.10732595695584593 -0.6335332624627834 0.11775675079986662 0.589583580058612 0.16322974344924318 0.033060227026650485 -0.1209508115474075 -0.041820270371816584 
0.5487369067813448 0.3846577545787537 0.5455572903353869 -0.6736049271407492 1.1558251768329622 -0.7405292244919509 -0.3712265208871107 -0.8494164560161728 
-0.25922755103577805 2.5941733575114156 -1.0796886413730584 0.17249087861593357 -0.7429875521004121 -0.18727368272764738 -0.44477397801907387 -0.0527128308648715 
-0.1759380789216655 -0.8517974973369861 -0.28991520045836244 0.06978946104894 -0.12765438189675285 0.0704239380979322 -0.36941002624142577 1.6745017857037916 
Ip_0Ip_3
-0.024982064299942684 -0.056704333038054305 -0.04158656680713737 -0.06506182489060984 0.06889097121816731 0.13913030166665658 -0.02526685789041005 0.005580374041241318 
-0.04324304025502588 0.27671508583638793 -0.0529351584325924 -0.0729140330019989 -0.06593308314652763 0.023278374077459234 -0.035230863163730926 -0.029737281913093494 
-0.025076828676590262 -0.05937635367674726 -0.0208585399185974 -0.005939324913454811 0.10345856287462779 -0.028179340216477455 0.07869644101511351 -0.04272461648775558 
-0.025341003566286168 -0.05688977908646408 -0.04167859249785101 -0.06523559591070135 0.06879089239821283 0.14021497918530632 -0.0253280266307724 0.005467126108790578 
-0.04319750692846244 0.27672831513779206 -0.05306222239467363 -0.0730896809870605 -0.06513151085567165 0.023178703944582168 -0.0354231865545476 -0.030002911360779986 
-0.02547820644104787 -0.05941952841346301 -0.019670236966339814 -0.00614538337906324 0.10325258794503693 -0.028277740622987033 0.078684816480773 -0.04294630860260504 
II_1IIp_4
0.09781183973091172 -0.37925536473204047 -0.014304837348852907 0.049406051404346694 0.24292243199354793 0.04037791865894764 0.5544274454552667 -0.5913854851603842 
0.4567704138298826 -0.7835773154905556 0.2145404617699118 -0.2464539461293198 0.8979843657961226 -0.5603404717958591 0.1295524124831942 -0.1084759204667766 
-0.5491754959173312 0.441270790772306 0.03785695046978042 -0.4458268261543821 -0.49620064282570786 1.1170049755799165 0.316094391736216 -0.42102414365636887 
0.180652252760468 -0.6436016895639645 0.6318429150537315 -0.8617950235939882 0.47183240593688297 -0.03705196671557087 0.15463830932845546 0.10348279679178396 
-0.31839609256459056 2.2130540507408973 -0.8044008617808814 0.06130796027832778 -0.4330087542683709 -0.42551989280941077 0.0038994124163897245 -0.2969358220034864 
0.20900735438193818 -0.5984009483993608 -0.16030004871135375 -0.025172636747432257 -0.15533547371383566 0.08554054996490348 -0.1877554378972737 0.832416641116259 
Ip_2I_5
-0.15118327878761895 -0.15235291696651412 -0.028041669945813367 0.4619005219833962 -0.054405493553526814 -0.032779851676849533 -0.044418290198611196 0.0012809791450251779 
-0.05424182435618611 0.8554720084781777 -0.243176566488873 -0.11039070532567469 -0.0332800538255479 -0.1514589395592431 -0.15936042555165655 -0.10356349336912443 
-0.022908861753117758 -0.09454095140016183 0.17107514048416164 -0.1558993405762154 -0.1413642141291689 0.13669562660006096 0.04629984092171959 0.06064275985316916 
-0.1252014163259548 0.7714603987715829 -0.1938468684021538 -0.12004923337134112 -0.18317394354447214 -0.024375405964852905 -0.13274387742193117 0.007930346262829588 
-0.12297866804333667 0.1605708717649123 -0.08731684043512704 0.033266799326772276 0.05754516438380922 0.19552975823201602 -0.10089362064175726 -0.13572346458615006 
0.15860820691786845 -0.07671462404939598 -0.0945692676585367 0.23834299857209326 -0.030517163088284203 -0.11590293389158005 -0.08681545573849027 0.0075682389343661545 
IIp_0IIp_3
-0.09710207142301917 0.39116464843256055 -0.12161359572584778 -0.06656659276133028 0.07805758050907746 -0.07957766290023348 -0.05021398542563842 -0.05414832070408266 
0.039957654201980414 -0.12000251594102194 -0.0722427125362557 0.015430967897366242 -0.060782526380785 -0.03983356436803252 -0.03656066688821112 0.27403336401409123 
-0.055918187505678674 -0.12535168697635993 0.27806994617045294 -0.17636144705071427 0.00986226122291098 0.008638613370858372 0.12062907995766964 -0.05956857918882653 
-0.09809177343921091 0.3906533186750733 -0.12186733784934867 -0.06704573100301192 0.07778163351975859 -0.0765868852736671 -0.05038264578506748 -0.05446057884241918 
0.04008320308804953 -0.11996603883346225 -0.07259306556611515 0.014946654306471806 -0.058572353834349083 -0.04010838448595969 -0.03709095951858007 0.27330094484287404 
-0.05702490504806637 -0.12547073253077773 0.28134644985211177 -0.17692961135585086 0.009294327251349734 0.0083672942652757 0.120597027668767 -0.06017985010175094 
Ip_0I_3
-0.02434986156053161 -0.09448648264133859 0.17136508971042114 -0.15607928873133586 -0.14090498770928972 0.13707139481696973 0.04663917378563952 0.06074496232916393 
-0.12491522714335376 0.7718710798650786 -0.19367278810511038 -0.1199560063541005 -0.18385713002017873 -0.024137023362836022 -0.1327858357839352 0.0074529309065689215 
-0.12463774086329556 0.16124667078141977 -0.08695355589502855 0.03305950209162987 0.057696632230321176 0.19565700988858514 -0.10006327920469688 -0.13600523902747588 
0.1599110137378633 -0.07522726544751335 -0.09345552684087284 0.23949029810825728 -0.02930167908478776 -0.12394086929371569 -0.08600324526218892 0.008527274081051372 
-0.15121645118773433 -0.152027460264448 -0.02687446920008128 0.4633709365785404 -0.06129026998785035 -0.03187026462393381 -0.042964346413205484 0.0028723250989832333 
-0.052795098162723084 0.8564811105154868 -0.25200890756822286 -0.10898500698579211 -0.031607305012183125 -0.15055995224719748 -0.15842208972356975 -0.10210275081373893 
II_2II_5
-0.8606055003064862 0.14274774294950413 -1.3575118492274716 -1.2139444258312173 -0.7326590274954917 3.033963694945852 1.7441173964942298 -0.7561080315227593 
1.4030011442834252 -0.5880753261051617 1.3262209995059437 -0.6962146468599001 0.21672051242732748 -0.9517586362565718 1.1120077033930258 -1.8219017503894557 
0.4215864992584109 -2.0481550123499246 1.2765409804469783 0.016702224683132906 1.9173201163213693 -1.5342027447528235 -0.05797459245170558 0.008182528830797231 
-0.8527294052729848 0.14681692912728359 -1.3554925575138852 -1.2101314212450076 -0.7304630284190005 3.0101629464202446 1.745459603541612 -0.7536230666205147 
1.4020020203628782 -0.5883656126375969 1.329009125337517 -0.6923604566049714 0.19913185571286307 -0.9495716048783188 1.116227796999087 -1.8160731242978005 
0.4303938093323186 -2.04720764224772 1.2504664105817027 0.021223702853413597 1.9218397614862603 -1.5320435745935022 -0.05771951883377372 0.013047051406225914 
I_1I_4
-0.3114471265265249 0.47057780355184087 -0.5048374177691547 2.512730672948442 -0.4949773787939429 -0.23851455833706786 -0.7939708569043183 -0.6395611381643478 
0.08487172540835776 -0.5429720776408571 -0.15206298325285475 -0.11972213146959597 -0.12156893835160966 -0.3501450696331519 0.07871779606703803 1.1228816788702136 
-0.4150680892759897 -0.7264722545472609 -0.08811560279076124 -0.2476246262892599 0.1530493826234055 -0.07914708271235446 -0.17255916976015528 1.5759374427511488 
-0.3146892969923269 0.4689027354900513 -0.5056686530352118 2.5111610612564363 -0.49588135510626896 -0.22871705289402655 -0.7945233723353761 -0.6405840663763332 
0.0852830117181923 -0.5428525820770206 -0.15321070673707662 -0.12130869711788682 -0.11432862153220724 -0.35104535442143037 0.07698060742173049 1.120482342739729 
-0.41869359157027336 -0.7268622365567473 -0.07738208573864236 -0.24948587896950758 0.1511888844942281 -0.08003589851446857 -0.1726641700361867 1.5739349768891977 
I_2Ip_5
-0.12351604823503043 0.7713660709010071 -0.19406250016122611 -0.11994508792343166 -0.1836029234992044 -0.024627891103433323 -0.13297885610334886 0.007367236128315331 
-0.12256097521925918 0.16022401390556898 -0.0874555583120245 0.03315645155413678 0.0580356760039489 0.1953413374327599 -0.10085829175620617 -0.13588265360798063 
0.16043675659880968 -0.07725258620995122 -0.09472694870363209 0.23844962158893368 -0.030666272006117327 -0.11608857471982224 -0.08741480059441739 0.007262804045377986 
-0.15149025445102748 -0.15347658966212807 -0.02876810346808326 0.4610401265213953 -0.0553899753175372 -0.02701167905409342 -0.044992794725334836 8.92701581041659e-05 
-0.05357139228835137 0.8551985817489313 -0.24402057106760136 -0.11147601237102453 -0.028340300517401384 -0.1522005936918638 -0.16039261516435613 -0.1051970966463843 
-0.02330821678254475 -0.09531856111444159 0.17751330499600362 -0.15693647455548104 -0.14265661636449195 0.13596380023629637 0.045635972424506864 0.05910679116112257 
II_0II_3
0.4144606817637202 -2.0494900687583675 1.2744073490616157 0.018090901812966156 1.9178412860474643 -1.5337774269751874 -0.062047363721933375 0.02051464076123266 
-0.8730426924489136 0.1421741928872627 -1.3591191087649563 -1.2133563712404216 -0.7302068141579441 3.0343462144848052 1.7424836702613675 -0.7432790910183721 
1.39085510291277 -0.5903616247928568 1.3244055079443675 -0.6956467101667589 0.22038295544568332 -0.9506992677253987 1.1090845367395112 -1.8080205003569263 
0.40696965292370185 -2.0533603104051967 1.2724867815216818 0.014464316912605833 1.9157526504552642 -1.5111403088523963 -0.0633239496008886 0.01815116702585385 
-0.8720924161917858 0.1424502871678256 -1.3617709217407439 -1.2170221282210352 -0.7134780755951772 3.032266108156321 1.7384698991259753 -0.7488227526881472 
1.382478386596268 -0.5912626775021378 1.3492052791521365 -0.6999471310275682 0.21608427797372046 -0.9527528749858328 1.108841933795947 -1.8126471940117344 
I_2IIp_5
-0.16529476783650024 -0.8519076620465531 -0.29316381945732356 0.0701980316271537 -0.12845802553270647 0.06945897042530103 -0.3688371320909101 1.6680044049055427 
0.12450698279187376 0.008697760040271705 -0.7347279088108896 2.731601819896684 -0.5631494617042483 -0.11454865857807281 -0.2687637038045518 -1.1836168298249157 
0.9414968200810787 -0.6974536943848296 -0.4145488314060304 -0.03093410423473455 -0.13737623750577077 -0.5882790796439312 -0.09289976460977276 1.0199948916948574 
-0.09942121037991192 -0.6345915724262803 0.11747630737310458 0.5886329697175667 0.16139516016812325 0.03664345091755668 -0.12068322236378966 -0.049451883009534195 
0.5585224023157912 0.3845742199979169 0.5454142792624567 -0.6742335010560911 1.1590800609163485 -0.7450776751634752 -0.3713324500512194 -0.8569473362251961 
-0.2508073006720624 2.593264135631284 -1.0740269003320142 0.17200900419355247 -0.7476175694508046 -0.188534305025066 -0.4443482600031986 -0.059938804332130856 
I_2I_5
-0.41260131360518665 -0.7258931260791189 -0.08754124705085846 -0.24798595826754177 0.15263461562779843 -0.07945994122602808 -0.1712904261425194 1.5721373967433216 
-0.3084258253509219 0.4705046180974801 -0.504379506733811 2.5124309881016433 -0.49514260851100367 -0.23859173324682628 -0.7933529383832033 -0.6430429939651916 
0.08958900123537027 -0.5425725503350666 -0.15169630123205474 -0.11973874936438582 -0.12291458756413841 -0.3504975399498254 0.07905202984489054 1.118778697362362 
-0.41209198500319016 -0.7256299813487023 -0.08741066419010254 -0.24773938020011665 0.1527766257394784 -0.08099907984047451 -0.17120362875991305 1.57229809359756 
-0.30849043635262147 0.4704858459480206 -0.504199205172072 2.5126802295505795 -0.49628002570947716 -0.2384503030543065 -0.7930800348222918 -0.6426660703791423 
0.09015854933164952 -0.5425112861315682 -0.15338248254170506 -0.11944635597051119 -0.12262231270642548 -0.3503579114773215 0.07906852485762525 1.1190932746337585 
I_0II_3
0.38139418756588694 -0.7060064088139605 -0.32173350834404796 0.009064206593228638 0.17878364225676394 -0.7318871547106038 0.23706413569671575 0.9533208997513775 
-0.37332826648293405 -0.9098857819744766 0.1907384755252668 -0.48954736153082357 0.6680372236825899 0.3139350724153998 0.2018909439196164 0.3981596944436427 
0.16619075966183852 0.29825331554671347 0.13277744210760434 -0.20030478769290047 0.41243603670003487 -0.16883152986315533 0.027916261429181893 -0.6684374978883844 
0.8301374240390115 -0.854179609646469 0.3055369811155006 -0.5949740148953767 0.8638209857412881 -0.6646928498915063 0.3133509767430957 -0.1989998932168734 
-0.8120828327099523 1.3543224703840733 -0.6122104465149841 -0.7985456193408145 -0.46226572929845433 1.5630865985547728 0.4616692845387289 -0.6939737256013871 
0.28903822773625887 0.2518497680237155 -0.019372776684860194 1.2658096108202466 -0.5137220125943308 0.0668850237848537 -0.2805979479787653 -1.0598898931054594 
IIp_2II_5
-0.5442474496241326 0.4402037786421634 0.03707671585239938 -0.4454204793358796 -0.4968811137376973 1.1163143275026628 0.31464246105184773 -0.4216882403426155 
0.17977479028179882 -0.6461547355351719 0.630284548399142 -0.8635482766232048 0.47057826297422783 -0.026128882575182324 0.15357697320468414 0.10161731987200767 
-0.3155274012395453 2.211903695917721 -0.8063655857476569 0.0594079195715232 -0.42362864533409256 -0.4270696698782106 0.0011302642575486597 -0.29985057753959826 
0.20699691940489515 -0.6012774581651301 -0.14889886729170476 -0.028252325397770228 -0.15896751726330657 0.09163949366452744 -0.18977593597746975 0.8285356910200237 
0.1011448425142001 -0.37970761628879607 -0.01578823041753831 0.048259820846855844 0.2485540125002913 0.038852015329551515 0.5526349599649327 -0.5939498044467926 
0.456240678833556 -0.7851833047065897 0.2225532973525264 -0.24794685444406345 0.8972066826123535 -0.5615250898671883 0.12877846406713128 -0.11012387385603399 
I_0Ip_3
0.1589726224515269 -0.07674319606203771 -0.0945400398782113 0.23837370686808115 -0.030657431040823215 -0.11601241762163567 -0.0869180950322978 0.007524850314480096 
-0.1512446608713658 -0.1524657262031393 -0.02809387929612085 0.4618746866164917 -0.054236342458086 -0.0328214646763946 -0.044414115814109964 0.0014015027033404146 
-0.05381165723584724 0.8552891897110907 -0.24327743977768398 -0.11034242804859723 -0.03328998049591221 -0.15149677952053392 -0.15958165450997266 -0.10348925012053974 
-0.023233981499142693 -0.09494107352631184 0.1708072555781784 -0.15620135844326574 -0.14168797131221805 0.1387920499160863 0.04607440327016512 0.06039067601851812 
-0.125204031910376 0.7713571003522408 -0.19416498922425737 -0.12044699259377495 -0.18139073900217473 -0.024517794049063374 -0.13313490523840074 0.007502351667967731 
-0.12335714574247526 0.16030184644417791 -0.0850229509121811 0.03288138917796504 0.05719278680469441 0.19528334511844672 -0.10115631477534273 -0.13612295611333328 
IIp_1IIp_4
-0.05620612614565644 -0.1251219173918508 0.27810713235520756 -0.17636682903426526 0.009759930334891023 0.008586192263255582 0.12081128472324706 -0.05956966710491374 
-0.0978835820981153 0.3910576609657095 -0.12157124162217563 -0.06666198395700706 0.07845566028339812 -0.07946956456986555 -0.05008698657822086 -0.053839962422602236 
0.04043141483455077 -0.1200595743120053 -0.07230008001195244 0.015533598953671176 -0.06102189223369489 -0.03980815092120431 -0.03685109378143285 0.27407577747109946 
-0.0570963010679004 -0.12558182645504823 0.27787890722141856 -0.17679778384698158 0.00951173331625215 0.011276209255869776 0.12065958530273192 -0.05985052372586178 
-0.09777065874526755 0.3910904698374183 -0.12188636220990531 -0.06709759367182014 0.08044357194021787 -0.07971674803823454 -0.05056395155675847 -0.05449872755395351 
0.03943599178165777 -0.12016664832578298 -0.06935307034422729 0.015022570777469976 -0.061532713239283436 -0.040052185448702336 -0.0368799228062151 0.273525977603412 
II_0Ip_3
0.01807962907635433 -0.08220861477370446 0.05311994682528277 -0.0384274315370571 0.0674649435223431 -0.028043547364890706 -0.023292913765272667 0.033307988016432734 
-0.04828837628887475 0.01566731892176055 -0.01212177590504964 -0.06455561979876649 -0.03022723763318657 0.10269884286680195 0.06182367540532463 -0.024996827567818767 
0.0223667934439726 0.07528724984272386 -0.0021706256809179477 -0.03179457216872914 -0.007028298494443672 -0.051019011548160735 0.05171964919762895 -0.05736118459170512 
-0.01908822309214557 -0.060137491462590995 -0.006727623637882159 -0.06054242278785627 -0.013084709371310566 0.1629675843630646 -0.013303265045218685 0.009916151034340062 
-0.03808394308391627 0.13740642453038862 -0.05938736614891389 -0.06372539462333666 -0.035668645581700756 0.08747381440028971 -0.00711624354531726 -0.02089864594672852 
-2.1743660366930455e-05 0.024328393528866794 -0.014259630722535093 0.0880915290710905 -0.029261742146369236 -0.030779901492489114 0.026893026971623237 -0.06498993154914455 
I_1Ip_4
-0.12424843912406949 0.16062142045760644 -0.08707484850564078 0.03309068347702147 0.058027941061646694 0.19584695982421804 -0.10060722301475518 -0.13565649417537173 
0.15885342713293193 -0.07635403145341758 -0.09430115922382636 0.23841931801272256 -0.031118329676650788 -0.11579042869321235 -0.0868546092879443 0.007145813188774267 
-0.15260888855851867 -0.15176261646981298 -0.027717073215832732 0.46173781274830394 -0.0543512612490252 -0.032664179082312846 -0.04368521950301343 0.0010514253301012295 
-0.053097431070523525 0.8567707951448797 -0.2423026964276872 -0.10937964396260888 -0.03219767962137057 -0.15844062861382127 -0.15864397162740118 -0.10270874381844963 
-0.022933024749052275 -0.09426546976281316 0.17208862342231043 -0.1546203636295293 -0.1473469004870822 0.13748884435350966 0.047557578614447184 0.06203071223751688 
-0.12395613228453146 0.7723243138393694 -0.2015372185287359 -0.11883978626486093 -0.18174125034534488 -0.023495664444180008 -0.13193818499314158 0.00918392302467412 
other
-1.3120894495365405 0.8463752750618627 2.207510288038034 -0.540487452976221 -1.9520364812201676 0.6293556257113069 -1.8707738241875502 1.9921460191068665 
-1.3038960097911807 0.8480765479605359 2.2070070256667442 -0.5391422354326233 -1.9572804768100631 0.628260751617817 -1.872547187255935 1.9895215840429716 
-1.3130129848414709 0.8492430651534535 2.2078954490268217 -0.5405218898736084 -1.9538550971167554 0.6282440452000644 -1.86845781724024 1.9904652296955596 
-1.2991641430334036 0.853053137421226 2.2108241084276288 -0.5342300052484438 -1.9484326698112542 0.5902966798230398 -1.868571154285946 1.99622404671698 
-1.3055356526388036 0.8476001643757648 2.2115825647900156 -0.5328171987009346 -1.9861448795427838 0.6318498463147637 -1.8656216736452598 1.9990868290572723 
-1.2985594794291295 0.8507977758197933 2.165104979127624 -0.533101779912096 -1.9464379952647664 0.6317874173913245 -1.8680392208809125 1.9984483031640006 
Ip_0IIp_3
0.0019342398692106582 -0.03971243611341691 0.009918746783050445 -0.03996711333553287 -0.021280751576988544 0.09569829233860554 -0.008452349102568552 0.0018613711372918117 
-0.03017695984291804 0.03539942468220567 -0.008428246273642892 -0.0222223953790758 -0.041749459524007784 0.048136505595999794 0.04763476380060186 -0.028593633059040294 
-0.0268871778212189 -0.05957602052926751 0.10931392033338161 -0.07506537043568064 0.008156530682796877 0.04480652377072903 0.043153803686963796 -0.043902209687712995 
-0.012070505339313323 0.2297378135586921 -0.047449030611308125 -0.012185076372679888 -0.050194551871757934 -0.037518208254652956 -0.030023082582808353 -0.04029735852527132 
-0.006775600664245 -0.04216100441031582 -0.01567103705993621 0.07304737087102066 -0.024220965563019187 0.001812095358994389 -0.010917945211476323 0.024887086679014715 
0.011100309980196416 -0.040746496925966894 0.06283340191914065 -0.018201422077032976 0.017111977200107157 -0.012375281648022398 -0.00796950427481185 -0.011752984173786604 
Ip_1Ip_4
-0.02523042595116896 -0.059291228047684615 -0.020822052753058068 -0.005956240783914841 0.10344835070700213 -0.028177153839462836 0.07879136890001734 -0.042762618231558254 
-0.025183143346215832 -0.05671403102406387 -0.041556283918120995 -0.06508979085830975 0.06897806654239921 0.13917312897416526 -0.025220418416205148 0.0056124720460496175 
-0.04313521386553389 0.27674222118844016 -0.05292678068738778 -0.07289232813611804 -0.06602218741339187 0.02329094554374414 -0.035270169162083816 -0.029786487466385205 
-0.025345787699777383 -0.059350829719625894 -0.020851629468580914 -0.006012090145063404 0.10341618574561487 -0.027828542508500847 0.07877170949387334 -0.042799015696850864 
-0.02516850910391034 -0.05670977917561214 -0.041597121804132664 -0.06514624346908407 0.06923568890328599 0.13914109536324196 -0.02528223044053128 0.005527099726975913 
-0.04326421519012685 0.2767283449882024 -0.05254486452658226 -0.07295855456260192 -0.06608838699170949 0.02325932001809489 -0.035273905244315 -0.02985773848974189 
IIp_1Ip_4
-0.026955784097073877 -0.05956129981025146 0.10932857820725529 -0.07507359150758672 0.00816934915570966 0.04481862455411581 0.04317894310768236 -0.04390481960985948 
-0.01203740809163372 0.22977754397429015 -0.04742487945385235 -0.012159864538747508 -0.05018732696820175 -0.03767003553118507 -0.03000794387037636 -0.04029008551947502 
-0.006818027340493634 -0.04213771684754946 -0.015638953348559043 0.07307105363924044 -0.024352400996530115 0.0018332409896507078 -0.010868549256686427 0.024911353160947777 
0.01116135093947984 -0.040689419422771725 0.06268764983473357 -0.018145116842759976 0.017175050869174882 -0.012558295709466665 -0.007930786025154405 -0.011700433643556453 
0.0019046949958653472 -0.039703077703453285 0.009953681773658147 -0.03993397699046896 -0.021443630899053875 0.09572842469266611 -0.008409171843967084 0.0019030559745833809 
-0.03013489573521923 0.03543305011912592 -0.00864514176220193 -0.02218518552422447 -0.04172082532339609 0.04816174251996047 0.04765756524714454 -0.028566309540639493 
II_1Ip_4
0.0003284996257661762 0.02481447787405043 -0.018304679493178627 0.08870597480418363 -0.02838447787126726 -0.030276674081494852 0.02740739296110027 -0.06429051381897508 
0.01746671058529659 -0.08208410586211204 0.05329844604904306 -0.03848841386003997 0.06753046785142855 -0.02783630204734671 -0.02313733114598862 0.03325052842922376 
-0.04851687587812134 0.016018064234308956 -0.01195117127694873 -0.06454787911260033 -0.03052306784792665 0.10279561793999449 0.061997323473028575 -0.02527201153120957 
0.0218878124668303 0.07593717500160455 -0.0017708775824141613 -0.03162392687748401 -0.006721524352462583 -0.0527398988153879 0.05229749525284319 -0.05726625509290067 
-0.018484912407281968 -0.059366875636417654 -0.00599822289872308 -0.05967392491253175 -0.014039519906878024 0.15943415229969277 -0.012595622899345968 0.01072492636135305 
-0.037785002268826626 0.13778385311702293 -0.0608061993450074 -0.06272899827925899 -0.038500800668784085 0.08809966968477022 -0.006228852284137666 -0.019833669954882237 
I_2II_5
-0.8165662148528992 1.3542914301198519 -0.611893413618777 -0.800231801322791 -0.45603175751900044 1.5637643737589424 0.4620224942995179 -0.6953551108520131 
0.2900755786585212 0.2527111734503483 -0.01271107351810344 1.265237383875099 -0.5174327306232729 0.06669882941175395 -0.2813078891314432 -1.0632712721205078 
0.377125643742582 -0.7035729445674473 -0.32051828755235745 0.008463859830657778 0.17861684267230177 -0.7317337094855332 0.2400118890896349 0.9516067062649313 
-0.3677432517532376 -0.9046611722668829 0.19436199668710555 -0.48532593566568977 0.6729552962230028 0.28398895945388986 0.20500571834281278 0.40141838897702303 
0.16801853753377036 0.29896051975316035 0.13687679157812752 -0.194756568909797 0.38678596992103 -0.16564155098074612 0.03278934375624386 -0.6630330426478599 
0.8355177814786057 -0.8514757044729289 0.2721509513235133 -0.5905659473700835 0.8690453623107246 -0.6560448027057759 0.31631280531218675 -0.19494044588942602 
I_1II_4
0.2893866625485831 0.25110872167938164 -0.013683963341243995 1.2650260318842128 -0.5152627185556724 0.06593471026347893 -0.2815480551720084 -1.0609613893060286 
0.3821053426394374 -0.7064379994707901 -0.32210124601024137 0.009089747976271082 0.17908025387842813 -0.7322705580312949 0.23685747358111625 0.9536769854324824 
-0.372024796188979 -0.9107922518870142 0.1902701768581515 -0.4894474728156256 0.6684256188368451 0.3137138485462745 0.20114257215134082 0.39871230449597467 
0.16611130711120523 0.29643300634648234 0.13160790471764697 -0.20123414639518689 0.41126766116961755 -0.16163503801898915 0.02659648765171597 -0.6691471825832065 
0.8292929455969704 -0.8554873646130473 0.3037941553091507 -0.5970926818525006 0.8692349143388618 -0.6601084102676623 0.31147129548779035 -0.20110485400928033 
-0.8133657354706796 1.3531813390299687 -0.6049811776589873 -0.8008137372819675 -0.4591372026261236 1.5616520276559802 0.45983391532514994 -0.6963694289610249 
II_2I_5
-0.35537155978923257 -0.9110174412318043 0.18960973938833195 -0.48914738875289765 0.6650873256443955 0.3108725347238775 0.20103604874663994 0.3889307412671178 
0.17821137384131697 0.2954450186157074 0.1319656456956887 -0.2008964257149131 0.41363513306853955 -0.17092158655654893 0.02803901303239524 -0.6754781719819143 
0.8482255770815877 -0.8585744490508717 0.3035129649326901 -0.5952565138390787 0.8611981678725216 -0.6612602568484578 0.3098670053132466 -0.20771249546933085 
-0.8053399355261308 1.34734338347202 -0.616939334495008 -0.8046077758598025 -0.4642190900504356 1.594109268126477 0.4578576288729389 -0.7082041445263081 
0.30041371656063964 0.24923788839376898 -0.01802769375648888 1.2585370160292357 -0.48802566668884123 0.06110073604625933 -0.2866719438551019 -1.076564052727898 
0.38855260103307115 -0.7108094642346305 -0.28536427527982466 0.0031157393042328834 0.17011236074881164 -0.7372631695899795 0.23352899398802227 0.9381272140222288 
IIp_0I_3
-0.2585967873661031 2.594263485016753 -1.0793192528396165 0.17306273604713285 -0.7456539569226411 -0.18706014851723274 -0.44430201971397426 -0.05239405569303427 
-0.17514984544647855 -0.8515366039022736 -0.2931904939353315 0.07027429563232636 -0.126934750337347 0.07068508867717088 -0.3690437976873706 1.6748961069965318 
0.11610219364726687 0.009223122121195727 -0.7348594257832287 2.7319105714025556 -0.562438760984915 -0.11345707093298467 -0.26938582061982197 -1.1770948088474025 
0.9313005003503091 -0.6969669945549309 -0.4147110844367063 -0.031097840836422017 -0.13650237031645313 -0.5853684158791365 -0.09301097395883187 1.026357179614491 
-0.10759996161061647 -0.6333722320889845 0.11763965324557006 0.5891791417947415 0.16474912445404297 0.03286942681305625 -0.12094999001788449 -0.04251516259034609 
0.5492213027861218 0.3849660859947922 0.5479018914225608 -0.6734990410334425 1.1558670092154266 -0.743712506801412 -0.3711186248347977 -0.8496261167554083 
I_0I_3
0.08129143226354553 -0.542303698804389 -0.15105286383302183 -0.1200878980985838 -0.12110937687801322 -0.348963542996352 0.07962176734038567 1.1226041810014864 
-0.4161875945775099 -0.7245254668827223 -0.08717424705114926 -0.24755697905641535 0.15132953482528835 -0.07860417038575769 -0.1716569985992215 1.5743759217262259 
-0.3176177951934973 0.4724811749381551 -0.5034778793917615 2.5120075189217608 -0.4942562140579794 -0.23770249882584232 -0.7912800491886447 -0.640154257195918 
0.08878098808681027 -0.5384342181925884 -0.14913267394952648 -0.11646202632125587 -0.11902115199069391 -0.3715962098193061 0.08089810219370248 1.1249671899885663 
-0.4171376839735294 -0.724801506871493 -0.08452295551925841 -0.24389194289888405 0.13460408575737626 -0.0765244730823338 -0.1676440167194646 1.579918493306867 
-0.3092427260527353 0.473382050465793 -0.5282727740413097 2.5163070941584547 -0.48995838186731705 -0.23564929538223015 -0.7910374939509583 -0.6355284733226204 
Ip_2II_5
-0.04781611103065813 0.015852672135274144 -0.012101948740231053 -0.06446433583008832 -0.030642789020222126 0.10267919237994164 0.06172940788982644 -0.025236087783475362 
0.02152561483419833 0.07550634913025589 -0.002037224876153212 -0.03190719365021273 -0.006844588235290324 -0.050986854863386256 0.05212162579283692 -0.0573777281319073 
-0.018096867450672214 -0.059593727050218065 -0.006344262720811895 -0.0599574111090221 -0.012525165692040315 0.15919946610128582 -0.013112391962028753 0.010430359883256026 
-0.03840727081451219 0.1372178703626196 -0.05907108693176722 -0.06330620135271622 -0.03915150377503621 0.0897215616159859 -0.006624392392343492 -0.020378976711216235 
0.0006649391554641181 0.02472649382894747 -0.018635940782151677 0.0884132061127842 -0.026925158748767074 -0.03056812843675094 0.026998647186838563 -0.06467405831590695 
0.017070288579075645 -0.0824096967875031 0.055261529367314925 -0.03883165781004952 0.0673012041801593 -0.02807231126579145 -0.02334312342618241 0.03302376716240089 
I_0IIp_3
0.9325189444808125 -0.6966726961527352 -0.4146504083374223 -0.030737914693881985 -0.1364983999868002 -0.587383014813751 -0.09301938216500069 1.0264428716568232 
-0.10767983388171072 -0.633545718014552 0.11779769297754568 0.5894439128440752 0.16357848803120997 0.0329816471075242 -0.12060202671915116 -0.04197416234669493 
0.5505806410138862 0.3848047474434476 0.5457217920433619 -0.673080798328931 1.1561870105752345 -0.743601258759597 -0.3713820621521147 -0.8492300718355024 
-0.2595643949984306 2.593428359309544 -1.0798190418177296 0.17236434263365608 -0.7462594977319775 -0.18246872403073275 -0.44468296457341633 -0.05299807878036699 
-0.17495240559859762 -0.8516295192686048 -0.29380631324980444 0.06946931582567493 -0.12322356222132377 0.0701902868644948 -0.36986714365170464 1.6738193412926636 
0.11501701646095387 0.008798835995497842 -0.7298023906226422 2.7310738539670876 -0.5633732110047658 -0.11394511196969509 -0.26972005496694723 -1.178048937853406 
IIp_0Ip_3
-0.011408749305063172 0.22973953995111304 -0.04755697586924475 -0.012083722464984447 -0.050370284478277405 -0.0378374217631128 -0.03015831746453806 -0.040324068604778704 
-0.006903749064320424 -0.0423404933673921 -0.015728935410729648 0.07302927740383404 -0.024065190192652144 0.0017679519767828907 -0.010875674900684253 0.025116813555101702 
0.011850628471988428 -0.041021350623939974 0.06249915862245436 -0.01809216085700522 0.017113989287408867 -0.012418128530302483 -0.008318301939420108 -0.011613834431420654 
0.0013379363706868407 -0.04036068644661805 0.009488257272239734 -0.04047481591416629 -0.021807254147412126 0.09918080525053793 -0.008801976568690183 0.0014377341836005074 
-0.030145516799843508 0.03526630359369155 -0.008931495812680358 -0.02285612397660335 -0.03878422373463714 0.047743024672414626 0.04700295273362764 -0.02929492067530235 
-0.027543663126418778 -0.06000219896151227 0.1131446040785729 -0.07567833116587325 0.007436613608359743 0.04441878965810355 0.04276426276126745 -0.04454007685199154 
II_2IIp_5
0.21988858649676393 -0.6004039308005332 -0.14914761176575705 -0.02649270342192218 -0.16047255912556344 0.08187959936237588 -0.19028205096902964 0.8250306702157358 
0.10508266423550616 -0.381523660025248 -0.015413194263972262 0.04904378378161118 0.24437701327091252 0.038472400929560495 0.5543825542651061 -0.5944215621937545 
0.47011876823828724 -0.787448797612015 0.2127512443226635 -0.24592813475848802 0.897805746689632 -0.5619016119679633 0.12621047992252993 -0.11160769484000475 
-0.5460585369232686 0.43348112481845014 0.0330584447330606 -0.4507788098061543 -0.5024855519262631 1.1509846436676443 0.31163077185705135 -0.4298320864092997 
0.1855777334296136 -0.6474288848984303 0.6254548315429257 -0.8699591497683712 0.49923500923535075 -0.030591152793728052 0.14744667883593557 0.0902649344121886 
-0.31809041828965806 2.2078696933793602 -0.7674927567412514 0.05298613888764138 -0.431466659850893 -0.43147683767540645 -0.0019138803122850628 -0.3104152793878945 
II_0IIp_3
0.4549976586193864 -0.7841175883077195 0.21455302453481429 -0.24677211517106953 0.899342430897615 -0.560189299465637 0.1299204249040637 -0.10773453601792525 
-0.5465802563528697 0.4407188598399706 0.037502607947951 -0.44546303422777034 -0.4969146921844928 1.1169432633910936 0.31488164975080596 -0.4210883981630149 
0.1772749670575852 -0.6450654249820201 0.630786063845847 -0.8635949293999405 0.4701720032658429 -0.02572341502395007 0.15427345815330235 0.1018772770812637 
-0.3171041701343679 2.213985831175207 -0.8051025789578146 0.060336066905322616 -0.4222670077816237 -0.4342198021418288 0.0026264318410808667 -0.29825477089527347 
0.206936650141196 -0.5995144861061025 -0.14689605557502047 -0.025777910296754056 -0.16402104685145583 0.08512924780024152 -0.18771555455476077 0.831859155437227 
0.10119186053124098 -0.3784046742113546 -0.02288283314064822 0.050961668210335834 0.24382020648941205 0.04068433051252328 0.5548072482292681 -0.590177806619773 
II_2Ip_5
-0.03731866308686537 0.13752262091695536 -0.0589250404828819 -0.06299502194628813 -0.03905286516284617 0.0877450974393679 -0.006526554463947664 -0.020449573212803267 
0.0009113607214926573 0.024654638583495123 -0.018420233489930164 0.08870622156886952 -0.028328796500757255 -0.030443920453257292 0.027355476104626672 -0.06443474653415975 
0.01824827996571914 -0.08240095441094773 0.05314940323013118 -0.03846313708457815 0.0676151275103686 -0.027950070078416833 -0.023369387153711334 0.033170738020844706 
-0.04819645868408586 0.015398486579071561 -0.012332516516252124 -0.06486431259680953 -0.030953721984338805 0.1051417601708234 0.06157691335602982 -0.025770150323409475 
0.021958381086612577 0.07548863466920314 -0.002341525586368931 -0.03233301582787406 -0.004967799351651365 -0.05127054590850166 0.05169137314451489 -0.0582255022256291 
-0.018561510576968653 -0.059761676854732174 -0.003593270833102685 -0.06043218260667373 -0.013054192714633399 0.15891900460269093 -0.013186228980895259 0.009670057964396466 
IIp_2IIp_5
0.04008034655157817 -0.11985223549957677 -0.07211169715307107 0.015425266298458886 -0.06096598340501171 -0.03974299952612305 -0.0364871972351301 0.27365449996794605 
-0.05613790735880086 -0.12503823193139238 0.2782471419601413 -0.17641439322802804 0.009713443258244837 0.008680369791600525 0.12093869340356879 -0.05998911589475664 
-0.09764684918423922 0.39130915355323953 -0.1214273250141519 -0.06667679377149055 0.078196713512377 -0.0794515170246431 -0.049904188445289356 -0.054399193624498195 
0.0406414425091326 -0.11956234515357056 -0.07196784205583054 0.01569690617201023 -0.060809539609108176 -0.041438573758205234 -0.036391577902896204 0.2738315297974168 
-0.05620908532078646 -0.1250589120525791 0.278445769087807 -0.17613981927188782 0.008460420771688413 0.008836174725462387 0.12123933445137663 -0.05957388239071121 
-0.09701941311854217 0.3913766445539126 -0.12328488712923572 -0.06635468197450309 0.07851869472537457 -0.07929769693440768 -0.04988601690523599 -0.05405264321571016 
Ip_2Ip_5
-0.04287289853854502 0.2767560445053971 -0.05297074064584002 -0.07286370463193388 -0.06611739008342654 0.023215760762604107 -0.035304911018882154 -0.02984216034824425 
-0.0253201230384559 -0.059377803332092916 -0.02084732256270186 -0.005986457439665593 0.10359995153101983 -0.028194277240491093 0.07881392861103143 -0.042687896528442786 
-0.024798849944701492 -0.056836712291192366 -0.04162510833066349 -0.06504733942959255 0.06893225370739996 0.1391469680949803 -0.025393490875977948 0.005622279069413455 
-0.04344120795918795 0.276462427322162 -0.05311644514764129 -0.07313883671420124 -0.06627584512450309 0.024933133337795708 -0.035401759635521945 -0.030021466077430423 
-0.025248030010848466 -0.05935685734673862 -0.021048503245462386 -0.006264561325152911 0.10486908290481288 -0.02835208520629518 0.07850942251471899 -0.043108468284364036 
-0.025434352343456295 -0.056905070957708755 -0.039743665352298466 -0.06537359230350129 0.06860613309627205 0.1389911704900505 -0.025411896029704027 0.005271273400323052 
Ip_1I_4
-0.05349396963016133 0.8554346296602231 -0.24333028425556447 -0.11029826021205247 -0.03350865752826998 -0.15165478803945803 -0.15953983111178646 -0.10360883887973037 
-0.02304427812554236 -0.09476964909961903 0.17097482556191765 -0.15595221619869265 -0.14102126729551723 0.1366210040446679 0.046306131517857625 0.0608854495943152 
-0.12436358868082129 0.7710927286415632 -0.19405309479200616 -0.11996568916079 -0.1832241568624921 -0.024349974804371538 -0.13318991255806006 0.008053688218840171 
-0.12365716689491212 0.15979560762756345 -0.08784917908707604 0.03265028988135454 0.056992382835590744 0.19964773786794046 -0.1013347444334997 -0.13624492779399264 
0.1586168647823913 -0.07689461819357803 -0.09506527354627296 0.23757085355647195 -0.026998645599177237 -0.11638397403972633 -0.08757677709378021 0.006731570132310908 
-0.1519117422453411 -0.15287538359757366 -0.023503192068966915 0.4611789884493212 -0.05526731906265526 -0.033247688801772465 -0.04490495602743035 0.0005312933563155125 
Ip_0II_3
-0.01855945006611927 -0.05943574541758207 -0.0062412987738556976 -0.06001116536170295 -0.012482537750390472 0.1592530207686265 -0.01289938476359171 0.01037656136467451 
-0.03808982012144844 0.1375834648078511 -0.058831430047425665 -0.06303561595934709 -0.03891029588090696 0.087907686142066 -0.0064393372016654515 -0.020184651738769287 
0.0005559231826948955 0.0248404755747987 -0.018348006097180958 0.08873536266322742 -0.02848275697043368 -0.03035249427185852 0.02737946477528323 -0.06432796885608162 
0.01747708727428752 -0.08209136277564366 0.05331622254100668 -0.038443870476760546 0.06775168391677634 -0.028339393991105036 -0.023081826832004233 0.03341146034285186 
-0.048150740113047014 0.015886055681749528 -0.011966323556331948 -0.0644194533712649 -0.030942469946418593 0.10281857149357064 0.061894411501809396 -0.02512005168923783 
0.021679386612575867 0.07566325254476058 -0.002513674544712162 -0.03180019941706456 -0.006898510867822603 -0.05090174548349847 0.052169448468472455 -0.05739795731244931 
IIp_0II_3
-0.31702176267902293 2.212542977517156 -0.8062972205609019 0.05942185448421804 -0.4238202201973287 -0.42713218506343703 0.0015529095612907473 -0.2992463530496124 
0.20671406698479095 -0.6001987191511141 -0.14814502401217192 -0.027231563295735887 -0.15706203540990052 0.08415720436709971 -0.18903561485053744 0.8308016853647776 
0.10133123611584569 -0.37994924933712854 -0.015052452829917448 0.04982952915651638 0.2422191684547682 0.03972791904098806 0.5531832159308041 -0.5912893665307606 
0.45517094349292136 -0.7855134901285046 0.213381682296978 -0.24764233167679944 0.8978145567647874 -0.5533763045930244 0.128862389525808 -0.10869744569036924 
-0.5468143677854734 0.44003127735760783 0.03628580998121218 -0.4468722160943378 -0.49015862543936733 1.115996454769005 0.3136102825212668 -0.4220786153017451 
0.1775159647785128 -0.6465990689867742 0.6383155857244914 -0.8646748978969824 0.4686231146380513 -0.026654913158580373 0.15265236899232718 0.1008218459055491 
Ip_2IIp_5
-0.006666907955563479 -0.042159393116250186 -0.015670483968412967 0.07308946917196876 -0.02438865366196643 0.0018014549264286513 -0.010915961290140913 0.024910475893579788 
0.011105706177426254 -0.040759049260954326 0.06264851222878413 -0.01818223873796228 0.017194370206420426 -0.012368496240409836 -0.00794894337923705 -0.011689860994393538 
0.002030555159465729 -0.03976225061815918 0.009896117828706304 -0.0399564042172145 -0.02127700666125725 0.09569521956455641 -0.008509234303553447 0.0018830032472735372 
-0.030270224829021305 0.035295150421414796 -0.008500278800552393 -0.02230771843293069 -0.04185514524103261 0.04874184862051579 0.04757232357895971 -0.028675955316487815 
-0.026915492626136458 -0.05958735282516855 0.10923333637047712 -0.07517926105298084 0.008674288396343774 0.0447405757866104 0.04306075118210478 -0.04402684523110524 
-0.012153830136054387 0.22969069761132563 -0.04676665002153033 -0.012268165308790178 -0.050295608414757206 -0.03774119286109636 -0.0300775557149856 -0.04038769515339166 
Ip_1II_4
0.021276399896393194 0.07561729688265317 -0.001930900017600815 -0.031922490120864615 -0.006896232914376378 -0.050872557740863585 0.05219037866563297 -0.057461894650611633 
-0.0184079215587992 -0.059346171539918065 -0.006218096683982849 -0.05997713611064862 -0.01265493692220961 0.1592617018744401 -0.012926890065190239 0.010269451005814766 
-0.03846857713209501 0.13770613256237335 -0.0587602841238807 -0.06308316508344403 -0.03885608516459306 0.08792942488522108 -0.006253024680745881 -0.020214421262251536 
0.0009405992992126655 0.025126727616623667 -0.01815101499031832 0.08899974288449486 -0.02821804888398731 -0.032106661075601436 0.02750878157202551 -0.06410012642171332 
0.017388492495365945 -0.0821084963364782 0.053511693763628715 -0.038192895745134944 0.06618274037600635 -0.027669008010526113 -0.02281302773060175 0.033700501187200145 
-0.04783227886597438 0.016087512919679758 -0.013955810975605332 -0.06419965674047853 -0.030176247915711954 0.10296078950049875 0.06201277549614654 -0.024897083417785914 
Ip_1IIp_4
0.011261816645832942 -0.04073258682259946 0.06263559368994677 -0.01815754546933659 0.017102180558746405 -0.012392320153699787 -0.007983273398680059 -0.011733865050473129 
0.0018783733255888085 -0.03975037960470814 0.009907440719700957 -0.03998043405198938 -0.02121080658181223 0.09569264298054125 -0.008442656127332285 0.0019058193396855531 
-0.03001952909213346 0.03534564156493602 -0.008459108235219247 -0.022202999581216843 -0.04176867281823267 0.048126624578025815 0.047556703968594946 -0.028578660384575627 
-0.027039884540494434 -0.05969982335066352 0.1092292025602485 -0.07517537298887886 0.008045018433450157 0.045542340017885354 0.043095002839618486 -0.0439964829708079 
-0.012040316578809586 0.22973704456428498 -0.04753645664810856 -0.012296639588204483 -0.04954233511909886 -0.03775706750875929 -0.030140320615760226 -0.040423908504861106 
-0.00690904867311979 -0.04224732580068546 -0.014841895837123559 0.0729472845609345 -0.02450616055855782 0.001747525674130375 -0.010975387857122824 0.024785008491593482 
II_1I_4
0.16416361917161185 0.29792974024010044 0.13315717134808164 -0.20056935904018777 0.41338055105802557 -0.16811185995830025 0.028097163065109194 -0.6680470258834446 
0.8298974663218609 -0.8542677375824062 0.3052583939502838 -0.5955283745665745 0.8615481256985497 -0.658972753513931 0.3127264602429116 -0.20066158055549788 
-0.8156232802925637 1.3555664355296835 -0.612187377941351 -0.7999444433714976 -0.4574773744672426 1.5627677425584945 0.4625118934698687 -0.6956135954765126 
0.290903498828431 0.254395402749263 -0.01124645386757681 1.2673680776623757 -0.5121838560688724 0.04898845272617086 -0.2794569718468963 -1.0587681501777149 
0.38227037031439576 -0.7053460632215034 -0.3194105709912466 0.01234943037160169 0.16365659475507738 -0.7301728733766192 0.23996896643270976 0.9566841457070587 
-0.3704081953922104 -0.9079904277253605 0.17159433604597554 -0.4865892782421174 0.6720735413592547 0.3157793358022249 0.2039327516760308 0.4016079364736083 
