II_0I_3
0.8316191001228072 -0.8552346191608576 0.3048839369619844 -0.5960285237146963 0.8628299652955518 -0.6598826976717411 0.31217358293294006 -0.20036074477201454 
-0.812810129146708 1.353548073444746 -0.6140046008922802 -0.8005467694646707 -0.45660206822348104 1.5626587894405737 0.46142740330119936 -0.6936706984530758 
0.29133763845685684 0.2507118697259863 -0.014270523085742738 1.2637348036764675 -0.514208747158163 0.06660519390084436 -0.28311936933621307 -1.060790866175996 
0.379549123777944 -0.7074710911097647 -0.32473697917691263 0.008170447570675475 0.17570535124070188 -0.718858049000938 0.23571617054829114 0.9519250261411981 
-0.37281295084392674 -0.911652124586992 0.1894994528383068 -0.49122499648745255 0.6788832283314187 0.31179552242795383 0.19978714009997622 0.3957247282207465 
0.16505938641997076 0.29645628923285894 0.13054544402140347 -0.20214757155961582 0.41016394095318925 -0.17012191873911758 0.04018590088421228 -0.6701414712133763 
IIp_1I_4
0.5509679575154308 0.38517584146422923 0.5459464819615076 -0.6733760426400566 1.1561623644448376 -0.7439190476123172 -0.37138234777738804 -0.8495752073571764 
-0.25980688859525664 2.593884848226777 -1.079998737861671 0.17228525003405784 -0.7447577174969804 -0.18679931323984003 -0.4436929306778691 -0.05111451038307358 
-0.17299256544807148 -0.8517595108434549 -0.2937833552469695 0.06947671973278226 -0.1265752510390415 0.0709956670251585 -0.37045664250540716 1.6750949383223352 
0.11332432433084325 0.00834294021104844 -0.7368460768539908 2.7311270859474277 -0.5644213971069812 -0.10360761461556027 -0.27003063055139526 -1.1778886313564922 
0.9318008865834936 -0.6977046249487893 -0.4153117803678033 -0.032012784516728086 -0.1285325446969002 -0.5886260222986347 -0.09440728139344785 1.0247941516220558 
-0.10959218344105258 -0.6342694822468662 0.11643916139541248 0.5880629523608516 0.16161611622481475 0.03222947308303539 -0.11118432569461972 -0.04330171168485763 
IIp_2Ip_5
-0.02996258865257158 0.03539995694697814 -0.008421506640524403 -0.022231997062215538 -0.04178387112813065 0.048104441235078704 0.04762029440292032 -0.02872472910103744 
-0.02681145105006064 -0.05958704138943613 0.10929123795822586 -0.0751045417957416 0.008174324341351034 0.04479987331620037 0.0432001726271945 -0.04396257400783276 
-0.011807337073767547 0.2297458933501539 -0.04745468240138714 -0.012201736203774436 -0.0501666124317584 -0.03767844095754127 -0.030061689615506756 -0.040375394665571426 
-0.006735200009647699 -0.04220675490814606 -0.015736201374760138 0.07304009873822656 -0.02445945159563384 0.0022411422332505454 -0.010919321258644964 0.0247756881754329 
0.011283798313890626 -0.04078068808390904 0.06262900258094851 -0.018228789312480516 0.0174617371557241 -0.012438900340483495 -0.008013499619038212 -0.011912660694754273 
0.001965966307372898 -0.03976059277320285 0.009863201923309568 -0.040036979373218956 -0.021359761765948646 0.09565174740937121 -0.008026911841684598 0.0017033301137454131 
IIp_1II_4
0.15754284408208283 -0.6453041351845087 0.6301987260507824 -0.8610061795137618 0.4715215335558731 -0.020432423749164305 0.1590647491838957 0.10841488557003152 
-0.3114981901904236 2.217568686726401 -0.7970296036426874 0.0683209072611552 -0.43258403739510953 -0.4284880704599919 -0.004784561712746739 -0.3115051305797524 
0.17759857380592345 -0.5957483948070461 -0.14032278395303363 -0.017043603125811227 -0.1633617022808381 0.08134571143324403 -0.1721316197078404 0.8296638186324667 
0.1252262880039212 -0.3665906701098339 0.010429622777658885 0.058774894791763226 0.26709541734699677 -0.07923755463667338 0.5639105774563543 -0.5796085756297173 
0.4499024127448924 -0.770932766207625 0.22426254209378982 -0.23221195526175942 0.8057236571384292 -0.5422149971836312 0.1486516562548618 -0.0831805495852725 
-0.5266802928874164 0.4523222759728347 0.05505830547500461 -0.4278947915595883 -0.47634276439461837 1.1275444454868946 0.19978619405185138 -0.40379337213813765 
IIp_2I_5
-0.0907968702184789 -0.6340455878774272 0.11817791883483592 0.5889296102463942 0.1612513219808253 0.03082375915921311 -0.12049981040716631 -0.05384034171641294 
0.5635583606311908 0.3839896052306673 0.5452881521973536 -0.674425024367258 1.1553302880573761 -0.7450521972785914 -0.36956572422600453 -0.8591234602452931 
-0.24129892332282069 2.5931646877165777 -1.0797634458951486 0.17167955638597274 -0.7468053873105033 -0.18839238441007095 -0.4452313308051646 -0.06335277235012535 
-0.162918095275576 -0.8534195265386258 -0.2954024126608858 0.06905314711351762 -0.1313803334505248 0.08087983230385014 -0.3693641713358999 1.6625515598368574 
0.13106890736189822 0.007347266578998805 -0.7355170011813431 2.730097122323494 -0.5549552589934758 -0.11696228905665056 -0.27041552629758825 -1.1906632207311905 
0.9442774014402133 -0.6985360983674719 -0.41600034092882493 -0.03293591249336386 -0.14003871006257632 -0.5899379966422932 -0.0806692288790967 1.0138408859177244 
II_1II_4
1.3713252649052463 -0.588254686658223 1.3252531696464065 -0.6944485658558536 0.221568714439118 -0.9464897457247922 1.1153163377901103 -1.804270488550144 
0.41536002838971675 -2.0458021482090905 1.2815769990865882 0.024016750410831917 1.912583971665032 -1.5339594225509532 -0.06581440775776193 0.012038228955354752 
-0.8930370087394757 0.1462093838112871 -1.3531962035440512 -1.2059210730474483 -0.7360455394180461 3.0326477825155513 1.754387531134596 -0.7450448727061302 
1.404353846812189 -0.5795008963555134 1.3432276957336184 -0.6897033434975902 0.23813985868954085 -1.0346552980650776 1.1184287416124072 -1.800290604932789 
0.4059608109264875 -2.0399439644238084 1.2822688467759622 0.027790973133784626 1.8530890149971553 -1.5197857992294679 -0.04761316633624892 0.0382332841431378 
-0.8579398228330974 0.15182623408020315 -1.346064222020164 -1.2005570193444843 -0.7178773731764463 3.042327990445567 1.660875708910629 -0.7325914960530509 
I_1IIp_4
0.1148368131775334 0.009400777232990078 -0.7347872461052046 2.7319405553665512 -0.562345315737596 -0.11324293832707377 -0.2690618315904055 -1.1767408140146975 
0.9314549409599138 -0.6964833793424794 -0.4142498905299552 -0.030587189784456632 -0.13643329413792732 -0.5871665875095201 -0.09302103812367238 1.0264864384633703 
-0.10872470956064505 -0.6331745585687228 0.1181009906993071 0.5897852997057043 0.16310164654194728 0.03303196563746099 -0.12018460280635908 -0.041936031652709316 
0.5499033689573413 0.38555065808686106 0.5466028381754823 -0.672932822399754 1.1569454710947968 -0.7466751945726303 -0.37065639622646257 -0.8487379231221789 
-0.2594194539313509 2.5946490050862274 -1.0789908299084445 0.1734163584884702 -0.7480163327739949 -0.1864457849820523 -0.44372685156115826 -0.05146611041143193 
-0.1748635731958129 -0.8511028456999711 -0.2926780036169285 0.07078053316572622 -0.12650730416009376 0.07104285481980568 -0.37216059654799816 1.6754889352326237 
Ip_0Ip_3
-0.02446556648783916 -0.05670917669778502 -0.04154066026558014 -0.06516535022784443 0.06890349807192289 0.138999367040581 -0.02540658652676059 0.005384475093099348 
-0.04343038696657838 0.27660565657479447 -0.0532096562205536 -0.07320060479071883 -0.06571519133708503 0.023352794170058533 -0.035014562006983704 -0.029388049422094616 
-0.024316856510216357 -0.059423485149445524 -0.021063652120127556 -0.006298377807320433 0.10365651039160557 -0.02806409653753694 0.07824451953705604 -0.04273456180383233 
-0.026011872384006585 -0.057119004694487115 -0.04238217734150254 -0.06538750827657591 0.06812768341141237 0.1431270317952188 -0.025552300575056575 0.005198148065240381 
-0.04299034187394555 0.27633139278251884 -0.053242046595749964 -0.0733773033503326 -0.06292980374299294 0.022689224738776215 -0.035866693261279343 -0.03061442869573165 
-0.025960008664326916 -0.059686450380964644 -0.021397551562499378 -0.0065495078101404204 0.10280592762479648 -0.028517296818433714 0.08262248170579006 -0.043317594093861926 
II_1IIp_4
0.0967659626402566 -0.3792862161897537 -0.014750315865312882 0.050010341248562726 0.2424854391124025 0.040637179619672684 0.5547483569568331 -0.5906107475197491 
0.45733907445953054 -0.7834547416568183 0.2155866501120208 -0.24528933281874546 0.8975863473931088 -0.5607838793449407 0.12863276737906093 -0.1096168855262509 
-0.5511214354338527 0.4409123002218654 0.03844077817046421 -0.44409849854733974 -0.4971237222327955 1.1163859594163976 0.31736708013952436 -0.42076246173102394 
0.18249036777001496 -0.6438446348137413 0.634083940090725 -0.8620976176894034 0.47370741271584244 -0.04312307496183743 0.15493534522999897 0.1038482616562724 
-0.3192602429978791 2.2145195065738146 -0.8045867646695336 0.06134652007963435 -0.4369258307009087 -0.4241379324517462 0.004628305130286294 -0.2955835609542788 
0.20991025256805892 -0.598075816177058 -0.1454077606403748 -0.024573532617832027 -0.15476438760008546 0.08584030684723183 -0.20576113980888167 0.83283207742284 
Ip_2I_5
-0.15119157984894727 -0.15235319597028965 -0.028045501656469192 0.46190564954758995 -0.054409307539679236 -0.03277779887036958 -0.04441571126497949 0.0012874456027348524 
-0.05423715200083144 0.855472898207143 -0.24316785126322335 -0.11038097126652427 -0.03328317660278549 -0.15146270461721686 -0.15936812910844494 -0.10357291334712974 
-0.022924648304899903 -0.09454417783498624 0.17107991575029388 -0.1558847822860578 -0.14137197903073206 0.13669038971263994 0.04631024238912932 0.06064503960554109 
-0.12518642461208507 0.7714578768394201 -0.1938283961558113 -0.12005214737076143 -0.18315861502593414 -0.024423738379036136 -0.13274165177188696 0.0079330964790882 
-0.12298590008165014 0.1605830585683972 -0.08731877774380882 0.03326664875141436 0.05751452922304226 0.19554105487536255 -0.10088797751027366 -0.1357126360811314 
0.15861531210707153 -0.07671222431820444 -0.09444150163246168 0.23834756956472697 -0.0305129103135133 -0.11590071034245214 -0.08696678885679628 0.007571253790473805 
IIp_0IIp_3
-0.09743356523225204 0.39118348585354695 -0.12150669036547807 -0.0666528178890438 0.07820877390146125 -0.07949135544347964 -0.050138994135666276 -0.054168836688065866 
0.040004668729223015 -0.11989398065619612 -0.07225622216107117 0.015388853979490804 -0.060939082896839365 -0.03976809583639546 -0.0365131709823279 0.27397702982315014 
-0.05624848626313866 -0.1251458400938376 0.2781364117292677 -0.1765183321575241 0.009937242089980097 0.008713834977713367 0.1207808042362951 -0.05965563451852353 
-0.09784674838345922 0.39107397710534136 -0.12173154928765195 -0.06671217998728976 0.07800147109875552 -0.07838841615108803 -0.050177929891960696 -0.05421862450081318 
0.04012225168514838 -0.11996726575347738 -0.07226487708334592 0.015341638956952225 -0.06019480892976434 -0.03994540597240883 -0.03674086608320507 0.27364933317899487 
-0.056687547374371205 -0.1252161061409989 0.27804719159233204 -0.17658543575338606 0.009709960755229832 0.008592736868549571 0.12195062465127274 -0.059811424598277006 
Ip_0I_3
-0.024065246462148433 -0.09452755589222325 0.17105742046661876 -0.15576357084343986 -0.14128687832878717 0.13699369557040117 0.04659803980044168 0.06099409568914441 
-0.12483966972215182 0.7717172576000655 -0.19336090267689116 -0.11956201134745963 -0.1836962580316184 -0.024372488732456444 -0.13312157431541394 0.0072356472280874036 
-0.1246034222780704 0.16079194989111378 -0.08690744091403074 0.03380737272433246 0.05731243271346246 0.19535625260771217 -0.09997457004503539 -0.13578257469790816 
0.1599943723859831 -0.07602146902953881 -0.09307220914568685 0.23883022823086655 -0.0291646038374726 -0.12250089204675216 -0.08627522160967313 0.008209795050240927 
-0.15152228165666826 -0.15162117731350525 -0.02749308617682716 0.462698752823346 -0.05956579866455742 -0.03177087449482328 -0.04336853703776431 0.0026430025208653125 
-0.053129282778094256 0.8561306016024026 -0.2421982268870687 -0.10941476206599206 -0.03216831803093634 -0.15086700886759527 -0.1657279215271407 -0.10262508144311908 
II_2II_5
-0.8442921355353749 0.14234707095422558 -1.3582093693572905 -1.2148100855616413 -0.7347708899592327 3.029792398593818 1.7399354258428985 -0.7599924149701405 
1.398237009807788 -0.592134768409299 1.3205381618492782 -0.7017063615447665 0.22386569221076916 -0.9511912266351304 1.115905414281142 -1.8135139215593807 
0.4431103129614434 -2.052408851271349 1.2710889800437797 0.011461136495949606 1.920390815273947 -1.5329121246563813 -0.07007009468792191 0.009339825828524944 
-0.8709966410542469 0.13526939374509397 -1.3727422618812424 -1.2186467267159027 -0.7481691101526123 3.1010766422184957 1.7374189628219412 -0.7632102589659572 
1.4058365324063047 -0.5968712691076894 1.319978784200924 -0.7047579231243574 0.27196898054495267 -0.9626509860439574 1.1011892162492674 -1.834693335131417 
0.4147332849245926 -2.0569502272662183 1.2653225792786535 0.0071241533905498635 1.9057013594243228 -1.5407388356801 0.005536753339543931 -0.0007290674264130533 
I_1I_4
-0.31200657247094027 0.4706298588561071 -0.5044813062754487 2.512388461975726 -0.4945170666225851 -0.23836597400668488 -0.7938632213063508 -0.639784180144775 
0.08485672700584548 -0.5427395604637066 -0.15233016647766298 -0.12008442533811833 -0.12185468130149214 -0.34988869733211736 0.07903800101578515 1.1230028028888919 
-0.41542265319919947 -0.7258986233712799 -0.08808740465474654 -0.24838841461357117 0.15343620687757303 -0.07882792865654209 -0.17248132347469608 1.5756701410912022 
-0.3145148306243934 0.46996507809291577 -0.5058463285985866 2.5120281000719635 -0.4957755132548501 -0.23167050139450357 -0.7940995836264141 -0.6400864206571104 
0.08557052282964182 -0.5431844429385493 -0.15238270680849839 -0.12037104754184112 -0.11733651244422057 -0.3509650713157243 0.07765576146492385 1.1210134967489382 
-0.41808800537752383 -0.7263251784842768 -0.08862902193830056 -0.2487957718376098 0.15205647912396505 -0.07956306347225757 -0.16537984417871351 1.5747244061630914 
I_2Ip_5
-0.12402940372607468 0.7714015999879997 -0.19384182777118142 -0.12014032281867011 -0.18330442470835606 -0.02449331590516724 -0.13286866024921026 0.007276355194028449 
-0.12251776460702 0.16040757406192424 -0.08755314634454657 0.032999873212120986 0.0577864762769639 0.1954884889206549 -0.10070943217896666 -0.13590206934033114 
0.15998889365655966 -0.07686283628811176 -0.0946503627591044 0.23805011691216227 -0.030468501073343826 -0.11591178759612712 -0.08723574606919597 0.007090223216071485 
-0.15118579930903517 -0.1527145939014533 -0.028685451227996685 0.4616520751903112 -0.05513271906686541 -0.02977428832702097 -0.044651205321817405 0.0004919819649788519 
-0.05344139851327964 0.855093221539426 -0.2434263348250193 -0.11077930066664225 -0.03093748037261527 -0.15200930471058002 -0.159824004096137 -0.10467539835292468 
-0.02277441011825254 -0.09489057007396236 0.17062246311867982 -0.15636920376047472 -0.14196083724534056 0.13634190027563697 0.04930072219693843 0.059729935606647036 
II_0II_3
0.41213904974588644 -2.0493509258021163 1.275218613255742 0.017416996265236684 1.9189732106976025 -1.5331719265757795 -0.06152889569999695 0.020303878105709113 
-0.8727470105846502 0.14295189270981457 -1.3593007261407357 -1.2137549941967498 -0.7313109297271104 3.0348566620274484 1.7429017687260906 -0.7435966628109251 
1.3886140617543947 -0.5888394262625465 1.32484110777286 -0.6969231167186546 0.22100074961733768 -0.9501040231699261 1.1100837002948623 -1.808673053287494 
0.40860059363652335 -2.0502887469565354 1.2732929456068023 0.01690862563239096 1.9171978917692378 -1.523726472998311 -0.061862337335351694 0.019877500625036997 
-0.871740042783838 0.14232428701333444 -1.3593748459635138 -1.2141593385745864 -0.7249370474500609 3.033338197077638 1.7409518123514724 -0.7464030216561656 
1.3848539895769363 -0.5894411771414293 1.3240770361059253 -0.6974977847044413 0.21905433668816485 -0.9511410943654602 1.1201019166199786 -1.810007222791214 
I_2IIp_5
-0.1752709114216518 -0.8517041344350438 -0.29309703691977235 0.07113018714567515 -0.12758664977093734 0.07200385671857001 -0.36624097289287033 1.6707656615701978 
0.12761359252044888 0.011079187688345139 -0.7307522368745133 2.7355565233367813 -0.5674748791197479 -0.11519438126799741 -0.27163883619281587 -1.1891889700861435 
0.9279189046042621 -0.6953156041370679 -0.4110428047575374 -0.02670714425957695 -0.13978706029686377 -0.5894619241586525 -0.08513804740413643 1.0195336803992538 
-0.08776069811602998 -0.6282515472733118 0.12885815521908345 0.593217589012763 0.17276598940816632 -0.0191311417295269 -0.11592645143513798 -0.043771895090042985 
0.555723673780387 0.3904510265552105 0.5503752687014004 -0.6672071019228909 1.1150902168480676 -0.7366803812945734 -0.362308540131468 -0.8454441625410756 
-0.2413046084328259 2.599002237775176 -1.0714829096578795 0.1804075950887756 -0.7380886542546136 -0.183406018190619 -0.4932700590974994 -0.0518575832180661 
I_2I_5
-0.4112096983568103 -0.7259252100467353 -0.08758258153375462 -0.24808014276801976 0.15247567647486535 -0.07981547188450361 -0.17164912689381442 1.5717865550076437 
-0.3088419864789094 0.47016342927443167 -0.5048895531714115 2.511932402278241 -0.4945353136859094 -0.23852824496172667 -0.7929956208772027 -0.6423051123678039 
0.09144607244110733 -0.5429120311691098 -0.1521700686015739 -0.12023744324017417 -0.12262572615566053 -0.3503675680723778 0.07800179221474612 1.1188649725797504 
-0.41367499486622017 -0.7265786043931509 -0.08892422364702066 -0.24843433236543602 0.15123878461556875 -0.07323467986040501 -0.1718814407822512 1.5714894912938466 
-0.3081404166065778 0.4697261667821232 -0.5049411935871414 2.5116506893625425 -0.4900945323838193 -0.2395861827260436 -0.7943541853190229 -0.6442603455139246 
0.08882637262676613 -0.5433312802122121 -0.15270240902122825 -0.12063782321728651 -0.12398182182262008 -0.3510901114405207 0.08498163680888836 1.117935436274672 
I_0II_3
0.38099527784080345 -0.7060232791761349 -0.32194766452908546 0.009344223927263253 0.1785653040633533 -0.7317890067867283 0.2371913006943087 0.953663843963185 
-0.37308761395800905 -0.909851458290432 0.19119904826749892 -0.489029825047997 0.6678908368590969 0.313729212880831 0.20147972801553787 0.39767007127245074 
0.16539746712413975 0.2980596096331072 0.13302126800908914 -0.1995199125621023 0.4120184152191958 -0.16911603405203093 0.02844655945249554 -0.6683073728225958 
0.8308987037636716 -0.854361022861423 0.3064941904800051 -0.5951660160516551 0.8646029135446681 -0.6670303277019992 0.31344455112393266 -0.19888299230830186 
-0.8124682390393398 1.3549644649772645 -0.6123503880617461 -0.7985991728022891 -0.46369181489605354 1.5636627436537716 0.46192605841806594 -0.693443652238064 
0.2893734761182852 0.25194674592950894 -0.012262530191475279 1.2660106009786716 -0.5135460360850546 0.06697609345176064 -0.28872468786827 -1.059773662331866 
IIp_2II_5
-0.5433735675639719 0.4402212578191603 0.03737698469475039 -0.4458448426689137 -0.4965999988232153 1.1160965032803518 0.3143820732808208 -0.4222584100117647 
0.1793382818216667 -0.6462773610650727 0.6295104875288711 -0.8644021066621359 0.4709196441804538 -0.025818136891091113 0.15424707633821014 0.10248211474611184 
-0.3139845508749942 2.2121105842438187 -0.8068190138133272 0.0581681779542766 -0.42296395911435813 -0.42663116451490884 0.0001398521587153483 -0.3000199260300427 
0.2055589805340608 -0.6012187893542584 -0.1506047436908533 -0.028124038252526774 -0.1604255855314252 0.09667661426566185 -0.19005618985303308 0.8281937518760314 
0.10177612781607628 -0.3807970197632806 -0.015745163382581376 0.04811659912104907 0.25193739411239513 0.03777708136876329 0.5519914035279163 -0.5950564227985193 
0.4554714198580206 -0.7854989261774528 0.2124357218103059 -0.24849217978681895 0.8966614692186611 -0.5618133779953001 0.1417755236495495 -0.11053965058633161 
I_0Ip_3
0.15860521513884826 -0.07672708752807551 -0.09446290611984062 0.2383244367895222 -0.03053814480346861 -0.11591744879991327 -0.08683052518500266 0.0075464605072410795 
-0.1511703470325599 -0.15235704752064105 -0.028051330821965755 0.46189655599360296 -0.054404792404285675 -0.03278324083518438 -0.0444179755769899 0.0012881781984328405 
-0.05422548933721786 0.8554640881132175 -0.24318400844381083 -0.11039885297823643 -0.033268140255629304 -0.15145864898502076 -0.1593715462372138 -0.10355740187372882 
-0.022906144417807424 -0.09455779185276254 0.17105351488547116 -0.15590325340978337 -0.14138190323782224 0.13677488831278248 0.0462828679989079 0.060637821722821804 
-0.12521291437769727 0.771433364753082 -0.19386576909024167 -0.12007301498741234 -0.18312547537082077 -0.024291315319206475 -0.1327667296584307 0.007901854052518314 
-0.12299177022114251 0.16055879412008153 -0.0873429675964205 0.033237135477662674 0.057614341830640126 0.1955114710709213 -0.10083292684724432 -0.13575407783220914 
IIp_1IIp_4
-0.05605476866916811 -0.1251132170281165 0.27820832403456824 -0.17649539307975526 0.00986605121096245 0.008549284363936727 0.12076088762715242 -0.05972116845942282 
-0.09798559689797838 0.39105023678395306 -0.12177372461868442 -0.06689139486971031 0.07850876062177904 -0.07937490304971107 -0.049903722841138226 -0.05362965512731427 
0.04075543012995583 -0.11996040744288208 -0.07240212225567139 0.015179174315339734 -0.06083390217191503 -0.03967839353110123 -0.03707252429277955 0.2740127452481192 
-0.057412275551200403 -0.12547300633458447 0.27746955350750657 -0.17669042633985982 0.009184961044112044 0.012172974427491328 0.12063296479903893 -0.05988474555193099 
-0.09759927990651224 0.3908094597252925 -0.12180216023243406 -0.06704651909919021 0.08095406128158156 -0.07995745277151461 -0.050651811589251736 -0.054706297406202815 
0.039312901608875614 -0.12019126545907959 -0.07269525364199722 0.014958706484195596 -0.06158063149801134 -0.04007625950437493 -0.03322909733051093 0.2735008993396057 
II_0Ip_3
0.017321692606871407 -0.08217802586710699 0.053256163062955816 -0.03850342899517325 0.06768427697003453 -0.02784801475874712 -0.023109795972803115 0.03337713295350115 
-0.048122772175923284 0.015885082144340996 -0.012002140333976462 -0.06447253760127769 -0.030571931552190967 0.10275867675687234 0.06178441723252355 -0.02525879447006512 
0.021486637703994393 0.0756185587874152 -0.001966935428682441 -0.03184591431350809 -0.007017177292456595 -0.05096540925772896 0.0521763222581588 -0.05748608245687925 
-0.018380751699370604 -0.05939275290159406 -0.0061665666134863625 -0.059967101295055045 -0.012418741048551691 0.15879498588564106 -0.012883424524486382 0.010414352197344117 
-0.038131158981973896 0.13760674845806514 -0.05880583456030178 -0.06298924200290379 -0.03921212119214205 0.08796641711002712 -0.006367715005395184 -0.020067093824643913 
0.0007272761235702615 0.024844465353802934 -0.018305290279544525 0.0888111653093171 -0.028413764042542432 -0.030321335130767717 0.02690830092646042 -0.06425081825983715 
I_1Ip_4
-0.12405299360411447 0.1605866594213061 -0.08734296606071906 0.03337112220837395 0.05769932525951796 0.19579265656353953 -0.10062934755117474 -0.13542445623597377 
0.15893583456219304 -0.07647562646573952 -0.09400792317943506 0.23878409154959532 -0.031000893177550587 -0.11599932007473321 -0.08716282272410819 0.006926659509097596 
-0.1526509536777141 -0.15214806574893755 -0.027658238880840014 0.46241282158168434 -0.05469929917165833 -0.03293289275685956 -0.043566647182750995 0.0012432758370904441 
-0.052962850054273834 0.8561113990246071 -0.2419078494940449 -0.10993130512779684 -0.03201776193275771 -0.15747991116218293 -0.15885606991591256 -0.10295565133439614 
-0.02321473523926029 -0.0938797797689109 0.1715751301053605 -0.15516964518924606 -0.1460754326365318 0.13762010769972366 0.04725274142088403 0.061891613607266235 
-0.12419734307782233 0.7720488927084764 -0.1929629403884953 -0.11917024739097395 -0.18218025220292075 -0.023736403366839118 -0.13857270369113844 0.008770997413205835 
other
-1.268569719325812 0.8454106303625224 2.206553271769099 -0.5438086149225005 -1.9566150527637456 0.6182427725463523 -1.8820275575360388 1.9808142698701197 
-1.3170907656620885 0.837500881635624 2.1905895845221517 -0.5552907438600576 -1.9383297858961122 0.6305248952341729 -1.860914291942604 2.013010225970263 
-1.2545495972063734 0.8390587217854468 2.19291899367625 -0.5570707438873513 -1.9443243628625801 0.6326758080151998 -1.9016421486781712 1.992933329159121 
-1.349125985797749 0.8240602537042163 2.162713644708213 -0.5553821483477662 -1.9970318504240787 0.8332773673796767 -1.8896186685412788 1.971107387327098 
-1.2941662008486183 0.8232128502757038 2.1889021773249993 -0.5644960222537045 -1.7932223878027518 0.5959556188296269 -1.905306874653098 1.9491208391366668 
-1.3401511609746655 0.8253592996246668 2.1755241867888984 -0.5701535986281897 -1.988636275651921 0.609065911240308 -1.673568073596519 1.962559711214989 
Ip_0IIp_3
0.001722583947263169 -0.039707861020650916 0.00992239193528401 -0.0399498311577294 -0.021259662398664406 0.09575232229987697 -0.008397508457355807 0.001917564851528641 
-0.030112245900679804 0.03545057540886994 -0.008346997076154418 -0.022142185074269013 -0.041841501536306 0.04812465603666696 0.04757680889392451 -0.02870911075184651 
-0.027172676772525103 -0.05952778908288808 0.10938723990825909 -0.07498201938313635 0.008108683292473834 0.044783866017925715 0.0433162176552695 -0.04391352163525886 
-0.01182614534261005 0.2298767945005943 -0.047212710855171924 -0.01208395102506402 -0.04995666908558272 -0.03870043129525079 -0.029921168886546418 -0.04017571800969397 
-0.006832168413737391 -0.04204050354590618 -0.015562306908770281 0.07319988213035114 -0.025157684404753862 0.0019877838707824417 -0.010725422678630355 0.025130419950716406 
0.011302380738570343 -0.04062339482164351 0.06281535068014382 -0.01802185012758985 0.017316251888802578 -0.012265307385693758 -0.00894402600265468 -0.01157940497032803 
Ip_1Ip_4
-0.025153098022096157 -0.05929115880279839 -0.020808292174188652 -0.005979451090530924 0.1034582686495651 -0.028196642069443997 0.0787697074468616 -0.042799333937193346 
-0.025214890617584956 -0.05672847976402987 -0.04160696112498675 -0.06514411186002918 0.069009844366092 0.1391899899165755 -0.025178624124316488 0.00567323320796013 
-0.04301348107220849 0.2767440338433743 -0.05296078120250999 -0.07296564708212436 -0.0659823477125572 0.0233157343767416 -0.035344815374320805 -0.02979269577489915 
-0.02545559887080116 -0.05937133266557589 -0.020972916541359028 -0.006022911442292454 0.10330649751957072 -0.027389154951266204 0.078741201687897 -0.04283578473524791 
-0.025128805442309055 -0.056782133462231106 -0.04161329759174821 -0.06517867905939116 0.06955474438463252 0.13906017710488386 -0.025345324922823848 0.0054333189891402865 
-0.0433349277681896 0.27669259046084177 -0.05302610130829955 -0.07301477516162701 -0.06614874558347972 0.02322707567733737 -0.034488363054445435 -0.029906753260572114 
IIp_1Ip_4
-0.026769963375412004 -0.05956560251479186 0.10932289785446259 -0.07508598759740003 0.008147938195900446 0.0447711482872441 0.04313106356685292 -0.04395149441696407 
-0.012092891132259975 0.22973194021516022 -0.04749276138654129 -0.012226173227201077 -0.050106215884999396 -0.03766169170803141 -0.02996045167658547 -0.04019175519872918 
-0.006570240751213297 -0.04218325464327349 -0.015702137985051354 0.07300492095607371 -0.02431406820678165 0.001850419836989676 -0.011008622915776249 0.024922983709075135 
0.01095019259492322 -0.040816410888502214 0.06248591888547748 -0.018238191678697717 0.01696994778646606 -0.011521604299576408 -0.008021365210394947 -0.0118084871900119 
0.001951229625283848 -0.039804214527558064 0.009854353725929101 -0.04007169866126951 -0.02061744215718552 0.09557693052674532 -0.008579384908986772 0.0016902263769073406 
-0.03031281291410051 0.03532345892253356 -0.0085491280472298 -0.022344380849567653 -0.04190251121547767 0.04806388808673643 0.04844255397461325 -0.028721067956923477 
II_1Ip_4
0.0006249020334405375 0.02480106871212616 -0.018370493689441075 0.08874973902235844 -0.028484899651822108 -0.030353349060739953 0.02733713318483928 -0.06430410055059804 
0.017408684861240326 -0.08217278893909154 0.053269110249525395 -0.038500110690791775 0.06766680286628475 -0.027870117412309194 -0.023139118585187857 0.0333375376498627 
-0.048187162773048846 0.015872347392344992 -0.012024831593461151 -0.06449216990614624 -0.030546001663783424 0.10276093205479468 0.06183145928117315 -0.025214572791387873 
0.021628213863422258 0.07562077049551297 -0.0019612381979528283 -0.031870629810504265 -0.006963027764388077 -0.05111434704771627 0.05212771957675099 -0.05746746111446036 
-0.018482271368463768 -0.059421667627760334 -0.006245213122559912 -0.059981162160600315 -0.012634529832469361 0.15925541944063068 -0.012894366698136048 0.010403791369348627 
-0.03808050557329808 0.13757437138777964 -0.05881859603859325 -0.06301822409979944 -0.038844278663033124 0.08791374528567726 -0.006591830084465526 -0.020134682213374774 
I_2II_5
-0.8073970094815399 1.3539904295007752 -0.6129426224187688 -0.7999826547534097 -0.4579861052349041 1.5614088756530735 0.45974272738518407 -0.6968336406375637 
0.2877506917893039 0.2502449165868297 -0.014991123206398194 1.263239944398324 -0.5133361294568604 0.06647209007920195 -0.2800149849264088 -1.059365405262152 
0.38846467934623724 -0.7068100849425463 -0.3232685888196292 0.007384541567445491 0.1793692269378053 -0.7317272174710964 0.23387998257486162 0.9527074608012902 
-0.3771165256124864 -0.9124698363231086 0.18618823663505304 -0.4912496348353142 0.6639951153210806 0.33476348940184963 0.20019346882377284 0.3956956865868024 
0.1693448837326734 0.2954133089649792 0.13077577713425445 -0.20273861713044491 0.42873429553786097 -0.17226453632148858 0.024021270143865465 -0.6732863820581421 
0.8265799497498468 -0.8573531732734628 0.30174246775507985 -0.5988995085448027 0.8593530338076929 -0.6612776081531938 0.3331654817216918 -0.2033106430756555 
I_1II_4
0.278010999277095 0.25134987677446036 -0.01352912899922183 1.2660008682843593 -0.5141772247088251 0.06883792115135956 -0.27859616434279305 -1.0578971474369783 
0.3856055173396369 -0.7037003892931775 -0.31767728654092486 0.013468821801444852 0.17413839599772551 -0.7329415333844608 0.2336865031289906 0.9474199709465367 
-0.38741665957515503 -0.9082528985172839 0.1942304454858104 -0.48485101111376816 0.6657931562455017 0.3124511454342594 0.2099133434366735 0.39813247860127593 
0.1793005758092252 0.30382028109639464 0.1444042726333276 -0.19587016702301427 0.424114911876124 -0.22519513992486836 0.0320556361581928 -0.6626303706254243 
0.8262008401850077 -0.848933815673087 0.3095738741792504 -0.5889591828086481 0.8189530752995473 -0.6506203141138581 0.32179890105296777 -0.1880133781312813 
-0.8025137106927304 1.3597724908832125 -0.6046235862439341 -0.7911880052349528 -0.4481970982841312 1.5675411105733927 0.4062882357215115 -0.6870794367076248 
II_2I_5
-0.3555081329369005 -0.9108673048140011 0.1908881864427523 -0.49056486366450686 0.6665909882745106 0.31092866079051523 0.2009339891859893 0.3875984767170565 
0.17756789982648663 0.2958364460767167 0.13024305797955474 -0.20295986851801012 0.4134193636300414 -0.1698696419472558 0.02974514359912788 -0.6739824006467745 
0.8495148122098066 -0.8569001421411552 0.3029503633295441 -0.598827234123897 0.8630577865892448 -0.6598788393168707 0.3086774145710284 -0.20859416112516602 
-0.8069185379844215 1.3499927539042003 -0.6197418135823293 -0.802333623193217 -0.4659915645705555 1.5939776545890192 0.4584920981546843 -0.7074769673022533 
0.3019868247862733 0.2469203008588987 -0.015966449530252787 1.2606041470617795 -0.4905893683585059 0.05979945789573728 -0.28593529279513447 -1.076819619917523 
0.3889462383634515 -0.7099504143672257 -0.32662335378857565 0.004025181161161313 0.17145095812672378 -0.7365213282187854 0.2692157806596276 0.9394569380569561 
IIp_0I_3
-0.25997141161186077 2.5942966880414144 -1.0792653244258659 0.1731411063156936 -0.7454816635290662 -0.1867087404769984 -0.44394910936822063 -0.052061544933757954 
-0.17474579908737936 -0.8511959017845162 -0.29270489475529216 0.0707450822664338 -0.1275362355247837 0.07063325183177678 -0.3693788559000916 1.674183352949792 
0.11428292089552482 0.009575324685401123 -0.7343977034042642 2.7323659723645175 -0.5627046903695526 -0.11357112614120389 -0.26836169232161616 -1.1771890057067629 
0.9328463601628972 -0.69600367956172 -0.41324633642445546 -0.030388700244262757 -0.13500307487150015 -0.5930315366882144 -0.09233560015434046 1.0271625677619205 
-0.10792918577488975 -0.6326464154984975 0.11839302000636866 0.5902163198979531 0.1586190420787042 0.03397691715309754 -0.11968511004406086 -0.04094458781959612 
0.550539916353745 0.38578407077048066 0.5468067328531693 -0.6723139753788654 1.1572223065188278 -0.7429823603644418 -0.3765867750855074 -0.8484699156736656 
I_0I_3
0.08501387332117294 -0.5424685092571253 -0.15184826673108817 -0.11957313738717204 -0.12233418620564314 -0.3499259653251973 0.07873603891513507 1.1224001526668934 
-0.41693304631438355 -0.7256304681040608 -0.08758598343644423 -0.24775549372967093 0.15303791485878118 -0.07900299160555052 -0.17163689930911577 1.575506967639326 
-0.3134410569659553 0.4706912535095052 -0.5044178439026986 2.5126187076636084 -0.4944981002192796 -0.2381040423677154 -0.7933946816059854 -0.6394542361060749 
0.0854783860782383 -0.5423453962734059 -0.1515954736595545 -0.11950640075510084 -0.12210113024447557 -0.3511659223999387 0.07877981164757394 1.1224561256031544 
-0.4170652365619542 -0.7255480788234935 -0.08757625331608394 -0.24770241320058303 0.15220117998364469 -0.07880365429020084 -0.17138091772143052 1.5758753739288345 
-0.3129474514380014 0.4707702486849213 -0.5043175399772235 2.5126941475174487 -0.49424258379918506 -0.23796790028009682 -0.7947098284225117 -0.6392790922758693 
Ip_2II_5
-0.0478426860170366 0.015861298610530816 -0.012031679501876006 -0.06454032205031153 -0.030558624424503373 0.10268713946773604 0.061728774257506766 -0.02530390034157273 
0.021496253077427332 0.07553237974146487 -0.002124129479483218 -0.03201283924273764 -0.006864699820558447 -0.0509303754438924 0.05220973254752092 -0.05730632137934349 
-0.018052105341562548 -0.05949777720365366 -0.0063684234561079715 -0.06014523213222854 -0.012427749757672727 0.1592729945399117 -0.01316281210364949 0.010381105454769127 
-0.038471576478807806 0.13737535397626133 -0.05920307312815001 -0.06317266158312317 -0.03922700024813622 0.08960765736195116 -0.006580483928213198 -0.02032821597077039 
0.0007458938333531986 0.024610581203897273 -0.018513362245954363 0.08854005825635365 -0.027149957191923358 -0.030623460559817996 0.027056323820985526 -0.06466607711643801 
0.017110061693562738 -0.08235158974739691 0.05300273214232005 -0.03876569716048623 0.06739287231761469 -0.028021801253599862 -0.021478757370773566 0.033112179378116655 
I_0IIp_3
0.9362914737681199 -0.6967216875759226 -0.41443313023494305 -0.031361936129849576 -0.13654471811801716 -0.5883413353247466 -0.0940272556731741 1.0251385892780678 
-0.10898484791014454 -0.6343781459454295 0.11595691647586709 0.5875464108034318 0.16518444557350564 0.03342721426235537 -0.11918340938543719 -0.039568583876240196 
0.5559952409814531 0.3843085184965444 0.5442800515735705 -0.6753681111076079 1.1574579789993582 -0.7428886317634578 -0.3745632042522237 -0.8492218429301287 
-0.2643038706819761 2.591517336900875 -1.0846847608413512 0.1710504651511845 -0.7509254809318795 -0.1612573089581607 -0.44637367394802185 -0.055022706678682365 
-0.17358813286633043 -0.8543071177406407 -0.2953039146259075 0.06718641895292457 -0.10696095565838339 0.06674594317421995 -0.37316318478760385 1.6693909435471836 
0.11147355784080297 0.00677711613481673 -0.7386038241696753 2.728048708911371 -0.5667472588895955 -0.11575689355041556 -0.2443179513425989 -1.1808734549296351 
IIp_0Ip_3
-0.011798664539533089 0.22976221421990198 -0.04742674742955913 -0.012190161835213514 -0.050187211267965645 -0.037735829064508675 -0.030070592739090476 -0.04035300734315809 
-0.006850855790530669 -0.04221157117168828 -0.015751060850963203 0.07297231160606127 -0.024249887031392303 0.0018486803977228435 -0.010813684149125487 0.02505606698985636 
0.011467294568337406 -0.04077345407799152 0.06257519548401445 -0.01828942634285657 0.01720882509699377 -0.012324746378054424 -0.008144384929941965 -0.011719303420804015 
0.0016200450145789167 -0.03985690131856045 0.009637597157038045 -0.04007472192688667 -0.021555438256600307 0.09706399549646676 -0.008559184544119393 0.0017246083781106234 
-0.030093932482928642 0.03525644655968413 -0.008538474533758512 -0.022384613137423657 -0.04069949736075651 0.047929756926883 0.04741689673598717 -0.028886582707108886 
-0.027145925908757307 -0.05969995953342062 0.10911900907884124 -0.07527071163806331 0.007929736016330185 0.04468632008893406 0.04448397572596985 -0.04410244382968492 
II_2IIp_5
0.1977559104547625 -0.5998420475295618 -0.14804275421395383 -0.02549571044329123 -0.15742225610129398 0.08754152381136723 -0.18462535942586322 0.8301306934402147 
0.11146114296007718 -0.3759716080171468 -0.007923666011064274 0.0562317535206689 0.23466357607432817 0.037834208016456906 0.5493110325825783 -0.6056064391254748 
0.4411000035413226 -0.7814734092574838 0.2200723211002447 -0.2392676822806176 0.893874505309962 -0.5634792055797958 0.14245990515862658 -0.1132864379972655 
-0.52149068617318 0.4494658698066966 0.05609440314606866 -0.43895152882303684 -0.478702594152172 1.027718582616843 0.3226103192641728 -0.4167443656747374 
0.18057531956705739 -0.6361866381997874 0.6379538147143712 -0.8528946966422677 0.4001720075776057 -0.013021816799554187 0.16792590516317854 0.11547610461545002 
-0.2968107630872078 2.2211845027255457 -0.7927722193177951 0.07221386452459387 -0.4094214510871555 -0.41959646164296116 -0.08322380158404963 -0.29157367051872 
II_0IIp_3
0.4573039676406792 -0.7841930409696526 0.21429135051590664 -0.2467119456312597 0.8988534634540726 -0.5607817352823934 0.1293467601024188 -0.1081088198369963 
-0.547166227785533 0.4400991545972832 0.0369260089992879 -0.4459691436410919 -0.49588455696934264 1.1168880846928901 0.31520989922760506 -0.42010321911856185 
0.18012962455734002 -0.6458767825725991 0.6300932205973843 -0.8638727446800599 0.4703645539586622 -0.025719341358106794 0.15272885085898258 0.10215261863678507 
-0.3194648436300179 2.2120262111680042 -0.8071636721980622 0.058849954455675646 -0.4245241086076372 -0.4214474984511756 0.0014170121430162773 -0.2996930548681499 
0.20727307707245105 -0.6004108956970883 -0.14842714854060057 -0.027782174436693105 -0.15347330699496256 0.08346091034179035 -0.18991989710907958 0.8292794353585774 
0.09894420863501009 -0.379881657312891 -0.015511861860731627 0.04886693427086182 0.2413844273868139 0.03936930798326666 0.5591096548718664 -0.5922810139749808 
II_2Ip_5
-0.0375213896786065 0.13753713632308676 -0.05883369267234871 -0.06307682677427548 -0.03893007858546627 0.08779831187782261 -0.006483490302894652 -0.020489970186601973 
0.0009261677863641191 0.02472830795738109 -0.01846461802912622 0.08863742096674083 -0.028427721770168016 -0.03038231952881054 0.027420004312013718 -0.06443724169398304 
0.018076269976062254 -0.0822416279345269 0.05317763846452963 -0.038632841833540835 0.06769945512866478 -0.027875657706388918 -0.023302941112469288 0.03309970501711526 
-0.04808194681932112 0.01570783354787118 -0.012309609821286711 -0.06461537539432485 -0.03085847400234717 0.10405287141090934 0.061713681894059326 -0.025608980814537406 
0.02201501799894348 0.07543913762323806 -0.0021003005489928575 -0.03205139639055776 -0.00599989183012389 -0.051199664510296665 0.051917937637441874 -0.05802083997920963 
-0.018349840626215252 -0.0595900931968379 -0.006450358870185638 -0.060205550730639004 -0.012775451221965212 0.15907052790015733 -0.011619384935644813 0.009920151681457216 
IIp_2IIp_5
0.04017154771496616 -0.1198611412769392 -0.07217338940753726 0.015485127425370112 -0.061045272611730525 -0.03976728244988442 -0.036504352118664124 0.2736947627235907 
-0.05613350837857829 -0.12507715903822647 0.27829575974904924 -0.17634930041876373 0.00976047113177911 0.008635554431961795 0.12088152177407693 -0.06001333925073706 
-0.09759324954397168 0.39121095437400955 -0.12143018272886467 -0.0665419453597615 0.07812826249660286 -0.07950752647457839 -0.049913188041242604 -0.05435312472071264 
0.040617951899649056 -0.11974282773160859 -0.07193045122492246 0.015549262395608549 -0.060821302107668486 -0.040958901018977124 -0.03646228582304687 0.27374855361010136 
-0.056260545319535706 -0.12499798162265718 0.2783051105502257 -0.17629828918185705 0.008956355541809055 0.008827120778336328 0.1211275241716048 -0.059659294917682085 
-0.0971188867418942 0.39128686999988455 -0.12133378905356938 -0.06646944645475102 0.07837381786024868 -0.0793766917526028 -0.05117706515454181 -0.054184808700680286 
Ip_2Ip_5
-0.043246877089537096 0.27677022853482547 -0.052911410775832224 -0.07289237947244959 -0.06601837026151489 0.023312108502036237 -0.03521370872897365 -0.029799590707381304 
-0.02523417902305672 -0.05927256901972696 -0.020777329403451464 -0.005932399255496556 0.10343083961176944 -0.028171298511811545 0.07878378948502364 -0.042826853883091175 
-0.02524223399061532 -0.05668338765783792 -0.04152083716970184 -0.06505028660249866 0.06892606490654404 0.13916479406134105 -0.02516016623915049 0.0055660526916056635 
-0.043081406004082466 0.27681408446508005 -0.05282135954834191 -0.0728686062115187 -0.06593534988737508 0.0228704047171131 -0.03519811578459919 -0.02977965174465051 
-0.025281268502059934 -0.05924321989315794 -0.02077386329068393 -0.005913490640720809 0.10313277367959883 -0.02810028956437818 0.07887497654184286 -0.042695618329968266 
-0.025066399331300327 -0.05665524759678515 -0.041485106397852425 -0.06502341303609205 0.06901708625880866 0.1392132912846979 -0.025628654494686456 0.005628443313107388 
Ip_1I_4
-0.05345660648890318 0.8554523872355911 -0.24316996648526673 -0.11048151190800834 -0.03332443114563606 -0.1516616438412222 -0.1595668488717133 -0.10379137849114499 
-0.02314213412444088 -0.09473346879045606 0.170736589968298 -0.15623317786656069 -0.14102474423790384 0.13675674811869898 0.04653628325584626 0.06110390367590896 
-0.12412733463836875 0.771291478890752 -0.19414296943462636 -0.1204375825108397 -0.18297725168822304 -0.024169884775865572 -0.1333818520275446 0.007945396186930107 
-0.12391931002954532 0.16009394233694116 -0.08826362313554112 0.03291105984836889 0.056707456086609966 0.1999360534616446 -0.10128100054465396 -0.13618457802078082 
0.1588298798701393 -0.07721802827263773 -0.09483332036900552 0.23779225732858084 -0.027080423334894715 -0.11659342503360953 -0.08753351408903239 0.006636573899180342 
-0.1519142082068898 -0.15279877693547306 -0.028702782529060243 0.46124738674696325 -0.05515116018166708 -0.03318248041657675 -0.04015222838964722 0.0006542499137365687 
Ip_0II_3
-0.018381498067631334 -0.059441114738888134 -0.0062575659017813255 -0.06001091502820535 -0.0125156847490782 0.1592073745132584 -0.012944070616156335 0.01034347458845978 
-0.038137139690447575 0.13753675106414914 -0.05888137695738668 -0.06308116987167611 -0.038831292682174515 0.08790668630493237 -0.006408649443984598 -0.02010380872304865 
0.0007807151858813994 0.02478292414017396 -0.01840334019749525 0.08870278333210502 -0.028462087722144726 -0.030347887870986478 0.027256305186786265 -0.06430941205383842 
0.017289602436473334 -0.0822346949660033 0.05314810612470797 -0.03855174589803345 0.06757160741523435 -0.027351957881601056 -0.023173395705313495 0.0333024784739095 
-0.048119833118560044 0.015809525391248164 -0.01207833928765901 -0.06456804717049912 -0.03013464290835331 0.10268549532156299 0.06172620999341462 -0.025320368220307615 
0.02150676987911002 0.07555168723765543 -0.002071753527551545 -0.03195938672537532 -0.007082742384663102 -0.051001148420878425 0.05261306832596944 -0.0575564943838892 
IIp_0II_3
-0.31873431354116294 2.212606370942302 -0.806039050682979 0.0593056782337389 -0.42338256561079446 -0.42669120744919753 0.0019720059797642005 -0.29903691785982145 
0.2071148871229335 -0.5997206190706342 -0.14780570293177173 -0.026961609208040613 -0.15783478894925188 0.08425120582677877 -0.18919209976853826 0.8301487269756076 
0.09928524972276738 -0.37926454019536565 -0.014568505517178875 0.04985442838570809 0.24217080183234796 0.0397947605257452 0.5542653855049299 -0.5915375802591879 
0.4568369685847894 -0.7839302705113713 0.2147642631893347 -0.2464282710830202 0.8993941805280348 -0.5628287942166242 0.12978890639683668 -0.1075969828971674 
-0.5469836269347652 0.4405770289527635 0.037522370038597146 -0.44528542175947455 -0.49808890893320684 1.1171644820321545 0.3152777676278999 -0.42018369101559155 
0.1791981343827534 -0.6454633176109839 0.6307779901275032 -0.8630797369853301 0.4704921986817885 -0.02564486758814543 0.15127507318099323 0.10244452580668446 
Ip_2IIp_5
-0.006627691692506757 -0.04215742062536646 -0.015646708271242482 0.07305889336049694 -0.024364010396314476 0.0017918514996673957 -0.010928755919282374 0.024873842044324773 
0.0110805861537489 -0.04076165895176215 0.06259944731357704 -0.018237629397234834 0.01720842768976838 -0.012345998045103779 -0.00790479784001084 -0.011638376923294847 
0.0021116859816068135 -0.03973970224401331 0.009870846514269197 -0.04004129637393403 -0.021231917875074804 0.0957261669508741 -0.008564128496162381 0.0018683455422907735 
-0.030348769195106397 0.03531844550461685 -0.008600684572013125 -0.02228413080794971 -0.04193612416315481 0.04897298943058437 0.04756433763923757 -0.02868606383530042 
-0.026874170077107302 -0.059655576418531586 0.10925134142048845 -0.07516979640402222 0.008810305169604155 0.044680917895297094 0.0430368145839868 -0.044079836169596764 
-0.012186226350038295 0.2296828270079273 -0.04755364183708014 -0.012286231444151327 -0.05031033397777564 -0.037748714604146194 -0.029201154921777727 -0.040396523871905246 
Ip_1II_4
0.02173757732399799 0.07560104133864978 -0.0019933498886497577 -0.03189912357687522 -0.0070058307278481335 -0.05099119192969842 0.05207675720095611 -0.05752587974031968 
-0.01851965772662781 -0.05947293366499811 -0.006319312269638726 -0.060061557314978684 -0.012447706848057809 0.1592422612756653 -0.01287508545943867 0.01045399200777319 
-0.037909440591049545 0.1375308535648044 -0.05889398833625288 -0.06310996087283448 -0.038832581392550566 0.08791916319367636 -0.006551619835002304 -0.02015242573008221 
0.00048232673745779973 0.0247145665086015 -0.01853971328755354 0.08868504916921154 -0.028654105664822665 -0.029557675827759287 0.027262429700596256 -0.06439287733499995 
0.01744299480445726 -0.08226874062291423 0.05318973375671814 -0.03860929524284806 0.06830744749691618 -0.027991390574353188 -0.023258674616157403 0.03318792499769495 
-0.048283815654203775 0.015785984790989013 -0.012154625940888347 -0.06462482315035564 -0.030672889368760406 0.10269251029398671 0.0625849684635003 -0.02532730943369195 
Ip_1IIp_4
0.011227667630410096 -0.04072868595082866 0.06266360271336209 -0.01818545564954439 0.01713760163288384 -0.012383145949652624 -0.007977378752458832 -0.011754205674362868 
0.0018740900636240677 -0.03973442501754836 0.009882407876693505 -0.04001294444904598 -0.02122901711593997 0.09571349977922544 -0.008414541553178629 0.0019209304158522532 
-0.03003393026543854 0.03538873231869692 -0.008460384569398825 -0.022267435379782242 -0.04173576944636671 0.04815296718029384 0.04755509414974879 -0.028599273987505235 
-0.027037768369096517 -0.059622396861751394 0.10920383415211521 -0.07511159204895289 0.008042013417465474 0.04536516155918684 0.043123666297526564 -0.04396291814590322 
-0.012014855833915067 0.22970501498777823 -0.04747612918326183 -0.01222972893437771 -0.049735568482407684 -0.037759119596599465 -0.030096098771214063 -0.04039351418526531 
-0.0068707894147980765 -0.04221071172781418 -0.01573113880224307 0.07299330944916013 -0.024447270838731144 0.001779685103953322 -0.010352264440986306 0.024839180671540742 
II_1I_4
0.16720484923128948 0.2977967494582759 0.13252171316926686 -0.20016490465121373 0.41239668022963905 -0.1688979182052455 0.02737197456852147 -0.6682291438008988 
0.8292807086831072 -0.855166481914809 0.3049019965377212 -0.5957144048963239 0.8629421074086259 -0.6592866455122296 0.31276253564368756 -0.19971981595327543 
-0.812194280093441 1.354122594963769 -0.6129622032359447 -0.7994859609200765 -0.45765368416891716 1.5624554191024151 0.46076964990978514 -0.6950515355490097 
0.288185704192814 0.2512288294695851 -0.01329186893880554 1.2649057275919235 -0.5147219057061736 0.06568708969744202 -0.2811812018888703 -1.0608123744125826 
0.38234770445517674 -0.7059830136894965 -0.32188266681435856 0.009258473386833166 0.17801131411680868 -0.7320509086881439 0.23692282630422914 0.9533762709201804 
-0.3734319842327194 -0.9101154783634597 0.19070076356700652 -0.4895321057763337 0.668586957095262 0.31389260091028315 0.20134183465938224 0.39855741213643847 
