II_0I_3
0.8292667914324009 -0.8551655192595737 0.30486282419328264 -0.5958059840524176 0.8629939475422239 -0.6592703901257948 0.31280986545081546 -0.19969153518649577 
-0.8120580988573592 1.354110994051486 -0.6130257846296868 -0.7995134408102408 -0.4576434860411169 1.5624795664246303 0.460687200571969 -0.695036950703981 
0.2881643479931032 0.251130703953359 -0.013422514534660701 1.2648339417419283 -0.5148555933716872 0.0662543552447593 -0.28121884574044537 -1.0608863952828256 
0.38232672638490384 -0.7061126389978408 -0.3220046030530645 0.009145021102478033 0.1784365025657963 -0.7321885917359041 0.23719155173752088 0.953206031990452 
-0.37358668589101596 -0.9102263054902987 0.19057166476252171 -0.4896737176938936 0.6684490705642263 0.3142108496548266 0.2018637851812721 0.3983913389119786 
0.16740660495789056 0.29778672883487245 0.13252295617692506 -0.20019927039670926 0.41234978214835516 -0.1689209068189454 0.027336150165854337 -0.668282045068297 
IIp_1I_4
0.5493722909060718 0.3854019130762385 0.5459683634563454 -0.6735314669387084 1.1563266217200565 -0.7434143794909583 -0.370815533318983 -0.8493078094120201 
-0.25931813160633865 2.5943579495645515 -1.0794533902164158 0.17320043957051764 -0.7456482305543541 -0.1868657051535596 -0.4442277307779102 -0.052045200820266084 
-0.1746143597263975 -0.8516899978834764 -0.29319992984255877 0.0701039956841851 -0.127124538467328 0.07057915133553097 -0.368976599320649 1.6749222782179423 
0.11500725284418152 0.008905390433039832 -0.735329994096802 2.731556533519237 -0.5626623522505265 -0.1137436708211533 -0.26645887040132954 -1.1772742892209334 
0.9308570981579093 -0.6970060928220555 -0.41480432809581136 -0.03124027174195943 -0.13648202928761843 -0.584305596011511 -0.0932120378347531 1.0261932576165367 
-0.10720471448877267 -0.6333452037591089 0.11789565500203995 0.5893442144271182 0.1629525855217221 0.03314031620106238 -0.12070179636486585 -0.04208105654135089 
IIp_2Ip_5
-0.03005490101597694 0.035380667546060174 -0.008426780023029247 -0.022185647764355623 -0.04178394564156653 0.048117504537506774 0.04762866525158118 -0.02867556288965065 
-0.02677931448841084 -0.05957615368806506 0.10934421392896868 -0.07509029400791041 0.008156055755812477 0.04478606499062205 0.04317513820901276 -0.04401571069997045 
-0.0119970337969326 0.22978867726023844 -0.04742240887209362 -0.012144076362298152 -0.05017842949959156 -0.037670290270311164 -0.030010537302502676 -0.04036590115578317 
-0.006601491381671139 -0.04210936318088699 -0.015587549680076297 0.07310678451401051 -0.024340779688116584 0.0018522509679314663 -0.01117707117942986 0.02485721962826616 
0.01130486890851671 -0.04069174958317982 0.06269807462546548 -0.018133561636578626 0.01715927365452829 -0.01267339939642523 -0.007905801394599034 -0.011757705178003139 
0.001960441312252101 -0.03971105685853083 0.009926678694439993 -0.0399555676439435 -0.021256023117849788 0.09568707450703105 -0.008432840200155535 0.0017812933063265114 
IIp_1II_4
0.1791924442566765 -0.6452028419919571 0.630541985547144 -0.8643148522365788 0.4702304549583263 -0.025700369450662654 0.15376492095740696 0.10148825795660314 
-0.31850748563080467 2.2127632348339676 -0.8065262316936054 0.0596920403106092 -0.42375662194358565 -0.4266115505308856 0.0018934388529334876 -0.2989468241914901 
0.20898784964677886 -0.6004860628586932 -0.14809379463471567 -0.027646347544967823 -0.15786305932516412 0.08384017579298864 -0.18883803418435954 0.8300992731059841 
0.09883456250675542 -0.38057043264797485 -0.016106075805566687 0.048852319566757015 0.24157400421583272 0.03895231983847695 0.5609092266026805 -0.5924459242751973 
0.45529995288841923 -0.785160685975979 0.21348978151652478 -0.24764031552655438 0.8981691735431385 -0.5534102587076851 0.12866105044931056 -0.10940869819539735 
-0.5450112063690806 0.44016714017923547 0.03733157301572 -0.44599209383391913 -0.497062079276565 1.116886439126025 0.314754249558557 -0.42107402239724806 
IIp_2I_5
-0.09388511157245409 -0.6352502908522443 0.11788848902635148 0.591436601897026 0.1610833159773455 0.030981973997170342 -0.1206418081749989 -0.05161317029787597 
0.5647001924167014 0.38406899852763093 0.5474307213080767 -0.6746171548750849 1.1552937459815618 -0.7456864032371834 -0.3703011844846761 -0.8608889156371621 
-0.24930197588003825 2.5952658906686024 -1.078709314937866 0.17397785589644654 -0.7468557620024295 -0.1875624127076831 -0.4441158020425128 -0.06269847898707792 
-0.1578168006426453 -0.849040560197657 -0.28937614687690394 0.07200718027998948 -0.12711804978651842 0.07128297439314413 -0.3860125479434351 1.6660739507658293 
0.13308155951731615 0.011161290920818355 -0.7325198868712608 2.734156270582951 -0.5623532295974726 -0.13317952112804454 -0.2661463159442392 -1.18420016747694 
0.9416100764808162 -0.6969469228259056 -0.4142359682598826 -0.030086386651896155 -0.1361115928192176 -0.5890562928461396 -0.09174895361955003 1.0165760405347437 
II_1II_4
1.3858944725164515 -0.589160787094358 1.325287338466682 -0.6950094150641983 0.22041160936306523 -0.950520424592302 1.1110147457961965 -1.8079175393941551 
0.41075930331139593 -2.049532106406087 1.275831126491647 0.017045126228332354 1.9195252160156757 -1.5329966245725883 -0.06114268177735664 0.020510640698215732 
-0.8747991711289091 0.14418788059986792 -1.358470254021597 -1.2124129929421246 -0.7317444040342476 3.0352970642259223 1.7421073014544668 -0.7441654241461175 
1.387687462286011 -0.5869566013646161 1.3272047359254269 -0.6951213806550213 0.22147401308323378 -0.9491741859060705 1.1024312217289816 -1.8075452651023107 
0.4118707664991558 -2.0480580689237806 1.2762146677305337 0.018929503872144277 1.920039253056292 -1.5419012777931322 -0.05990557255530551 0.02281072809475762 
-0.8745993499267357 0.14352792130570888 -1.358619111207009 -1.2125163161534331 -0.7310252686481085 3.034632894006204 1.7425987169609194 -0.7439994863351225 
I_1IIp_4
0.11570971855020032 0.009777263119726461 -0.7346981702706138 2.731170441653929 -0.5622871848889635 -0.11326972993021485 -0.2689945564513476 -1.177407781780099 
0.9311279062170942 -0.6964875033850212 -0.4148793090485862 -0.03048987789739444 -0.13645991581778955 -0.5869762493735071 -0.09281971904381363 1.0269846683416644 
-0.1063560656293411 -0.6338115503953177 0.11780467917419672 0.5891119253402506 0.1630937030280944 0.03276153388480788 -0.12046160387570215 -0.04214262153077755 
0.5484210708838362 0.38424085141752506 0.5448317595610372 -0.6738142922367336 1.1557219274561534 -0.7441820829976906 -0.36543458120185773 -0.8497846528896089 
-0.2600724330297277 2.5935170249695094 -1.079882113665619 0.1722128600743588 -0.746100216678647 -0.18132354091497851 -0.44497640559626145 -0.05337517515223971 
-0.17395000721756468 -0.8515476599175025 -0.29315361375378163 0.0699670022435843 -0.1276466840456792 0.07081293738455993 -0.3691896424406652 1.6747076677424557 
Ip_0Ip_3
-0.025248385748793713 -0.056796157779834995 -0.04156990473989424 -0.06490326060898598 0.06892552928707296 0.13914832147287673 -0.02527781268200521 0.005721670799388559 
-0.04316700197979611 0.2767369884835808 -0.052811117440757754 -0.07298820847780664 -0.06594879152504082 0.023259284743831824 -0.0352408296842338 -0.029840324118937327 
-0.02569863445844848 -0.0591523995122915 -0.020786469672848435 -0.0058599871399006185 0.10350906673359613 -0.028071286294466927 0.07875986849458184 -0.04270015814992541 
-0.02496402135303645 -0.05644657857208075 -0.04126580954703059 -0.06492101811548834 0.06909402427633579 0.13936183208909658 -0.02663914149480212 0.005780712716926994 
-0.04299072626222651 0.2769707677195306 -0.05275028860895973 -0.07268935015772435 -0.06586726633432716 0.02184702552486081 -0.03504462677063547 -0.029475535108879194 
-0.0256669432371519 -0.05925706766428012 -0.02081007810839696 -0.005876373983196153 0.10362312008914078 -0.028176622290367565 0.07883780595750979 -0.04267384076300393 
II_1IIp_4
0.10020074187631575 -0.3788927142391254 -0.014619604780801116 0.048840101141780175 0.2423922802469624 0.039989520209815506 0.5541922793504215 -0.5921026038042771 
0.4561820049960482 -0.7840249506813513 0.2138301324841254 -0.24620709207805822 0.8985991384323051 -0.5603699371189994 0.12962340037070538 -0.10763269640799367 
-0.5450234896249547 0.43970866005003945 0.037225125211786725 -0.4460298540130137 -0.49648409348047234 1.1164056956109052 0.3151185063350624 -0.42092055008634854 
0.17787939522569537 -0.6468187938021556 0.6291633282740403 -0.8641597627408101 0.4694612025671212 -0.026674826358922578 0.15987416035996013 0.10127529647162997 
-0.31928627051864394 2.2116963456875736 -0.8067589986548662 0.05830947630224727 -0.424094772224228 -0.42026518548087216 0.0010072014474455295 -0.30060779654849984 
0.2086769776030191 -0.5999583791447973 -0.14797780815409917 -0.027529713937382672 -0.15835966301363738 0.08435188842198005 -0.18920808967537722 0.8300047878961083 
Ip_2I_5
-0.1509398074133045 -0.1520634678995839 -0.02798321444810709 0.4613738268733044 -0.054338945446182174 -0.03269524455665315 -0.0442596454361984 0.0009064983265265484 
-0.05435308587082514 0.8555639458580819 -0.2434693019619973 -0.11013634377554787 -0.033476924690801824 -0.15135202564117844 -0.1593431069298523 -0.1034331569861985 
-0.021704936289892555 -0.09494482792102835 0.17100272585203305 -0.1561985987046759 -0.14148597171022442 0.1364319289108288 0.046423253419312374 0.06047642644436793 
-0.1258173749385908 0.7707171592078673 -0.1946802803184729 -0.12054054281044924 -0.18360614155870106 -0.024809892157499083 -0.12863674288824375 0.00737381546700557 
-0.12359770638528816 0.15998499403611766 -0.08779810377223551 0.03263671199348628 0.05718618966122722 0.19972950921235802 -0.10146412638133318 -0.13667746836232683 
0.159682675859895 -0.07681849919496796 -0.094462369768398 0.23807213593860607 -0.03098940112272812 -0.11586983683984863 -0.08691950794914292 0.0073048030760522265 
IIp_0IIp_3
-0.09766818730036929 0.3911275527405044 -0.12152148865329963 -0.06652320692811346 0.0782065408735727 -0.07946159615027579 -0.0501229297387165 -0.05403668484195805 
0.04008717125026802 -0.11986982545184853 -0.07211700570035488 0.015416808673056951 -0.06097841951263997 -0.03980531815373985 -0.036575538708124626 0.27384212760228116 
-0.056751079581173085 -0.1250288286051384 0.27821812292178005 -0.17636722303712357 0.009911466993562608 0.008741431965539406 0.12090345777742927 -0.05962734843467918 
-0.09749915689773377 0.3913353477919191 -0.12134072997304525 -0.06653376225257014 0.0783066967872769 -0.07933468228212573 -0.0509321237190813 -0.054001589452899894 
0.04019195214387912 -0.11973086361643386 -0.07208084814310807 0.01559445447860102 -0.060929959733554286 -0.0406447859208717 -0.03645891279447036 0.2740589635850629 
-0.05673224185050501 -0.12509104490270917 0.2782040897185362 -0.1763769636191243 0.009979261994964954 0.008678818691669973 0.12094978495810604 -0.05961170499064303 
Ip_0I_3
-0.023085028518969722 -0.09480108154797703 0.17101677557399983 -0.15543787785973945 -0.14142762195681965 0.1366165665338411 0.04614825761925642 0.06097001015605512 
-0.12512385137352217 0.7713580665384306 -0.19360677607377264 -0.12028519299937578 -0.1830109001748623 -0.02437316826884667 -0.13276848294801785 0.007810305301877408 
-0.1240059811376091 0.16091049829984724 -0.08727199064092887 0.03351093848655269 0.057732893826738844 0.1957462640339526 -0.10102715853277523 -0.13559546433440467 
0.15911175563811536 -0.07609719674043658 -0.09375001664028333 0.23874047716940094 -0.030174849274588147 -0.11545272546435774 -0.09040116834498703 0.00802372365515375 
-0.15062772602712513 -0.15184841489786874 -0.027639601477639563 0.4624344273409066 -0.054027530778906006 -0.03644017934576921 -0.04394240411532456 0.0020914293028107458 
-0.05519346069316567 0.8555464464118973 -0.2431794121488047 -0.1101715224053037 -0.0328793993603118 -0.15149878543142886 -0.15927949540518416 -0.10334437096533602 
II_2II_5
-0.8537988716705832 0.1459995076614163 -1.3576132189853976 -1.2196779407928549 -0.7331101049791687 3.0339482462194294 1.7450518568187443 -0.7607994742673878 
1.400873932095179 -0.5881421033434246 1.322261072119613 -0.6934974168996862 0.21619184734614785 -0.9508768123443166 1.1122985669117607 -1.8191090858857784 
0.4402768113873791 -2.0547557038881363 1.274670267994398 0.013676140302790815 1.9156965013994594 -1.5376905678179034 -0.05879689866838281 0.00692344927904848 
-0.8635590334418757 0.13400099564456508 -1.368050595536517 -1.2190684547280053 -0.7388933126423856 3.026619979442051 1.7917763752093896 -0.762825953934803 
1.3948236686133664 -0.5961660444384238 1.3201732606820773 -0.7037550496896711 0.21339368041357187 -0.9024042234802789 1.1055643477033579 -1.8316296398063672 
0.43918908222210984 -2.0511632073910198 1.275480573902575 0.01423858146523514 1.9117818791132382 -1.5340751490959288 -0.06147192500038675 0.006020164768675275 
I_1I_4
-0.3137141757433161 0.4699263553132911 -0.504648894286535 2.5138385781998527 -0.49462102299532684 -0.23829712115665078 -0.7939699378032619 -0.6385137815230847 
0.08549254689371219 -0.5427146944582003 -0.15112071715711156 -0.12023534938266406 -0.12183649058764578 -0.3502508836997381 0.0786381565730248 1.122027431815557 
-0.41995855164827134 -0.7246920275087656 -0.08750624417224963 -0.24709292065632382 0.1534314028863713 -0.07833176785797644 -0.17190431323525376 1.5760544221921386 
-0.3116521609217903 0.4724612630528516 -0.5024438053084958 2.5137098129886386 -0.49339921333686904 -0.23674888916349104 -0.8038413571166183 -0.6380856501854042 
0.08677077703551236 -0.5410194883906627 -0.15067962834898463 -0.11806823460211724 -0.1212453260335266 -0.36049161525603923 0.0800608850211103 1.1246726305683734 
-0.4197287487298134 -0.7254510088857763 -0.08767743629297443 -0.24721174676188987 0.15425843929837754 -0.07909559197924436 -0.17133916441172387 1.5762452577634474 
I_2Ip_5
-0.12465997288791822 0.7713092076389217 -0.19386989542680552 -0.119891031573449 -0.18329328482242058 -0.024384460221296513 -0.132781777295167 0.00757121459168304 
-0.1223029418027985 0.16050199359247216 -0.08721733866766146 0.03314426621880759 0.05762124492035933 0.19540629035482754 -0.10088761993006573 -0.1362658946851458 
0.1588097218961144 -0.07661773480641622 -0.09442810944702908 0.23841798718593518 -0.03057349949129069 -0.11589533442845491 -0.0868444058763712 0.007131374966593366 
-0.15031667066107635 -0.15212821069328128 -0.02774416517860597 0.4620567010054877 -0.05434265796773012 -0.03267095747119041 -0.04584700822387695 0.000992969191015693 
-0.053389509018370404 0.8556417197764532 -0.243002822380964 -0.11019028610830099 -0.03319503938145558 -0.15302188456833896 -0.15913522752765305 -0.10370695078864849 
-0.022637431884281495 -0.09454741246681504 0.171081341824283 -0.1558219597713673 -0.1412843541134949 0.13660433713648262 0.046351926183345084 0.06025355309213637 
II_0II_3
0.40822192600712476 -2.0522808407967648 1.2745682830851741 0.022993692539961468 1.9183453246380882 -1.5336699592455472 -0.06276666212784147 0.024588235890366458 
-0.8711314892130106 0.14233875012789177 -1.3556551020113177 -1.2156746995507761 -0.729917243379201 3.0336205435048007 1.7422246494036717 -0.7458054088774702 
1.374310715352306 -0.5844954489286208 1.3261141220537735 -0.6930823826056504 0.22180133878764843 -0.947654664591698 1.1100056871879047 -1.8069993672613 
0.41664531495587537 -2.041925670883409 1.283576134015787 0.022467683002359302 1.9233364516973828 -1.5273453877032683 -0.10309168962787524 0.02633716452879297 
-0.865909882875994 0.14926371493214557 -1.353853241733926 -1.2068219742873456 -0.727502319428621 2.9917868650369583 1.7480365354146914 -0.7349996970458335 
1.375249466783197 -0.5875959093514576 1.3254147973916555 -0.6935677906126118 0.22517980595600143 -0.9507749077620016 1.1123143361395105 -1.8062197985472574 
I_2IIp_5
-0.1657800767546449 -0.8514170081229862 -0.29289752098152 0.06926472946988464 -0.12808082112516 0.06981545013337413 -0.3683812083531495 1.6674764557301387 
0.12451187768353222 0.009096151001395658 -0.7350760781309371 2.7320639528672985 -0.5638544120109988 -0.11429700175381155 -0.2687555874283124 -1.183688902221419 
0.9423983846261819 -0.6976831922329626 -0.4144384014071362 -0.03151547032781267 -0.13752622168869785 -0.5886102037796278 -0.09220337890371455 1.0195784837060677 
-0.09960296940589775 -0.6348663666822512 0.11676833291766171 0.5885539330056668 0.16145102670424133 0.031200387384361532 -0.11375988956161942 -0.049744454364056015 
0.5575224313849149 0.38384984276423945 0.5453548509754446 -0.6743496063619167 1.1544363085499894 -0.7379554651211903 -0.3713611846302895 -0.8574971775696557 
-0.2482634252683605 2.593703133188039 -1.0790981666853157 0.17241937726848933 -0.7473697946885628 -0.18794808519107123 -0.44395481201220843 -0.05948822660099315 
I_2I_5
-0.4138018306594294 -0.7277905456385318 -0.08799808087429069 -0.24451549414928805 0.15208192922141542 -0.08010839975565193 -0.17241274508427373 1.5745451669389214 
-0.30778169479832257 0.46979512172903926 -0.5025257501088767 2.510749943031807 -0.4936885693725867 -0.2393235997480785 -0.7934571119044127 -0.6437683388219312 
0.0821986772948249 -0.5401254721244177 -0.15132430064032001 -0.11774440053152811 -0.12214127688773573 -0.3488199625138664 0.07802846137694007 1.1199282740228076 
-0.40843400753541853 -0.7211916908483251 -0.08225780806755698 -0.24485069488355404 0.155262535911464 -0.07607805263760727 -0.19810995750253085 1.5756596755581675 
-0.3044542146821423 0.4742080707728458 -0.5013775106865801 2.516391361665887 -0.492149653776895 -0.2659822033121812 -0.7897534747683981 -0.6368823752041465 
0.08279689870766503 -0.542101247344491 -0.15176994681862047 -0.11805372785109415 -0.11998834125814217 -0.35080834433324715 0.07949965299620197 1.1204250558994167 
I_0II_3
0.3810377436556064 -0.7077725583004569 -0.32230043533250163 0.012328880554263698 0.17804513370382388 -0.7326713047170319 0.23586099225145835 0.9554715481805457 
-0.3728926757489252 -0.9107517340501453 0.1923385154788865 -0.49113834007071333 0.6697052592469783 0.31319415942238793 0.2018119777986519 0.39773283792065967 
0.160277160648955 0.30014540724378574 0.13292609969270872 -0.1983856330383923 0.4131080425936275 -0.16736821195805915 0.026550649173262948 -0.6672535143574462 
0.8328115267216443 -0.8508831780657297 0.30973610040651206 -0.5929239724436981 0.865466711031726 -0.656123780561311 0.28833899827603054 -0.1964224053772347 
-0.8083676970257223 1.3575594205948185 -0.6102249457468691 -0.7958979727521355 -0.4550015057857031 1.5374568369786337 0.4639705138054496 -0.689494650056918 
0.2815736013193233 0.2517101992442785 -0.013420674845808382 1.2663690302353512 -0.5121586170808229 0.06601651476071685 -0.28067954051728583 -1.0594105131125053 
IIp_2II_5
-0.5457874747751253 0.44003768903534407 0.037303907255993106 -0.44518138480876956 -0.4965070178191383 1.1165980093977603 0.31484302390123897 -0.42130675217909264 
0.18014036058872948 -0.6458292821579198 0.6306833913787601 -0.8636459603898883 0.4701123617027453 -0.02608041712944365 0.1535339138786384 0.10108563212698898 
-0.3179946916096226 2.2128451370585127 -0.805960424875796 0.05946411540114007 -0.42347081612863985 -0.42673766477196845 0.0018191321567924688 -0.2999647872220641 
0.2086950869265533 -0.5993148900006283 -0.1473216786996321 -0.02679498649621876 -0.15748998584833254 0.08454973144257075 -0.19219315848733406 0.8298698811563099 
0.10157705418252967 -0.37895234313714354 -0.014332634625377087 0.05010581755420678 0.24246771468344597 0.03644695355394766 0.5544255176555831 -0.591738079866036 
0.45675076792427105 -0.7841645870005202 0.21430161255656177 -0.24643555915417123 0.899112274647774 -0.5607174547793661 0.12972672453338788 -0.1085737787326612 
I_0Ip_3
0.15863958360360886 -0.07666410582495989 -0.0944496695969652 0.23821177710607813 -0.030521606839602394 -0.11589450075871309 -0.08679154267402088 0.007470064983598076 
-0.15118896780988617 -0.15233268714629067 -0.028107991901696563 0.46195796335086786 -0.054455310195775 -0.03276091681294379 -0.044418834523696375 0.0013067450395527517 
-0.053989586500119535 0.8553813358319741 -0.24319347483216378 -0.11045716163096721 -0.03329815068192475 -0.15151727480574592 -0.1593311651121437 -0.10359452226702773 
-0.023018586193785277 -0.09470585295295778 0.17089310906300045 -0.15600021240108244 -0.14145523330628282 0.13657920151571043 0.04717939154545424 0.06052818273013424 
-0.1253512094697272 0.7713165953417458 -0.19395995065927113 -0.12019558969986044 -0.18328426279738141 -0.02336886471959309 -0.1328732855848104 0.007716567591894169 
-0.12274208062929516 0.1605471358624094 -0.08733077004194473 0.0331942609549681 0.05753017086871388 0.19552825783953479 -0.10093120695758805 -0.13579576789594144 
IIp_1IIp_4
-0.056582744875716406 -0.12498498070351138 0.27822635928528733 -0.17663817722473155 0.009936210833979223 0.008742901599758164 0.1209887493822756 -0.05968831829706386 
-0.09783025018726735 0.39123398595792513 -0.12162865042947629 -0.06652469337427747 0.07815921833628141 -0.07938041658907202 -0.05009042585266179 -0.053938767860299 
0.04037707633917832 -0.12000139625121109 -0.07220663658822413 0.015351449225539498 -0.06104860164372025 -0.039869444223942854 -0.03652590070547134 0.2739234538468899 
-0.056915429557975274 -0.12539396174823045 0.2778705910733585 -0.17661740229473147 0.009739084531255139 0.008493110442447044 0.12258140039743946 -0.05975739284318615 
-0.09803647934925619 0.3909604820596188 -0.12169981552899244 -0.06687433484378184 0.07806384007332856 -0.07772818087800508 -0.05031996831609936 -0.054365543214967865 
0.04034000002425882 -0.1198789424862231 -0.07217901651694822 0.015370620583965494 -0.06118203538197916 -0.03974620913244889 -0.03661708160040758 0.27389266450885047 
II_0Ip_3
0.017464088164923657 -0.08209651882266965 0.053274752913192086 -0.03866340758277113 0.06769970447024862 -0.027842371312143687 -0.02308366320598078 0.033247415374688435 
-0.04817851741935053 0.015894640192719686 -0.01211811622024517 -0.06443264281672106 -0.03059691284042049 0.10279591328264544 0.06181359284172916 -0.025177957019953397 
0.021932540812927784 0.07549058673093124 -0.0020143543316400196 -0.03196902598178823 -0.00703086285814292 -0.05102954066654053 0.05215253243317832 -0.05753187613851644 
-0.018645118412233416 -0.05964667498559495 -0.006493308492161901 -0.06013686580620468 -0.012628830654184013 0.15907909113917343 -0.011743346426484988 0.010215053637664142 
-0.03828464865414648 0.1373919686985381 -0.05897588006561243 -0.0632169356056108 -0.038997268187924684 0.08910270459312976 -0.0065954820945262685 -0.02042445868273268 
0.0009654678299581171 0.024774346334994382 -0.018369974575320976 0.08867393142111331 -0.028616029416760565 -0.03034806115628951 0.027303144441504307 -0.06438282487882588 
I_1Ip_4
-0.1230333280675542 0.16049594554250932 -0.08734608962902603 0.033378542016207866 0.05761026515620095 0.19549695285848223 -0.10095100140376599 -0.13565128647261235 
0.15861709657858944 -0.07675057809075858 -0.09439199333167717 0.2382635273895473 -0.03048705018434779 -0.11594034218624161 -0.08683087943107932 0.007520219255200018 
-0.151455384537108 -0.152256855387776 -0.02802860473431402 0.46197649019249976 -0.05438143882871104 -0.03272027978694407 -0.044455183903614484 0.0013212569864635112 
-0.05409863771783275 0.8556442857018847 -0.24297786251479928 -0.11027521373751452 -0.03316990698663106 -0.15133072055725608 -0.16036734244614043 -0.10342460173858364 
-0.022737293341855452 -0.09440674153451253 0.17118490601191486 -0.15574721877977543 -0.14125696868285895 0.1356637346395763 0.04642493651264706 0.06087464517585228 
-0.12548444961587465 0.7714647938345257 -0.19385915694478079 -0.12000110459242154 -0.1830781606139278 -0.024289612161399708 -0.13273108345106108 0.007978773548533524 
other
-1.3064898006589432 0.8445554526623864 2.2058151134624944 -0.5368545620361552 -1.9545542167321592 0.6271319709643944 -1.8732560535995348 1.9936520959346409 
-1.3047328768714883 0.8455726887400786 2.207671935757367 -0.5409872570369995 -1.953095122061989 0.6270293915613658 -1.872487417664089 1.9910286575757106 
-1.3115365755532407 0.8481685753912563 2.2064992447958525 -0.5380521578261138 -1.9535374906693417 0.628981882671018 -1.8731020338414408 1.9925785550366086 
-1.3021388003545746 0.8499042912017235 2.210468010577661 -0.5371262659375358 -1.951976110046935 0.6303988523677145 -1.8940854617979637 1.9945554840006334 
-1.3020357188871863 0.8491496960642501 2.2086026650239816 -0.5364144882216136 -1.9518477221247452 0.6054207078400927 -1.869485357810039 1.9966102181256835 
-1.3110516747866903 0.8465670698308774 2.2061380170481772 -0.5383028894971019 -1.9517923840668867 0.6273701585702461 -1.8719095289783707 1.9929812318843307 
Ip_0IIp_3
0.0018680460343087786 -0.03975993243468081 0.009914040872414586 -0.03988186986026313 -0.02128394539477233 0.09569063500536917 -0.008472916941249216 0.0019259427184081892 
-0.030153048308811353 0.03539142613685529 -0.008375884198766483 -0.02226322948910813 -0.041728002605501725 0.04812101978590104 0.04763130124729364 -0.028623582567756118 
-0.0271180236164852 -0.05949644787404125 0.10933261706215425 -0.07501842942383881 0.008178158584062525 0.044853180677309305 0.043147789205324055 -0.043878844614458234 
-0.011944231137564515 0.22988855976755945 -0.04729167952682949 -0.01208242888240933 -0.050100590049715475 -0.03758444744670255 -0.03069816483688006 -0.04018701788661099 
-0.006672578350912999 -0.04205701270492487 -0.015569962693365625 0.07317858188727307 -0.024279978580459362 0.001123039298997312 -0.01079690930051795 0.025074820443967038 
0.010945111267176835 -0.04071147796610583 0.06266237297810366 -0.01813156649829937 0.01722010060862963 -0.012365221555067083 -0.00793577853923186 -0.011683540295711017 
Ip_1Ip_4
-0.025116673504101693 -0.05906464924864804 -0.020761987734244515 -0.00637199813569942 0.10352306599948788 -0.028092694491826813 0.07893155476562602 -0.043046617650237894 
-0.025253682385594202 -0.05662131080714148 -0.04177276761159942 -0.06488802964403165 0.06879219489382593 0.1392628459614097 -0.025208678897782322 0.005689428490721571 
-0.04229026336389125 0.27646501005033325 -0.05296351521947676 -0.07313292410294134 -0.06611267190704058 0.023094439302416878 -0.03513187891742196 -0.029928195840697856 
-0.02575417119831735 -0.05984834770815182 -0.02144371859495036 -0.006332188758590303 0.10314532824912945 -0.028571349793115448 0.08198342761703706 -0.04317897981245624 
-0.025648863234864684 -0.057145404983561784 -0.04190913573822233 -0.06555802030643512 0.06860942897168011 0.14242889631556746 -0.025648533207272162 0.0048716321836302316 
-0.042361309812797815 0.27669965864398033 -0.05291058903236137 -0.07309618752492991 -0.06636836056665209 0.023330585091072737 -0.03530660175074479 -0.02998719504643845 
IIp_1Ip_4
-0.02686946026140623 -0.05949883508772544 0.10933490326940937 -0.07518573229924429 0.008173764691617014 0.04482886849339529 0.04320614507109245 -0.04398965387706466 
-0.01206869782678283 0.22978826065628835 -0.04749362286423693 -0.0121061364186131 -0.050215848146032374 -0.037649612071554886 -0.03000340738596474 -0.040250935942316324 
-0.006515358030954325 -0.04224199629342796 -0.015663352540508886 0.07300925893421097 -0.024380798989172076 0.0017719745344440354 -0.01086024280217706 0.024880515187576092 
0.01099598347262092 -0.040886871333490046 0.062481283375007836 -0.01827950003997117 0.01705211886023295 -0.012475011959301112 -0.007042984089489777 -0.011845018285906943 
0.0017692455300629135 -0.039839623510180645 0.009821369566995794 -0.04010576417427264 -0.021369304268145678 0.09663463834638844 -0.008567588343452096 0.0016570268526616258 
-0.029930198311589825 0.03538749559073888 -0.00842448823614576 -0.022276348296712725 -0.04186217048933592 0.048148943460331335 0.047613674672703894 -0.028656908389644787 
II_1Ip_4
0.0008160016735982722 0.025009405911950992 -0.018325554375109937 0.08836586049068494 -0.028434917373068934 -0.030296456270583205 0.027446859663537836 -0.06458119972072379 
0.01732206934635908 -0.08210957446848746 0.05304796383729812 -0.038328268412757056 0.06753163116808145 -0.02778967345725825 -0.023118015385473752 0.03344386737171267 
-0.047295654278369334 0.015582104418970583 -0.012083948707523188 -0.06472272207579266 -0.03062538838937871 0.10257628393970813 0.061904913395992196 -0.025335588303175196 
0.021162305862096567 0.07508173757064776 -0.0025860460714788834 -0.032226372314445806 -0.0072966637015445 -0.05133683956643376 0.05507740190887895 -0.05787552368722477 
-0.018919591105826736 -0.059858260779615494 -0.006594831982276891 -0.0604412285858788 -0.012827465034431466 0.1622613425471297 -0.0133178918470636 0.009697926788327104 
-0.03732171023272756 0.13749230004281388 -0.058841865551255985 -0.06322467747364043 -0.039196497943391556 0.08793097022284799 -0.006504222286171543 -0.020334296777867553 
I_2II_5
-0.8104525407988578 1.3549582434608074 -0.6127926545174449 -0.8011948326291706 -0.4575132998916139 1.5626418685462895 0.4612316860511097 -0.6968784702077733 
0.2886228022673059 0.2514232366375813 -0.014300933526807775 1.2656319478804878 -0.5155908408516326 0.06650967714344781 -0.28113665191003123 -1.0611592376366454 
0.3869434991322606 -0.7073175586850494 -0.3221269538434732 0.008232537990070803 0.17798753925293886 -0.73305770924945 0.23728377122097727 0.9520548741755794 
-0.37449457969482836 -0.9124645555211187 0.18808422988875168 -0.49111875472756217 0.6670840822710982 0.3120901790083763 0.21470734745408238 0.3961120513203332 
0.16628710699872667 0.2959489707215918 0.1310911694168042 -0.20209449500451357 0.4109102216382181 -0.15598551784580839 0.02567294318358097 -0.6718303991056505 
0.8335255521445003 -0.8555182432487733 0.3048749742913911 -0.5965664734543892 0.8614755939502101 -0.6592464371566825 0.31254965061700946 -0.2010946171482699 
I_1II_4
0.28770148458095146 0.2507051688396232 -0.013514893202942552 1.2656996867345633 -0.5149592910584534 0.06613602892575673 -0.28148901169828217 -1.0602791731196763 
0.382550428971912 -0.7062027154602519 -0.32147124385339376 0.008781504822947211 0.17879843171704007 -0.7323140855000555 0.2368014973302286 0.9530561819663897 
-0.3754105295909881 -0.909547138377904 0.19072057147416102 -0.48914126286582177 0.6686799084508427 0.3142551463726002 0.20170057702792013 0.39874272750809464 
0.1682623823315147 0.2989454429176522 0.13382597975778773 -0.199419561466849 0.4130518342617546 -0.16808224010068898 0.020812141443509784 -0.6673959791427632 
0.8302300128778322 -0.8542677768495853 0.3055985985584029 -0.5947876332466341 0.8636884187156016 -0.6659591239049504 0.3136728529278437 -0.19817534909054332 
-0.8137810588230688 1.3542478852698883 -0.6130012662022539 -0.7991330847126101 -0.4569079121562149 1.5624002845405172 0.46083290027699475 -0.694657748184115 
II_2I_5
-0.36155239437838205 -0.9109717842784306 0.19077695872994657 -0.4895108474742692 0.6669288930015141 0.3123614174532067 0.20235613628176993 0.389611620660031 
0.1795338852633079 0.29713925847360856 0.13294482360468943 -0.20064191197174142 0.411033148765308 -0.1704170046897783 0.027894641374286055 -0.6774868408187715 
0.8405256708070309 -0.855486199118418 0.3051164381287083 -0.5958167879430863 0.8615696332064622 -0.6604993437910878 0.31326045813689085 -0.2086698694339905 
-0.7994647731450117 1.3540483799562304 -0.6121899518008901 -0.7994648792092351 -0.4588265440652481 1.5614456626636917 0.45823679766910447 -0.7037846920575977 
0.3006580491981283 0.25100677518160464 -0.012865351871082247 1.2650304974692312 -0.5160282309611165 0.06178455439981576 -0.28026344335190767 -1.069322850060394 
0.39372580612940866 -0.7065661372765182 -0.32172323079170545 0.009094849190443033 0.17729769734872303 -0.7335866485586914 0.23745891971893177 0.9442987442323063 
IIp_0I_3
-0.2578644454018625 2.5956368508240346 -1.0789631587027075 0.1705446310560429 -0.7452137005007912 -0.18655838056520954 -0.4434612321837131 -0.0541205645144313 
-0.17558663830553853 -0.8509861712113111 -0.29450973509829315 0.07149575698432806 -0.12804366275839507 0.07122553121267378 -0.3689716271653379 1.675376546336939 
0.12127806915208755 0.00752113977812404 -0.7350932125132498 2.730455778307063 -0.5629899079754431 -0.11465368696713392 -0.2685708474358844 -1.1779473323444904 
0.9287840076708195 -0.7000296157237699 -0.41833355445289916 -0.03307402988627143 -0.1381817492838526 -0.589646216307029 -0.07354188270202316 1.02402304066706 
-0.11051389634834977 -0.6360255228902822 0.11571234493111694 0.5866378052585514 0.16114572054487844 0.05279768171111986 -0.12321504352043365 -0.04653908968713221 
0.554659620918622 0.3847628583192854 0.5459357595084375 -0.6743747701854969 1.1541199784407419 -0.7433058429767743 -0.3713440001385709 -0.850453603885964 
I_0I_3
0.08572885913699727 -0.5418259729645301 -0.15170779575268442 -0.12077525595407802 -0.12218769981304557 -0.34978135913964176 0.07904325491088893 1.1215059695728307 
-0.41724077690685685 -0.7254636880460734 -0.08832273575461472 -0.24727627984167408 0.1526728503910175 -0.07874418634595416 -0.17153296123196582 1.5759077777346169 
-0.3105111589508454 0.4697693258315929 -0.5046452826790393 2.511846528127502 -0.4947106723176357 -0.23865846022368328 -0.79326569795359 -0.639824581828513 
0.08388900503290891 -0.5440877706778843 -0.15367530925637493 -0.12066036385904284 -0.12327787214879486 -0.35116278518800803 0.08785113114441669 1.1211239649479787 
-0.41838129100420535 -0.7269762532365389 -0.08871630181716557 -0.2492099104742641 0.1521453776880585 -0.06960678743482605 -0.17280240544131695 1.5735475717207914 
-0.31071620298736846 0.4704465348348218 -0.5044925347341714 2.5119525519523918 -0.4954486041311422 -0.2379769302316772 -0.7937699578509203 -0.6399948568455089 
Ip_2II_5
-0.04815295117270976 0.01586022288810686 -0.012036522879785813 -0.06449354748338147 -0.030540010463297296 0.10276282292001496 0.06180501088148512 -0.02520502468998479 
0.021596659980347918 0.07560143915185268 -0.001988280080164257 -0.03188872761668695 -0.006991593609529306 -0.05095715249681154 0.052113960080688124 -0.05748630540939205 
-0.018500838424089443 -0.059430330845165434 -0.006257038227621987 -0.059993530088746284 -0.012506783837024877 0.15923687130025777 -0.012922988466837503 0.010374638589079369 
-0.038093773044332854 0.1375749477900946 -0.05882349204233585 -0.06303094494578591 -0.03886144366631568 0.08791155860655303 -0.006532077429285594 -0.020144775267707856 
0.0006676616445368361 0.02481392102632367 -0.01835943671906414 0.08876057851804933 -0.0284766425404361 -0.030457392341413432 0.027342365821552087 -0.0642910554087547 
0.01737443435591224 -0.08217734613110732 0.053257019216186946 -0.038506425411197136 0.06768949848588192 -0.027868857328605084 -0.023128070026539854 0.03335974683871895 
I_0IIp_3
0.933148183599033 -0.6947724770860814 -0.4140862009000581 -0.03423933375731089 -0.13577618081211978 -0.5865976415278629 -0.09177607841379005 1.0240997288852978 
-0.10820143969850936 -0.6326804014847492 0.11603567871961083 0.5911471924937285 0.1618854145129192 0.033759532387659885 -0.12051125381118559 -0.0414347231211703 
0.5572548909145425 0.38264448432113835 0.5454980412923551 -0.6751253646445654 1.1554485559006098 -0.7452073671504343 -0.37004609978546354 -0.8504671408495525 
-0.2626774716111012 2.589612130338473 -1.0845297730571395 0.16995240957158889 -0.7482459174856851 -0.1904003663231234 -0.41776169400785723 -0.05594931741313341 
-0.17896307209085524 -0.8551857330886172 -0.2961495109416911 0.06636018425328404 -0.12993500546271328 0.09776477665817127 -0.3725998319813284 1.6687081926474674 
0.12285057839456558 0.00878068792011557 -0.7347690231608516 2.7302340312554705 -0.565342138358356 -0.11315573588546743 -0.2697881981545392 -1.1788102020056668 
IIp_0Ip_3
-0.012041777105395671 0.22976608435552642 -0.0474295903592416 -0.01216156902022784 -0.050171231541838536 -0.03767417720263968 -0.030007300675485852 -0.0402804384496275 
-0.006772742764687394 -0.0421550587941544 -0.01564773403766046 0.07307519566177337 -0.02435415776484448 0.0018291501980447714 -0.010889587775160695 0.02491493527664994 
0.011129643334875284 -0.04072624965004406 0.06266268824098249 -0.018173669839894647 0.017143990485521444 -0.01235774663455438 -0.007951448556819824 -0.011727207380393798 
0.0019107855965948613 -0.03970994988358807 0.009926149367223202 -0.039969770311435025 -0.021271463228506905 0.09570623647383626 -0.008453637327770918 0.0018616493134484332 
-0.03016625059628282 0.03540871039329771 -0.008423646846275473 -0.022219179894575208 -0.041761962955245265 0.04813042063214528 0.047635415585566915 -0.028603506317841008 
-0.026917857313815036 -0.05956285551313432 0.10932128557197837 -0.07506861688929661 0.008158314419999202 0.044808690175129486 0.04317056808804595 -0.04390952853868962 
II_2IIp_5
0.21486215288118607 -0.5984205344575246 -0.14750051431387912 -0.030403602131658485 -0.15804547247336073 0.08404771398165987 -0.18780088019397606 0.8232611367010778 
0.10576279090699058 -0.37908550161810345 -0.016315356006981613 0.0510175336465618 0.24026048239939432 0.039730018364597816 0.55434287560942 -0.5957128433006398 
0.46987536218845605 -0.7868233248491672 0.213993410702428 -0.24853104627124817 0.8973919679831115 -0.5628446821007015 0.13068810999465122 -0.11374979765199716 
-0.5438503002666806 0.435732089440866 0.032601686596648395 -0.44852585934194444 -0.4995688502610525 1.1129200432503152 0.3394849297395818 -0.4287937391486119 
0.18170401395564914 -0.649439882980058 0.627795847316164 -0.8671797313919286 0.4666924505051539 -0.0017901401642246497 0.15053277346204622 0.09168466929452321 
-0.3053415010367752 2.2117433273185325 -0.8059174536536731 0.05761238091051085 -0.42688765484939356 -0.42729802987441656 0.0016212057890359084 -0.30553227459331966 
II_0IIp_3
0.456953990974168 -0.7833982263831736 0.21444670744240987 -0.24802018264512682 0.8991099897141217 -0.5602996131759466 0.13003332650219368 -0.1088259924357234 
-0.5471479240217055 0.4405823976857601 0.036552302558480354 -0.4448774548614749 -0.4968453920327736 1.1171030092768082 0.31495665215565405 -0.42032359075873915 
0.18198125723395614 -0.6467539884878793 0.6302552290476799 -0.8642271962300485 0.46978452152425987 -0.026553136400704815 0.15384711559596434 0.10166619771488081 
-0.3199325904872089 2.2106564240816713 -0.8082342887883597 0.05798080396961592 -0.4245275771260675 -0.42821777593165955 0.012892185830918635 -0.30061718153690326 
0.20532386594022697 -0.6013749563530569 -0.1492302316602194 -0.028776269251449788 -0.15884145789928233 0.09556216323763297 -0.19054533105781307 0.8278822170380723 
0.10277507107526325 -0.3795883295183807 -0.014713883049318694 0.04898015037962531 0.24106923933072108 0.039968932089886444 0.5536912386647109 -0.5921824189732626 
II_2Ip_5
-0.03769316542907932 0.13762561441867074 -0.05881837876436619 -0.06320322293598041 -0.03889341788181893 0.0878846089879055 -0.0063740799193571515 -0.020527958475183287 
0.0009711320638514609 0.02481189924082879 -0.01844836986541876 0.088812626425835 -0.02858947416402257 -0.030369715077476666 0.027350731291292382 -0.06453882991442716 
0.018091664881557955 -0.08231095714937428 0.053243375337440904 -0.038607663322389095 0.06760076995107613 -0.027984397281844167 -0.023075303995585918 0.03304251157851827 
-0.047972805055215374 0.01563986840124086 -0.012267167955116596 -0.06465205846704203 -0.030702615159431818 0.10257034318951644 0.06301841685171636 -0.025633981805004806 
0.021763467690614456 0.07541817343694447 -0.0021243724895165738 -0.03206837802915206 -0.007167629930611146 -0.049774581542267334 0.0519702137220491 -0.05801689285754019 
-0.017808177409358972 -0.05948279493402304 -0.006252379002573846 -0.06008206363870303 -0.012683935444407896 0.15920299604120927 -0.012930645646665028 0.0100370000342442 
IIp_2IIp_5
0.04031737041507927 -0.11993902082589261 -0.07218694906846752 0.015597161613899374 -0.061077213758740985 -0.03984192147690451 -0.03659932138525125 0.27372989448558244 
-0.0561713488067903 -0.12514953094728 0.2782837996688385 -0.17650134551426924 0.009900629593911813 0.00862400156042079 0.12094083375315894 -0.059927039307412784 
-0.09761452110687986 0.39127312527144964 -0.12148611414485247 -0.06656149130712469 0.07821374539224973 -0.07941245705426062 -0.050109381440614345 -0.05430290560875482 
0.040528409854772254 -0.11967958257962331 -0.07196126652848074 0.015583982980088009 -0.06095216614853162 -0.039683465771887964 -0.0376096239205747 0.2737737121131336 
-0.05604052677282706 -0.12497603300000279 0.27832894344470127 -0.17627954949008834 0.009961133056344081 0.007575901310028455 0.1210864446437741 -0.05965631319183329 
-0.09759100164486115 0.3911954463901721 -0.12150363501268312 -0.06657365271080977 0.07829838944977996 -0.0794906315721487 -0.050051540590017866 -0.054283374307746546 
Ip_2Ip_5
-0.043240908820637865 0.27667958867526 -0.05292963360987879 -0.07273827354615467 -0.066045553089045 0.023265466134062576 -0.03528357507062872 -0.029707110671607244 
-0.025225295981931045 -0.05932006261708073 -0.020719928399251904 -0.006043175958212999 0.10352640933074819 -0.028198701441553117 0.07880217064015792 -0.04282141557270496 
-0.025502134737271424 -0.05657611433617506 -0.0415271216342376 -0.06499334693917655 0.06898349239874979 0.13925581012176969 -0.025261330218128986 0.0056207453444277475 
-0.0429868654293051 0.27699189320002743 -0.052657963262831925 -0.07275413761790006 -0.06589502426359249 0.023456210692237613 -0.03649974908360727 -0.029654364233642233 
-0.02506781606613246 -0.059111210627135764 -0.02066558558084923 -0.005776184090403342 0.10359924171143711 -0.029460375289601926 0.07897745296910867 -0.04249552302560888 
-0.025473822664978878 -0.05666962200695661 -0.041548212766335677 -0.06500798649782072 0.06908538455425466 0.13916170581746135 -0.0251917030155455 0.005644256579732306 
Ip_1I_4
-0.054544158757436345 0.8550831261358489 -0.24326078309190477 -0.10969266360328629 -0.03336732665231065 -0.1515785212343922 -0.15957536987960988 -0.10306430291344357 
-0.022746586702595568 -0.09467751035083713 0.1714547162910362 -0.15623509981396513 -0.14109409586164093 0.13655033911711514 0.0462672533434882 0.0604809839767688 
-0.12678281621297563 0.7719655880150259 -0.1937692355820192 -0.11966451945528501 -0.18302889953927035 -0.02393238287742071 -0.13293045001269355 0.008142715667101527 
-0.12218458973384004 0.16152586479329506 -0.08624494785650201 0.03388027043168732 0.05817973551779669 0.1962209268496007 -0.10635499641369946 -0.13502226358655317 
0.15941010654085083 -0.07595732141081016 -0.09384532600992831 0.23913587354177712 -0.029953122675093743 -0.12148151052048348 -0.0860955624086147 0.00878686294128699 
-0.15260951134587686 -0.1522324490349092 -0.02804613507581779 0.46223849206320294 -0.053813074002999194 -0.03284247796304298 -0.044299825002190645 0.0016049803619360703 
Ip_0II_3
-0.018422050520334302 -0.05937316778132531 -0.006244443327134612 -0.060121213274923306 -0.012493106016447323 0.15925120234959067 -0.012882736886289863 0.010285515456835393 
-0.03813213809493032 0.13758044810305192 -0.05890869274275636 -0.06298354603555496 -0.03891781926795684 0.08792415336027985 -0.006433588115737956 -0.020128817206035272 
0.0009237369845190905 0.024710201165101246 -0.018385671261008266 0.08867765698623992 -0.028514404893612292 -0.030420441963973397 0.02736016192542859 -0.0643512389423927 
0.017262522833966634 -0.08234502825566871 0.05306952142010307 -0.03862123827467641 0.0675838203574061 -0.027989089401147527 -0.022190220266915153 0.03322971158627299 
-0.04828923434953976 0.015734023747724563 -0.012141762852635378 -0.06464552983204691 -0.03063920315680539 0.10372624836854318 0.06168250261895505 -0.025427044543170303 
0.021843486372709518 0.07558273952018313 -0.001994797215430238 -0.03194083041202759 -0.007099550950300888 -0.050944626242857706 0.05209316813176951 -0.05753958920361608 
IIp_0II_3
-0.318786754627968 2.212006047720429 -0.806161114887021 0.06033966792746776 -0.42355699013884557 -0.4269775344949426 0.001532108221110867 -0.2983954297098473 
0.20720344596655568 -0.600014544034091 -0.14738546840667816 -0.027658131317041364 -0.15723975630763232 0.08406187239715239 -0.18909880564847617 0.8301313873474508 
0.09743181218298622 -0.378534439886149 -0.014577096806091804 0.05027630702093895 0.2425275296795817 0.04038654992870509 0.5536667882462778 -0.5911774503670728 
0.4575747587246914 -0.7826940875385818 0.21595838106393636 -0.24562853012267555 0.8997694570722404 -0.5594536110220659 0.12118689109151008 -0.10671325927779476 
-0.5455938304445695 0.4415111454822845 0.0382847476738924 -0.44431114751858475 -0.49539422362373703 1.1082104017060979 0.31604089630151055 -0.4187479895679574 
0.17657948169941548 -0.6455068330690704 0.6304356073748655 -0.8629007819019173 0.4710322166629848 -0.025941019626768265 0.1536787565980538 0.10262257226086702 
Ip_2IIp_5
-0.00660464917658048 -0.041933816212446795 -0.015601190277761806 0.07267325144293758 -0.024299256059537668 0.0018976385302276644 -0.01076577726079446 0.024633799013704594 
0.011046466027668286 -0.040652967101686366 0.062441392519657656 -0.01797961191434705 0.01698824175335031 -0.012275177239370737 -0.00793846185176028 -0.011629882193797784 
0.0028070819718235755 -0.040012393522874785 0.009872786035061882 -0.04020014289552993 -0.02136388798947057 0.09550616189385072 -0.008343892715904267 0.0017342872228783498 
-0.03062783628623677 0.0348557669148482 -0.009049732453851617 -0.02258360033590203 -0.0420800333701549 0.047735083479315675 0.050767637127751716 -0.029017285075007122 
-0.027390918876783358 -0.060005791813322516 0.10896564983419439 -0.07553516306046248 0.007821672823448153 0.04801401373975076 0.04274934836441292 -0.044618811010834876 
-0.01121389245141319 0.22969706289685993 -0.04742899759680597 -0.01235581749563753 -0.05051482169025854 -0.03764014243181586 -0.03007775216325354 -0.04046563906681436 
Ip_1II_4
0.021578876528345288 0.07558400299399456 -0.001999158345068262 -0.031847008028350755 -0.007001188201834094 -0.05096069771417465 0.05210331263784696 -0.05745813987034651 
-0.018466332751877493 -0.059446005634054645 -0.006238910657804227 -0.060017786525040966 -0.01249567608896683 0.1592234874486922 -0.012921065262197929 0.01036228947085181 
-0.03818780487296759 0.13758509778469202 -0.05883776799584403 -0.06302147906860667 -0.03886283972522769 0.08791711253097385 -0.006446509251330665 -0.02014580940080447 
0.0006940888603335822 0.024849694551385925 -0.018314513133003536 0.08877885108181886 -0.028458510538222674 -0.030324626425188326 0.027050635578691192 -0.06427561997513216 
0.0174415251459017 -0.08214001277622417 0.05328869732033857 -0.03847075609005174 0.06770904084192766 -0.028153219571345936 -0.023092726268443976 0.033417451397323036 
-0.04822176064787492 0.015873105844264306 -0.01203514530040407 -0.06448849290701171 -0.030507706041204515 0.10276189458645589 0.061815041019758335 -0.02519693655360046 
Ip_1IIp_4
0.01114606952189908 -0.04070414380358227 0.06266734429549484 -0.018215598496834434 0.017149842278932258 -0.012350868434551953 -0.007938599382926017 -0.011754045978715206 
0.0018975352881568553 -0.03970362161271404 0.00990170221169069 -0.039950624128172414 -0.021287890435849905 0.0957141021836402 -0.008444257953984737 0.0018730544469944298 
-0.030078413981040716 0.03537674106212846 -0.008429956698163614 -0.0222439290566739 -0.041771863738485494 0.04811873482598689 0.04764460443700589 -0.028615916850347454 
-0.026966285548818164 -0.05961964439560478 0.10925692075945397 -0.07510641205482033 0.00812518525509941 0.04476762245308936 0.04349256072774054 -0.04394994719592038 
-0.012093466868114671 0.22972127390797323 -0.047466107408868786 -0.012210492667969535 -0.05020522198643315 -0.037343894818643676 -0.030050438421293527 -0.040351651735676064 
-0.006691090935106701 -0.04216186830053233 -0.01564832198626501 0.07305590673955796 -0.024389523857261956 0.0018332283051478223 -0.010896985515320775 0.02489865554969749 
II_1I_4
0.16675079130299994 0.2970760688780233 0.1323693452629688 -0.19886696982070545 0.4122111506894942 -0.16914557205921332 0.0269410054746413 -0.6673358197266618 
0.8295134281010893 -0.8554315922378745 0.3055768294699338 -0.5963925016505921 0.8634950885245447 -0.6595472740489325 0.31275356124567244 -0.19996753940892428 
-0.814980940513028 1.3550824665929497 -0.6128320489782504 -0.7987891689498452 -0.45732589898745335 1.5631189690661629 0.4603547938024293 -0.6946281720221091 
0.2895461274409328 0.2529617318063916 -0.01138241947311124 1.2660426939675793 -0.5138112988278354 0.06759267336521584 -0.2914273416004583 -1.0595221666737968 
0.38391435267325463 -0.7046073324220757 -0.3207750757142209 0.010703936024209867 0.17956730921149378 -0.7425705398376732 0.2381979064765409 0.9555694435791414 
-0.3762363730670075 -0.9099479114245657 0.19061114821857733 -0.4889907541532536 0.6696080456156929 0.3137305942464824 0.20214233379208743 0.3990829167671565 
