II_0I_3
0.830663617440305 -0.8548487813009182 0.3054094224222423 -0.5965119996118008 0.8628875171531635 -0.6591949263784493 0.31207936660966845 -0.20048421633979285 
-0.8117376161990386 1.3544824372948532 -0.6137964941651154 -0.7995732807253431 -0.4580562501741125 1.5629829064301282 0.4609702492907595 -0.6952719517473475 
0.2925009888705354 0.2503938049044709 -0.013426830797804898 1.2649428923095867 -0.5163155378901503 0.06539988486007016 -0.2813665748899829 -1.0621286273640513 
0.37789381295152774 -0.7071939760175233 -0.32339702573965473 0.007669787793263943 0.17738894075866532 -0.7335866277899297 0.2505018049208387 0.950723283115797 
-0.3693028353591983 -0.9107928551004386 0.19073091920622082 -0.48963355571868833 0.6680274286015604 0.3125288189308572 0.2015647255684437 0.39687735386960776 
0.16810753964712227 0.2973183406344589 0.13225433591306876 -0.20064908761342523 0.4119130521001301 -0.16848672398967077 0.028115147082554803 -0.6685726037734007 
IIp_1I_4
0.5517427973492391 0.38581716823113954 0.5469094845557935 -0.6745174426765997 1.1561003164065398 -0.7433256789757308 -0.3721990021324093 -0.8505276427587931 
-0.25869266647446393 2.5949693714536686 -1.0806764785007446 0.17296313522622267 -0.7462780334918964 -0.18602542930965688 -0.44373262132593105 -0.05252727757160162 
-0.1675017212978201 -0.8527990829073984 -0.29317288405853437 0.07045218554108619 -0.12966109016076774 0.06919242288305419 -0.3693078889987295 1.6727980589973803 
0.10742453053902154 0.007351857032922186 -0.7373880378848482 2.729175106072229 -0.5643132877473647 -0.11596021624635355 -0.244875572975778 -1.181414378782848 
0.9387985751864716 -0.6977166942438207 -0.4142818573049863 -0.03085544961910213 -0.13700647611571434 -0.5894536653374982 -0.09346138798349603 1.0239769554065539 
-0.10651584654745089 -0.6341319407709601 0.11741720458836626 0.588673550596495 0.16240665961301698 0.03389060326371619 -0.11926786420513873 -0.04247236654173754 
IIp_2Ip_5
-0.030031382014919377 0.03540314632929306 -0.008419470847044358 -0.022227288813398274 -0.041779331212842635 0.04812429544265106 0.04763652523736465 -0.028706494120589416 
-0.02678535885833389 -0.059567243333409736 0.1093193378060772 -0.07507226530396413 0.00813919380338642 0.0447964927118237 0.04317783468497419 -0.044007991510534056 
-0.011889389392409173 0.22975643005465635 -0.04742730129606382 -0.012165140257560436 -0.05019474775886603 -0.03769356286700314 -0.030001724610484642 -0.04038456387139968 
-0.006667748384740994 -0.04216705380728895 -0.01565376271144113 0.07306481767289792 -0.024376205404846835 0.001806833962665357 -0.010812019041201121 0.02480513771403442 
0.011282835099974407 -0.040736467995134786 0.06266538976665284 -0.018177290697644517 0.017125375616018516 -0.012380100044573362 -0.007947040039930593 -0.011832701705663197 
0.002042450559461078 -0.039720086024132836 0.009925322723665366 -0.039976141390981434 -0.021290753839302328 0.09569249897632896 -0.008435418582328557 0.0017621275768561378 
IIp_1II_4
0.18001522391233496 -0.6454028914528301 0.6309066623524348 -0.8640598069456924 0.4700233046119414 -0.025780395738748626 0.15288004920991907 0.10141785404780101 
-0.31806073833641973 2.212922133386189 -0.8067118883941932 0.05922754350932718 -0.4237762474185921 -0.4263590982649433 0.0021068262216728255 -0.2993485306956524 
0.21076149238862574 -0.6004727565070757 -0.14798765643000916 -0.027065836484545247 -0.15890935179491766 0.08353722171970998 -0.18917985751945202 0.8293167446251234 
0.0960344147200392 -0.38031706025018813 -0.015961881254546555 0.04836956726798241 0.24135804280626447 0.038622146619317704 0.565571345443024 -0.5936765753499653 
0.45994657451839943 -0.7847011480104135 0.2143810634955016 -0.2466153628554511 0.8985250951904123 -0.5616532616477695 0.12930124155694173 -0.10918420225220213 
-0.5461814369668547 0.4399170097840801 0.03710193545792637 -0.44596391541478164 -0.49670199732306514 1.1171847170420104 0.3155670065545655 -0.42092331913074643 
IIp_2I_5
-0.09210271230662613 -0.6338099297293304 0.11847149575847776 0.5887375620722097 0.16133467713225996 0.03141188396803783 -0.12035560812605811 -0.053687368767096726 
0.564417740185884 0.38470349886112526 0.5457281390626267 -0.6735430669294143 1.1541680148431221 -0.7449261099849753 -0.37006506409293266 -0.8604831519452504 
-0.24167564205597944 2.5931265801297885 -1.0790061015578147 0.17273303156976744 -0.7482193027577648 -0.1891897366032791 -0.44362139572655146 -0.06414743299175177 
-0.16296679317539592 -0.8528065578122597 -0.29373759851738324 0.06908962969183152 -0.12952974972210013 0.06817686838357398 -0.360510484939895 1.6622846860852605 
0.13285721617249746 0.008312320464041898 -0.7344540156393868 2.7315239093178003 -0.5645108220136635 -0.11588889305789171 -0.2687158497671595 -1.1891238654770897 
0.9467474331521242 -0.6976136610474784 -0.41438734658938386 -0.031446015286805656 -0.13832340783288333 -0.5886162436373922 -0.09170342740245234 1.0153426686344267 
II_1II_4
1.3878845764774874 -0.5881684435487217 1.3260063202699874 -0.6969542468419686 0.22046214608621845 -0.9502387022874191 1.1106101713149152 -1.8096018214722769 
0.41085487211795685 -2.048919076077938 1.2743575577518056 0.01756060751118291 1.9186243374870815 -1.5322178754103315 -0.06080471637904217 0.02054429298859833 
-0.8675278929531562 0.1425119044714788 -1.3586285029085279 -1.2129803826727448 -0.7335636594740407 3.033799268179636 1.7422534293225183 -0.7458641639570811 
1.3816362597858267 -0.5897432244267331 1.3238712477801569 -0.6977637006911821 0.21942018976896902 -0.9518564177766912 1.1258425359886521 -1.8114068904328153 
0.4150025588129302 -2.049975417975947 1.27532548981576 0.017585402896829173 1.9185928264566285 -1.5341481752323378 -0.061474137410283305 0.01909145262207244 
-0.871385136787876 0.14282453249472501 -1.358901883420495 -1.2135674323871228 -0.7325114521226549 3.035191968971735 1.7432132932140194 -0.7448638899605466 
I_1IIp_4
0.11599178328150121 0.009531238171395447 -0.7345535491380787 2.731565800820746 -0.5624245014804379 -0.11335429492806667 -0.2695065442096374 -1.1772499325167622 
0.9313994594188799 -0.6964605193263145 -0.41481980742232444 -0.03084612598172434 -0.13636406219547792 -0.5869099132730592 -0.09272514971350201 1.0267261184877186 
-0.10610638141131047 -0.6336016641344192 0.11789094584406662 0.5895479148105655 0.16264949338192744 0.03274963287687473 -0.12069573401228208 -0.04243420735932351 
0.5473743794445507 0.3847363358140141 0.5453238076967338 -0.6738025318091438 1.1558319770967729 -0.7440688572311576 -0.36529494364097503 -0.8501001673793759 
-0.25750497211619566 2.594038638831779 -1.0792105528530367 0.17302379188022268 -0.7457008557511824 -0.18747790918709073 -0.4443822619109448 -0.05278587888682178 
-0.17507777263054952 -0.8516215834502927 -0.29326511287599644 0.0701112013462079 -0.12723990845733696 0.070934712045186 -0.368748586293874 1.6749070503133292 
Ip_0Ip_3
-0.02530669895931331 -0.05672913133669249 -0.04160158896996454 -0.0650130458770857 0.06895995732918521 0.1391710083909834 -0.025152960458016245 0.005672459880731672 
-0.04323392749115335 0.2767339139862307 -0.05283463662595072 -0.07289661254964058 -0.06597795252069187 0.02324741156209042 -0.03526233152032717 -0.02977586483988681 
-0.025717609672110054 -0.05921449447740694 -0.020808847962790374 -0.0059717095151588856 0.10360869163853118 -0.02807720263597212 0.07881892490589783 -0.04263775228083763 
-0.02473972946796095 -0.05658623641678153 -0.04140785343715614 -0.06493959639306991 0.06905450398425557 0.13931779917851891 -0.026535138487413467 0.005836251039336259 
-0.043610286746265874 0.2768297659825851 -0.052922466353055926 -0.07289886247194406 -0.06597509322371722 0.023422566113695246 -0.03520158855219009 -0.029644034747970772 
-0.025367605073666893 -0.05924286220596478 -0.02078404153620299 -0.0059184408839601695 0.10351321480904153 -0.028203575689585814 0.07873182728109115 -0.0427285167006918 
II_1IIp_4
0.10004586565400436 -0.3792955447006709 -0.0146395876835208 0.04955648410326189 0.2422666867056788 0.0398627635292255 0.5538409244172009 -0.591637592024765 
0.4563918262435208 -0.7841231006918489 0.21417078270466997 -0.24660871351654445 0.8988574809612536 -0.5604676253325434 0.12963639640700847 -0.10785704677758315 
-0.5462469306777051 0.4402158525252632 0.03732896933516067 -0.4455508504784784 -0.4964994398839639 1.1166909973048191 0.3148925418814966 -0.4208311400036237 
0.17819114206410155 -0.6458521216883195 0.6302349331936736 -0.8636288688331608 0.46995882718186727 -0.026050622826516455 0.15537569382610292 0.10177101707732256 
-0.3177418094476852 2.2125136241521024 -0.8060181818282602 0.05925735017090993 -0.4234732909581173 -0.4269762399532916 0.0018167841481909269 -0.29937823627733673 
0.20709357678490875 -0.5998819389554234 -0.14801594266775617 -0.02720103886866163 -0.15772409920777417 0.08434419647878927 -0.1889578699982252 0.8303431164299944 
Ip_2I_5
-0.15151670506859508 -0.1524384838655391 -0.02818198505697293 0.46208918618686157 -0.05438623409955448 -0.03280503530963315 -0.044245073837202595 0.0014843310497804684 
-0.054322503851663824 0.8553727061731192 -0.24298151567243875 -0.11038275710105361 -0.03316527624592288 -0.15158772061457962 -0.15943053472334587 -0.1035023979626889 
-0.023989168493862054 -0.0943579133718052 0.17107315470750667 -0.15591746181191188 -0.14100070018850144 0.13691138365359623 0.04632332293745794 0.06095738256781953 
-0.12410593688394786 0.7717261116616301 -0.19349606727791152 -0.119687318432919 -0.1829201511143425 -0.023920898349386197 -0.13614134230976127 0.008545602709346295 
-0.12402582840964775 0.1607200284403216 -0.08736016544455658 0.03325257577414808 0.05774201546979053 0.19584345605290596 -0.10082498124231344 -0.13534710063990463 
0.15839324462512933 -0.07660877691017502 -0.09439653332123331 0.23844306775976318 -0.030419102479670883 -0.11602229432736062 -0.08701770345290405 0.007628098106148303 
IIp_0IIp_3
-0.09757641754782075 0.391197944737123 -0.12149105540066461 -0.06665563379847991 0.07821807495254032 -0.07944067448027012 -0.05011262387617083 -0.05413961458512355 
0.0400751425050863 -0.1198377407953589 -0.07220205134992945 0.015467927094057766 -0.06103420169281114 -0.03976660227828553 -0.03656292697313378 0.2738604534892244 
-0.056366033581222594 -0.12513461522319855 0.27820390139957113 -0.17642628349944584 0.009839447153962774 0.008659598895366114 0.1209264301779964 -0.05970244532272403 
-0.09776615446117796 0.39115012480780587 -0.1215558891924837 -0.06668021374247088 0.0781864348189285 -0.07948979816562615 -0.0496500766012689 -0.0541944274618443 
0.04020109151036521 -0.11986981776275318 -0.07217265904287995 0.015468680032916035 -0.0610351585593496 -0.0398252179259631 -0.03658325466874259 0.2738163364157792 
-0.05648316297391062 -0.12512512193415 0.27819559990384546 -0.17644410990071763 0.009871398571480243 0.008701889765520538 0.12095557748619626 -0.05967207091785505 
Ip_0I_3
-0.02352436227297829 -0.09470267663721126 0.1708229812468471 -0.15555946135658846 -0.14132015526134337 0.1366565885795031 0.046610853086151184 0.06101623261523475 
-0.12535678353740745 0.771271917120909 -0.19350180283553725 -0.12004651079664469 -0.18299555667434672 -0.024508926687158032 -0.13288140836399023 0.008019071776128298 
-0.12497003294035672 0.1609131293066569 -0.08732629926063903 0.03321220425792075 0.058287519899297334 0.19591239069894562 -0.10085018295954112 -0.13517872900083847 
0.16060281710824392 -0.07621311203107667 -0.09380602318189765 0.239006654156086 -0.03005080492826828 -0.1152656890417797 -0.09295973183958463 0.008685889755981831 
-0.15306263987044252 -0.15207652732368004 -0.02809815732069312 0.46190893209614287 -0.05420442857471759 -0.03219655371881385 -0.04426647604613969 0.001995850758446667 
-0.05460305447118014 0.8556805675119199 -0.24305834835403234 -0.11018018904861546 -0.033058234645142015 -0.15165712918627575 -0.1597057754321007 -0.1034178363718235 
II_2II_5
-0.8596230538162195 0.1418080203760483 -1.3595751556977993 -1.2117523170471667 -0.733739008492666 3.0327092954286354 1.7447222547563954 -0.7545500355026058 
1.4014532092631657 -0.5901356110737052 1.3274669939483466 -0.6964352763419152 0.21957254267552445 -0.9533024929812326 1.1114648559983085 -1.8200842214892885 
0.4163971000140355 -2.0483612495126398 1.2754952676509532 0.017055884197467053 1.9204002491477128 -1.5326400264541864 -0.06007297649064977 0.011725751434918708 
-0.8464790858182957 0.14512073170095321 -1.3550838141307946 -1.2100495487630127 -0.7315471476816809 3.036112324063665 1.7126794304764377 -0.7507528898354089 
1.392728129553027 -0.5879134887356856 1.3254308506626338 -0.6964874359519059 0.2196388293235899 -0.9492419114947563 1.112873051043374 -1.8170280244014672 
0.42451120370143014 -2.0490188942752114 1.2760703512875977 0.01829080282036109 1.918186824244597 -1.5355697138499058 -0.0620921475584594 0.009621573611910312 
I_1I_4
-0.3134530798029363 0.47057765005718816 -0.5046121339577743 2.5126791359728387 -0.4944196845127038 -0.23809238440711525 -0.793410311279023 -0.6392691920654447 
0.08515737981825357 -0.542553538130482 -0.15167569616871596 -0.11958915941918638 -0.12225593580482255 -0.35008936486286163 0.07861960399190449 1.1223867105731082 
-0.41795219660602445 -0.7255148897138631 -0.08767349042061166 -0.2478632996073053 0.1534438705018809 -0.07879832696667641 -0.17154170360792476 1.5759000364192144 
-0.3121913111444773 0.47089565717102283 -0.5041809830277607 2.512842594957028 -0.4942092745909175 -0.23776570719067308 -0.7964862949848045 -0.638904681181201 
0.08431980686290251 -0.5423402232229795 -0.15187115782723418 -0.11959416653454645 -0.12224957255043674 -0.349699565188113 0.07875478511603018 1.1226800933397227 
-0.41717327491930467 -0.7255780209957058 -0.08761828467832332 -0.2477447523303026 0.15323139051342205 -0.07907956530606207 -0.1717355360006829 1.5756980437160082 
I_2Ip_5
-0.124777405427117 0.7713640455726377 -0.19392484836557888 -0.11997304751983077 -0.18325389744147677 -0.024364575365925654 -0.1326245763264075 0.007554304877002666 
-0.12238424356217747 0.1604833866692769 -0.08720908300421665 0.03323974614034112 0.057608850146478846 0.19537325240751593 -0.10092124842974662 -0.1361906603665395 
0.1586096605153772 -0.07665004958195085 -0.09445064719460161 0.23830002809777104 -0.030411497226387908 -0.11586571687951926 -0.08677829481165454 0.007246517079904573 
-0.1499041649301001 -0.1522249048048728 -0.027830312089029204 0.462099344730209 -0.054339103881542096 -0.03265737286559631 -0.04629634399445713 0.001152857835860245 
-0.054197063733707904 0.855522199450068 -0.24318425096360707 -0.11040465043619357 -0.03328692303225486 -0.15135232277256208 -0.15928210185438837 -0.10381488665471965 
-0.022362776310858777 -0.09451346404122309 0.1711189723025015 -0.1558459114155822 -0.14137771864189014 0.13655887347703885 0.04621186308555767 0.060210161545108894 
II_0II_3
0.4119115657672818 -2.048986459361679 1.2757405776442348 0.01686380078441359 1.918982519869344 -1.5326793260584226 -0.06180645957341057 0.019973780919198176 
-0.8719248758837739 0.14370064657915 -1.3593965865842832 -1.2131040312343764 -0.7324283702105377 3.0352300042196614 1.7426756790288889 -0.7447524659073761 
1.3907291994804813 -0.5892858283066622 1.3254118389961433 -0.6960769350473445 0.21912949726276937 -0.9511853822746048 1.1112352661852034 -1.8099576562998492 
0.4061375242594832 -2.050441707327638 1.2737675667058388 0.016115788102649166 1.9180196526967963 -1.5341742497066102 -0.04773029950915297 0.0183057247661979 
-0.868092017159927 0.1427244857565388 -1.3585021248927163 -1.2130811179288206 -0.7324574894122557 3.033446222788484 1.7420570700486564 -0.7460950291913022 
1.3871647377061673 -0.5889969301478214 1.325159209288665 -0.6966194250618089 0.22010183737078876 -0.9498983937009624 1.112122272114971 -1.8090333075727647 
I_2IIp_5
-0.16548671539226154 -0.8517152694850095 -0.29274242558280616 0.0697494716108269 -0.12823947355693077 0.06971385251487837 -0.36896353472391785 1.6676840946122973 
0.12482258670437 0.009117649816682298 -0.7349847790586729 2.731646380668987 -0.5637302174856486 -0.11423283599610007 -0.26865211532268296 -1.1839866693201413 
0.9425724743321552 -0.6974158575585314 -0.4143367656522835 -0.03100541626950123 -0.1380086486913176 -0.5886006170436332 -0.09247481899380124 1.0192696498690033 
-0.10071230038815684 -0.6342534370650679 0.11738580776627548 0.5886085029606773 0.16160945326227755 0.03137222797655811 -0.11396305776537614 -0.05004719674756977 
0.5604254836199584 0.3844793078616955 0.5461407309719168 -0.6733964297719864 1.1549179084358592 -0.7451513405590139 -0.37065375343023743 -0.8567619071278015 
-0.24960990554380527 2.593629073713732 -1.079221959735253 0.17260148663571787 -0.7468790528302857 -0.18781677124194615 -0.44345729530177375 -0.05924557568780689 
I_2I_5
-0.4128504817223774 -0.7260294553846371 -0.08779652648330517 -0.24767807284792218 0.15258686323645615 -0.07955945211883088 -0.17109324918195748 1.5724203745017276 
-0.30859456681103076 0.4702875102628234 -0.5041231669243967 2.5124249504532647 -0.49486308093802256 -0.23880478106066585 -0.7934508462020836 -0.64287601877113 
0.08827319526642186 -0.5424155370435713 -0.15176165076591436 -0.1197340550304165 -0.12239081451033458 -0.35020278512663205 0.07894633701761646 1.1192853101888522 
-0.41069769151295765 -0.7254868815970458 -0.0870609102562568 -0.24739918424409532 0.1529458580611572 -0.0790020856734179 -0.17634139634969037 1.5730422915675142 
-0.31002360758363406 0.4706514614847675 -0.5044566574908139 2.512416407470002 -0.4948522241521425 -0.23813971705017983 -0.7932202043969194 -0.6423754582728919 
0.08960216707986544 -0.5425232496614356 -0.15166746045538262 -0.11953179337500192 -0.12275334121904939 -0.3506826251825908 0.07861562625329298 1.1189406765581322 
I_0II_3
0.3833878783746291 -0.7058050436081266 -0.32153928000008425 0.008651497634984224 0.17840210365176729 -0.7320824474027919 0.23631873660278166 0.9526665547409008 
-0.3733107122351689 -0.9099045396111453 0.19004617510310975 -0.4896462269086691 0.6681814343032139 0.3142044099107199 0.20211505689753975 0.3983144025398576 
0.17047072437005173 0.2972455698522765 0.13251556185866573 -0.2001182653970784 0.41134313159163427 -0.16954930533805845 0.02724759218119077 -0.6691550091198933 
0.8260545638341767 -0.8560061664747184 0.3038148957231934 -0.5968391236517474 0.8622159048951414 -0.6603064860300946 0.3225260347440521 -0.20145962305094794 
-0.8090389552265216 1.3536627170924482 -0.6129161554875591 -0.7995458593986928 -0.45795319574442217 1.5615373289710182 0.4604381706389834 -0.6961840508346281 
0.2886272628384754 0.25082653317060355 -0.013607643240824157 1.2645244935721474 -0.5151841079951285 0.0665892095175869 -0.28068209271697725 -1.0610936551418748 
IIp_2II_5
-0.5456077864588288 0.44026348319610265 0.037353778882224874 -0.44559332840027777 -0.496451566135352 1.116667295966978 0.31496663039741135 -0.42159850744004274 
0.18005811375917335 -0.6457528319923506 0.6304558208784176 -0.8634482053676432 0.4699522855935602 -0.025994591730308162 0.15354799154028156 0.10118141731723042 
-0.31706311150224376 2.21253621786623 -0.8060129982922561 0.05923099556509616 -0.42356943848235556 -0.42694348272841076 0.0019220866897818431 -0.3001002691083886 
0.20821529946451706 -0.5998801294807198 -0.14796238518186586 -0.027169615090695945 -0.15781671937681743 0.08413376847469439 -0.18895978265806682 0.8294395638431248 
0.10111185669388692 -0.3794049028766289 -0.014693846391520701 0.049631730477242446 0.24212424422801945 0.03970173398285706 0.5539963152884924 -0.5924671314027374 
0.4575986636073991 -0.784237173481824 0.21430123670004209 -0.2466337287681743 0.8987606181812071 -0.5606819570823087 0.12965754652386852 -0.10876520568604972 
I_0Ip_3
0.15862317700412984 -0.07671899025662465 -0.0944504374495739 0.23830885654948827 -0.03053947407403141 -0.11591186008861208 -0.08684312068676878 0.007531849001104625 
-0.15115859279984492 -0.1523449762676832 -0.028063430913395797 0.4619018605606663 -0.054420883695073384 -0.032772656026366066 -0.04441598402371572 0.0012746631656898764 
-0.0541438508762654 0.8554491943540355 -0.24317904163409762 -0.11039011090368217 -0.033305661624765955 -0.1514807235413175 -0.15936315023214603 -0.10358665553946249 
-0.022991531359140366 -0.09457532970632866 0.17103708744406448 -0.15593177460706842 -0.14138984995735 0.13666090685348142 0.04660247463433512 0.06058801669790741 
-0.12512053647263197 0.7714282271214289 -0.19385628545514033 -0.12006355264764065 -0.18319934109415872 -0.024308848369194037 -0.13276173969417443 0.007882076613752892 
-0.12295981747762329 0.16055604727567588 -0.08733706523628573 0.03323833724197595 0.05761699649096717 0.19552878625606326 -0.10089352254498217 -0.13574976200505998 
IIp_1IIp_4
-0.056403528719258626 -0.12503657638418542 0.27830667857424407 -0.1765687041208554 0.00988809263299153 0.008722887870920551 0.12078657708174312 -0.05969542693553421 
-0.0977275883909976 0.39126735425722226 -0.12166352289420368 -0.06663477487913155 0.0781595807349249 -0.079326341522186 -0.0500429781523526 -0.054031729151932856 
0.040747208174507596 -0.11998921623736575 -0.07218126295039562 0.015488607526013136 -0.061280368828411126 -0.03993127613349432 -0.03660564249527901 0.2737519509434579 
-0.057529273304604424 -0.12532030096691918 0.277922007563954 -0.17671454152512747 0.009700365803551278 0.008431427859823556 0.12353095655249037 -0.06002064198278657 
-0.0969803093925322 0.391077035611382 -0.12148913284095571 -0.06663030755248661 0.07815390346644548 -0.07967411912047499 -0.05016358617175523 -0.054293483998287206 
0.04005225758622571 -0.11993289077840324 -0.07223051727685059 0.015382840153939288 -0.06109079509391489 -0.0396803564931846 -0.036432706065692794 0.2739321679670331 
II_0Ip_3
0.017396860292959754 -0.08218009829402217 0.053255994907532606 -0.03851084342276352 0.06767929362913391 -0.02786800470778792 -0.023128852688121017 0.03335565028252217 
-0.048148345280341696 0.015866176588839702 -0.012033597299981292 -0.06450563279189878 -0.030537541890391408 0.10276390521322015 0.061808217469145096 -0.025213182008296982 
0.02158581720039665 0.07560512513445264 -0.001994937227605817 -0.0318830070893523 -0.006993531761522393 -0.05095300226228947 0.052114605440370596 -0.057481069434080115 
-0.018465173509823324 -0.05943726706872073 -0.006255837725659616 -0.0599976010655845 -0.012507519748530696 0.1592335717087175 -0.012945684937264527 0.010375512346834388 
-0.038115534678691484 0.1375594445765415 -0.0588425905593795 -0.06304188892871321 -0.03887016748967946 0.08790182356504203 -0.00643679870237359 -0.020154287782026912 
0.0006519176449386559 0.02480144368681262 -0.01836966804057835 0.08874739274879537 -0.02848589635141968 -0.03036144093383999 0.02732820418676139 -0.06431195294109071 
I_1Ip_4
-0.12324291869585159 0.16050294856554176 -0.08743412947258716 0.03338985234989178 0.05764660933577593 0.19550318596178906 -0.10077727732431724 -0.1355882707198043 
0.15853262449198263 -0.07679786477871636 -0.09431419374762118 0.23833304758684984 -0.030456639329332992 -0.11600965685174615 -0.08687993143687131 0.007592614064601632 
-0.15199596489373554 -0.1522093818803577 -0.02804328542434795 0.46188731837632513 -0.05413609685843273 -0.03262032708471715 -0.04439707963831319 0.0015148174040954707 
-0.05340683152443527 0.8556809673140479 -0.24290494898737602 -0.11010832967810105 -0.03306929238382913 -0.15119052618921527 -0.16191627810715978 -0.10308476044065393 
-0.023679543761995842 -0.09443361293832797 0.17104853415344964 -0.15589446793572834 -0.1412789305096135 0.13693897504845415 0.04635467191392445 0.06094437402972974 
-0.12536634178850906 0.7715314402954581 -0.19380877928524526 -0.11997495455643063 -0.18309969875958185 -0.02436075861824536 -0.1328978843766744 0.007976977092881718 
other
-1.312287062944416 0.8443957811532845 2.203418976045522 -0.5359284961917016 -1.9536809765914014 0.6271906046176366 -1.8688663511887111 1.995757525098737 
-1.306833579685415 0.8442099978523036 2.2100691130428514 -0.5394566719095216 -1.9520496717266786 0.625071906287396 -1.8738015433836996 1.9927904495221962 
-1.3272026434404203 0.8498905870440029 2.2061925133291607 -0.5400467073975288 -1.9469216600570631 0.631929698070325 -1.8717277693196008 1.9978859817752546 
-1.2831762424848554 0.8517326633351842 2.2133662490449093 -0.5321572619799451 -1.9488265166186327 0.6347275185555393 -1.9398337260960947 2.004167316250402 
-1.3261575942426842 0.849131480044603 2.2055595310340044 -0.5395721932671332 -1.951902862275745 0.634065146277899 -1.8706827201218674 1.999559212558146 
-1.3092317981292994 0.8484340574335579 2.2074661893242076 -0.5373116509562247 -1.9518238794588005 0.6254411244696011 -1.8761997618275887 1.9932257191505922 
Ip_0IIp_3
0.0018881466532948235 -0.03971552846176328 0.009917504599309896 -0.039961175746313846 -0.02127058859676143 0.09570454989671404 -0.008436578473980265 0.0018736701290781223 
-0.03017502377466046 0.035402944184071417 -0.00841462849733588 -0.02221985101359719 -0.04175697762801838 0.048132801085959874 0.04763056529250938 -0.028599829648743146 
-0.02697514794189775 -0.059553158760393465 0.10932135402418551 -0.07507007654689951 0.00817635375091336 0.044820235113995674 0.0431719243269456 -0.04389148396680234 
-0.011988542228168877 0.2297812404787102 -0.04741110849473043 -0.012143461874367222 -0.05015700205779772 -0.03765540831542829 -0.03017908493733332 -0.04024663256995892 
-0.006829764243065985 -0.04214692058408873 -0.01564986101397035 0.07307596351414253 -0.024348325230619527 0.0018462691103961813 -0.010885347880551568 0.024937986327708352 
0.011118357112909405 -0.04072087376089715 0.06266586726742952 -0.018168250927066074 0.01715019210376605 -0.012363356724668536 -0.007961042562552938 -0.011720892509393599 
Ip_1Ip_4
-0.025231586890548597 -0.0592742672554841 -0.020786676387044453 -0.005995376882510542 0.10346323484333776 -0.028158002477413104 0.0787758225601783 -0.04279314751012721 
-0.02515756675644676 -0.056680305525165516 -0.041581969926378144 -0.06508690745564111 0.06893226964555578 0.13920053139877187 -0.025209810357218723 0.005583758976055106 
-0.04301773544353295 0.27673803517198814 -0.052911560268673705 -0.07289673926446648 -0.06608103428230586 0.023259861779600183 -0.03524070334796638 -0.029850124343127313 
-0.025479223492097344 -0.05933667980654903 -0.020871294712480764 -0.006027457586796028 0.1034219394779063 -0.02822211663576678 0.0793795197171152 -0.04286468696063746 
-0.02499318343712344 -0.05672217102756088 -0.041543608329319505 -0.06508592475171214 0.06893102078373373 0.13912402873233431 -0.02523634120657689 0.005526179236029655 
-0.04317060777730022 0.27675042541164036 -0.05292239503014271 -0.07292000553015396 -0.06603933264240494 0.023315058036161258 -0.03520266151305235 -0.029810480953494367 
IIp_1Ip_4
-0.026927564898071344 -0.059564860732828524 0.10931800462495775 -0.0750646511923125 0.008158444664322233 0.04480871360535528 0.043174391577859315 -0.04390247764926683 
-0.012046764908681666 0.22976462202850345 -0.04742488458948985 -0.012162324721153554 -0.050168125152789844 -0.03767656900240582 -0.030008802973115367 -0.04027715068022627 
-0.006802484616212413 -0.0421501890116957 -0.01564831656300217 0.07307530888591841 -0.024345540239112205 0.001834907159104187 -0.010888929060028736 0.024925243445057955 
0.01115454538886694 -0.040720185558918084 0.06267103377969971 -0.018165339415826445 0.01715052307004472 -0.012349421214172715 -0.00803109744571706 -0.011710058604216844 
0.0018812961932760512 -0.039707619897315145 0.009923758310309784 -0.03997055962346824 -0.02126916057560742 0.09571324141987532 -0.00844355502930915 0.0018725992020330849 
-0.030175763004207212 0.035410501686880654 -0.008423075986241169 -0.022217565771233884 -0.04175961557040676 0.04813669611372092 0.04762964775216179 -0.02860082522034243 
II_1Ip_4
0.0006886121266527601 0.024809049441468712 -0.018356460819273113 0.08872780655210968 -0.02848928030901564 -0.030358545565424333 0.027311868072710768 -0.06433304949903579 
0.01740725505417413 -0.08217001378354989 0.05323725433932438 -0.03851318803175108 0.06766840300366055 -0.027855106733117356 -0.023123134208731713 0.033348530359438196 
-0.048037442993080055 0.01584772109579078 -0.012035353926506993 -0.06450365748945387 -0.03057488370797684 0.10274307262907743 0.06180537687727693 -0.02524483248456324 
0.02148275812901082 0.075575221228843 -0.002031344005400393 -0.031920542502994365 -0.007023238958556478 -0.05099054679509619 0.05245399655025381 -0.05754630364550529 
-0.018368574268397712 -0.05945477365401659 -0.006255666102079186 -0.06000080483467691 -0.012521004698944025 0.1591982942419872 -0.012928557991845835 0.01033108730784629 
-0.038087761029259426 0.13754644456516252 -0.05884903909078119 -0.06305364493619404 -0.03888287476768863 0.08791023514752454 -0.0064183072594469525 -0.02016505262855342 
I_2II_5
-0.8141876174257827 1.3533258505495436 -0.6141674732462659 -0.7979439584696827 -0.45752218645480397 1.5621871966094596 0.4622615057794569 -0.69395331732827 
0.2882899273680384 0.25030832701267375 -0.011694968895849433 1.26491990922617 -0.5140330500435477 0.06507430349676334 -0.28179872035777087 -1.0610657278033802 
0.37376120199216295 -0.7044382550539311 -0.32189462003098035 0.008990177993413865 0.18151284314530322 -0.7303658342685323 0.23716113978521053 0.9552733464309451 
-0.3630250622401208 -0.9077643457430018 0.1937667379039169 -0.486389402551787 0.6707000762348878 0.3168307033742325 0.17265956773587188 0.4032217252853654 
0.15914579782888724 0.2990754634412609 0.13228545387004143 -0.20016768522437078 0.413265325310937 -0.16622121389253677 0.028131087815952867 -0.6655142291488514 
0.8284350818800881 -0.8542134384121592 0.3054481820013051 -0.594768146580112 0.8638975501211088 -0.6603210302958379 0.3111856061916716 -0.19966380491076013 
I_1II_4
0.2902037392590744 0.2516836384129502 -0.01258113707709061 1.2637215975025364 -0.5149963540786922 0.06640356282729207 -0.2823142865138493 -1.0621207603296983 
0.38285025092154684 -0.7054736347998626 -0.32313716934460834 0.009130703721080064 0.177821369771277 -0.7313655918233665 0.23725893419932054 0.9529151373490664 
-0.36681176183921155 -0.911342866932236 0.19059728563059744 -0.48949507944319215 0.6662627019506403 0.3125114299870871 0.20170685701918625 0.39657143362677477 
0.16052228170506092 0.29606172793820057 0.13030624386919254 -0.20247291049378494 0.410748791820837 -0.1711111798264468 0.04803501907068754 -0.6720899740815511 
0.8356464807854271 -0.8561261081422077 0.3050359757848753 -0.5957803068390594 0.8622905958403134 -0.6612614217012011 0.3122691469930567 -0.2020743627271414 
-0.8108421905732799 1.3533814249079232 -0.6134065419166285 -0.8002505559657115 -0.45834663649532603 1.5631328550738495 0.4618521029528767 -0.6955204579754357 
II_2I_5
-0.3640701738355994 -0.9114078166729651 0.18977681364385376 -0.48847232961774756 0.6671711342754543 0.3122688229301809 0.203831460308691 0.390902088964204 
0.17886621117133636 0.2964906285436058 0.13424041406242934 -0.20038428947381254 0.4116991767057197 -0.17130891265261738 0.027368166097263655 -0.6769713944535951 
0.8329812847352603 -0.854314020099076 0.30508630051968655 -0.596193316042684 0.8642661939522396 -0.6590290639975094 0.3136156393461847 -0.2064130184215342 
-0.7914085024479606 1.3556868666341708 -0.610016572824155 -0.7969405163817462 -0.45707824986096923 1.5637935086957457 0.43535386667098736 -0.6993904004730015 
0.2921956129260432 0.25175122149377666 -0.01343063994843104 1.2646087625702411 -0.515479050142335 0.06734665106173383 -0.280009204500425 -1.0669833534584827 
0.3930147021220107 -0.7057308571273564 -0.3212141280925719 0.009803372249749441 0.17786952221890656 -0.7343841012500931 0.2359313048539227 0.9447101850164175 
IIp_0I_3
-0.2577473673971218 2.59456144200776 -1.0787956072432796 0.17239771736532786 -0.7456343640160357 -0.18690684473531094 -0.4448181280701961 -0.053056847899796186 
-0.17482449552236476 -0.8511257517086067 -0.29380956270687303 0.07026727961321802 -0.12744121100264136 0.07114221606441032 -0.36881490582673765 1.674606431086045 
0.11941611314987884 0.008734474012379886 -0.7347838086164931 2.7319365888357363 -0.5636433720413748 -0.11415423531037204 -0.26930948646855224 -1.178196273560836 
0.9278737417982418 -0.6975826323340764 -0.4157015494795541 -0.03209688361894547 -0.13712635287007785 -0.5883573186310185 -0.08148456346233313 1.0244755585805754 
-0.10410297437367576 -0.6338120422025965 0.11799868816262755 0.5894951029836123 0.16283273175482893 0.031986123979857034 -0.12091332452924516 -0.04348430577540394 
0.5502061430593711 0.3847970406621089 0.5457097068212451 -0.6735769635726467 1.1558429141166533 -0.7431482333550068 -0.37027000643829466 -0.8495606012938388 
I_0I_3
0.08587216811448682 -0.5423161760743473 -0.15159397241466022 -0.11994063307829718 -0.12239392412029852 -0.3499419066444244 0.07835372515742675 1.1219607190563303 
-0.41685912552802085 -0.7255065553214436 -0.08803904817442712 -0.24786275267599156 0.15293267820280057 -0.07875207666920477 -0.17144083609217708 1.575527716258053 
-0.31112184582843366 0.47029854979213925 -0.5044987921125386 2.5125557780205723 -0.495112375461406 -0.23847524537561754 -0.7936253450483266 -0.6400207239817455 
0.08317867417516345 -0.5429950249484666 -0.1525143490689929 -0.1202895685028767 -0.12284308557684695 -0.35063926356173686 0.0849200187613323 1.1211825987167636 
-0.4150711609404779 -0.725961918043689 -0.0876217967324291 -0.24785206400157012 0.15291909458150044 -0.0795841809184217 -0.1717294068509212 1.5749014329063697 
-0.31278460772067473 0.47043331595919824 -0.5046166396518266 2.512302715488623 -0.4946587950382516 -0.2378748866977487 -0.7932115715942832 -0.6395895307363592 
Ip_2II_5
-0.04824991387338086 0.01584220849235018 -0.012074904636076564 -0.06445143187819079 -0.030531138157955415 0.10275886346957977 0.0618603902498169 -0.025154073665798676 
0.021571762609173168 0.07557627028485175 -0.0019375370735845402 -0.031880163302723544 -0.00696523747617238 -0.05099164014597268 0.052093832404933024 -0.05746728730011987 
-0.01879385017235392 -0.059383774516315095 -0.0062578552777705155 -0.0600063982831048 -0.012403525134541238 0.15929412695431822 -0.012910115561354884 0.010461391990908632 
-0.03778411394358311 0.13764086254323865 -0.05873674380358015 -0.06293250773286378 -0.0387928467515144 0.08800353655729845 -0.007423373768861931 -0.019974813099402446 
0.00034847568585349634 0.02484509835992123 -0.018378685483685226 0.0887475025201058 -0.028453582534857653 -0.030266116687053778 0.027354737682993777 -0.06419742954291915 
0.01734204402532703 -0.08214509703323836 0.0532763996110075 -0.03847821261188656 0.0677134717903787 -0.02789943373434099 -0.023185781475287666 0.03337660942731855 
I_0IIp_3
0.9335848509238691 -0.6961811268454884 -0.41374876931915006 -0.03184374019915322 -0.13637278740027922 -0.5870594632983064 -0.09377713848914868 1.0253981746152936 
-0.10709526176078742 -0.6327978489898215 0.11684108246614841 0.5894545796895947 0.1626279705102521 0.03374517289057493 -0.12024080607406633 -0.04253488873398702 
0.5555657996134139 0.38415867405539145 0.5459205046616229 -0.6730777958543478 1.154265526703513 -0.744693163301719 -0.3710859261248102 -0.8510536197542793 
-0.26480031237117485 2.5927459869428353 -1.0812043506919449 0.17099730939946575 -0.7470093057042527 -0.18891365673025245 -0.4259940461872184 -0.055821624646796554 
-0.16934389333261496 -0.8522694525002281 -0.2929898779032238 0.07027740830543291 -0.12771034294256428 0.06895805073600401 -0.36950987987754463 1.6725879875108907 
0.1168961964685794 0.008734743571280335 -0.7351314721673808 2.7312365320794454 -0.563071311494126 -0.11285415769043611 -0.268164597307563 -1.177645933458012 
IIp_0Ip_3
-0.012034375330249685 0.22976834340553384 -0.047426758084796385 -0.012166317827048509 -0.05017157855537076 -0.0376735903705514 -0.030010488856462084 -0.04028523438018387 
-0.006771431971803213 -0.04215300056330555 -0.01565222100701701 0.07307552325208594 -0.024356680681817365 0.0018318835265939866 -0.0108881579816302 0.024914085426808553 
0.011153795833946871 -0.04073082636614637 0.06266250214352527 -0.01817386798658608 0.01713653409719751 -0.012362575385388347 -0.007951848684641452 -0.01173371365217903 
0.0018875794715183703 -0.03971701703736 0.009917322538509096 -0.039978167611851 -0.021277616643432733 0.09569808737889318 -0.00837833323458849 0.0018481451380783455 
-0.03014673941298656 0.03540451687208135 -0.008424000672634437 -0.022220470905748683 -0.0417651047975698 0.048132399556166834 0.04763260481105737 -0.028613205449895193 
-0.02691176542409475 -0.05956537619888057 0.10931996940493918 -0.07507144072572648 0.008155073029847412 0.044810927034592045 0.04317416447240725 -0.04391155159297908 
II_2IIp_5
0.21202370854870484 -0.6004953862185021 -0.14845312674902522 -0.02648528912395513 -0.15836396934535116 0.08343356705749304 -0.187999267304117 0.8263397631282822 
0.10606652956470629 -0.3800620219487254 -0.013755939602931071 0.04955010321471877 0.2419266438757636 0.0385441937624164 0.5539404377627348 -0.5962099466284005 
0.4581726191170605 -0.7836698009320766 0.21440450454397092 -0.24684102855581733 0.8996688876360637 -0.5603666352883064 0.13004504499663372 -0.11141359152084193 
-0.5355419995506853 0.4412252910390885 0.03900120602670601 -0.44409837473718994 -0.4959553487709994 1.1175871560043653 0.30067269153294957 -0.42289062153432233 
0.18085908507652984 -0.6453520772897562 0.6304243919348554 -0.8635546639738595 0.46978624196768465 -0.025219032862979992 0.15416250582074317 0.09889354932564819 
-0.3126263184927949 2.2127905090274975 -0.805635953488586 0.05961159681381961 -0.423714902261158 -0.4280228813827483 0.0013483293026522096 -0.3037503795097098 
II_0IIp_3
0.4580930537841963 -0.7837540835323861 0.21496028610766402 -0.24753016583423507 0.898793725718594 -0.5604358073679788 0.12871552493771032 -0.10884253382053978 
-0.5464767927132396 0.4407901539413306 0.03635004034914993 -0.44560811556156005 -0.4968269450139903 1.1174435193809198 0.3152615907776525 -0.4209334511588955 
0.18427734699429604 -0.6466442619419135 0.6304243488108595 -0.8633181505615019 0.4682979959716599 -0.02693165619180559 0.15332188804333274 0.10057248887222384 
-0.32384771287690767 2.211188904317547 -0.8078378394496659 0.05739130172339467 -0.42474469551877586 -0.4285741864260653 0.018697828891238135 -0.30227360064887565 
0.21219003794222396 -0.6005768687732859 -0.1478335729170858 -0.02715295700782897 -0.158225385832845 0.08267033989796635 -0.1894924328200009 0.828420839506798 
0.10083189039704182 -0.37992935319946175 -0.015046369723295998 0.04907898852159355 0.24169373393352578 0.04039055039651596 0.5548886553271866 -0.5919080956533547 
II_2Ip_5
-0.03778554230611833 0.1375349893686934 -0.05884682958420241 -0.06303561700831443 -0.03891241428021531 0.08785718454795677 -0.006407696182886635 -0.020404074554114287 
0.0009964301596390856 0.024776539985614663 -0.018349042796346908 0.08873922285589693 -0.028521895304678576 -0.030410938423944683 0.027340421875468944 -0.06457073835130832 
0.017664150638510817 -0.08218159742132088 0.05326324765025737 -0.03852181255233652 0.06766373924164555 -0.027891778718856647 -0.02311145627013108 0.03311550743172079 
-0.047713704737928415 0.01587183761273134 -0.012001277732449038 -0.06448489155620242 -0.030561050373860962 0.10275170807126806 0.061565396364468526 -0.02542801764741444 
0.02186282865887018 0.07559860503310968 -0.0019911802693005406 -0.03189057649023823 -0.007030838873919125 -0.05097036889851405 0.052137117046602836 -0.05771558620616367 
-0.01813984634170074 -0.059447175037200796 -0.006247484164848058 -0.05999948542872994 -0.01254379504817754 0.15918194678749056 -0.012918382012012307 0.010114221244970831 
IIp_2IIp_5
0.04010426139038599 -0.11993031505839652 -0.0722766419573295 0.015605910990081667 -0.06103966717025212 -0.03983507336772946 -0.03642081715991211 0.2737923423323788 
-0.05625829664039454 -0.12519736586164235 0.2783618051370223 -0.17642889831021163 0.009930634550059606 0.008553703849417728 0.12089076699312576 -0.05985234971691684 
-0.09816097484528569 0.3913195614634968 -0.12150148688297062 -0.06665427708598944 0.07846396990709513 -0.07931164794250391 -0.0500492570459544 -0.05410588756635789 
0.04123260434010167 -0.11964593560257508 -0.07189108307651579 0.015752085005964228 -0.06085150704297938 -0.03954294062917441 -0.03917153101413532 0.274118308018087 
-0.057007300455620295 -0.12500660793569704 0.2781870125689397 -0.17643337594801808 0.009936324922417729 0.008902284163478687 0.12101165339147406 -0.059589990706448735 
-0.0974644202209206 0.3912631059981434 -0.12145211887107998 -0.06654826558904745 0.07827395861192057 -0.07956314673779255 -0.0502225926351639 -0.05428652055411066 
Ip_2Ip_5
-0.043326019945623406 0.2767314904986965 -0.05297080468150084 -0.07281881262786016 -0.06601246396913615 0.023283792154829105 -0.03515534690923331 -0.029731834518807836 
-0.025292332599685562 -0.05933166491404223 -0.020722382177806777 -0.005960477718042549 0.10351039789238713 -0.028221261628712118 0.0787763305769764 -0.04275860943086041 
-0.025622580657049664 -0.0566136022981538 -0.04154687366572918 -0.06509507572660218 0.06910676537075633 0.1392709756769406 -0.02520540285724878 0.005705794157012852 
-0.042681952012030816 0.2768938167564634 -0.05275072433116028 -0.07273537523285317 -0.06590506053790957 0.023450544053567907 -0.03672547821396158 -0.029545770480648662 
-0.02571987046800849 -0.059222778636838065 -0.020822155290334488 -0.005963033592475115 0.10351364600626932 -0.028022288964734285 0.07884533358074448 -0.04260885263413873 
-0.02522498124139017 -0.05664582756704395 -0.0415186939767766 -0.06503456344552858 0.06899830527685337 0.13912741798514242 -0.025304344313680484 0.005602687282255608 
Ip_1I_4
-0.05431173804086475 0.8554508365192015 -0.24320463353728272 -0.11035678234818411 -0.03326733415387933 -0.15146454384624886 -0.15932653682315662 -0.10351926776576631 
-0.022903449864315504 -0.09456690454445194 0.17110785729878217 -0.15589531535284223 -0.14134488453893523 0.13666996762941613 0.04627633159442537 0.06065639777696838 
-0.12542506450191562 0.7714784714013216 -0.19385850403938693 -0.12006708808239508 -0.18312000255686242 -0.024237807479743502 -0.13274742167473366 0.007977416936546423 
-0.12276819397265996 0.1606205301230415 -0.08726238902095161 0.033320127467268146 0.05767863200656003 0.1955863606392923 -0.10155084926422656 -0.13562421797654708 
0.15839290723295998 -0.0766979156011842 -0.09446859045350453 0.23832672533694635 -0.030515635708510125 -0.11585245316991662 -0.08681046328054698 0.00762542564226219 
-0.1512030063695929 -0.15233137918790707 -0.028032647634029788 0.4619248057010016 -0.05438872852970156 -0.03280488493071076 -0.04445855533135043 0.001294396282743125 
Ip_0II_3
-0.018511426648353164 -0.05944855913027177 -0.006273327661964485 -0.05998037881950019 -0.012506893272447845 0.15922862563808893 -0.012900810901146881 0.010392770795541132 
-0.03811586218536864 0.13754814137950608 -0.058821121497508025 -0.06304092020873985 -0.03885954047171227 0.08788566881558404 -0.0064450459261054735 -0.020151319905293393 
0.0005349298181988034 0.024821137931613765 -0.018369899217223037 0.08874430572535683 -0.028447557901963155 -0.030337201016646973 0.027333283778800767 -0.06427899911788665 
0.017519214716607317 -0.08214889571616202 0.05329611878712223 -0.03847177848738084 0.06770803675217009 -0.02782929757094708 -0.02349501605629686 0.03342161757425887 
-0.048260595945920116 0.015883378226222985 -0.01203824737919959 -0.06450533316238709 -0.030526064563658417 0.10279983859625898 0.0618180342223458 -0.025171009993077708 
0.021572915083758692 0.07561638327535085 -0.0019877913739253616 -0.03187025288287991 -0.006983586577828305 -0.0509663436485041 0.052093783606677865 -0.05747510748218509 
IIp_0II_3
-0.3178933577095236 2.2127032403181564 -0.8058661570852821 0.05902979381635521 -0.42344025253301637 -0.42677002249117485 0.001646444329020858 -0.29940968863426953 
0.20707839516407112 -0.5997003480213817 -0.14822167219183943 -0.027147257341476955 -0.15778969364652956 0.08444013592216437 -0.18897746561167675 0.8303179057238385 
0.10120436964109754 -0.379578077918814 -0.014718894813014395 0.04968543239983414 0.2418321433879802 0.03958371519125106 0.5538982801732328 -0.5919069680633569 
0.45498130757704014 -0.7845247026302368 0.21383404873001438 -0.24706616457065275 0.8985863244645934 -0.5609788952359828 0.13376579897047858 -0.10859771731446109 
-0.5455702789366643 0.4401339574511109 0.037366378566133396 -0.4455664386076835 -0.49643697429224815 1.1164125140489372 0.31480525015621846 -0.4211444083804998 
0.17905309269422728 -0.6458393737120989 0.6303551576193392 -0.8635634964491732 0.469963123580173 -0.025717728494108676 0.15372424372974086 0.10202498103178285 
Ip_2IIp_5
-0.006700271378936632 -0.04213625084963472 -0.01561864033008651 0.07303524757695862 -0.02435950752714702 0.001834277144022695 -0.010928295413261232 0.024873440777733645 
0.011145133458293413 -0.04070639675308687 0.06261959667441527 -0.018176197443965286 0.017120992037704938 -0.012330220389801534 -0.007936023223665984 -0.011736884360204177 
0.0021451749103509775 -0.03975279585642378 0.00992389175436477 -0.039966204812367005 -0.02135105945058445 0.09565832780138198 -0.008452906099287168 0.0017955717524133598 
-0.030412737117205952 0.03534603214700923 -0.008503545662930018 -0.022302049239145687 -0.04182080385307001 0.04806142452314434 0.0483706439628755 -0.028738964759849456 
-0.02669150272765565 -0.0595961457300681 0.10932758259304605 -0.07506978776916731 0.008133051021824551 0.044738607253297064 0.04315147894780393 -0.04399328358906484 
-0.01200200791942387 0.22974117367392213 -0.04744399459997059 -0.012187977592198505 -0.05019631055556059 -0.03764998210048693 -0.029965624679554045 -0.04029527622559868 
Ip_1II_4
0.02160754766033143 0.07560689926204614 -0.0019897501233092597 -0.03188995031508388 -0.006997246866934013 -0.05095387019062859 0.052107595442246774 -0.05749122486813899 
-0.018470694071570478 -0.059435841538767124 -0.006266108452174777 -0.06000081211122943 -0.012513626467513014 0.15923568620862366 -0.012917234159576255 0.010368630591832935 
-0.03806568120579226 0.1375510013145108 -0.058842465289544725 -0.06304113841530909 -0.038884904773216045 0.08789107734212877 -0.00643873626759497 -0.02016915270433583 
0.0006111142153663351 0.02478974440004755 -0.0183839892904153 0.08873219290622812 -0.02849702125122897 -0.03037424203118175 0.02745861035806901 -0.06433640930624822 
0.01743941540615377 -0.08218528043117115 0.05325814850941818 -0.03851239256483533 0.067674761074651 -0.027880207663943668 -0.023133482688367343 0.033339038357506644 
-0.048140240321277394 0.01586239908681036 -0.01203763074015291 -0.06451015653300504 -0.030542848805350443 0.10276900310833338 0.06181602318452203 -0.025216548979509448 
Ip_1IIp_4
0.011256445911676748 -0.04069592067788906 0.06271239271878741 -0.018242224598694904 0.017135152952003407 -0.012350316025420565 -0.008016082480643828 -0.011799447800047764 
0.0019340729992324834 -0.03967687384135459 0.009852464280913686 -0.039974010972479206 -0.021310791552068685 0.09575196183587296 -0.00841986334407974 0.0018430405937127402 
-0.029769674058017583 0.03533795754162145 -0.008425573704375562 -0.022212876101038552 -0.041895327158336375 0.04805992414888996 0.047621855229665846 -0.0287162858980172 
-0.02732478741347217 -0.05966639123878098 0.10918881141049935 -0.07520619652035092 0.00805984182485266 0.04467859373883625 0.044406186119083424 -0.044136057920565304 
-0.011662665910325276 0.22971098622558142 -0.047418859043608826 -0.012163795384956875 -0.05021227326815549 -0.03779204325341906 -0.030038585443444336 -0.04042276392107814 
-0.00670451693800848 -0.04219776005512464 -0.0156726522445838 0.0730331043202273 -0.024397200240637393 0.0018693858054737577 -0.010820046502551982 0.024889685855057752 
II_1I_4
0.16778138690374014 0.29790865219059326 0.1327064706898506 -0.20042715084908785 0.4123563984802126 -0.16889707352320546 0.02710620206203844 -0.6685348859527974 
0.8293502747168968 -0.855064757467575 0.3045925535906141 -0.59577172687096 0.8628443237318613 -0.6591076949530909 0.3128901170758273 -0.19973308982817714 
-0.8105718331598245 1.3538457841407094 -0.6130035846182543 -0.7995086098467493 -0.4581144250359442 1.5621781652901612 0.46064050250055905 -0.6954659992599206 
0.2865682470658747 0.250784766559097 -0.013903633723193493 1.2643559892180416 -0.515205507857729 0.0657970120133982 -0.27668387346845197 -1.0617129998023545 
0.383785972888018 -0.7062541273374987 -0.3218929001714412 0.009182517052397565 0.17832015486687683 -0.7325775458569018 0.23671269830001984 0.952723230249474 
-0.37326691478237073 -0.9103334078559916 0.19052357525089314 -0.48977671625059327 0.6683295476061136 0.3139850605288124 0.20216888022732865 0.3983699752714977 
