II_0I_3
0.8292317872896692 -0.8552013395130901 0.30500845143873606 -0.5958301751047675 0.8631338793810556 -0.6590748018556313 0.3127387281678663 -0.20000652980922246 
-0.8119197247707313 1.3541358822006786 -0.6128958589989096 -0.7990922889053546 -0.4579479803507978 1.5621111999063897 0.4605532527294248 -0.6949444818042191 
0.2891820693416016 0.25093930167707185 -0.01328387253837918 1.2644885787959785 -0.5145370891216334 0.06613828840606924 -0.2810609009530494 -1.061866375603974 
0.3817119654484069 -0.7070247299587361 -0.32290664600186714 0.014782425668558974 0.17785222631402572 -0.732914795536339 0.23591027295621894 0.9525892811032594 
-0.3742872562834256 -0.9114077114274368 0.189935164714472 -0.49033844004532223 0.668244143149674 0.3185834156725328 0.20134022330514098 0.39793046091415124 
0.1685514524186867 0.2980708897998678 0.1323124930985986 -0.20010074932378366 0.4118804832466303 -0.16931957621959107 0.027265045500328156 -0.6686600385209667 
IIp_1I_4
0.5490402959483459 0.38508521004533586 0.5477404070970041 -0.674028156420401 1.1580342417851681 -0.7410320986520237 -0.37160580686519545 -0.8532340929394604 
-0.2576993208299117 2.5946945440535436 -1.0780073247328734 0.17835495418441566 -0.7493827937919351 -0.19124455763622472 -0.4458288009563022 -0.050886700285725894 
-0.16193748861145976 -0.85414163808294 -0.29156239433456693 0.06584121685084307 -0.12334894889549233 0.06908385571755783 -0.3670287780976429 1.663094175450492 
0.10739461575562205 -0.0023246948516698245 -0.7464769694615107 2.7990318974726214 -0.5698378087643263 -0.1226669336986768 -0.2802308688667728 -1.184889237576516 
0.9222069192531871 -0.7114126776852561 -0.42262603452333053 -0.03945737652718388 -0.13911395217148778 -0.5301821327269028 -0.09971170005704555 1.0202969544245448 
-0.09303795660096954 -0.6299703977498408 0.11536989531854687 0.5904276161517071 0.15714350935412782 0.028372522212192882 -0.12159140716817768 -0.046713781518411795 
IIp_2Ip_5
-0.030043181140056347 0.03539838307869651 -0.00837843078548915 -0.022243947163305463 -0.04173627483879877 0.048183011085017366 0.047623768021973795 -0.028803328257503875 
-0.026749516219366668 -0.05955950622203685 0.10935383016544488 -0.07494306737298288 0.008047664748618589 0.04468949473687464 0.04313783553165705 -0.04397673536820674 
-0.01158637705605707 0.22969467274011776 -0.04738867942091323 -0.012273716082665843 -0.05009754955932105 -0.03772943517269326 -0.029951665299283947 -0.04066725014838406 
-0.006838394158149979 -0.042444840351381366 -0.01592941967308756 0.07469953891670979 -0.024551105840015533 0.001589640594840949 -0.011150517539951742 0.02462509805110362 
0.011041121032606823 -0.04109164195803155 0.06246773340693074 -0.01838618722995192 0.01705687700136329 -0.010993961965303216 -0.008111622325955508 -0.011982317961817476 
0.002399135944045842 -0.039637326217697416 0.009865556279016335 -0.03995153860027342 -0.02143630151201186 0.09557542343427389 -0.008462505724310227 0.0016475563965962078 
IIp_1II_4
0.1788211054572987 -0.6456866016859099 0.6303260360350598 -0.8633674843131646 0.4700009655013662 -0.026000739822348785 0.15353094907912043 0.10237576974507477 
-0.3184199643239639 2.2125742953223404 -0.8061110872758284 0.058933310644288014 -0.42317277800398784 -0.4265318580966379 0.0019620766176592073 -0.2992339948776112 
0.20615922265952297 -0.5996499517576424 -0.14807634100946582 -0.026862639185294905 -0.15788448354012302 0.08438600563872103 -0.18918890215242593 0.8311170893446533 
0.1003409049795866 -0.3786257421312061 -0.013999874626120136 0.045549931305411864 0.24273675714566506 0.040419161175870556 0.5546141694386172 -0.5910353072861065 
0.4569037271708148 -0.7832699354862809 0.21477850747913485 -0.24607556531699845 0.8990960895557996 -0.5640234227807732 0.1300175914554955 -0.10742699208668242 
-0.547771427099634 0.44011952634858353 0.03748495517707951 -0.4456181304399141 -0.49592248733401517 1.1171020950499282 0.314969543788599 -0.4203640754878819 
IIp_2I_5
-0.09281570143074908 -0.6339379881308839 0.11713813356950437 0.589646609283297 0.16040848837088592 0.02999589770966577 -0.11956221441521642 -0.05087322495636066 
0.563372347338706 0.3842601131097091 0.5454845356468476 -0.676505264402893 1.156584749093688 -0.7428083449808186 -0.36933795273603803 -0.8610501830693473 
-0.2517742828983714 2.5950920106294384 -1.0798921944642978 0.17518691419967117 -0.7494439810332023 -0.18774937604365977 -0.4446845896936755 -0.056734500689215664 
-0.1558984320288615 -0.8455847979027215 -0.28634271693345176 0.0323369783442185 -0.12472998601527091 0.07420566659498751 -0.362196559197328 1.6682098471340516 
0.13550469436851628 0.01695690798297074 -0.729964677200493 2.7363650050510797 -0.56260603109626 -0.14703608816768726 -0.26466726696808657 -1.1845525439645574 
0.9379430686461032 -0.6991961975432123 -0.41281815936993776 -0.03168643365112597 -0.13462544910610838 -0.5862133044300925 -0.0916133342688215 1.0182098097149683 
II_1II_4
1.3864701940633066 -0.5884729754749798 1.3245665209695823 -0.6957564060928921 0.21973988854521392 -0.9514787098157836 1.1116896465517045 -1.8067581587485426 
0.4097960475316598 -2.049510729823494 1.2746100681467676 0.01508814807936366 1.9209065710179658 -1.5307296625322855 -0.060356065967456796 0.020195623537300263 
-0.8785819748886382 0.14461011387030365 -1.3593685870856569 -1.2109617700499167 -0.733749658168403 3.0355162036860963 1.741436439186033 -0.7389007665408587 
1.3901648602803134 -0.583005061443969 1.330938793736789 -0.7278339928139795 0.224084249737714 -0.9459504714032241 1.1165658090216548 -1.8049641871162487 
0.41480124942733787 -2.042342446242614 1.2790372514121828 0.021669107660351284 1.920461158252569 -1.5596180239650357 -0.057865738631977345 0.02385744206538916 
-0.8792556982132066 0.14176598731376 -1.3574264556098359 -1.2134984889386566 -0.7291242424507888 3.036963290435945 1.742846208187813 -0.7422706007213783 
I_1IIp_4
0.11536030946692126 0.009357631778148232 -0.7342979342391817 2.7316492538359136 -0.5619157546802436 -0.11273836533418168 -0.2693931481773868 -1.178021992648988 
0.9316833234880932 -0.6965100548999389 -0.4141586070324965 -0.02941268963305302 -0.13721762079140884 -0.588267767688068 -0.09326562327482249 1.0271490398254182 
-0.10434835997574955 -0.6340071923646217 0.11831915275444987 0.5883252107073377 0.16423880610732886 0.032666113931080515 -0.12009730186256404 -0.04509642930138317 
0.5470872743013979 0.3820883533083252 0.5428124139564725 -0.655295185435018 1.1542934068417847 -0.7459446607247106 -0.3738586509901603 -0.8511829512630712 
-0.2616599011611906 2.5903531647305944 -1.0814251307354148 0.1707323712747536 -0.7462907055663386 -0.17177638464838865 -0.44606826667171356 -0.05386514721454908 
-0.1714392117187248 -0.8505430794350609 -0.29382699064698825 0.07054889684327872 -0.12867106124826191 0.0694925926933436 -0.3693193441628853 1.673758197671167 
Ip_0Ip_3
-0.025166323353740225 -0.05669333985785857 -0.04159156123946289 -0.06506518064584842 0.06890871210941626 0.13912111172507932 -0.02520559136428206 0.005692172626576263 
-0.04324073371298059 0.2767608948585998 -0.052940810578162405 -0.07302646828515208 -0.06592753595992412 0.023398786564342314 -0.03519730484666871 -0.029826828039124217 
-0.025610382977537448 -0.05922422410508751 -0.020847589866638958 -0.005857942128161818 0.10337982591493883 -0.028121888366293223 0.07875756311216306 -0.042475361583113484 
-0.024980593419564368 -0.056418469205553934 -0.041271228702725385 -0.06667771279935474 0.06912710204532613 0.1393990148687528 -0.02496046791295568 0.005782355125764624 
-0.04298912348222926 0.2771212426573704 -0.052718257197439125 -0.07269564511498176 -0.06594992674656845 0.021946575957881482 -0.03507211672259039 -0.029642749349741808 
-0.02564425087824367 -0.059367197626113546 -0.02074995940959395 -0.005985462343648832 0.1036123443906623 -0.028049143682139645 0.07882843184258051 -0.042644762293141056 
II_1IIp_4
0.09987153342246942 -0.3793284519698329 -0.014927518469814018 0.04975962013799747 0.24207546349269268 0.039566124013822854 0.5540192918912457 -0.5910360625187303 
0.45616829325991354 -0.7842224139996116 0.21413447096974536 -0.24722543108474884 0.8993690116457763 -0.5600355455959386 0.12978277707063599 -0.10797116226942842 
-0.5484323840761101 0.4406395122539876 0.03714447293119184 -0.4450408965290866 -0.4967279870679364 1.1170071404912285 0.314673414823967 -0.41926327282419085 
0.1797458236726163 -0.6443261310966465 0.6318028097406494 -0.8712614695155492 0.4709789077496253 -0.024767834661825923 0.1547759693272109 0.10305192478213315 
-0.31726681064390516 2.214326589104174 -0.8050846370491611 0.06026660516860194 -0.42306792126653997 -0.43344428065176316 0.002666924888069638 -0.2983964695410212 
0.20524405305836593 -0.6002031257834461 -0.147684008579538 -0.027242572620590502 -0.156944698486645 0.084837073025816 -0.18895309008895672 0.8309463694704419 
Ip_2I_5
-0.15118104751850825 -0.1523640688402849 -0.02789147403261186 0.46183062793151897 -0.05426217875499166 -0.032577382068443225 -0.04448025788886567 0.0009257811714004293 
-0.054114324824336 0.8555008904457739 -0.2430726833447741 -0.10994053415165735 -0.03360022525103905 -0.15182570194997977 -0.1594948095512998 -0.10345261137103681 
-0.02174711833352605 -0.09477939196056548 0.17120557510993423 -0.15627552556234417 -0.14105182322079413 0.13655234838578487 0.046462341873010335 0.05963359370856845 
-0.12589666452970957 0.7704492354605277 -0.19485051540141815 -0.11437012506215302 -0.18382075244589818 -0.02506542664313 -0.13368792161874965 0.007242170242659673 
-0.1237464932522295 0.15931265522210103 -0.08802048107220801 0.03251782823656488 0.05737974415571808 0.20034571500851128 -0.10149350539850333 -0.13629546289786543 
0.15985363188358603 -0.07644592282951383 -0.09467714758134754 0.2384035268618562 -0.031055277336203252 -0.11631546206240422 -0.08690741109176457 0.007144062155245669 
IIp_0IIp_3
-0.09760875450188332 0.39119589114871484 -0.12164113519374298 -0.0665693897706597 0.07809316699430248 -0.07962154146158336 -0.05003988226315077 -0.053808354950779666 
0.039952270148233555 -0.1198792552441965 -0.07226780122801392 0.015080518856941378 -0.06073783759121256 -0.039468857951837875 -0.03645606705940838 0.27377703006847426 
-0.05749160992575549 -0.1249115986638875 0.27808805087490773 -0.1761031561970008 0.009617109151398876 0.008809707867873188 0.12078214530452211 -0.058790648412051824 
-0.09703717325818131 0.3920418016907533 -0.12065531634583293 -0.07153193464907197 0.07876525893106893 -0.07876629847027693 -0.04928551831107809 -0.0535308195858665 
0.04072659707178661 -0.11877028999414285 -0.07158289634914876 0.016098622480371055 -0.0608067449204652 -0.043938015538805456 -0.0360708023797543 0.27434352962931047 
-0.05759583791078933 -0.12535159765116696 0.2783885072246159 -0.17649559785521082 0.010332681469375512 0.009033578603743132 0.12100024281932174 -0.05931197669943105 
Ip_0I_3
-0.022899875034238765 -0.0945565656520721 0.171180588500382 -0.1559486311420806 -0.14125855246540603 0.13684206166399226 0.04624831821668474 0.06039265591277491 
-0.12512348054442754 0.7714667150670748 -0.19378306421728533 -0.11974025268954584 -0.18342360956125306 -0.02454003165548918 -0.1328501979578067 0.007993921560681395 
-0.12216120714034497 0.16040221254131712 -0.08723435882673491 0.032978380146873015 0.057851982187925796 0.19541744987041565 -0.10078760640849518 -0.13646685236929343 
0.1581047308858163 -0.07743732333932635 -0.09517242503083229 0.24239902499833407 -0.030989291995640378 -0.11647648683392303 -0.08749503620075351 0.007066807514663297 
-0.15171545967787398 -0.15325101313914283 -0.028538534819193214 0.4613795200171628 -0.054588562262024076 -0.02933110799438347 -0.044839115417332286 0.0008842732938731034 
-0.05334197971338869 0.8556678127447478 -0.24333196203389584 -0.11033658582650203 -0.0336426682661901 -0.15174802531371726 -0.1594177560403395 -0.10384883554809735 
II_2II_5
-0.8564080191182392 0.14261114733959324 -1.3589490946655864 -1.2131454988502859 -0.7345459477207894 3.0320825199603973 1.7433542369196415 -0.7549993438589797 
1.4016311388643046 -0.5894229752845517 1.3252772675624358 -0.6982899005203558 0.21990108105387615 -0.9507277839064988 1.112627331069648 -1.820996158838847 
0.4218060400806218 -2.049176321416653 1.2749426698674446 0.018724411966386717 1.9158963696011007 -1.5340385241976469 -0.061053386093499216 0.01289874018127069 
-0.8538022777767403 0.1464675091340028 -1.3544549147820555 -1.2357688940220681 -0.7314819952831927 3.035981426798296 1.7467932534341295 -0.7537341074957652 
1.4051611631579992 -0.5843673919711336 1.3283996320155493 -0.6936485398558832 0.21958694429897185 -0.9711019106209556 1.1143836869924235 -1.818413584023071 
0.42133088248402956 -2.051182201708384 1.2763123990877963 0.016935337421547406 1.919158541675334 -1.5330179357203613 -0.060059116745793846 0.010522093490394542 
I_1I_4
-0.31330557790001756 0.47054552137188776 -0.5029371693974647 2.511788205695686 -0.4929336455224831 -0.23597812448181787 -0.7941483890408637 -0.6430308207203624 
0.08655187973163855 -0.5421275904094814 -0.15077118705529052 -0.11502503916080117 -0.12567191788028817 -0.3536767662318617 0.07731557428896488 1.1234050467140564 
-0.4054396460761675 -0.7280118489400907 -0.08630877548213266 -0.25167854242454407 0.15630156158250683 -0.08042011061615158 -0.16982179047438686 1.565379152427989 
-0.3200304249044608 0.46059309721927094 -0.5145356621749276 2.5701742276910573 -0.5008410348876915 -0.24604034806225297 -0.8030237365430569 -0.646296118326893 
0.07744166110485987 -0.5551749423357738 -0.15882932502671576 -0.12700337326247235 -0.12486119980286126 -0.30109561289968695 0.07278280479079642 1.1167399874294872 
-0.4042133685147734 -0.7228351117652504 -0.08984374624147823 -0.24706133334044092 0.14788261079934403 -0.08305402567856382 -0.17238778163471555 1.5715127563759754 
I_2Ip_5
-0.12461250820086772 0.7713897923371494 -0.19352410638897424 -0.12022969032874284 -0.182954236338461 -0.023916851416186668 -0.13284595978535524 0.006693560125019293 
-0.12206468471960814 0.16060799576982232 -0.08709635643831207 0.03418568908326173 0.056857407904875944 0.1946755545346295 -0.10116557074510032 -0.1360000353885993 
0.16163336426347946 -0.07724260771076946 -0.0941677212703357 0.23751414323372838 -0.029956325424110513 -0.11628623274510189 -0.08643337893997652 0.004938758592071212 
-0.15195989292857148 -0.15447664734639444 -0.030123169874014782 0.4738823199493466 -0.05582143649782556 -0.03451562572816047 -0.04636101336309318 -0.0006245342097739643 
-0.05522728572708103 0.8527936552188508 -0.2446205781684572 -0.11194730323496249 -0.03387385505483535 -0.14136538232806353 -0.16055740636246812 -0.10520184433983176 
-0.019591197061958644 -0.09398799345707258 0.17063056770546178 -0.15574847393739416 -0.14253557840862924 0.13577356358023754 0.046149197123673484 0.05930991445612137 
II_0II_3
0.4105676714646605 -2.0492928692328642 1.2747795828514847 0.017797457959777024 1.9186728491472604 -1.5333276537009528 -0.060947760114433126 0.02175072161635334 
-0.8725881465641926 0.14323571458579804 -1.358908171312918 -1.2143037083178616 -0.7311082382575986 3.035727821194943 1.742766348710795 -0.7448216200348856 
1.383258510444729 -0.5879003386449596 1.3250523462262707 -0.6951212080494732 0.21971045277589527 -0.9499391507960954 1.1108953795906211 -1.805955991552967 
0.4123858626587241 -2.046602040736033 1.277915457529709 0.002011678591411287 1.9208107633188847 -1.5306071388257154 -0.058548139920286964 0.022633557366769703 
-0.8701250244610296 0.1467633160880125 -1.3567294993664045 -1.2110651362604163 -0.7313274314172474 3.0215114992574414 1.7439918697659393 -0.7430195935942794 
1.3829269628185006 -0.5892999686944622 1.3260080932801248 -0.6963695589624891 0.22198667737654865 -0.9492270214086549 1.1115891444501265 -1.8076143288623432 
I_2IIp_5
-0.16620459852490782 -0.8519195331110037 -0.2922871170533288 0.06976159675773247 -0.1275087201724882 0.07062848539982586 -0.36890219097402155 1.666432077674292 
0.1252840049732102 0.009100683121331433 -0.7341325485152158 2.7337411448555544 -0.5650438716684132 -0.11614725497966473 -0.26940235787127886 -1.1833997999080206 
0.9457981821418562 -0.6981229708289656 -0.41371087974286214 -0.032784828383038284 -0.13589525517984952 -0.5888514135584098 -0.09161791118377778 1.0151850767251014 
-0.10178942394422198 -0.6383007754769748 0.11349182913830595 0.6155027706569813 0.1591965041145206 0.028412419754440525 -0.12450930754194754 -0.05200401670132265 
0.5549567333558136 0.3789890571808071 0.5429132831748388 -0.67675576812278 1.1539862749142997 -0.7223378070065796 -0.37317493228750176 -0.8585768412174529 
-0.24416214090120636 2.595139531883021 -1.0800845047733723 0.1731736774716556 -0.7490456777349647 -0.18986560797891178 -0.44418074768377 -0.060974530274396296 
I_2I_5
-0.412188093309561 -0.7258058504101721 -0.08905512961017219 -0.24726803264194744 0.15113684878881486 -0.0814948975935434 -0.17080588820442202 1.5754810429804047 
-0.3097264282361045 0.4701028672289923 -0.5054213860178801 2.5081241056162242 -0.4919034139640435 -0.23515099225216468 -0.7920672451191192 -0.6439575072496141 
0.07905013765396886 -0.5405103391395464 -0.15304716614588215 -0.11610996400903778 -0.12590160854940516 -0.3491780216729875 0.07725674597489542 1.1284402158841336 
-0.405882210624144 -0.7164734716810861 -0.07817923388614216 -0.30201655032593694 0.1585516003291093 -0.07205956004469107 -0.16248348323323494 1.5785429094626462 
-0.3011837848334272 0.4823373568083346 -0.49786527765212624 2.5193561781910168 -0.49266362353941195 -0.2844562900731096 -0.7878168714413241 -0.6377076874528794 
0.07790025834327824 -0.5453645606988933 -0.1497324274028117 -0.12043951660612484 -0.11800716635051006 -0.34670820200596225 0.0796628734630842 1.1226887412552942 
I_0II_3
0.38234699136853345 -0.7060708118553332 -0.3216047106363978 0.009033593987665199 0.17879034493843407 -0.7317008445659328 0.23670533425450527 0.9525001025049001 
-0.37325272796624126 -0.9101024711177416 0.1908389048529771 -0.488658139138723 0.6677889933173371 0.3130618726737149 0.20162552427746047 0.39869804309972523 
0.1697421285595504 0.2973043806113585 0.13281036986646583 -0.2009829515087508 0.4130567872853995 -0.16922640471444517 0.027712159099470293 -0.6704164691984745 
0.8277998949401367 -0.8573063530539223 0.30274552702366947 -0.583633745667048 0.8616416189155002 -0.6609535299802303 0.31080590318307516 -0.20109931537119347 
-0.8136852716509663 1.3514309479996423 -0.614468831351583 -0.801093594072234 -0.45815395157587346 1.57275076010195 0.4594453823670605 -0.696225441805671 
0.2907496485538999 0.25176389078831174 -0.013872488242250175 1.2650255009116904 -0.5159483953536195 0.06542191180411228 -0.28140245868061703 -1.061737609779566 
IIp_2II_5
-0.5455961019701182 0.44027351271951526 0.037186342046380064 -0.4455131343808685 -0.4966115121260941 1.1164440931518655 0.31503127722071594 -0.4212144766535541 
0.17991584203821712 -0.6457907827389998 0.6303442595547727 -0.8639342356453127 0.47030718935611426 -0.025603229261391594 0.15369214777505186 0.1010688089201793 
-0.3183077982796654 2.2127868137922753 -0.8061583095929864 0.05963826705812164 -0.423901710218112 -0.42678798901047976 0.0017365795514981402 -0.2990058532913421 
0.2089621877262592 -0.5988067672653674 -0.14688965429802361 -0.03329508795109271 -0.15713250185708047 0.08498571188693993 -0.18800050535526483 0.8301766171083605 
0.10192491924394129 -0.3780521035748778 -0.013951693406989029 0.050419295066480414 0.2423930446541924 0.03450828309168619 0.5546246056797403 -0.5918663507530594 
0.45623601801239916 -0.7845380357292795 0.2145326855030385 -0.24671552000263006 0.899320154890659 -0.5602508842372946 0.12974179123553164 -0.10832620967666164 
I_0Ip_3
0.1586057783259178 -0.07671664426646059 -0.09461355027049853 0.23839663598597768 -0.030682880457270804 -0.11611639193478335 -0.0867701957635697 0.00789724837951451 
-0.1512940634953818 -0.15238698773816303 -0.02814908707705074 0.4614608128303103 -0.054089767280334294 -0.03242706488906255 -0.044290578320959624 0.0011767359708528883 
-0.055363061701605716 0.855692241817799 -0.24331092093375506 -0.11002154347394692 -0.03357860079671759 -0.15132202875227066 -0.15952908141043007 -0.10256700474664582 
-0.02222391731693442 -0.09357702845707645 0.17204113489505973 -0.16146961459698694 -0.14074647324941775 0.13746387051950268 0.04720400249176177 0.061308025714944904 
-0.12446513163055344 0.772670096284012 -0.19318402789329242 -0.11934740873820537 -0.18294590099573194 -0.029003600942635346 -0.13218376554431863 0.008459739462969714 
-0.12421418406217437 0.16029199698468716 -0.08712137471076792 0.03317333094632291 0.058135022819628776 0.19591195339010017 -0.10083219149080642 -0.13534455387636138 
IIp_1IIp_4
-0.0566665612204559 -0.12509700622298064 0.2781295209182827 -0.17639145684883564 0.009837596785006536 0.008610225634221225 0.12095016070213246 -0.05937247974710959 
-0.09784820021186143 0.3911789673330073 -0.1215612545516508 -0.06683870663529365 0.078395177791964 -0.07925351399969184 -0.05003424573787407 -0.0540382239872845 
0.03936645836558965 -0.11973437573375098 -0.07224239333882791 0.015649822133550293 -0.061146312604588485 -0.039697702290235885 -0.03666044638078498 0.2744649498481448 
-0.056356148908611965 -0.12463761213008365 0.2786648959170436 -0.17908649809678726 0.010202594087073356 0.009074687960521043 0.12135983799808078 -0.0592217568268063 
-0.09742768149627562 0.3917812202424716 -0.12118929884250929 -0.06628579853531893 0.07835775584430642 -0.08168060822969939 -0.04982501756393914 -0.05373057141773813 
0.03930985460159505 -0.1199733288211454 -0.07207922257155826 0.015436696311525873 -0.06075770213156719 -0.03957612336613373 -0.03654200275707844 0.2741818287332959 
II_0Ip_3
0.017399578749835415 -0.08217942020837568 0.05325654800468027 -0.03851203334408794 0.06767863328397906 -0.027868503778297717 -0.023130019145106116 0.033355216436838364 
-0.04814817484564563 0.015866784824187057 -0.012035434323481002 -0.06450713393143642 -0.03053731356278931 0.10276602882235644 0.061809180824812446 -0.025213937807637605 
0.021590567522241696 0.07560440049418209 -0.0019953844330026 -0.03188165238287034 -0.006997295815707106 -0.050954207211884164 0.05211380190474192 -0.05748023007742435 
-0.018471473773667778 -0.05943627773320033 -0.006255455665022778 -0.06001850435499051 -0.012507560314178925 0.1592333418180673 -0.012916956977507136 0.010372887000422503 
-0.038105129375709174 0.13756225557425888 -0.058840182602221555 -0.06303959721224331 -0.03887024897898802 0.08788405514489506 -0.006435608490332549 -0.02015554405877382 
0.0006494174898781409 0.024799655488938515 -0.018369495623420527 0.08874625739124542 -0.028485152478012612 -0.03035934227903299 0.027329912457681464 -0.06431125244695572 
I_1Ip_4
-0.12298225765704654 0.16056410141133667 -0.08728882862944361 0.03322940444423979 0.05766865453114364 0.19557544165883173 -0.10092697313082633 -0.13583954262760403 
0.1586266666240874 -0.07671750312299463 -0.09443401243870767 0.23844968357828447 -0.030627046018264575 -0.11601371645999893 -0.08686363542348975 0.007579563260369592 
-0.1508530956985434 -0.15241671549367766 -0.028008257023575678 0.4617990923427442 -0.05432526981691205 -0.032823164388719975 -0.044375210376613676 0.0010026204555987873 
-0.054431464005064184 0.8551949407013225 -0.24345027974839398 -0.10883326076991322 -0.03344503924999438 -0.15167600087307792 -0.15961580111769744 -0.10374309493545905 
-0.023099293068325047 -0.0948925432142471 0.17088180513035725 -0.1560972881637017 -0.14143298438989854 0.13801554966561685 0.04613020074346631 0.06049455329740406 
-0.12487153034100773 0.7715192719963477 -0.19391759958793872 -0.120042030148686 -0.1833306531787009 -0.02438884548463275 -0.13277586970221436 0.007807256450642986 
other
-1.3053748732821706 0.846033275981076 2.2068937988612882 -0.5399932203772818 -1.9534463345672541 0.628614278938517 -1.8726808074012848 1.9899538818458107 
-1.3046583136051242 0.8462506651574615 2.206660859706195 -0.5374319675765081 -1.955780156158012 0.6258156658016382 -1.8730575282070336 1.9922007748808501 
-1.299714092324026 0.844957659685099 2.2068020005528366 -0.541492068552401 -1.952642218251049 0.6269087658370599 -1.8715533581587278 1.9867333112147287 
-1.308623387426854 0.8412256438351807 2.201291014467612 -0.5117891856681109 -1.9572660893042548 0.6237536069250667 -1.8769681453706994 1.9883765425467632 
-1.3090591087526136 0.83994799280653 2.202768284134314 -0.5432182386587922 -1.9553885295307945 0.6512155924108509 -1.8752471342772579 1.9889811418779846 
-1.2991217249437532 0.8474583416969501 2.205094392557052 -0.5392616729747387 -1.9567090885736924 0.6256364230859707 -1.8727928894932102 1.9896962186490204 
Ip_0IIp_3
0.0019094409096452529 -0.039708865413169245 0.009889581660003532 -0.039954292664756724 -0.02130560315083122 0.09565865161166054 -0.008432483870992857 0.0019435709180555837 
-0.03020085177060244 0.03540000346229081 -0.008448709096107053 -0.02232270354920499 -0.041687963061598936 0.048222039616967166 0.04766470681121934 -0.028626522412895684 
-0.027178238824425386 -0.05951064379219221 0.10929061482313353 -0.07498321139283481 0.008086828593283791 0.044841315598551944 0.04313104980578872 -0.04367771481121742 
-0.011890881643799141 0.2299920629633764 -0.0472046670484363 -0.013453643010360823 -0.050027322529795436 -0.03749519843068775 -0.029795296318875456 -0.04012505398086374 
-0.006602314701824126 -0.04187023801038031 -0.015491996126611101 0.07324163850370147 -0.0242978395417554 0.0007351182457834707 -0.01075765536243441 0.02504328699357541 
0.01084198539540068 -0.04079056865497144 0.0627110397847382 -0.018191753383755144 0.01726169329258711 -0.012266750478049931 -0.007933054066222934 -0.011632591890164098 
Ip_1Ip_4
-0.025298817542444715 -0.05929391198743397 -0.02073174009317759 -0.006000418457854898 0.1035430468284506 -0.0280563393877744 0.07877652342889442 -0.04293834278825585 
-0.02510399955547459 -0.0566789571994957 -0.04149465115765163 -0.06485600438288591 0.06878361711005515 0.13899356641587948 -0.025290209900029587 0.005646638669361004 
-0.042624038858362946 0.27665344219009796 -0.05284256260221287 -0.07309245194745681 -0.06586022434407769 0.02322474020572353 -0.03514727055005544 -0.030311634092308495 
-0.025636139749869703 -0.05979313132761128 -0.021313527185710186 -0.0030717418933943834 0.10314640761363075 -0.028561066330628906 0.07833133087520526 -0.043102132000983936 
-0.025560973380239445 -0.057333419903129776 -0.04189885200946917 -0.06545684453538587 0.068824283196869 0.14163106741765233 -0.025517576234339322 0.005312315448579618 
-0.04256252806809574 0.2769131103148336 -0.05301987877596956 -0.07286085007471997 -0.06628252377492665 0.023092621505826572 -0.035275982147817485 -0.03000396897791642 
IIp_1Ip_4
-0.026923731921544236 -0.05956586709268575 0.10936562256051531 -0.07508985873187883 0.008200846973571112 0.044868981978450934 0.04315353316206268 -0.04400952692835078 
-0.012007081210710677 0.2297766682714127 -0.047398881803888716 -0.01203216425834806 -0.05026542194827536 -0.03777900259836483 -0.03004606369034766 -0.04024805276080272 
-0.006446846058492188 -0.04222118909846431 -0.015609397581544124 0.07296649157282387 -0.02426366282194917 0.0017888914789894374 -0.010839848137190179 0.024625560645772378 
0.010932186537669647 -0.041013672089792216 0.06237614519311446 -0.01653006853265337 0.016961697162026067 -0.012585000610230644 -0.008221121182944897 -0.01192016647756772 
0.0016840446761954364 -0.04007345251409806 0.009725307834809366 -0.04018183721484547 -0.02134351251470332 0.09709957894464108 -0.00861376063931183 0.0017036314272769301 
-0.029806407790531946 0.03548884410980372 -0.008486466597283072 -0.022197952977880294 -0.04191201604299498 0.048023244847558044 0.0476108452454053 -0.02872009079372332 
II_1Ip_4
0.0006443978616235052 0.02479442982398736 -0.018279751764425905 0.08870410493081518 -0.02839924818790839 -0.030238861038451116 0.027295682358064014 -0.0645207539834252 
0.017476657017286557 -0.08215943329668059 0.05331945229741459 -0.038246730640497315 0.06748606542519563 -0.02808255927709745 -0.0232094682557726 0.03341601672969666 
-0.04747620853686906 0.015731459734922237 -0.011955712148165078 -0.06472830147064398 -0.03035413178556748 0.10268157921768904 0.061910327956190246 -0.02580901296698175 
0.021194608350602204 0.07501955248120162 -0.0025781344754205807 -0.0285343923538308 -0.007367990473349923 -0.051417280683161905 0.051564925478555325 -0.05788128832425161 
-0.018925589974102035 -0.060177150420398805 -0.006664169894042089 -0.060430589345231434 -0.012655519161703469 0.16206986812666568 -0.013262431216637293 0.010045581885620427 
-0.03736479623847177 0.13772349413735158 -0.05896828111615549 -0.06299636199067404 -0.039175756917921634 0.08766309258691764 -0.006484903784591173 -0.02039648667586777 
I_2II_5
-0.8111819039821268 1.3540392269745896 -0.612688077045474 -0.7996955962285115 -0.4574493935763783 1.5627651294109466 0.46061578288689287 -0.6964051684274082 
0.2892092107491894 0.25118814617457197 -0.013196315355549153 1.2657110819643393 -0.5155893542477253 0.06546885970494772 -0.28144913258213183 -1.0613424964043316 
0.38547894113913334 -0.7065360829709831 -0.3216562753761213 0.008436387538844627 0.17896647332084756 -0.7325192457651196 0.23720309906733883 0.9506267030393769 
-0.3739465171362798 -0.9121342709261747 0.18871525453173418 -0.47865579348934884 0.6671575645211493 0.3122175205640012 0.2001517415981272 0.3964945003340887 
0.1667239410918597 0.29533161528629975 0.13120789768004665 -0.2016083995050742 0.41179970108371866 -0.15971581539276836 0.026262266315131524 -0.6700012065569866 
0.8325797677753346 -0.8546922842749911 0.30445976128939595 -0.5956304129282375 0.8618767946012527 -0.6601575576741323 0.3126813712121956 -0.2011174400053421 
I_1II_4
0.28809454407044705 0.2511890931237064 -0.013763700891306449 1.2650233278954268 -0.5151810570477641 0.06580999839492568 -0.2811001884847067 -1.0600720170594233 
0.382083536458299 -0.7061255302126135 -0.32217180032191 0.008167627809506858 0.1792144885387359 -0.7313173676098 0.23713270346792936 0.9530163418648675 
-0.37611042277073786 -0.9096549768874517 0.1903080780616964 -0.4887650315293178 0.6677807213405194 0.31415919482127325 0.20152257423956854 0.40075986272325276 
0.16884444919695002 0.3000375213091423 0.13476198918405471 -0.21303318351447184 0.41381675786430056 -0.16714854806617446 0.029453830979506317 -0.6667328169528611 
0.8309821624143082 -0.8523586455099422 0.30641453580141614 -0.5941078602961704 0.8635479824615176 -0.6701785875503722 0.3141105706144934 -0.19841015794819605 
-0.8149004432672884 1.3534680946103919 -0.6125167189044869 -0.7997108929773264 -0.45645544064515015 1.5633771026698948 0.46086788813263213 -0.6941295896090969 
II_2I_5
-0.3613675358510328 -0.9107462067056832 0.19062574421717088 -0.4898055596814884 0.6667913068683107 0.3121619511424809 0.20254911510853021 0.3897911848968522 
0.17928749237936412 0.29716676180021095 0.1325966407374564 -0.20103213082270727 0.41130289918935825 -0.16987079707148725 0.028079340982923896 -0.6775302071945849 
0.8399318819487838 -0.8554812417005423 0.3048942134619006 -0.5955534655622066 0.8610807000645121 -0.6605099554704008 0.3131373854175301 -0.20749951816675757 
-0.799035104360383 1.3547876847887461 -0.6115229806602277 -0.8070931033604803 -0.4583238306253234 1.5620628971698616 0.4624427698227303 -0.7033183327654553 
0.30118728114227517 0.2521847864364555 -0.012325439763238183 1.2655175463147779 -0.5160340542150789 0.05869307911333394 -0.2799233626621506 -1.0692998363640578 
0.3929098637488219 -0.7069923501685513 -0.32144900302517465 0.008810066280443195 0.17762932318083427 -0.7330409157830264 0.23749420627524806 0.9446388094824458 
IIp_0I_3
-0.25894955584222523 2.5942592039424754 -1.0789837123749733 0.17289555897571784 -0.7452900732721632 -0.18661260053323672 -0.4443254575017723 -0.05299336338237975 
-0.17485229393796364 -0.851381238015475 -0.29296268586285823 0.0710906727327948 -0.12765992413518845 0.07007593022407105 -0.36928751144211014 1.6749770504332444 
0.11773623157661782 0.008970531159457526 -0.7345383388440203 2.7312039443972345 -0.5618736323787936 -0.11367481916941694 -0.2688935736468042 -1.178930343092645 
0.9304024436461209 -0.69837580895085 -0.4162268280571431 -0.02084490926629215 -0.13733609014456993 -0.5885393984415787 -0.0944670298952675 1.0253876210963826 
-0.10896013483841628 -0.6355011715971572 0.11669036362932321 0.588222910502037 0.1627792305605155 0.04154618572701192 -0.12164698584012708 -0.04313039814332973 
0.5517615279464728 0.38568536981576435 0.5455567088908427 -0.6730492861430765 1.1553288720712969 -0.744216729736589 -0.37105104146083717 -0.8500154213834444 
I_0I_3
0.0852124606866199 -0.5424813477391427 -0.15171350007758289 -0.11965924927419658 -0.1222200767044047 -0.3498016624162644 0.0786307689461738 1.1220326065750375 
-0.4168881099802359 -0.7256506494924981 -0.08758427288872143 -0.2474569557939278 0.15284663846786836 -0.07930050823454449 -0.17168673801728043 1.5757205959376592 
-0.3121651533496262 0.47045244632523886 -0.5043778561128365 2.512192278723548 -0.4941715694951098 -0.23819673688009715 -0.7934145896778955 -0.6403188195272761 
0.08464062213261284 -0.5433276390872837 -0.15269976271461688 -0.1146944703888077 -0.12289247119873319 -0.35065729041489496 0.07787606539985716 1.1217549462714995 
-0.4176627854850456 -0.726760113969138 -0.08826948609340403 -0.24847551774044094 0.15291557681763254 -0.07482933875072934 -0.1720721761326563 1.5751538413539496 
-0.3120608784439817 0.4708926433883584 -0.5046784477201228 2.5125848970485425 -0.49488746394489913 -0.23842070839672594 -0.7936327853745029 -0.6397972565517566 
Ip_2II_5
-0.04814242747864997 0.01587050698690947 -0.012088533917789067 -0.06448064760523736 -0.03059009012921661 0.10269291991274904 0.06182883117544509 -0.025090558943861543 
0.021548607466353238 0.07559183975606704 -0.0020318425725841813 -0.032039770026466054 -0.006882224530856388 -0.05082777023021644 0.05216119226076403 -0.05752003212273534 
-0.018870486132016907 -0.05935939000355413 -0.0063055120403682 -0.059868913847729605 -0.012618430948954913 0.15928007139476283 -0.01297994393092844 0.01072260550860578 
-0.037871430549267886 0.13790347028298258 -0.058497733735120766 -0.06502071845549384 -0.038651383371604967 0.08817274615589146 -0.006112767091061603 -0.01992218323580112 
0.0009205118027617404 0.02523651127293724 -0.018130497784295922 0.08900069154316724 -0.02840054051752746 -0.03203836033519165 0.027532068342275257 -0.0641203843234947 
0.016960584077665628 -0.08227708789278906 0.053331444728769 -0.03853918182279017 0.06785918301383041 -0.027728226901941502 -0.02310216144834476 0.03349544624489639 
I_0IIp_3
0.9318571529542807 -0.6965284997561364 -0.41609510647996706 -0.03008536732410238 -0.13779866515641084 -0.589339063800811 -0.0922174970594972 1.0302070466087907 
-0.1088834625787029 -0.6336609300052087 0.11679082557510259 0.584774979544087 0.16664041111125075 0.03688566721709004 -0.11920828758237642 -0.04333920328358184 
0.537685482950347 0.3875995719092097 0.5445203203707486 -0.6692229229088311 1.1529445783872045 -0.7420399292700406 -0.37271383894916066 -0.8387732624900993 
-0.25170435805956487 2.6046761352132406 -1.0688650069002381 0.1133813047737226 -0.7389439213417055 -0.1787481000564095 -0.43443372888317666 -0.04536232473650669 
-0.1669311880548499 -0.8383064596533478 -0.2859236935661975 0.07795679137440706 -0.12449681949306497 0.020139948626694156 -0.3629458322664172 1.6805072530265874 
0.10260428953534263 0.006427258321522846 -0.7325309097979488 2.731054619268353 -0.5570087146764048 -0.10923006304464664 -0.2683469019483209 -1.1729695776551254 
IIp_0Ip_3
-0.012035913847368908 0.22977033265503113 -0.04748370820859187 -0.01213719194104882 -0.05022360401580759 -0.03774703596945575 -0.029986595250501395 -0.04015628342128547 
-0.006819223789646589 -0.04216687421888919 -0.015685756243132735 0.07291642203282614 -0.024238768304607257 0.001958166127779314 -0.010842004655355049 0.024878039050947036 
0.010729164626759971 -0.040645797688887306 0.06261493152869708 -0.01804074191776023 0.017033239755097906 -0.01230830519427558 -0.008012113090786841 -0.011370378019069432 
0.002149282050448983 -0.039361003169341456 0.010274340092908864 -0.04197936349699386 -0.021049332573095526 0.09598269061531377 -0.008115833004893703 0.0020992194853232285 
-0.029896369024641253 0.03585008728599445 -0.00818128957402345 -0.02196238152331138 -0.041675290467703636 0.04643578716546913 0.04783977489323483 -0.028410318754274667 
-0.027361241345283432 -0.059662145462211415 0.1093968183843761 -0.07509644990913257 0.008340204566844098 0.04495050389524664 0.043198846404686374 -0.04376653653438044 
II_2IIp_5
0.2135409558578515 -0.6001241819965508 -0.14797128417509547 -0.027236398793997203 -0.15857233867003637 0.08338041345294059 -0.1887213260242788 0.8257041603423556 
0.10630746194473398 -0.3796811883095366 -0.014675536287140684 0.04920125550715798 0.2416932186756567 0.03933971106151441 0.5543353530402114 -0.5965202756310398 
0.46211381537100293 -0.7843329278118205 0.21430110699253432 -0.246494248090809 0.8978903533180715 -0.5612029745140459 0.12978219180802472 -0.11205731707650515 
-0.5398474964386839 0.44068739655686207 0.038122356678281955 -0.4496111301423457 -0.49667579945692125 1.1165891937175336 0.31585438958653567 -0.42511891049507533 
0.18588317536099952 -0.6451501830870372 0.6310221900030861 -0.8630685544587285 0.4694663329081663 -0.02991868591949513 0.15419140426852568 0.09757432092084611 
-0.31264332106847353 2.2120913895857783 -0.8057749535186816 0.059056340939431504 -0.42386697237658627 -0.4272818900756316 0.002223353465141381 -0.30380394694220636 
II_0IIp_3
0.4563653315295282 -0.7841644039703556 0.21411617814335315 -0.24652645090476408 0.898757682215668 -0.560759851349202 0.12965893621902885 -0.10744742189079685 
-0.5469999302556643 0.4402859199518351 0.0372168595984955 -0.4460451907057071 -0.4959454246965921 1.1172026153642436 0.3150554753802342 -0.4207703246352261 
0.17758853613252462 -0.6454477681501174 0.6302926376989758 -0.8630146420508744 0.46977334852110697 -0.025699778275191588 0.15330448881624878 0.10320317730417593 
-0.3175984887047817 2.213661332480348 -0.8049737160240719 0.053168697044123504 -0.422733675372699 -0.42595395165426647 0.0028641293359493096 -0.2984343270970918 
0.20780566597064107 -0.598474342525071 -0.1472411904305442 -0.02635352120040248 -0.15739286063666186 0.07911982310170985 -0.18844121156130422 0.8309776372754863 
0.09849937026093838 -0.37964328552672305 -0.014486728256147762 0.049577468923663534 0.2428347556512949 0.040281006510117526 0.5540260321768018 -0.5910886197410008 
II_2Ip_5
-0.037752439665168745 0.13754569832276445 -0.058898614585741194 -0.06302070829455123 -0.03897459655775356 0.0877749281434992 -0.0063978942560533845 -0.020276373106364345 
0.0009492244942982305 0.02476996724059102 -0.018407136613038222 0.08855567494016289 -0.02839714892935445 -0.030253356409123806 0.02740040374167328 -0.06461762846484931 
0.017286024561151192 -0.08210298955487173 0.053208388364598166 -0.03836697210553562 0.06750897478325545 -0.027851081535177454 -0.02318397876975636 0.033501634255870265 
-0.04752370403721513 0.01625231324608932 -0.011627514943359958 -0.06681938240920621 -0.030325694421566105 0.10304283946506233 0.06220324319423609 -0.025202100093567777 
0.022254312935441514 0.07609486224916508 -0.0017096701728879535 -0.03159466027729913 -0.006939078509209749 -0.05295014355767073 0.052366363946820434 -0.057521986613793145 
-0.01863617200745423 -0.05956998206902491 -0.006165879903798495 -0.060039815237937666 -0.012343015458797322 0.1593529465838947 -0.01287107894782162 0.010272997040589414 
IIp_2IIp_5
0.04037413758705054 -0.11986551809314734 -0.07216157974002531 0.015457562123003359 -0.06104957106713606 -0.03980631364833803 -0.036561293588808885 0.27361257642672937 
-0.05619072028849148 -0.12512261363658445 0.27821615505567515 -0.17640804392273948 0.009827932084966027 0.008629127337524262 0.12093680696204187 -0.05988864359207313 
-0.09724124660751736 0.39115775061518004 -0.12149509074502217 -0.06666199294292344 0.07820226104355435 -0.07948818501645963 -0.05006453974696929 -0.05440895659834348 
0.040332979958055994 -0.11992642924554327 -0.07223256521554658 0.015814898167570313 -0.0610979661306286 -0.03986789679878938 -0.036615612781402414 0.2735925920452985 
-0.05624647694702099 -0.12520246646731847 0.27816683737564046 -0.17648135411556085 0.009832893868275318 0.008950936234740048 0.12090906535763184 -0.059929435306290156 
-0.0972337415034014 0.3911894334516439 -0.1215167255888633 -0.06663373454861131 0.07815073510516682 -0.07950430518970462 -0.050080244210123415 -0.0543714175145067 
Ip_2Ip_5
-0.04316339289161957 0.276774292948746 -0.052991110547021505 -0.07286317443358228 -0.06610136671167675 0.023184429855738885 -0.0352032251523088 -0.029636453066973573 
-0.025327100877124007 -0.05930803297603106 -0.020864874067537023 -0.006201072573631893 0.10363533953873671 -0.027974035842867513 0.0788779861908667 -0.04283820939206573 
-0.025736182331023566 -0.05657717950556671 -0.04161871221111678 -0.06488780687679337 0.06878219941412249 0.13924941131248228 -0.02531071529349024 0.0060989854913726296 
-0.042815498999688534 0.27728915783271857 -0.05239109023572878 -0.07588363577857601 -0.06569229681618524 0.02370497495076394 -0.03474408025536368 -0.029467530697168953 
-0.02485580548366032 -0.05863305939839297 -0.020448005553019382 -0.005581402078923512 0.10359339897611322 -0.030694196177195703 0.0791124781906579 -0.04249340847489971 
-0.02579962087068198 -0.05684498563440993 -0.04143583894505356 -0.06512666715675465 0.06921773371732055 0.13938567061497625 -0.025177969871778706 0.005781678146282722 
Ip_1I_4
-0.054235521841135705 0.8554735873624209 -0.24327838139940652 -0.11034530524225128 -0.03336842421589091 -0.15159472463162396 -0.15932262651775733 -0.1033286035106849 
-0.02297383492042611 -0.09457117282855576 0.1710018666260745 -0.15618946975449727 -0.1411524604133124 0.1369304100193966 0.04637693334405814 0.06057772792658235 
-0.12595682439010078 0.7715915059797503 -0.19394640787378764 -0.11981810418872996 -0.18339167312674806 -0.0241871400273492 -0.13286563782932137 0.008574281458797567 
-0.12253803190657606 0.1612101948800621 -0.08668871007207898 0.029561728633499727 0.05803721300879971 0.196028218539285 -0.10030611775118813 -0.1353044953299406 
0.15908847707183607 -0.0759144201674153 -0.09401644181062524 0.23879974606397347 -0.030376454022455913 -0.11904016976399326 -0.08644955146632298 0.007908814093765504 
-0.15198366432259638 -0.15253560836721197 -0.0279065530138469 0.4618525494088464 -0.05407545930357067 -0.03252421391168046 -0.04437024125700666 0.001543190767508013 
Ip_0II_3
-0.018476160020597092 -0.0594411424708962 -0.006233211640149094 -0.06001236392094631 -0.01248498408675926 0.15926503211564652 -0.012929456178690004 0.010312286202442482 
-0.03808591105534603 0.1375639008773765 -0.0588248441688011 -0.06296736563619376 -0.038925232488700535 0.08783907228734086 -0.006459708597660142 -0.020139911217601496 
0.0008419618161014075 0.024762522187260147 -0.018347886100894526 0.08868400706732107 -0.028435073135644223 -0.030384000300631615 0.027358174332368763 -0.06447970586553978 
0.01728734629715945 -0.08234344774259268 0.05309330470330183 -0.037572162354347245 0.0675747516569738 -0.027997732229731 -0.023284456140232213 0.03324239580869942 
-0.04827465046370808 0.01565977211737288 -0.01214896457097713 -0.06462646424242156 -0.030579331773222543 0.10356194294413243 0.06171259101481142 -0.02530489502499852 
0.02180272292643148 0.07565005546124841 -0.002030307451970223 -0.03187006261532416 -0.007081855404445142 -0.05102098776367718 0.05210102751304719 -0.05755059266488158 
IIp_0II_3
-0.31833210858927824 2.212594246713153 -0.8059661036723209 0.05922720800974659 -0.4233435541147047 -0.42670337466256464 0.0018390874582854923 -0.299315401130537 
0.20704189503671241 -0.5998010662366392 -0.14793170078970466 -0.026935134961464102 -0.15780428950213368 0.0841214276016183 -0.18912414382494427 0.8304330126739808 
0.10035812877028898 -0.3794451691608995 -0.014655733863168959 0.04949203090554722 0.2424197738346697 0.03978829399973304 0.5540165204589883 -0.5919738449458831 
0.45604682056993745 -0.7846171500968454 0.21383973806502368 -0.2440719712057107 0.8986359079460616 -0.560888157057387 0.1291817485838364 -0.10812693681433458 
-0.5472013489061228 0.439764578465224 0.037023759068315544 -0.44588741018776257 -0.4964068972741889 1.1189585094337282 0.314652340274476 -0.42090353086549315 
0.179371599424008 -0.6455691995455372 0.6303418374897837 -0.8633850894824545 0.4698780486562181 -0.026029905428178134 0.1534533696737536 0.10193933921167278 
Ip_2IIp_5
-0.0067795908599122936 -0.04215672950277721 -0.015618229566350667 0.0730616535770838 -0.02432492908820927 0.0018703820882756009 -0.010901049090404924 0.024848492442046417 
0.011154096860966531 -0.04072019068517883 0.06268330021037742 -0.018085660107406382 0.017079838646450813 -0.012429433708830748 -0.007977777239125048 -0.011704173977512982 
0.0021298591707749055 -0.039756377371357524 0.009950914241574717 -0.04004485547014596 -0.021210426803688388 0.09567782773127587 -0.008411718569099044 0.0016647770704896112 
-0.030304333655513337 0.03521297594750766 -0.008619075566855917 -0.021103933293759817 -0.04188631708451994 0.04798501054445394 0.047450963811637964 -0.02873529070248455 
-0.027069987785644834 -0.05980882388252883 0.10918600563083415 -0.07521244728793577 0.00810919886415028 0.045755737261060116 0.04305601980837548 -0.04401570260815351 
-0.011797309805354574 0.22982192119056927 -0.04747150884537482 -0.01214735466270151 -0.05027223299701299 -0.03775234769502384 -0.030022963269458306 -0.040358203914652974 
Ip_1II_4
0.02159078049459208 0.07560136194856985 -0.001960822758685372 -0.031898856860887455 -0.006963254889068536 -0.05090869452225751 0.052101524130514436 -0.05756203754226316 
-0.018444512062479077 -0.05943186800372058 -0.0062350362003993215 -0.05990022407425873 -0.012582434498921668 0.15914979656037778 -0.01294984010505637 0.010394118384002672 
-0.037854058630182555 0.13750715507166866 -0.05881240045254112 -0.06312594458275848 -0.03880149282017648 0.08786791137824837 -0.006399110536890234 -0.020382059426581 
0.0005025818405749422 0.02458004476025929 -0.018590320167819245 0.09001052569644284 -0.028627104228680263 -0.03053525336947488 0.027122252675769037 -0.06446272720647997 
0.017228916890676682 -0.0824579398190949 0.05310393446855657 -0.03867463281832444 0.0676240075830259 -0.02679613541291577 -0.023259498976709755 0.0332313480843484 
-0.04786736864995825 0.015929259954637447 -0.012082629358073764 -0.06448850705825662 -0.030653384257120695 0.1026756846454685 0.061790841756593634 -0.025303897032871142 
Ip_1IIp_4
0.01113254954245979 -0.040724040636256474 0.06262072743141517 -0.018154606970479423 0.017103764220974083 -0.012414082059619918 -0.007935658179578912 -0.011628653349237133 
0.0018703400675297607 -0.039720470044375095 0.009895618644486643 -0.04009327951896945 -0.021182689116170886 0.095804765085293 -0.008408973690012691 0.001834688571900702 
-0.030481277593392222 0.0354702742182741 -0.008461307683615346 -0.02211750991739844 -0.04184748072153913 0.048177720771157596 0.04758722996900805 -0.028327649042220016 
-0.0267347516528606 -0.059293081497162975 0.10959057274138727 -0.07661557073079761 0.008329529679478299 0.04502286882029032 0.04342397340900975 -0.04372354076901868 
-0.01183620612772387 0.2301075662886976 -0.047242210510152996 -0.011963881553996091 -0.0501032262969356 -0.038984815563986 -0.02984894908196931 -0.040128277153257993 
-0.007119640216536877 -0.04223099664445368 -0.015590222096108395 0.07305474989995984 -0.024213377742199976 0.0019389091360777527 -0.010867806709475217 0.025028384372522642 
II_1I_4
0.16725557744470573 0.2977577337826279 0.13307114524551023 -0.20043393677579913 0.41292048752478566 -0.16818655854734305 0.02713833978994726 -0.6695227884627257 
0.8297145006802567 -0.8550697348496763 0.305235803217914 -0.5941493540786246 0.8618171472465584 -0.6605800978086752 0.31231489227913517 -0.19928315669095373 
-0.8079768450507434 1.353281269035458 -0.6125188245823309 -0.8008856563196693 -0.4565084313375364 1.561964963213108 0.4613015739213055 -0.6986580488701146 
0.2856371746696315 0.24762397420304727 -0.01695246198689493 1.285162987495344 -0.5170985475081302 0.06347247619032843 -0.2845619092363387 -1.0632836938199361 
0.37963931212538765 -0.7105216533494768 -0.3243912218442198 0.006579161284230309 0.17758835559207153 -0.7149281496904836 0.23475162896532356 0.9512825669104832 
-0.3690284537872989 -0.9091732394361607 0.18984943950010802 -0.48934349353868384 0.6666404436125406 0.3124068916344078 0.2016248685050613 0.3970235435069955 
