II_0I_3
0.83411797160946 -0.8571463772971532 0.308290369515374 -0.5938288134658699 0.8593854400101149 -0.6617426723229373 0.31083459698726795 -0.1999105150408442 
-0.8127190090016986 1.3525983880647627 -0.6120124684016701 -0.7994462987573593 -0.45768512667456723 1.5610812042620328 0.462330936991 -0.6941476264760954 
0.2925693598198657 0.25080355137045296 -0.014039621619475052 1.2617240936646579 -0.5149370024812102 0.0655031406285633 -0.2819490413668019 -1.0596744800117168 
0.3771071084138646 -0.7082123987216897 -0.29860196452822463 0.005794508055494572 0.17606082456270936 -0.7342342666673336 0.2330080956097275 0.949078093269715 
-0.37208462778617507 -0.913861580118231 0.21531672844530816 -0.4949406188923344 0.6629465874309368 0.3098100700162828 0.1980872306484627 0.39472621025773735 
0.16312922782140035 0.31939018010256315 0.1302479350128365 -0.20125592678180326 0.40859695434042254 -0.17281486200098664 0.024865985403815388 -0.6721594938989021 
IIp_1I_4
0.5461916073510763 0.3864239635978454 0.5437917101801787 -0.6743785332286433 1.158518819044091 -0.7419412163028336 -0.36970481729021715 -0.8489015333541118 
-0.2588292011862207 2.5952284823399774 -1.0798734556139744 0.1729737133438941 -0.7454740778730369 -0.18607456691340568 -0.44526232106459135 -0.05268857302552718 
-0.17821071439616443 -0.8512002274178465 -0.2927670045618521 0.07225636491235876 -0.1269864103141166 0.07123596238162225 -0.3686191148362869 1.674291144228024 
0.11868781326556306 0.01073605144651906 -0.7492912933353731 2.733985757283354 -0.5608828253740692 -0.11208713713095579 -0.2668356502560689 -1.1743127158951343 
0.9303712002545924 -0.694324045303368 -0.429856766248459 -0.0275213683439022 -0.1327401194085701 -0.5846150069667926 -0.09046309135876097 1.0291491973551836 
-0.10533436617087615 -0.6467153662801374 0.11931012290107722 0.5901851419098478 0.16561387967409708 0.03553041857763117 -0.11909833043385201 -0.039491500179842855 
IIp_2Ip_5
-0.029966423059175316 0.0353723032066175 -0.008371352931670732 -0.022194665469197482 -0.04183232805683861 0.048087242991777815 0.04761113872005992 -0.028705915401004343 
-0.026796947559860593 -0.05959157946594764 0.10933818123714226 -0.07507073744632661 0.008140561729189335 0.04477317339467608 0.04320079007102562 -0.04399344195990922 
-0.011845634461821497 0.2297550905325208 -0.04743650529205116 -0.01221217260710187 -0.05018841804176604 -0.03770047420147668 -0.030011687139581713 -0.04036019878784491 
-0.006722607098640191 -0.042193207493783656 -0.015299455459615316 0.07302235258594385 -0.024406374110644762 0.0017833064475114302 -0.010940352990869385 0.024756338120066387 
0.011282203145779256 -0.04078800933279374 0.06303182124666994 -0.018256276364874147 0.0170454518814382 -0.012433107583831739 -0.008002056058145126 -0.011880026934218569 
0.0019761553652683397 -0.03939672843459823 0.009892927164209578 -0.039989702224908344 -0.021344611168469998 0.09563240726289081 -0.008476276596850381 0.0017058286322492833 
IIp_1II_4
0.18228419880197083 -0.6470886368318918 0.6328855261250029 -0.8620426496098914 0.46753931065009596 -0.027608951085352027 0.15209069018401106 0.10194051176294378 
-0.31880343295328684 2.211526159693629 -0.8053300278541431 0.05932323477932966 -0.42345233460429627 -0.4277859317614645 0.0030381837382948383 -0.29851585102986067 
0.2101998147328537 -0.6000744302183438 -0.1484232943743938 -0.029372865188546687 -0.15772401336862144 0.08373149268828829 -0.18957659812929747 0.8312398938553417 
0.09608991602130013 -0.3808859923434317 0.001923787323196196 0.04724064456918207 0.24055985577801675 0.03835884150627191 0.5512150362380588 -0.5945020890908395 
0.4573812312197037 -0.786804891488676 0.23189991282581904 -0.2503985572785765 0.8949646530333722 -0.5634121830934907 0.12686883667103746 -0.11049900189611613 
-0.5498416509218547 0.455724565507929 0.03570784577621279 -0.4463318168812469 -0.49900158907113523 1.1140375928626993 0.31314369095234434 -0.4234386382179079 
IIp_2I_5
-0.09552538222142412 -0.6329597397251383 0.11631590523878767 0.5881364855300079 0.16332102063925222 0.03268359336544606 -0.11889397368878407 -0.053077909138118155 
0.5645979581871763 0.3852904253374663 0.5456570098010511 -0.6735696618730453 1.1544476431018313 -0.7444773016917473 -0.3711095840167129 -0.8608364888485548 
-0.2466430812095352 2.593764093267834 -1.0786665338273618 0.17436515119171384 -0.7473246735449881 -0.18827066394105194 -0.44315857207161385 -0.06406571985748023 
-0.1575650110570842 -0.8509896175606834 -0.30538804815215675 0.07177843953750267 -0.12761463311260057 0.07012787209188585 -0.3663245219739225 1.6659755202199449 
0.12965120168606636 0.01064153745617449 -0.7477498907938602 2.734381043565693 -0.561278812580132 -0.11297799970940987 -0.26646757781555735 -1.1861995018079092 
0.9485279631948882 -0.7089033179809113 -0.4130148169230838 -0.030596781677582018 -0.1360185741650574 -0.5867850466919322 -0.0908194331257728 1.0176100073578025 
II_1II_4
1.3919555375594335 -0.5907669030210362 1.3293479804393211 -0.693949717791874 0.21644859172126218 -0.9531452668951128 1.1091257216467187 -1.8090159436603406 
0.40975898178519626 -2.0510413916250543 1.2763300759360665 0.017702655259487686 1.919012118606167 -1.534349074920605 -0.059224407261974976 0.02181104221186893 
-0.8670719889667545 0.1429148564687566 -1.3593301787205958 -1.2166544593144886 -0.7321122150461923 3.0338427149168212 1.741575747471599 -0.7431644767982173 
1.3803550483571712 -0.59100532094008 1.3521027729473951 -0.7000373564253259 0.2178091041918974 -0.9527199570722967 1.1069993151754574 -1.8135036062325847 
0.41218093887724094 -2.0535374225852605 1.303452337088119 0.011514963486144765 1.912743103406416 -1.5373688535019778 -0.06548065174312151 0.016495584958760977 
-0.8770106239287082 0.1680257916366901 -1.3612192832418992 -1.2143015875573029 -0.73634434246689 3.030279483253433 1.7395630464909053 -0.748992484172169 
I_1IIp_4
0.11797748530962014 0.008359103662133886 -0.7329702896334429 2.732893823815766 -0.5642830520510429 -0.11468832057711284 -0.27024587377220377 -1.177042876754463 
0.9309178555635317 -0.697410193981014 -0.4139710473244697 -0.030783470072338847 -0.1362181756819259 -0.5878535218858788 -0.09197461418288502 1.0272931675554835 
-0.10555655649837427 -0.6334748527065769 0.11756657174352508 0.5878598670071536 0.16320639675311036 0.03270256588019182 -0.12101864973389277 -0.041285342448870666 
0.546440531247266 0.38406673074339753 0.558231105574629 -0.6749670759742412 1.155006090723186 -0.7445775688894103 -0.3729392068986982 -0.8512606065325613 
-0.25848281905612736 2.5923487320526766 -1.0662304937677056 0.1702232757933262 -0.7484337452825214 -0.1890633744172565 -0.44625651104370784 -0.054105064276230644 
-0.17761107265825157 -0.8400361530907858 -0.29435434446086717 0.06973652954380423 -0.12904393591842084 0.0687027555840102 -0.37037300260772393 1.672979223607018 
Ip_0Ip_3
-0.02571849704088795 -0.05647632860858029 -0.04193469263028019 -0.06530247980035832 0.06935550061246688 0.13945620046289808 -0.025001193348764522 0.005621490353332817 
-0.04312865130660005 0.27693958397971896 -0.05302221946317342 -0.07291028265127499 -0.06601261979878717 0.02345288438893421 -0.0354200490823021 -0.02989864606591585 
-0.02579823105003114 -0.059247906591197136 -0.020739754441075377 -0.005611024008067695 0.10347778970483523 -0.02807440476615801 0.0788866708955677 -0.04289313974382994 
-0.024577577619652412 -0.056452879973808504 -0.04417264865482133 -0.06470375460649799 0.06922169288477432 0.1394143708272552 -0.02479205919946886 0.006062856341915003 
-0.04336685314747568 0.27718507105784224 -0.05568972028623292 -0.07230171713354476 -0.06539605604279554 0.023749882556148842 -0.03480474133893401 -0.02937586566350587 
-0.02482075661327674 -0.061717591543075614 -0.020553959169849874 -0.005842431238914974 0.10389402356219751 -0.027723957458567774 0.07908462199905641 -0.04231994953740026 
II_1IIp_4
0.10008630733948518 -0.37943746666955297 -0.014549495524703417 0.049753819229175725 0.24210604414312722 0.03973191763296745 0.5538447605831845 -0.5915358867337297 
0.4563164538012762 -0.7842483677549318 0.2143284817694655 -0.24659922534549364 0.8989140296139642 -0.5606056477827795 0.12967681668871683 -0.10778254099386206 
-0.5466412539401188 0.4403048001728891 0.03730021498693301 -0.44571410731920896 -0.4963010067213498 1.1167745729183713 0.3148765052218142 -0.4205997253155572 
0.1785546850882238 -0.6457988970650368 0.6315668943332038 -0.86358383137664 0.46999159788399136 -0.02595261937835477 0.1533042316277624 0.10191793888448536 
-0.3182551912861958 2.2124203312783175 -0.8048380815597981 0.05900157507365051 -0.42367811091880253 -0.42699056357746495 0.0016795161365955739 -0.2993394751380794 
0.2067810986301587 -0.5987703577058486 -0.14808906539151231 -0.027188147250348307 -0.1578420203012683 0.08409536683788825 -0.18918423910826357 0.8301973642846484 
Ip_2I_5
-0.15243529513199963 -0.1518440593978803 -0.028939979729866762 0.46139955163487706 -0.05347217608369009 -0.03214207437912975 -0.04391141170686095 0.0013454447939342503 
-0.05407072556901903 0.8558588598473279 -0.24343623366758685 -0.11041537261540864 -0.033256451487557 -0.15109867903417526 -0.1597888466446687 -0.10379255082811345 
-0.02406422846198855 -0.0944547605358008 0.17123300300867475 -0.15507958762625973 -0.141341042121661 0.13689578244192083 0.046476886939895046 0.060333946355595816 
-0.12384307618970157 0.7720063111549377 -0.19993967840456384 -0.11917899597200234 -0.18256001963480156 -0.023733477481611497 -0.13175808121192353 0.009007017741218018 
-0.12335530141938436 0.1615278131806071 -0.09376963971807238 0.03463596745193629 0.05907220346467542 0.1965689522330178 -0.0999141368191745 -0.13476585837227406 
0.15968049743424131 -0.08235535697710988 -0.09387013115131752 0.23860731834683385 -0.029548664160755172 -0.11489987073202747 -0.08618078898468706 0.008566996223147669 
IIp_0IIp_3
-0.09853337733158303 0.39155278292025536 -0.12215114266971529 -0.06699265235179418 0.07889527923202258 -0.07898224297870715 -0.049722705309850214 -0.05406594150957767 
0.04019058336899851 -0.11956853935162894 -0.07236125720145525 0.0154523432031055 -0.06100917905574147 -0.03952323936725111 -0.03687990768059924 0.27369919608338195 
-0.057352541683949355 -0.12504206188078587 0.27832081806525033 -0.17584207890653528 0.009903947705616416 0.008832691221214061 0.12106521942628351 -0.05988599394729966 
-0.09663542632813103 0.3915917903726477 -0.12587404439534078 -0.06599665643711024 0.07867268637735829 -0.07905182773407544 -0.049374804869891105 -0.0533317169838151 
0.03979432802027961 -0.11916016480971998 -0.07679871857652196 0.016464708768325072 -0.059983508200025085 -0.03902917470436979 -0.035856326236610454 0.2745688557373302 
-0.05572648593144268 -0.1291504510843306 0.27862989363617624 -0.1762270312333475 0.010596364236147276 0.009415670007218671 0.12139451656028581 -0.058932476190292335 
Ip_0I_3
-0.019682623877125903 -0.09583612251305954 0.17333029201280142 -0.1546263502335044 -0.14373605903784112 0.1350718265339484 0.04499893168686092 0.060480105427912316 
-0.1256585709530082 0.770452368910679 -0.19320886560898215 -0.12000419642734898 -0.18322810997587746 -0.02519299149333102 -0.13167085271137777 0.008511218260954535 
-0.12000982861541547 0.16032863229808184 -0.0877410564827107 0.031184657492475083 0.05756729370577145 0.1950090818282 -0.10138403139461723 -0.1349547488302484 
0.15512024524013235 -0.07815104280167885 -0.07910659521656557 0.23609297580207408 -0.032125144226042596 -0.11729111194577421 -0.08934132598627315 0.004801999132085751 
-0.15021299851602316 -0.15478028442480085 -0.011784561667654372 0.4584003554586067 -0.05805853747745544 -0.0354365868221675 -0.046940418683928724 -0.0011869678653787 
-0.05699752393726758 0.8696814239420059 -0.24467623727439508 -0.11110225607013549 -0.03576847282261422 -0.15402118668339554 -0.160991346869199 -0.10612440028326411 
II_2II_5
-0.8573952302369325 0.14294244567745623 -1.3589991412583904 -1.2137957671959714 -0.7332763273548071 3.033363851769078 1.7435007413124033 -0.7563405727054457 
1.4022733043072613 -0.5890031725013111 1.3255057401808084 -0.6965353779993474 0.2186245084668804 -0.9518960165161257 1.1117853753559435 -1.820754361292055 
0.42542835546658725 -2.0500110107337233 1.2755909032058796 0.01783615664463102 1.9171429999311649 -1.5344468802772648 -0.060238974925602214 0.008698450676164041 
-0.85546479916472 0.14298212067363394 -1.3627857538499957 -1.212782726575678 -0.7335027294914019 3.0332930761942736 1.7438545954522977 -0.7555937832275559 
1.4018702677504575 -0.58858780935265 1.3209923395172367 -0.6955056875912363 0.2196677318619621 -0.9513934968119078 1.1128264735827136 -1.8198698189540217 
0.42708223828141806 -2.0541897077393685 1.2759052680569083 0.017444616540216125 1.9178472659430692 -1.533853924842967 -0.05990404245527762 0.009668286199389708 
I_1I_4
-0.31474754967780055 0.47129199325166204 -0.5056198671648225 2.511885191700212 -0.4932598684320224 -0.23726644586834278 -0.7929203808511467 -0.6393630729546198 
0.08544369558824952 -0.5419791043242616 -0.1521698055711878 -0.11962654257128016 -0.12232845208175065 -0.349524314805875 0.07814092926550446 1.1220435944974834 
-0.4184815790386118 -0.7255611489278544 -0.08747136931421791 -0.24681719947975517 0.1531596990900283 -0.07873200743051534 -0.1713351843827691 1.5752387894812772 
-0.3114212644922909 0.47136035640286855 -0.5121444996939463 2.5136307406896328 -0.49364997719302367 -0.23738839777334914 -0.7923106622242141 -0.6380762957097386 
0.08474923177158353 -0.5412634008183959 -0.1599467513442804 -0.11785230468321269 -0.12053089578842228 -0.34865843367192734 0.07993482372601131 1.1235677307982834 
-0.4156318083384677 -0.7327613738642996 -0.08692969384906211 -0.24749185399899992 0.1543732050463446 -0.07771029838975012 -0.17075806928531395 1.5769098926779428 
I_2Ip_5
-0.12531817429184475 0.7717079255462276 -0.19436810883346228 -0.12037029800209641 -0.1827220941125203 -0.023979611199681512 -0.13242718228651362 0.007477543183293736 
-0.12223938565524634 0.16076415004073524 -0.08746957162067329 0.033220966741172475 0.05755792361073227 0.19565505535281152 -0.10113089559337474 -0.13635824287548903 
0.15854467520043497 -0.0767026335782574 -0.09435768129063846 0.2387866702554904 -0.03060225931154475 -0.11587056572872513 -0.08668837771187847 0.00689017216382213 
-0.14972979987006016 -0.15205652377054127 -0.03156880006467375 0.4624021175728143 -0.0541245531086885 -0.03254148158343541 -0.043814196755567615 0.001433237580788541 
-0.053827636594347986 0.8559947182954631 -0.24691050723905622 -0.10960044812944854 -0.03251149874481629 -0.1509243057493721 -0.15875097514373548 -0.10346934669262146 
-0.021618357661464988 -0.09785153557580535 0.17142624983310872 -0.15574816548001838 -0.14086945988523716 0.13720920765670302 0.04669463696508055 0.06075742414814999 
II_0II_3
0.4151112176508155 -2.05116197549705 1.2784322947232234 0.019417420273301258 1.9156894326961074 -1.5350807849248576 -0.06295187258435084 0.020544267652810002 
-0.8728601938811947 0.1419130459012808 -1.3576878070934553 -1.212983119594453 -0.7320631298947364 3.033420888595725 1.7439461155388967 -0.7436857995705071 
1.3906299412073622 -0.5888716671607434 1.3248353515771452 -0.6991100713130366 0.2204813996540463 -0.9510558471484529 1.1106919542531115 -1.807601061072806 
0.40556220922630265 -2.0513582305586504 1.2971630311216833 0.014406346034508742 1.916809346245526 -1.534730688734561 -0.06470223612148993 0.016850222775479328 
-0.8708665461748866 0.1398584238733161 -1.335361964129504 -1.2180765531405056 -0.7372235052800773 3.030935140745449 1.7387962524429423 -0.7480612483284816 
1.382448897517791 -0.5682014585804249 1.3232803244845537 -0.6971732915937298 0.216997699984473 -0.9539889414849236 1.1090351880345772 -1.8123984183693664 
I_2IIp_5
-0.1743564613011568 -0.8485711904934697 -0.2987896029114882 0.06683463225490434 -0.12211330408603147 0.07383573410751477 -0.36532633266150755 1.6684865250888021 
0.1258121496359652 0.011482861504468698 -0.7362881757183308 2.7315120116383564 -0.5634325728816512 -0.11212291044927807 -0.27155927540728336 -1.185404088314315 
0.9329314432943309 -0.6964520759685384 -0.41328027017105445 -0.0257486964174369 -0.13718132882437983 -0.5868925916632822 -0.09120003067214832 1.0178235504158832 
-0.08976270278111528 -0.6300777711150582 0.07867358336807319 0.5950285059280754 0.16617718753794336 0.03556455121047829 -0.11376154085642538 -0.04184181329526166 
0.5560500414143319 0.3909846314466038 0.504386552575621 -0.6644083388520309 1.1644823499690702 -0.7377510395414959 -0.3640376437756289 -0.8497065532410562 
-0.24291651413384457 2.5573936624695577 -1.075259115386825 0.17463869017066555 -0.7402591587730422 -0.1814504330545347 -0.43962599680724873 -0.052521134476477035 
I_2I_5
-0.4136465205947554 -0.7253776594730204 -0.08852036888936618 -0.24847285676364406 0.15352113836428866 -0.07886490429218462 -0.17082597628994164 1.5721871479365555 
-0.30830047066779764 0.4708314429595056 -0.5046797863220958 2.5123871784990985 -0.49500412288832674 -0.23824343484607796 -0.7937904550403806 -0.6432003516864456 
0.08867765124822694 -0.5425994547177809 -0.15159748580525023 -0.11885875271933141 -0.12290235981003886 -0.350314176461764 0.07909036625867034 1.1185042120029367 
-0.4109128202942495 -0.7253214753652498 -0.09388262405266068 -0.24703828109439568 0.15320052832047093 -0.07896513020263367 -0.17032488035278456 1.573244683037662 
-0.30887121425626196 0.47141964234168215 -0.5110712524212437 2.5138453320787835 -0.4935268051275994 -0.23753181230437354 -0.792316146749052 -0.6419477435564883 
0.09101972914803394 -0.5485169440422932 -0.15115231099305165 -0.11941321607976614 -0.12190504255860622 -0.3494744870914462 0.07956466705618664 1.1198776045587748 
I_0II_3
0.3863585278562404 -0.7076457766080452 -0.3191279643673255 0.010764028309786471 0.17553097694309347 -0.7341547560724057 0.2352266406450819 0.9530483232886551 
-0.3740796294142476 -0.9114035128256113 0.1914196519232934 -0.4895464266256063 0.6684392580204017 0.31270499868496043 0.20325643833616072 0.39920922189833946 
0.17099373795365821 0.2974990751052595 0.13201393233042594 -0.20273881257716944 0.412314463482978 -0.16955727791460748 0.026757516306865348 -0.6672826346876944 
0.8249400852889041 -0.8569585216878953 0.32391414072008956 -0.5985305192953425 0.8610169926436662 -0.660987486364997 0.3096749918115137 -0.20306968312504214 
-0.81086632911926 1.3510910951964026 -0.5928213238126843 -0.8038822836181434 -0.46215182899606166 1.5591787125967393 0.45756106017746495 -0.6981091024124169 
0.2846446959453991 0.2688053417580188 -0.01527478091195567 1.263979135836324 -0.517942931368629 0.06309993880413302 -0.283255020598363 -1.0640563794626177 
IIp_2II_5
-0.5491766927743215 0.4416929298438224 0.03484004140438332 -0.44700327095330783 -0.49381561938863766 1.1184701668134076 0.3164038190275546 -0.42141137396445805 
0.1805475715443518 -0.6446536583039836 0.6297358692448596 -0.8635137054610674 0.46999744903704405 -0.02498020497398943 0.1523432454607596 0.10052343344969153 
-0.3203777252047448 2.212803761708995 -0.8055570596994746 0.06152557824049211 -0.4234970499627976 -0.4263739295610351 0.00244819314001922 -0.30097176865291675 
0.2120884064999371 -0.598293069475716 -0.16502752141586577 -0.024682140297779327 -0.15604785586157377 0.08566974492926192 -0.18621124011652784 0.8325036757324311 
0.10003840202637557 -0.37670538946740617 -0.03276946003880016 0.0535249716321058 0.2461803603007405 0.04265436582410521 0.5567964074594037 -0.5897196577344275 
0.4606551188894932 -0.8000363538381583 0.21596668601439176 -0.2458425968425559 0.9015372864219947 -0.557837174301032 0.1314682642771209 -0.10591123062959348 
I_0Ip_3
0.16013370868814175 -0.07734615908973418 -0.09337564541564534 0.23893757578033004 -0.03167818126655173 -0.11669438193883323 -0.0874478611208306 0.007470944362268212 
-0.15137806149068678 -0.1528300820136771 -0.02773235657543375 0.461931124793341 -0.054429942183275556 -0.03322429335065364 -0.04390135999950448 0.0015649708199882136 
-0.052817066956799275 0.8553521682799619 -0.24337617395673886 -0.11138547904445079 -0.033301181700716595 -0.15170591803588557 -0.15958759932707817 -0.10317874925607312 
-0.024559005906715375 -0.09523449888290172 0.1784605428120656 -0.1569716870209577 -0.14212920895083672 0.13603114887199352 0.04507955650208112 0.05932315257528274 
-0.1247588260576179 0.7702746127449454 -0.18603393119773365 -0.12174866285401688 -0.1849440816675703 -0.025555170788900197 -0.13396547350356405 0.006731533327005123 
-0.12430242499651084 0.16740737626971947 -0.08805152453868474 0.03290734458767471 0.05642653989919596 0.19428656388416893 -0.10169618577245836 -0.13697768933111742 
IIp_1IIp_4
-0.056013020988488545 -0.12536707586584261 0.2786670380938177 -0.17616330200375033 0.009418587325442155 0.008372724982777456 0.12065718357480591 -0.05957213511873185 
-0.09787783289866085 0.39099087283216905 -0.12137767669589083 -0.06661549736511234 0.07823365068305665 -0.07961253841339962 -0.049874089120662365 -0.05386688902021618 
0.040511861448325366 -0.1198911266970449 -0.07226381357654908 0.015047477744772823 -0.061012382843229206 -0.03986893212510751 -0.036677159633499636 0.2741540756814612 
-0.057388894755787796 -0.12539535337675167 0.2813658658370127 -0.17688532520072875 0.009579950642657733 0.008423168771698901 0.12040498154858068 -0.06010439346591708 
-0.09759057714835064 0.3906948315653258 -0.11816084618291388 -0.06734938734524375 0.0774901153537413 -0.07997069866506407 -0.05061610978137945 -0.054497327794588206 
0.03933309158011387 -0.11691284911169324 -0.07248787045122873 0.015326539642198048 -0.06151433349353809 -0.04029154852411695 -0.036915875642226474 0.2734628459994473 
II_0Ip_3
0.017578282342140265 -0.08225120411087349 0.05338301459124363 -0.038441418855282676 0.06754691909528455 -0.027958282988382238 -0.023202160322239505 0.03334485024753027 
-0.04817236067973356 0.015811699799101516 -0.011998853297340276 -0.06450241159132514 -0.03054054519238162 0.10271390854770253 0.061869127733543916 -0.025180565319198333 
0.02175966719891789 0.07559038439045741 -0.0020178219920959127 -0.03199794832366795 -0.006999681996194955 -0.050983071196753466 0.052087986220097054 -0.05743951430043254 
-0.018667110838682867 -0.05951882667131173 -0.005402463989586118 -0.06012495741625293 -0.012598093110130283 0.15915406088067902 -0.013060107816474738 0.010217498961744887 
-0.0380544506567694 0.13742299472862302 -0.05793582533473447 -0.06323717400891227 -0.03907438681274046 0.08775149201876598 -0.006577830286391932 -0.020294819646859343 
0.000499990393565215 0.025593018233233983 -0.018453656994852952 0.0887069053035842 -0.028625973782281097 -0.03050336741270431 0.027238710252017212 -0.06445562599205515 
I_1Ip_4
-0.11932464719400482 0.1591004733608858 -0.08475610411996186 0.03469705830125081 0.054926230652975645 0.19367041029823376 -0.10238186673797232 -0.13593155456047296 
0.15808794900761985 -0.07785487765580382 -0.09372228454095395 0.23839334909458637 -0.03058197315869376 -0.11695537430414348 -0.0855927869940498 0.008225998551122602 
-0.14778354211478167 -0.15262522107327287 -0.028512543030944592 0.45955032606869484 -0.05448008596067427 -0.033365151350706904 -0.044961312551307586 0.002177530013216184 
-0.05819995919317289 0.853844016357359 -0.22568078490194657 -0.11293651462333791 -0.03508142560111546 -0.1530300696089518 -0.1622253034787057 -0.10668995894768912 
-0.021803330677041693 -0.09731414569586609 0.18959889284473078 -0.1598878419038807 -0.1455212179219937 0.1336719042297858 0.04342057977516028 0.05783515935042895 
-0.1283531530457186 0.787639238717392 -0.19556524286829996 -0.12087254653934038 -0.18603340516010436 -0.027196487381979433 -0.13461258346887062 0.00499417974922341 
other
-1.3128903480380916 0.8491309724343041 2.2007921201869247 -0.5426488376517848 -1.94856138341157 0.6314418032903788 -1.8693425969942845 1.9920782701814392 
-1.3042551558063336 0.8484278533029437 2.2046026045137768 -0.5397803369534132 -1.9540814610699355 0.6297656653436756 -1.87496193796609 1.990282768635968 
-1.3123267954194466 0.8466483345226649 2.2071126475231173 -0.534753123863588 -1.954031034875562 0.6288081843512495 -1.8712787416422738 1.989820529412156 
-1.2970837480069843 0.849455836035972 2.1697868843176344 -0.5343539401398653 -1.9504151911318035 0.6308622844335766 -1.8664451970637566 1.9981930715598715 
-1.3075552672381763 0.8518288963428743 2.1676463411663334 -0.531349108987582 -1.9455394233915297 0.63388035666342 -1.866437301419436 1.99752550687925 
-1.298784605520944 0.81243266467973 2.2096867044503914 -0.5379591009676621 -1.9482644207047741 0.6336633742266423 -1.8685362745932725 1.9977616584397282 
Ip_0IIp_3
0.0015481501391753443 -0.0395675982595535 0.009672271349584604 -0.04011244829515067 -0.021007247638544578 0.09588662395779458 -0.008301543730694192 0.0018817924769471623 
-0.03012186791702133 0.03551820351334819 -0.008497194023985575 -0.022226908496668547 -0.04175800882353617 0.04824126520240344 0.047513291389246266 -0.028668780843640107 
-0.027250548441271255 -0.05953626866082611 0.10936699448922367 -0.07483865012697663 0.008164624630526397 0.0448660787806577 0.043222986308520256 -0.04399521697982668 
-0.011657650511126473 0.22992577755651725 -0.04914327066532787 -0.011913334057951376 -0.049993425864228266 -0.037519869390423316 -0.029726521918594456 -0.03997170514825901 
-0.006882902660195881 -0.041883886739805455 -0.0174630220370501 0.07346664305262264 -0.023947064777989264 0.0021257668138896357 -0.010608728209624732 0.025193194558158383 
0.011435505849953181 -0.04231317382562664 0.06282959954861159 -0.018094925755820484 0.01742279661287098 -0.012072098607822759 -0.007769300191160434 -0.011438403631333985 
Ip_1Ip_4
-0.02453978159116076 -0.059590177982233 -0.02028038327582026 -0.005666067118930419 0.10291189416233319 -0.028541571675703696 0.07850344811529196 -0.042797360633469575 
-0.025274006614012957 -0.056928208035545366 -0.04139623478769472 -0.06507151002538981 0.06894113524001022 0.13896482865594345 -0.024968013434162425 0.005732009000422974 
-0.042508587836964325 0.27671457694090484 -0.05300722437224968 -0.07338391090970994 -0.06603353705013258 0.023177259257739422 -0.03534579621929129 -0.029612779808877557 
-0.026104181389375536 -0.05962233015599798 -0.01721175468723903 -0.006487023932371912 0.10309536792772842 -0.028484215939300762 0.07821668866948842 -0.043402550492290665 
-0.02494739028585335 -0.05726481369590329 -0.03773862525629669 -0.06590595964132634 0.06809571864245376 0.13855759229557146 -0.025811707819038045 0.0050151857607239345 
-0.043848876014349614 0.28010094636236954 -0.053261982139890016 -0.07306661117888277 -0.06660426636751389 0.022696734790300946 -0.03561722175608933 -0.030398723694652893 
IIp_1Ip_4
-0.02640129070586805 -0.05977079326649089 0.1096863036162281 -0.074863743129056 0.007774795491884692 0.04454712447682877 0.04296168539533931 -0.04393408187890072 
-0.012116244386351213 0.22960689322181851 -0.04732449455617284 -0.012153003752369143 -0.050176988450933206 -0.03782126538468286 -0.02983218371010363 -0.040182712980549845 
-0.006297030962164338 -0.04219319316273978 -0.01571463881466439 0.072742247901467 -0.024363909121854096 0.0017474437289684611 -0.010966120141100374 0.02504520057210775 
0.010567680022923187 -0.04095696468632885 0.06514350661207273 -0.0185349723838658 0.016887645328085375 -0.012580374347853468 -0.008357610827019558 -0.012168909718246513 
0.002059883371466515 -0.04010327127096059 0.01255154352334955 -0.04053648710009325 -0.021861144700818347 0.09527710471932958 -0.0088523836995683 0.001464755157417208 
-0.030615741449420534 0.03770425177003424 -0.008666569724120827 -0.022335070822328083 -0.04216572698054355 0.047725565852161145 0.04737058681875157 -0.0290172954639606 
II_1Ip_4
0.0011623759834548924 0.02459625141872231 -0.01801147689426657 0.08894821194308664 -0.028863163715678146 -0.030618109228465886 0.027124772582283123 -0.06433886208886498 
0.017329483147792375 -0.08233660230875126 0.0533602336746585 -0.038502890114735414 0.06767286555528132 -0.02801295385813161 -0.0229583009598146 0.033448164863153336 
-0.04767659037579358 0.015829063031056072 -0.01210020180689642 -0.06483341372166807 -0.030547974443506116 0.10268396619453932 0.06173369097341634 -0.025088539850564452 
0.021043285422376008 0.07537759371929596 0.00044268930062226923 -0.032237328447224614 -0.0072483716194345115 -0.0511732922266992 0.051715189959373783 -0.057919766107724834 
-0.018322396427563777 -0.05982461968559536 -0.0036774255917533675 -0.060556415545537264 -0.01308855947505186 0.15880984630986805 -0.013319606381971832 0.009979176797734808 
-0.03854442066269217 0.13981466374662502 -0.05908006641629801 -0.06315466002642108 -0.03926731648007351 0.08749290026599717 -0.006696403537702613 -0.020564696888570433 
I_2II_5
-0.8105859586130553 1.353831958276329 -0.6125855561959573 -0.7993320574878365 -0.4581553946746444 1.5620791913482983 0.46049924580568663 -0.6957514284464157 
0.28887825483605406 0.2509476020688845 -0.013286234993063152 1.264850451642572 -0.5149630426309982 0.06601173886060872 -0.28099781939893553 -1.0614409503816922 
0.3838002604864516 -0.7061338989253729 -0.3219891410408504 0.008801942932585773 0.17835143871806342 -0.7323360384894714 0.23678636366248745 0.9527190726509013 
-0.3732487494927977 -0.9104696774259046 0.19334086218193433 -0.4900346601458487 0.6680963691415672 0.3134918416642236 0.20150992210942734 0.39731409196591977 
0.16837486226628487 0.297323046360272 0.1354105906520367 -0.20081603555737124 0.4116342135613962 -0.16949752209950827 0.026941101314530556 -0.6693702564937721 
0.8296570424947507 -0.8527234327705332 0.30460830874408207 -0.5959053056949662 0.8624354468372591 -0.659834804612348 0.3125488767907209 -0.20078613180093302 
I_1II_4
0.2929535151636921 0.24920132065681458 -0.00996765259101704 1.2667999751827033 -0.5184637152810349 0.06380166776527545 -0.28320059381339324 -1.0611245170812336 
0.3817061611304854 -0.7075596536206263 -0.3209398991317033 0.009277236061620809 0.17841332571976468 -0.7335369426745199 0.2384811945749423 0.9541585779364471 
-0.36900173420967936 -0.910538700254089 0.18998690429515508 -0.4927706300167521 0.6683955339854935 0.3130614878470517 0.20119083775718644 0.39967630059474 
0.162013368506919 0.29562108598998765 0.1559608620561247 -0.2035851610266626 0.4099660357676281 -0.17102696908513285 0.02350641712535409 -0.6724556393327403 
0.8307009453693079 -0.8588947632215734 0.32967533192243015 -0.6011048364578983 0.8574205395610057 -0.6633261941191648 0.3089524923522693 -0.20342351541681666 
-0.816248973009485 1.3757975584123607 -0.6152856276335775 -0.8006200362680068 -0.46143565179741086 1.5585619332754668 0.4581959087302629 -0.6989651116956751 
II_2I_5
-0.362466529111736 -0.910326239837494 0.19006159396012498 -0.49032550605036823 0.6677798140029448 0.3129727139309637 0.20290977254219858 0.3893943805584895 
0.17960370905897688 0.2975435599027883 0.13251346603097405 -0.20047477904898037 0.41089649104128534 -0.1700298122114073 0.027542464235202863 -0.6775950990085321 
0.8403924952299411 -0.8556954255521733 0.30520485745250636 -0.5953423627464033 0.8615015757434834 -0.6605194392326664 0.31351738446125993 -0.20905908536319465 
-0.7987353939880579 1.353997352905598 -0.6179604215225253 -0.7990622637864111 -0.45859724587940115 1.5615208948102515 0.46209492712778527 -0.7032578496557665 
0.29988405207735136 0.25139798697860183 -0.018681177685823756 1.2657615621266731 -0.5151234217141343 0.0657575545262386 -0.2798202891575264 -1.0691762671476315 
0.395451009400809 -0.711418477200389 -0.3212186157096942 0.009148198725867838 0.1778073243734868 -0.7326925181533592 0.23794023054175104 0.9449828480156355 
IIp_0I_3
-0.2557571872959424 2.593006851476903 -1.0770226612618377 0.17427661904814426 -0.7478921714192804 -0.18857744717662156 -0.4454983365155497 -0.05253566684556081 
-0.17551813036824263 -0.8524183723968612 -0.2925071249842658 0.07035649836754808 -0.12712261564255337 0.06981423849374375 -0.3679818099717328 1.6753773164976284 
0.11866245610704636 0.009139441554558406 -0.7351801730967079 2.7298300850302057 -0.5624832670965457 -0.11392942855895309 -0.2696635670199352 -1.176375546918437 
0.9281686411946297 -0.6980386257157093 -0.3993254738595794 -0.03304284179192607 -0.13779454770511756 -0.5885185274490348 -0.09530987255029716 1.0238612478607376 
-0.10667070327062349 -0.635695185664804 0.13395432489837308 0.5860488509314808 0.1596137701971013 0.0304548891168333 -0.12311063206286625 -0.044595314144648644 
0.5468277637264387 0.3992258365064239 0.544454128131011 -0.6738864518199571 1.1537736318798146 -0.746039553255921 -0.3725199619114942 -0.8518353932635455 
I_0I_3
0.08935603904999496 -0.5441303183906024 -0.14893493071832423 -0.11796022676112589 -0.1254026362799781 -0.3520695899494543 0.07701780107317421 1.1221238619730731 
-0.4175694941265469 -0.7269552861930878 -0.08683816796724304 -0.24776968269999097 0.15307864474209518 -0.0801637258870031 -0.1701756360917229 1.5763933482219947 
-0.3093247030537479 0.47034374069309737 -0.5050224321851738 2.509858704754374 -0.49451937628309023 -0.23873136207057954 -0.7941724733565207 -0.638432098492867 
0.08075490312113573 -0.5443070923954846 -0.13206348159523842 -0.1224738818718506 -0.12439388979672435 -0.3517542456972843 0.07544118557146122 1.1187965026594215 
-0.41577374380910603 -0.7288059582802606 -0.06672847683330345 -0.25235752180673565 0.14843050870885946 -0.08240272853535464 -0.17481430332716147 1.5724522238821177 
-0.3166936638587733 0.4889621422882771 -0.5064231011127959 2.5116032320284067 -0.49765727008887495 -0.24137330581509994 -0.7956647823804364 -0.642753251053002 
Ip_2II_5
-0.0486348627088297 0.016062415518744398 -0.0123783942503021 -0.06469875159144917 -0.030178144342033274 0.10301130989640964 0.062004840992908046 -0.025188413515110024 
0.021661225777160818 0.07575407249838079 -0.0020937241452188503 -0.031891821220729824 -0.00699033150204947 -0.05081578012676447 0.051949828719643654 -0.05757347000015405 
-0.01892456581456693 -0.05940321995470998 -0.006196289701129615 -0.059686820322338074 -0.012500355657660578 0.15930828072329775 -0.01284807783723086 0.010251048564038658 
-0.03758031736785751 0.13777465034557437 -0.06117535170360925 -0.06270265825551308 -0.038629789741790856 0.08810860266416744 -0.006055433134847085 -0.01973970280538792 
0.0005086827108800146 0.02516920144736238 -0.020840521992540457 0.08927858756029636 -0.02793265797751935 -0.02995768896337971 0.027712184513452164 -0.06393778729797397 
0.017817629151861955 -0.0843389570250275 0.053484527794285815 -0.03840435764218896 0.0680583713787809 -0.02747884555007062 -0.02288237108983673 0.03374400298153684 
I_0IIp_3
0.9356201598230439 -0.6982123977565442 -0.41171931129798095 -0.029285467199863875 -0.13914094841324964 -0.5891556303354016 -0.09440212115845441 1.0262957163269153 
-0.10804979133924829 -0.6345158731574472 0.1186981061218969 0.5895765294030911 0.16315413492979294 0.03194283131845845 -0.11929483240295963 -0.04151110487710906 
0.5532786686096018 0.3848957729658282 0.5454323332821723 -0.6757139830498791 1.156151535949943 -0.7441471562652112 -0.37148340998424784 -0.8484137615096983 
-0.2630681935161188 2.592529674087624 -1.0604592552663945 0.1702869999543748 -0.7475072141830968 -0.18867331023223072 -0.4472966027609633 -0.05581209807409913 
-0.1738150896456261 -0.8544154534376562 -0.273248156754065 0.0660098577525496 -0.13156006038226903 0.06745927755987079 -0.3721275680514478 1.671697192951827 
0.1124656749293202 0.02676499625422289 -0.736606000392561 2.730996766127363 -0.5654910743636135 -0.11657152102458349 -0.27118833364816214 -1.1803705078769122 
IIp_0Ip_3
-0.011986811104854367 0.22974478165989853 -0.04739104605633926 -0.012141019879430379 -0.0502114009590931 -0.03770157965529411 -0.03002892086782602 -0.040284003136160276 
-0.006780460511746586 -0.042171697338257895 -0.015637260438584457 0.07307671000015141 -0.024355235278297596 0.0018138246078820111 -0.010871141407292029 0.024925260366016576 
0.011182475128534746 -0.04073109183101386 0.06265557934500651 -0.018209373487110513 0.017142718512745857 -0.012366935804937867 -0.00795922180162187 -0.011714150061914385 
0.0018505795988507576 -0.039735613463410646 0.010185608497468898 -0.0400086918866888 -0.02129929600126951 0.0956817576476035 -0.00848817021953017 0.0018138258266508032 
-0.030151289518606596 0.035366289625855536 -0.008148107251047152 -0.02227995191370395 -0.0418248620245116 0.04809373521064674 0.04759150018757563 -0.028647314315477908 
-0.02696246896658793 -0.05932135460253559 0.10929582681238934 -0.07508120024878889 0.008114965225490474 0.044765242167316345 0.04314264644917777 -0.043953656836080685 
II_2IIp_5
0.19443184133234181 -0.5924651425071897 -0.16132613436140325 -0.03485491630341099 -0.14434711583369525 0.09318466178522977 -0.18107259259155098 0.82644939847462 
0.10902578891253983 -0.3737608433502758 -0.018475384132536857 0.049158773671506985 0.24170257533281497 0.04453481506241211 0.5477924457800831 -0.5999781712744988 
0.44521514144435076 -0.7830710683889 0.21683657215855803 -0.23445608094028966 0.8984658819759974 -0.5582639737779866 0.13271720145807722 -0.11744367393347674 
-0.5196401791193754 0.4484907879478414 -0.05402955692337208 -0.43241033192129685 -0.48764971251526984 1.1242548393992458 0.33019310761365644 -0.40920895447270894 
0.17968195913207188 -0.6315547657825734 0.5336912356313036 -0.8427071524745265 0.4910232547597826 -0.010814700674460123 0.1687909206691901 0.11188924873884376 
-0.2953853747567346 2.12761280857462 -0.7970019236460073 0.06334014762034922 -0.40935132507247396 -0.41230479961379085 0.0118851950123609 -0.28879472810771667 
II_0IIp_3
0.4545514816535865 -0.7834540381910613 0.21301386623463903 -0.24731592912602912 0.9002461148216451 -0.5596290199369102 0.13032071284863944 -0.1077331883119763 
-0.5466122635716583 0.44087732556844444 0.03696593328700989 -0.44559530915593426 -0.496274511990972 1.1173245330353407 0.31430420708937123 -0.4209899142599092 
0.17714604061194572 -0.6455605092552101 0.6306669558676157 -0.862262180063107 0.4701424093131292 -0.025565552554057812 0.15375433687867132 0.10167849919750542 
-0.31637971438021995 2.2133972887541566 -0.8146433081669784 0.0605111395951341 -0.4225195329952378 -0.4260232868559598 0.0032744529929221175 -0.29761703893272823 
0.20644949440108226 -0.5984558420628523 -0.157094613777088 -0.025172466933712907 -0.15561354708192474 0.08577058131628734 -0.18765266593060997 0.8317690600624668 
0.10139321276864292 -0.38731146608013745 -0.013876293162471817 0.05005849858159726 0.2436800071687191 0.04128670699137941 0.5548542362136095 -0.590084902481249 
II_2Ip_5
-0.03779641299404495 0.13755664412461643 -0.05886296400445678 -0.06306486811663349 -0.03888638981523556 0.08787787027079315 -0.006406087543785414 -0.020417791920663383 
0.0010075297131513683 0.024795411892191116 -0.018371813884236407 0.08873781982579529 -0.02852960976612886 -0.030390437306312253 0.027333068702311274 -0.06458196917638102 
0.017713485537477678 -0.08219343968337085 0.05326788230637394 -0.03849593581229841 0.06763654067256387 -0.02790243277267172 -0.02310846737017456 0.03308236712154823 
-0.047757973741839266 0.015866872756763413 -0.01220993662129069 -0.06448739122465108 -0.030562930317132597 0.10274050530655769 0.06185453412727416 -0.025443680285053248 
0.02193187880065692 0.07561545607562814 -0.0021804439203437845 -0.03184959183700444 -0.006996623973832647 -0.050964008445899815 0.05216016898308342 -0.05771683568180676 
-0.018092302808401878 -0.05962362570276558 -0.0062349459593280445 -0.06000008333128258 -0.012523440243171978 0.1592204170415461 -0.012884539773281243 0.010138520776816807 
IIp_2IIp_5
0.04209186063724458 -0.12055398412663024 -0.0709611777997068 0.016142420175864123 -0.0623283374225045 -0.040687703345934446 -0.03724881337963334 0.273545735260796 
-0.05643512536675449 -0.1256548071771617 0.2785576786110088 -0.1764044142629879 0.009827228438777324 0.00816229274584681 0.12152500475003937 -0.059577857737955896 
-0.09572270436127346 0.391044418595728 -0.12172306000012499 -0.0677439442659501 0.07815039567737055 -0.0797523122395159 -0.05032843981638706 -0.05392435358807433 
0.03851683043323297 -0.12062745958524179 -0.063948622632728 0.014266336192899893 -0.06190905569327659 -0.040556631678742974 -0.03790412775735556 0.2721627307199509 
-0.05568872841675814 -0.1264240321567349 0.2869161970429269 -0.17831133254833517 0.007895247959877692 0.007231659610790453 0.11959695994177716 -0.061215971432370585 
-0.09878558555151926 0.39878308806938184 -0.12230524283792063 -0.06701883798386833 0.07684614177106594 -0.08085042634482804 -0.05094871251985275 -0.05572042460097055 
Ip_2Ip_5
-0.04361777376431689 0.2769480071455796 -0.05322513568511364 -0.07307783592375215 -0.06569331511021774 0.023518701486594507 -0.03505380906120864 -0.02979883908619613 
-0.02519696904275878 -0.05915238328577068 -0.020899778031614417 -0.0059727651640615045 0.10346885827192431 -0.028038038456670814 0.07865662470305423 -0.04286554899394664 
-0.025551193346293636 -0.056664642751921165 -0.041490903233957516 -0.064798694304414 0.06895473527651587 0.139246169696468 -0.025154407860281638 0.005458936523669189 
-0.04268830045251746 0.2769671100548694 -0.05504833227472099 -0.07259007221455963 -0.06580232430884829 0.02348462411946756 -0.03488343365455672 -0.02943927126792345 
-0.025391025038173753 -0.05895239222312167 -0.02307291206559154 -0.005476984834067693 0.10397115453009603 -0.027796082833088098 0.07915789772488557 -0.04243965526046087 
-0.024754873829728342 -0.0586766220456302 -0.041339541321037225 -0.06498721493190569 0.06929382869074778 0.13953166875412193 -0.024993142950303415 0.005925897633779981 
Ip_1I_4
-0.05529517463099633 0.8558882077091969 -0.2439186159249571 -0.11080801824671428 -0.032495757593903524 -0.15092956667293556 -0.15893746813340406 -0.10350360650289153 
-0.022744429435905766 -0.09422500763414762 0.17085775606553244 -0.15591638884158943 -0.14135217186134116 0.13699324419113532 0.04593509858036107 0.06045189893549947 
-0.12618907676646932 0.7715203869889133 -0.19372470999351804 -0.11938733497644054 -0.18316896046546932 -0.024111996893903028 -0.13259896534224763 0.007660657451468308 
-0.12184182929407548 0.16103323027330352 -0.09235854518428663 0.03398024590269139 0.058147790227164466 0.19596969930590355 -0.10008789508226602 -0.1348426961467852 
0.15827885170014436 -0.07593236251953304 -0.09978671491535726 0.23947272942432682 -0.02934300968510293 -0.11504545230160323 -0.08600238185431494 0.008358340149744788 
-0.15026469643656715 -0.15700744247871345 -0.027554961000438218 0.462135249204574 -0.0535937004137131 -0.03194608401424609 -0.04388841316742576 0.0021200483085596377 
Ip_0II_3
-0.017898835323847628 -0.05967014613682372 -0.005853501904914468 -0.059772659398934405 -0.012934617459045006 0.1589400470783778 -0.013151304540411397 0.010341017685723463 
-0.03818667275274471 0.1373808030910823 -0.058725820525010734 -0.06303133108369918 -0.03887808209161367 0.08773547749846537 -0.006243316733311236 -0.020051057402744883 
0.001185536725622674 0.02475782266699582 -0.018443699437503114 0.08837640135278256 -0.028497659654036563 -0.03045198653606842 0.02724488435695792 -0.06417129947430862 
0.01677736772607834 -0.08243477420305248 0.05601000168065479 -0.038912591494927505 0.06739443032484603 -0.02811476542592652 -0.023580994575205575 0.03286132596695118 
-0.04797696631896969 0.015431871784514021 -0.009120039027418507 -0.06513357344162232 -0.03119224581026705 0.1022894106727968 0.061357363433863006 -0.025655821291832824 
0.02110082127089562 0.07815192761288221 -0.002263402293514867 -0.03201018094335549 -0.007443844809711222 -0.051413686196587094 0.051821903658905766 -0.0579435382991697 
IIp_0II_3
-0.31635360278275043 2.2118074385964057 -0.804644881784146 0.060040679652805753 -0.4248677897232256 -0.42779295249340066 0.0010710567263703197 -0.2992599481810243 
0.20671222281847965 -0.6004249947182901 -0.14757910261987886 -0.027099583650563083 -0.15768251383569812 0.08372162169263794 -0.18839827296218256 0.8307506232714311 
0.10167570211923478 -0.37948932662727175 -0.014967964280557024 0.04839078186904359 0.2422432228730433 0.03953784060718665 0.5536489340142526 -0.5910391905754135 
0.45421474237958853 -0.7850513458057968 0.22372403814379618 -0.24797680388143664 0.8979404134658945 -0.5613853823387995 0.12805080486629988 -0.10951646683664451 
-0.5462737789310894 0.43883009973987097 0.047329799710264846 -0.4477159702402812 -0.4985395668218769 1.1151811179742022 0.31336291143506095 -0.42217461285730723 
0.17711766011070432 -0.6369529266585987 0.6295161955842431 -0.8638563014685292 0.4685732486065878 -0.027425873006595262 0.15248607954922225 0.10054191727763553 
Ip_2IIp_5
-0.007207273977910162 -0.04198181146064531 -0.015951915173332963 0.07290509794320575 -0.024035624356762212 0.002047686459809676 -0.010716343834196033 0.02494018439970118 
0.011187658020588081 -0.040593881861450076 0.06257516112415887 -0.018182119574080727 0.017149478656084967 -0.012235055754359646 -0.00809681682251877 -0.011804423788567282 
0.001507247335941805 -0.03967921119635697 0.009979539244331717 -0.03969332357862978 -0.02126370575471173 0.09577406206777792 -0.008382063811713813 0.0017574556934416329 
-0.02970492712086252 0.035599034678101375 -0.010487438859177491 -0.02192035303952129 -0.041549088734623686 0.04832426636682896 0.04797192188831575 -0.028233415178305465 
-0.027047277005490672 -0.05923690311929404 0.10713697203180432 -0.07459857799826315 0.008647822019556925 0.045165462420171616 0.043508441388447755 -0.043575939736398596 
-0.011675272910716008 0.22785743053045926 -0.047228382857732745 -0.0120671345973589 -0.04983529513227208 -0.03732962639182165 -0.02978801406979568 -0.03993370457006375 
Ip_1II_4
0.021946394373654643 0.07546229474916272 -0.0017467307167655568 -0.03174326503634363 -0.007256758374015277 -0.05113284710517491 0.05197256515582849 -0.05750165304591983 
-0.018522100951837366 -0.05954817584710071 -0.006187182805500466 -0.059993975044501296 -0.012513881089475872 0.15913043237911598 -0.012800958426917275 0.010435841785919423 
-0.03778150625666371 0.13753210126363058 -0.05888742131434666 -0.06326869763012963 -0.038877693179964666 0.08784336545677181 -0.006489399150408277 -0.020070749188091225 
0.00027218521381274836 0.02464409583158608 -0.01668327258192353 0.088501197743184 -0.028661231181866295 -0.030511916191196527 0.02705343025097637 -0.06461448908388089 
0.017504184814802325 -0.08244601561337803 0.05504326027449856 -0.03889699426754041 0.06727842763806752 -0.02815919017808218 -0.02340679510407349 0.03308312243534552 
-0.048450072495245536 0.01742835692870829 -0.012199590131494877 -0.06458372491768352 -0.03081258845965845 0.10248359751644193 0.06162955536957768 -0.025495533810008884 
Ip_1IIp_4
0.011485181853745051 -0.04087008423883599 0.06291395190743639 -0.018032782531054503 0.016880348149953848 -0.012538362105487845 -0.008094982060767551 -0.01174327097529481 
0.001856856268318893 -0.039821391710866016 0.009996793154480108 -0.03996407052988367 -0.021276221127033264 0.0956038722481292 -0.008325073785146235 0.0019292354817149933 
-0.029840804125224225 0.03538120255429499 -0.008470282804632306 -0.02245005874079739 -0.041769139854953306 0.048082532798678 0.047581521282286335 -0.028514971109198983 
-0.027305506456368773 -0.059721353491307964 0.11103011593503762 -0.07531754384991436 0.007981150466185487 0.044655926521605376 0.042890387549857335 -0.04421317667471492 
-0.011938932200303301 0.2294968010811755 -0.04562001937635501 -0.012552289900296791 -0.05057653846322702 -0.0379687178336563 -0.03028734189369828 -0.04055296141295994 
-0.007082836959143222 -0.04057287143257172 -0.015815013084173015 0.07299675024945422 -0.02463192680684797 0.0015448479144143064 -0.011071256206906091 0.024632306325967607 
II_1I_4
0.16632989384624058 0.2981883425225006 0.13183194639736967 -0.20056541520271207 0.4131146639349596 -0.1684287791984936 0.027738996590327986 -0.6682096488904897 
0.829381792935123 -0.8548884078319694 0.30465856692121995 -0.595777380308415 0.8629996077959489 -0.6589987403927369 0.3124643711690282 -0.19983981029289652 
-0.8129562033374739 1.3541752990794258 -0.6128747506425181 -0.7989047336607681 -0.45760687786887416 1.562625830583816 0.4608302979433586 -0.695288862089779 
0.2891210881596151 0.2516010966441988 -0.018112094102718634 1.265543360222157 -0.5143593729969997 0.06669862345583404 -0.2804617431637261 -1.0600309582126752 
0.38208835185212586 -0.7053066757827876 -0.32690419059340786 0.010258047469373515 0.17958862224921526 -0.7313307815360807 0.23759827268523137 0.954008353645903 
-0.3726905203367682 -0.9145213747014516 0.19107074908584276 -0.48940251436937043 0.6692513811643188 0.3146223351112579 0.20241137242648058 0.39925857161778616 
