II_0I_3
0.8265256055700413 -0.8550369635484739 0.3043505262811798 -0.5938487934151613 0.8641723200305572 -0.6591086426845588 0.3124204461065891 -0.19947449834509015 
-0.8111705825029684 1.3548108215081334 -0.6134638708584937 -0.798415431895679 -0.4579536513011537 1.5624940511791126 0.45961538398454554 -0.6959167201085025 
0.28608766703865807 0.25062732456887354 -0.011961517259758858 1.265020025604362 -0.5153354911635357 0.06597229651216077 -0.2795821381731047 -1.060828167124996 
0.3853628266486399 -0.704306872467437 -0.33825491278831504 0.01331831265958785 0.18065794359287654 -0.7301995919398023 0.23815602227436172 0.9552662720150624 
-0.3736624187210024 -0.924511802205043 0.19299081696938203 -0.4890443044071581 0.6705532980666992 0.31757128119244704 0.20462607593308713 0.40147705317176824 
0.1705009902887027 0.30089134156464037 0.13370621058750973 -0.19829913811366584 0.4156940819065664 -0.16578651969175542 0.030487230494313452 -0.6871941970378626 
IIp_1I_4
0.5476302337120337 0.3852979996791952 0.5456305868849592 -0.6720608169583343 1.1569710897573346 -0.7433748217298227 -0.3711436998464975 -0.8489505715006542 
-0.25873282229568384 2.5947071972028954 -1.0795302657106873 0.17368464700793704 -0.7457031289710667 -0.18692426235749057 -0.44486482774649544 -0.0526365371231204 
-0.17655909857031746 -0.8517401287241532 -0.29230385928086505 0.07039886154821237 -0.12733049276350628 0.07057593642760931 -0.3681021286334299 1.675060909992817 
0.11715262898645232 0.010408650204043171 -0.7443241025168367 2.7342910206214017 -0.561106038534958 -0.11225310194361854 -0.26843547731237694 -1.1757335794989816 
0.9311951857486496 -0.7049991430457158 -0.4131016633056504 -0.030494368547404813 -0.13497920594856672 -0.584939204131739 -0.09125581803904008 1.0285742172548595 
-0.10606933627862529 -0.6314734906949891 0.11858702541331229 0.5906118442291229 0.16518691170309818 0.03494575877695594 -0.11880223998454156 -0.052986473164368664 
IIp_2Ip_5
-0.030211587565314814 0.035411142725889175 -0.008454542323577946 -0.022102037242556657 -0.041703581408061505 0.048134628968648036 0.04761645928282719 -0.028690482437363694 
-0.02673123560659636 -0.059524252178950965 0.10929406214928507 -0.07500091867933233 0.008120606898881345 0.044795336012739176 0.04310838378566947 -0.04406198238181342 
-0.012037865505300034 0.229726290833716 -0.047334859711210354 -0.012155444716685 -0.050218199051176235 -0.03770834664481011 -0.02989633983773845 -0.04037523536600458 
-0.006454847870983521 -0.04205046150794835 -0.016682529062528144 0.07333507484624686 -0.024231813815321537 0.0019377166130463445 -0.010799290182067727 0.024946150979492765 
0.011252418138949075 -0.041643568935312715 0.0628157621166297 -0.018140683188170935 0.017258922994964364 -0.012136279183767638 -0.00777292157864913 -0.011633650364829808 
0.002240875451133264 -0.0395209742014725 0.010001864600948374 -0.03985444074367046 -0.02107844153744013 0.09588947389407075 -0.008239891200635473 0.0005615337367549362 
IIp_1II_4
0.17766496236063523 -0.6456292425218378 0.6302237672511756 -0.8626156031672417 0.4706069514467233 -0.025779910252632352 0.1533314264944652 0.10219764838470077 
-0.31795582785714926 2.212896952561515 -0.8062295912527558 0.059730779739699945 -0.423547862899378 -0.42678529993456654 0.0014143966256406836 -0.2995235469753607 
0.2061536933263913 -0.6000427057979077 -0.14736664308073283 -0.027068781012869147 -0.15786476553057582 0.08415534681433344 -0.188370551204124 0.8304044064822164 
0.10110567814183892 -0.3786098531105048 -0.02158414685924667 0.05139867219471074 0.24319975329537977 0.040668499251091283 0.5544983858166616 -0.5906769887274194 
0.45629405221746033 -0.7902082712243704 0.2152812529894283 -0.24636145408008858 0.8997859553349917 -0.5589680640910405 0.13073894742406778 -0.10656241857831979 
-0.5455170363323247 0.44162530974009445 0.03782831403832757 -0.44477208859821343 -0.49490609840851146 1.1181326107513099 0.31623378476506464 -0.4286247959488966 
IIp_2I_5
-0.08729741859278585 -0.6343250571993416 0.11920081137692878 0.585224768320507 0.15894561514465566 0.031013721853170494 -0.11916944475850488 -0.05359299614326859 
0.5624257807186606 0.3830221663400265 0.5471434934776713 -0.675835701215532 1.1550935172130752 -0.7452706436697994 -0.36801830240045047 -0.8585603104644216 
-0.2401555705652633 2.59468183697452 -1.0820049139515713 0.17235634724555035 -0.7463609117358632 -0.18805507538997063 -0.446947553846496 -0.06351415872399761 
-0.16654879563933608 -0.8557451882318454 -0.25918749378705663 0.06143051685928773 -0.13341789882347374 0.06499666576911148 -0.3711118811903216 1.659584075037388 
0.13069550940141728 0.03827443716109196 -0.7394325416605297 2.7303436479929877 -0.5685110239099788 -0.12284226334453939 -0.27411956784008024 -1.1944081977958378 
0.9397000366813835 -0.703734401469653 -0.4166766378263251 -0.035052273695977 -0.14487335946766067 -0.595348859642252 -0.09863688443818215 1.0546223798471537 
II_1II_4
1.3886517373985545 -0.5886592494933606 1.3258441229037767 -0.6977490268612829 0.21958116052944718 -0.9504682024205344 1.1116806793085507 -1.8088812213711114 
0.40979424974424905 -2.0499114548083144 1.275586821834707 0.01666661591548351 1.9193538474103782 -1.5327808873558482 -0.060214311760293085 0.021505119009376336 
-0.8705861553024316 0.14377732459818168 -1.3598296641756835 -1.213200410605632 -0.7315982570773623 3.0349824738527142 1.7410240865650046 -0.7445693978470369 
1.3838997745238761 -0.5899818001833905 1.339019292552416 -0.6995988991282907 0.21874821735285085 -0.9519447866941393 1.1102622665808872 -1.8104040650046174 
0.4106342932488856 -2.03737830684142 1.2732196363145836 0.01712076305834404 1.9173599839869255 -1.5358696174856776 -0.06336636383557816 0.01827961153623643 
-0.8748870518183239 0.14074941177721179 -1.359603334913693 -1.2146317647544502 -0.7347595890603019 3.032113982542095 1.7397792023427616 -0.7287608561064403 
I_1IIp_4
0.1015004100271182 0.010178171469457825 -0.7373711924952777 2.741640237355638 -0.5563282557722458 -0.11252173359620299 -0.27112856777605365 -1.1759690692112033 
0.9357589065155816 -0.6929964466183907 -0.4168619385066846 -0.02510369465157246 -0.13786429141491466 -0.5869980850588811 -0.0983126137075848 1.0223781634335058 
-0.11801472406474997 -0.6360350344286128 0.12533159960352588 0.5903291144224627 0.1607477237320229 0.03155122650387971 -0.11221447311332347 -0.04169543265756613 
0.5644679020223293 0.3941099995952785 0.4625028738357096 -0.6520637443766247 1.167443830717548 -0.7335478238764993 -0.3641388884422085 -0.8387741494826066 
-0.25991260574319525 2.521018869669464 -1.067105736299714 0.17597024834816635 -0.7349558693361871 -0.16786502929200664 -0.43037056772578336 -0.036779309615374185 
-0.15909860785235752 -0.8355993755744057 -0.2871067324070884 0.07990251605609927 -0.11015517690731884 0.08679371211427751 -0.3530029004747049 1.5782665650465186 
Ip_0Ip_3
-0.02432727214230529 -0.056744022668319655 -0.041391489926303704 -0.06567743453472599 0.06858318641738398 0.1391264482604929 -0.02510551560718545 0.005536100200900737 
-0.043476162478930824 0.2765508782560979 -0.052767419371426434 -0.0732474659913419 -0.06591761159932921 0.023289221343007302 -0.03490329758573908 -0.029528142571790976 
-0.024679811636060613 -0.05912180992410313 -0.02126075795359934 -0.0060132247469883784 0.1036194638895468 -0.028066922178358978 0.07829498424366263 -0.04277192169380644 
-0.026095122554624355 -0.057236044985263454 -0.03648999349104183 -0.06636563381931887 0.06827331048230259 0.1385771215534723 -0.025633201027399286 0.0049695638416556165 
-0.04316364504199487 0.2812135263836134 -0.053648072273247374 -0.07307851176400329 -0.06665937923629695 0.02214013559160154 -0.03607594070287306 -0.030728112955316956 
-0.02627985395092143 -0.06024827009850035 -0.021176557742179886 -0.006545724703082189 0.10244336841144853 -0.0291340735176087 0.07783185581786323 -0.03689074421692522 
II_1IIp_4
0.09385658544942221 -0.37900323227152444 -0.01583208994355337 0.05386845231967878 0.24488997142921162 0.04022485217547985 0.5531136358179205 -0.5911181749741867 
0.45828284395326796 -0.7826152290404643 0.2132592796157683 -0.24413543060971246 0.8981939399260503 -0.5604853811850897 0.12723965610887944 -0.10973967877119403 
-0.5512036736601397 0.43913670931259924 0.040535181982087456 -0.44521093523530847 -0.497377063407916 1.116139898709799 0.3185422555412954 -0.4205623732379462 
0.1853807201583251 -0.6418576536744109 0.5944846658542201 -0.8543202173633624 0.47492026880142235 -0.02157350776316152 0.15641353260778082 0.10655219137745836 
-0.3186124956500022 2.181020686918994 -0.80079683943122 0.06052660598670716 -0.41886081662475433 -0.41857560825521345 0.007841527141435472 -0.29254306007748465 
0.21401141125221365 -0.5929958229200807 -0.1453725297717109 -0.02300001650055024 -0.15038008447008314 0.09119606889766678 -0.1821416991548777 0.788682672664401 
Ip_2I_5
-0.15120404080943053 -0.15235149886261665 -0.02805235119165776 0.4619296263891152 -0.05439433789698717 -0.03278200180394786 -0.04442777718877933 0.0012823813638617868 
-0.05423308907284599 0.8554768310803749 -0.24318533797759223 -0.11037621018450484 -0.03327663963102232 -0.15146030646039102 -0.1593751171352787 -0.10357013061743067 
-0.022916682655672045 -0.09455670899002863 0.17109109790414712 -0.1558948132275911 -0.14137195111331122 0.13668966507977548 0.046312864996877104 0.06064652800634874 
-0.1251752726433513 0.7714668993527922 -0.1940889166274862 -0.12000504152366002 -0.18315802924774177 -0.024251505871223347 -0.1327350794901557 0.007946946052622235 
-0.12297989457083353 0.16036499265634915 -0.08729742411562293 0.033257246207508216 0.05765699332139396 0.19557133323796266 -0.10087293392319709 -0.1357003128120912 
0.15863570937173224 -0.07668320333187931 -0.09444639927915192 0.23835252738133275 -0.030490637037205368 -0.11586955940002405 -0.08678246406096761 0.00728402635441397 
IIp_0IIp_3
-0.09833630703588092 0.391227407430107 -0.12164184735029088 -0.06612991132220057 0.07853229161715407 -0.07939882884523351 -0.050188058129167955 -0.05406474636318622 
0.040295632540008626 -0.11966399818891178 -0.07229818111012266 0.015763280581198767 -0.06110651808690551 -0.03977677227505461 -0.03685304041446502 0.2736395969531905 
-0.057026515895502096 -0.1252511096414119 0.2785861823988906 -0.17638706515642788 0.00975794259985443 0.00860769823532332 0.12136354077569822 -0.05965067331651784 
-0.09683885802973285 0.39164417251632 -0.12579363582431283 -0.06554697549937469 0.0787947705055117 -0.07893352435694695 -0.04974108478654625 -0.053584864523535614 
0.04003091618058801 -0.12361347137722224 -0.07155222839624784 0.015620168733129188 -0.060478207454269274 -0.038803444834771855 -0.035859758823281816 0.2746560259711103 
-0.05567120791388967 -0.12429694708512937 0.2785148610234457 -0.17593601368488157 0.010754148496274223 0.009511623534183439 0.12175583143333671 -0.06463229580362652 
Ip_0I_3
-0.02411157701374209 -0.09447986320006091 0.17084288093725367 -0.1550386460559899 -0.14083273446258976 0.13677017133761651 0.04612112985897364 0.06072863859835798 
-0.12482279489825313 0.7717606483494022 -0.19406733473128748 -0.1195597610054382 -0.18333628367429217 -0.024268050708020975 -0.1332346835302522 0.007528260199393186 
-0.12386419458404138 0.160325093318174 -0.08667717709447836 0.033320797773696516 0.05740748707661159 0.1953816475012249 -0.10017048024101056 -0.13572317374900408 
0.15993111546623803 -0.07594422570408929 -0.10179697509781084 0.24018224130184804 -0.02955562035173242 -0.11504114563492543 -0.08623021214502574 0.008454822163412288 
-0.151224295302214 -0.1587952895912999 -0.02697679042974221 0.46216123838389855 -0.053483093124217194 -0.0311076340068586 -0.04320329881912526 0.002629162890302463 
-0.0528118539405622 0.856858138353804 -0.24264713544125982 -0.10954832015152 -0.03178732740961722 -0.1500506067559465 -0.15794791923507664 -0.11206497541764696 
II_2II_5
-0.8560008733151252 0.1425438680865761 -1.3582587661650238 -1.2137564823550322 -0.7341653112224459 3.0328657220511204 1.7431919743318824 -0.756420131405899 
1.4019949313258007 -0.5894110623864035 1.3257733431640488 -0.696710750235717 0.2186695150349678 -0.952164447139461 1.1122822916873585 -1.8204338214482834 
0.4266252520226636 -2.049987470239285 1.2752224435451143 0.01721187281039427 1.9172097251483549 -1.534541832602804 -0.06065880222765387 0.008918811532649088 
-0.8569805339106702 0.14227121216955263 -1.3555425844750384 -1.2141378504366853 -0.7343370300738682 3.032561310702441 1.7428995555792948 -0.7567340795445878 
1.402168113974774 -0.5868272393372085 1.325285326224431 -0.6966171236501418 0.2182584618590328 -0.9528012170977782 1.1116324673310034 -1.8210987893065385 
0.4257385828800039 -2.050611702153778 1.2752691033910306 0.01691678606422463 1.9165579876537129 -1.535133198315273 -0.060915446493483565 0.01217788695622904 
I_1I_4
-0.3081525353145289 0.47036771635443647 -0.5035633113187902 2.509009472904497 -0.4966168796933608 -0.23838606987333655 -0.7928745953711264 -0.6397837976851842 
0.08361133803272017 -0.5437732954550135 -0.15099429912163936 -0.12165508330073413 -0.12174520649426829 -0.35002391969887153 0.08064611725610626 1.1239343487786557 
-0.4133807625117988 -0.7246912912377794 -0.09034787278068766 -0.24813859325576118 0.15403044794826315 -0.0784254597233783 -0.17459828472136568 1.5755518162784319 
-0.31862892010020394 0.46745196337035316 -0.47451675719564096 2.5049311637533873 -0.4984532225811727 -0.24164141201958797 -0.7960016899879148 -0.6431411252355654 
0.08546333461398987 -0.516142170353598 -0.15621309964902497 -0.12065385068363006 -0.12614096483123088 -0.3568334689693862 0.07369696566053498 1.1168232542065315 
-0.42286270671137993 -0.7313667600157641 -0.08984889740971898 -0.251294219092784 0.1470608374618413 -0.08474946088064214 -0.17734281081856185 1.6104040174681908 
I_2Ip_5
-0.12154977925240137 0.7712400303531475 -0.19328359158106434 -0.12220540507128567 -0.1845871523706477 -0.024541856579080038 -0.13230660118681317 0.007234355692405015 
-0.123318724550518 0.15974741364190922 -0.08680354092299375 0.031986690816127254 0.0579144083174539 0.19541785120448535 -0.09968972076771271 -0.13525437773780605 
0.16142416390748693 -0.07615804687155645 -0.09607239011376227 0.23813388961594517 -0.030069911748491843 -0.11564803420561305 -0.0886329925740471 0.007023321989331643 
-0.1538506750598004 -0.15432400581492223 -0.009857086894388073 0.45728761182528804 -0.05692286479545832 -0.03502129977528422 -0.045871465380462176 -0.0014402141042451403 
-0.053463143535940956 0.8714017853016182 -0.24581590885061597 -0.11104733562886676 -0.03565092993489668 -0.15569061108796775 -0.1623523053675008 -0.1073815508935296 
-0.02580499214942054 -0.09802810220798631 0.16976383962616906 -0.15800269890123952 -0.14512387578724376 0.13312506144469827 0.042819210696301464 0.0812515572794969 
II_0II_3
0.41691299248951025 -2.049683175993013 1.2763901606127142 0.013115681900010475 1.9162996167980328 -1.5331589504346748 -0.06022560061904546 0.02034927523981652 
-0.8742899789093321 0.14166617929145633 -1.3575291715530895 -1.215697732061614 -0.7312364671351048 3.0346717646555064 1.7449095904446292 -0.7424941847306488 
1.3910140676953608 -0.5872673691269069 1.3220067274529115 -0.6965318300238876 0.2217195325629842 -0.9496106068897396 1.1074989108292848 -1.8088294324974092 
0.4035236025636308 -2.0534096669950572 1.3135132376168988 0.007903380845299481 1.9139526706450583 -1.5373194548678442 -0.06422219772978863 0.01605842790969502 
-0.8719230264827599 0.17698026097535988 -1.3641990826539105 -1.2144181022834166 -0.7368544855231521 3.0259687900857335 1.7360281965056816 -0.7515825506072461 
1.3788956269577464 -0.5957989815355077 1.3226444451300996 -0.7005648915892797 0.21281199104257345 -0.9576930245507095 1.1039912571051655 -1.7642864225767896 
I_2IIp_5
-0.15738546075173912 -0.8523672718591564 -0.2913652559695038 0.06395119667902216 -0.13200253159828138 0.06913049939009705 -0.3674305927374355 1.667469416841914 
0.12185776021546008 0.0066666282281486935 -0.7331301650320751 2.7280609365078443 -0.5624781155296004 -0.11454455157253883 -0.2653411484113732 -1.1810913443989528 
0.9468839531304166 -0.6953327037519302 -0.41900975150022285 -0.03155576158355378 -0.13575964113570707 -0.5872185641641202 -0.09771243434460432 1.019704903341539 
-0.10825334527857274 -0.6393298347246658 0.1705309366300262 0.5760204435115687 0.15508155698467938 0.025788553907808102 -0.12447845044425045 -0.05535986058651445 
0.558912460770787 0.4308529329751224 0.538441990294864 -0.6752399018683805 1.1484887650005426 -0.7565501620079387 -0.3792184651733311 -0.8656876199985868 
-0.2602319317237272 2.583891781585303 -1.0829034898523269 0.1667805388990752 -0.7572845942449791 -0.19810607517292814 -0.4539135259855131 0.0017672965085909712 
I_2I_5
-0.40837981653337735 -0.7261285848358272 -0.08685876227587012 -0.25072856536069266 0.15082896787520492 -0.07977550404974049 -0.17080948893915276 1.5718517541187493 
-0.30975689666356127 0.4693968221511122 -0.5037398378424727 2.5107831914698497 -0.4945432863647742 -0.2386526774339316 -0.7917919045962369 -0.6416954107132163 
0.09275857353543414 -0.5419149066605868 -0.1538795167123178 -0.11993574744358405 -0.1222143893856807 -0.35007944322731377 0.07650151805376043 1.118763911836724 
-0.4166682589006261 -0.7284353968768159 -0.06387844084615 -0.2539551393220031 0.14937613633951702 -0.08235098369473842 -0.17328350493247843 1.569195588229242 
-0.3082916806328413 0.491257320082489 -0.5078687170574756 2.5115753214857888 -0.49802101178003927 -0.24404008519166254 -0.797289759406948 -0.6473213874911252 
0.08525688763620289 -0.5471962359901227 -0.1534847499401513 -0.12243233604882049 -0.12772843034693734 -0.3550827072530508 0.0743301729910457 1.1463373989532857 
I_0II_3
0.38858542463324613 -0.7064002138340263 -0.32077634135797234 0.004830200284693453 0.17577156807539623 -0.7325285416737329 0.23768366415016648 0.9528342397182549 
-0.37553433024919325 -0.9117904399211381 0.19167036281340608 -0.4921751044868481 0.6692365830761658 0.3137845117090636 0.20435341064465642 0.40045500641138404 
0.17180791801844564 0.2990223653385265 0.12920478109650388 -0.20054056668546885 0.413508398086645 -0.16822883947240727 0.0235849838499022 -0.6683590402306685 
0.8224438318977026 -0.8591632336300893 0.34208101008239755 -0.6051803948738599 0.8580056048518119 -0.6637072903532112 0.30976780711647944 -0.20424733509957785 
-0.8117512402611536 1.3867972271410274 -0.6184229903954389 -0.8008481500211465 -0.46233518810251123 1.5539595104285893 0.45449761354069446 -0.7018967823184648 
0.2807835695064377 0.24410406101502305 -0.01611504987438157 1.260578423555974 -0.5223805445415612 0.05912074055256214 -0.2883979302875012 -1.0176932699280254 
IIp_2II_5
-0.5475500672346111 0.440372069243268 0.03699104964795242 -0.4442305221202051 -0.4956077348049543 1.1167877695358945 0.31470204808043817 -0.42146461233858495 
0.1806821754576651 -0.6452497762233433 0.6301283898762962 -0.8626502750597295 0.46972005848339626 -0.025979207147907794 0.15278498579090113 0.10056364882017632 
-0.3184824329702207 2.2121556089595904 -0.804977043913946 0.05934426151575002 -0.42391368739865115 -0.42715776247091236 0.0030962244322210297 -0.3000651681448654 
0.21035452076197264 -0.5986361225578919 -0.15957865897439816 -0.02422316873030631 -0.15625763765597994 0.08552144924556412 -0.18806118864636986 0.8308808065511428 
0.10100458876644386 -0.38961015188889486 -0.013001234127364335 0.0500414347721149 0.24359621459974554 0.042363186561364626 0.5559294326941158 -0.5903234713760888 
0.4598676239593045 -0.7820309228398645 0.21514463536834663 -0.24529523463876096 0.9011148743041473 -0.5584491115428075 0.13189255591727536 -0.12224442053718582 
I_0Ip_3
0.1626082063796409 -0.07695440609723037 -0.0937148274457314 0.23550551966044103 -0.032286224947531916 -0.11616416719962155 -0.08627303806301155 0.007278937712404627 
-0.15246194753067022 -0.153399483439676 -0.027360624363679736 0.46024840830526775 -0.05392643771970639 -0.032819921209931706 -0.042842356782187105 0.002562362740843786 
-0.051333808305289004 0.8562615345693303 -0.24532686315950616 -0.11062744318063016 -0.03254778454579962 -0.1510101109620923 -0.1617937420861541 -0.10362178232707325 
-0.02729300008031913 -0.09712056595086944 0.19516819327600363 -0.1619960047364373 -0.14459024296672227 0.13382672527871553 0.044329596929449065 0.05767529825080181 
-0.1250247894941252 0.7926080951194114 -0.19736958150227613 -0.12091269037332229 -0.18623778651737066 -0.029788315606697154 -0.1367597864029121 0.003484854778962773 
-0.1276885603997893 0.15599549117964365 -0.08907787208888636 0.030477012748755722 0.05274954418483246 0.19088568964719413 -0.10555107341993049 -0.10779023184991456 
IIp_1IIp_4
-0.05775873901310777 -0.12504040275242717 0.2779993079355735 -0.17566339537039613 0.010379548682974504 0.008774622296817344 0.12077361841051525 -0.05946456018965457 
-0.09743681936541648 0.3914773259941494 -0.12169653499142567 -0.06618087851615818 0.07811087572779984 -0.07941457022402754 -0.05052400011169594 -0.0543353985122658 
0.03911384365448286 -0.12005664040515308 -0.0715991632975375 0.015536490168283332 -0.06119548968146208 -0.03988558060468165 -0.0359224358067509 0.2740089759723729 
-0.055484299196897 -0.12440738813738382 0.2716932547914626 -0.1747779879606219 0.010778221647622438 0.009481362259616013 0.12145251563048874 -0.05873567903325137 
-0.09783889077172818 0.38547856474398245 -0.12056352508825686 -0.06639824771137481 0.07906520186108924 -0.07793620623614532 -0.04901532823678666 -0.05279156855932267 
0.04117238883630783 -0.11860738550545794 -0.07170749164478431 0.016221581561665532 -0.05968237614857123 -0.03851262988500522 -0.03532659482138377 0.2664425076071904 
II_0Ip_3
0.017976521446890523 -0.08221213906664697 0.053364498729496876 -0.03891735454749783 0.06742790518321087 -0.02790381060725378 -0.023050679210004817 0.03331505807142411 
-0.048333927166586764 0.0157166914302747 -0.01193677648540914 -0.06474329693024349 -0.030468756398949637 0.10275976890441792 0.06203569541323073 -0.025029398766394602 
0.022012361816855987 0.07571780416938866 -0.002303463924836929 -0.031916667335817946 -0.006892287883485483 -0.05088994959401883 0.05176481723834582 -0.0574926144858872 
-0.01910615048704288 -0.05980873947051538 -0.0027976652124652303 -0.060876400283101796 -0.01297277172010498 0.15881905165381466 -0.013201422559887493 0.009944098079261443 
-0.03807991694423372 0.14059813500790647 -0.05934656520966667 -0.06316391507282162 -0.039308935188575506 0.08710807792925529 -0.0070128027605903176 -0.020794077760213588 
-2.310955559961829e-05 0.024143986076998497 -0.018621073934793966 0.08834836555024993 -0.029187431626575187 -0.03102602467405724 0.026663264963908972 -0.06029797679978172 
I_1Ip_4
-0.12354943486773116 0.16059931629996166 -0.08743733878247616 0.03365029214282119 0.057876656675187634 0.19555437704171671 -0.10098990702192692 -0.13570396148715275 
0.1587751199512113 -0.07657808273169799 -0.09456043286658201 0.23856135878461096 -0.030606104767480692 -0.11590871327959765 -0.08705147002149216 0.007368324930144215 
-0.1515798144133341 -0.15246669333438825 -0.027739706285725696 0.4619362000549252 -0.05451402974028466 -0.032848467892604635 -0.04407636296875663 0.001288874580083994 
-0.053619088359735216 0.8558325729250401 -0.24660606359594361 -0.10952457814998162 -0.03281331444918128 -0.15105285510553357 -0.15908127422130142 -0.10313539904084847 
-0.022916279664301816 -0.09755940306084912 0.17156989310942464 -0.15577624684775873 -0.14093140188570463 0.13747754058663914 0.04685939383464613 0.061276503928052034 
-0.12454734807723165 0.7720925348958307 -0.19361052758256808 -0.11966897207190633 -0.18249498316320195 -0.023619929296815893 -0.13209387382508692 0.003943099124631894 
other
-1.3233574647844533 0.8471070909627519 2.2027784974169027 -0.5269627054564698 -1.946312915250739 0.6287270690855075 -1.8748869875598966 1.9929074155822268 
-1.2994734807959247 0.8507848755296863 2.203064606453946 -0.5322047832147629 -1.9563526503141437 0.6277612674092133 -1.8795006331043809 1.9859207980341709 
-1.3183871333301769 0.8425122021963919 2.215796800705322 -0.5385822738117354 -1.9574297970251504 0.6255764998957423 -1.8614591956906568 1.9919728970598614 
-1.285504248089546 0.8576422738339377 2.097827645581896 -0.5122269809472003 -1.9396778510856956 0.6404892536758272 -1.8635881862475543 2.00503809328167 
-1.306165104799499 0.7509482441590302 2.2219211482179784 -0.5358224314767513 -1.940469920129135 0.6523654939051775 -1.854391996244587 2.0116145663786162 
-1.284127023964951 0.8666319697879911 2.2139939056054034 -0.5271803836460855 -1.932247238207776 0.6484263465861778 -1.8515426888755262 1.8660451127312978 
Ip_0IIp_3
0.0016085150393103827 -0.03969437356798733 0.00986904784739176 -0.039761809517330236 -0.02114234994347322 0.09572413712487624 -0.008486578965868099 0.0018834119826018764 
-0.030075140972332347 0.03548515359048374 -0.008475328405893573 -0.022097836936685857 -0.041798273813790726 0.048141881619531646 0.047517151738631434 -0.0286976068198208 
-0.02713487726332608 -0.059621701515791874 0.10948026426686941 -0.07505160867858872 0.008104239719863566 0.044775842515983225 0.04335040351006709 -0.04390256255502497 
-0.011718876425438696 0.22995722492979734 -0.04921368841196512 -0.01171098297042929 -0.04993184749816613 -0.03746129026527983 -0.029862023726712875 -0.04005851563133203 
-0.006790835726894474 -0.043721778068612493 -0.015388456009598534 0.07313868189117925 -0.024128373894705138 0.002237702583114917 -0.010593121695476182 0.02524618092111966 
0.011477142993760566 -0.040388399668005316 0.06279183253605229 -0.017968943659826615 0.01750538685551672 -0.012014820440847396 -0.007607815416326861 -0.013794383200878975 
Ip_1Ip_4
-0.025589345341956934 -0.05927173014610772 -0.020865399248247173 -0.005754355455259974 0.10359731041321536 -0.02814290458212026 0.07876475148605404 -0.042738327125295614 
-0.025074359983867124 -0.056618590161063014 -0.041599395511982926 -0.06496250059230788 0.06891436127537726 0.1391816507151875 -0.025339083059511762 0.005497917317734253 
-0.04342026394037112 0.27671140523964255 -0.052751621295434106 -0.07288271066016189 -0.06607311521677994 0.02326322483383041 -0.035054282447085014 -0.02979263651248316 
-0.024963993180262885 -0.05909768418755881 -0.022599234514821567 -0.005510914659949941 0.10370692465693283 -0.027948588003412964 0.07895141276463506 -0.042537922874721766 
-0.025184908621431423 -0.05826793620579183 -0.04128787696256358 -0.06502226576831548 0.06917675112024697 0.1395881236009983 -0.024924277087667437 0.00592238992482713 
-0.04285427152760084 0.2771098746464026 -0.05278140593324512 -0.07269434630745593 -0.06565708802105427 0.023640714576244733 -0.03489045729527696 -0.03187302013684981 
IIp_1Ip_4
-0.026818066763668727 -0.05956859896728148 0.10934007930132651 -0.07514011597335775 0.008113787102321102 0.04480288977505899 0.043184167464957325 -0.043914141939391055 
-0.012077614958716258 0.2297404850053168 -0.04741227821042473 -0.012204228886017288 -0.05015842683475845 -0.037674472804158095 -0.029967325696284606 -0.04024613761424641 
-0.0067032124473773765 -0.042134665296888425 -0.015702505362876915 0.07306985613850761 -0.024335867466552624 0.0018411417847635724 -0.010951048560755697 0.024916301211184204 
0.01101740401600028 -0.04079166284603754 0.06326972323962426 -0.018327875779225424 0.017062927060584848 -0.012430099499393193 -0.008000740741367798 -0.011799675450310357 
0.0019108130541529151 -0.03917787022403648 0.009835983584245013 -0.03999204582103545 -0.021348678048342097 0.0955667655530737 -0.008546530700421334 0.0017515626023595137 
-0.030289812681438488 0.03529252698991346 -0.008468663569571834 -0.022290174510747378 -0.04188532466081619 0.04802250257561135 0.04751722255145307 -0.027898276693823616 
II_1Ip_4
0.0005767488638717133 0.024804889116064665 -0.018384453987925924 0.08880033200022112 -0.028453414840856964 -0.03035583663313411 0.02731908966595751 -0.06430735418405643 
0.017424268317392792 -0.08215949426652432 0.05324397020507235 -0.03848069009807423 0.06766985687284245 -0.027867169600102343 -0.02316035847269419 0.03332961704162353 
-0.04820332681834685 0.01585172653143514 -0.011994103213100328 -0.0645012096298245 -0.030552175446296556 0.1027562735421118 0.061855199854924804 -0.02521238482045298 
0.021678236688073588 0.07565274551806818 -0.0024548489643421594 -0.03176645612289199 -0.006934751478069075 -0.05089993601763525 0.05215175591773089 -0.057426745540380505 
-0.018477300871597876 -0.059843364397151606 -0.006191600019535091 -0.059984248968025976 -0.012451374673145091 0.15933599441357799 -0.012843464761606752 0.010455359277393897 
-0.038017666929413926 0.13764552450748138 -0.05880902829081735 -0.06298901016179789 -0.03877793412130733 0.08798777407671925 -0.0063489033750895665 -0.020690755705040507 
I_2II_5
-0.8099134454701316 1.3539891098887584 -0.612753966620622 -0.8004262895909374 -0.45827593686350815 1.5622885053391298 0.46089797822929357 -0.6958059548974967 
0.28855647833872516 0.25079997409711996 -0.01318996392333446 1.2643298838187822 -0.5148066665186424 0.06616225154802303 -0.28070183715589786 -1.0611501202011797 
0.3841738273203932 -0.7058467466326743 -0.3225790936951027 0.009094002722707007 0.17858547596654525 -0.732107077869723 0.2361194084188886 0.9525602037645248 
-0.37399382122785446 -0.9110110634196279 0.1980593252851543 -0.49152094687703934 0.6673823043957497 0.3128509600341786 0.20134967185627498 0.39688356995153373 
0.16826594116787338 0.3042785690255169 0.13145578593576857 -0.20045933492546858 0.4113382833779866 -0.1707279984899198 0.02615052655687466 -0.6703017726456147 
0.8286905794853903 -0.8566439621154696 0.30433410264952987 -0.5966346901503563 0.8613720722736135 -0.6608112215757163 0.3114062125872055 -0.19171309316590976 
I_1II_4
0.28691932652990926 0.25123022347740054 -0.013628956962390477 1.2656613159642982 -0.5143483618892347 0.06634856118794057 -0.2813878306746332 -1.0607942776323414 
0.38274767345868693 -0.705751751657814 -0.3221265105337661 0.009656794752580227 0.17833574062743848 -0.7321316594173497 0.23637975300593675 0.9528899597600962 
-0.3743586583717468 -0.9104005831500592 0.19122272451464264 -0.4895528465532305 0.6682824227124718 0.31371148576857466 0.20260350892936332 0.3984919461479167 
0.1685606322421344 0.2985248638665067 0.1256814382992381 -0.19844534034418468 0.41330532979743084 -0.1681107552038939 0.027900803504909585 -0.6674169721608676 
0.8291922099386053 -0.8612002027168653 0.3058540349510064 -0.5955181623320528 0.863853214263714 -0.6577140866379146 0.3139328293604644 -0.19839983683833207 
-0.8107112632757392 1.3554002940538832 -0.6125041879716228 -0.7987489688079197 -0.45624041395006715 1.5637853431139026 0.4620030077553612 -0.7029838109058378 
II_2I_5
-0.3547410048172759 -0.9111359984168984 0.19206014045895684 -0.49456383623292793 0.6640881442803895 0.3120123845382193 0.20339125499326663 0.3888889151915847 
0.17731075745618488 0.29548017065539595 0.1338648544308297 -0.2031916574373555 0.41168492453021255 -0.17039632791107423 0.030521083574658547 -0.6752738052978319 
0.8462085425763405 -0.8544609934220039 0.30151320868120607 -0.5964268700095485 0.8626792842902181 -0.6599456925738408 0.3093320667308725 -0.20889954627815027 
-0.8071895282483513 1.349263905989511 -0.5729255520698858 -0.8099036467713321 -0.4644673489499573 1.5563138811715571 0.45800585257900883 -0.7090975636888753 
0.30052324388949353 0.28559601127141343 -0.01901474990757933 1.263177235339417 -0.5213953420703532 0.055750296753549616 -0.2872951601894131 -1.0773415350830227 
0.3867318492661945 -0.7141958605942428 -0.32461273960481696 0.004323099532443203 0.1688965293376489 -0.741219110761203 0.22971514333442877 0.9903610894844783 
IIp_0I_3
-0.2634515424237505 2.5945340143910274 -1.0800970732177464 0.17620174165066857 -0.7435796352494066 -0.1866936892644215 -0.44484825398000705 -0.052065561895180607 
-0.17362120743490952 -0.8502620281748996 -0.29392070943546733 0.07216312999061104 -0.12763009224825653 0.07075677740833729 -0.37083225493624855 1.6733463848269026 
0.11244969204408012 0.008478867468531466 -0.7323537296181737 2.732133699351046 -0.5632398665238629 -0.11393413065826521 -0.26645317360209714 -1.1770813584585775 
0.9365597548515339 -0.6937337286541624 -0.4416518804840248 -0.02396276561990532 -0.13259100190586628 -0.5839264502833791 -0.09061772378171484 1.0299237958617509 
-0.10782829284045722 -0.657159865736025 0.12185830465362471 0.590464204730282 0.16665198369637296 0.039284179513801615 -0.11610875667998344 -0.03716175733776298 
0.5548549880673002 0.3903457588527235 0.5479018480010822 -0.6700601822089404 1.1617377260559865 -0.7382887009155633 -0.3656787971667422 -0.8808126406935305 
I_0I_3
0.08339068767894776 -0.5423684432648074 -0.15218765532217468 -0.11830887101441856 -0.12154937796620612 -0.3498655595692831 0.07842760918209893 1.1224616102713016 
-0.41640897392354026 -0.7252022826423387 -0.08798834980318233 -0.24709012702819788 0.15290794265559204 -0.07896990622326455 -0.1722924133190309 1.5750441102817614 
-0.3144783224198759 0.4702877684249417 -0.5035129564733378 2.5126257416967817 -0.4947720966655798 -0.23828056612168141 -0.7924517082223934 -0.6394178602147572 
0.08723726053628904 -0.5412978777483585 -0.16285256396845926 -0.1168114543381006 -0.12087513519496204 -0.34867030844033325 0.07957577217178022 1.1236943069786038 
-0.4170889641994887 -0.7353474938008381 -0.08607218340933274 -0.24745774565692533 0.1545219158964841 -0.07646967089122289 -0.16974092075223096 1.57765506281216 
-0.31099687438753226 0.4727387739523672 -0.503696163290457 2.5137843803824778 -0.4922130922878842 -0.23595860757350473 -0.7914440114057812 -0.6522144053822755 
Ip_2II_5
-0.04796355822059205 0.01585645792807152 -0.012000790910569043 -0.06463502647989479 -0.030618547845456725 0.10275339085345173 0.06183414092683164 -0.02522606625143218 
0.021534753323871156 0.07555571982971837 -0.001963568100290752 -0.03195870231824179 -0.006974084543839732 -0.05095628512152944 0.05218679904350004 -0.057424632112863506 
-0.018340126971250773 -0.05940298895146032 -0.006357087340288176 -0.06001125582896477 -0.012476357000799332 0.15925150601285767 -0.01303150366406384 0.010367813743801295 
-0.03830949420296863 0.13744037887908722 -0.05773748603960257 -0.06332155358143002 -0.03901891202045593 0.08776789003025387 -0.00652732294442044 -0.020293500119819573 
0.0006622464958045904 0.02577100116601674 -0.018531136026228533 0.08870755509124717 -0.02862659138145154 -0.030613225495582368 0.027145980194346945 -0.06451583004359604 
0.017183552117458246 -0.08238905590540177 0.053176937011138264 -0.03863936475943717 0.06745543086532099 -0.02808027558300026 -0.02334294380172063 0.03463572005495851 
I_0IIp_3
0.9290272342805953 -0.696486220655438 -0.41498175738630894 -0.02896650025475936 -0.13507732307678078 -0.5870041623677789 -0.0931904880272466 1.026679217475261 
-0.10664854361214268 -0.632609513762183 0.1174476713582751 0.5906034160986272 0.16288027168205607 0.03308510633340631 -0.12166993045530596 -0.04308847764451265 
0.5477117551431804 0.3846594192642578 0.547361428308501 -0.6730311261570412 1.1557445183833168 -0.7438227692710335 -0.3692877538057743 -0.8493354718665173 
-0.2558950030524128 2.595981059963994 -1.0952624883584938 0.17707196568569633 -0.7434210852676282 -0.1850827560023103 -0.4429170868523344 -0.050474606107793994 
-0.1751088752597056 -0.8655085824311782 -0.2908147427209182 0.0708602733852364 -0.12507062586526813 0.07436544795106179 -0.3663846167865847 1.6776617217230183 
0.1189632336016956 0.012407156456432393 -0.7336128198671164 2.7337077800833156 -0.5591947954812054 -0.11035978666610735 -0.26610920949199274 -1.1958015586333426 
IIp_0Ip_3
-0.011849338069986785 0.22975578797993662 -0.04739370919154128 -0.012297415622002147 -0.05025467176828803 -0.03768596547551405 -0.029980515009677716 -0.04029417284193816 
-0.006834903158965287 -0.042204842831211155 -0.01561559868151066 0.0729966492705175 -0.024331409140305096 0.0018276691703145343 -0.010814041435119144 0.02497647680621764 
0.011271151253560322 -0.04068906310600624 0.06255990007306542 -0.018185523737292153 0.01717835898305923 -0.012336739498989746 -0.008067484926678503 -0.011730599040981478 
0.0016991215776261514 -0.03983428354773811 0.011076099128320919 -0.04026218343667981 -0.02142642449283888 0.09556815474974768 -0.00853908363814384 0.0017185996594014134 
-0.03015828844263908 0.03641902866526658 -0.008592346185097563 -0.022260997138940943 -0.04190855165033389 0.047875540397824885 0.04744287001852939 -0.028817255663878716 
-0.02714078507981243 -0.059781502071927506 0.10923780263936912 -0.07520160009177285 0.007924281581571019 0.04458736982056785 0.04294864781343201 -0.04257421461145397 
II_2IIp_5
0.21621566134811607 -0.600283417743239 -0.14736587870313378 -0.029170995012393355 -0.15963943510932063 0.0833548228108769 -0.188390801328722 0.8252800437303972 
0.1055308793925326 -0.3803568856562533 -0.014145286069560331 0.04840472933635654 0.24179233142875303 0.03906594694924151 0.5552991984329049 -0.5955909138121237 
0.46484189936525017 -0.7839594735408154 0.21295781006777537 -0.24691081867240108 0.8985889341783853 -0.5609988307955975 0.12827381014394656 -0.11279333075044909 
-0.5432564238962778 0.4382885133755059 0.05354983234165416 -0.4497885530195513 -0.4992642894841192 1.1141340724220155 0.3139045533658979 -0.4275677050947997 
0.1854855654462164 -0.6318622868360301 0.6282034907590639 -0.8641371741066852 0.4672584733248475 -0.03029530488333286 0.15111500583258775 0.0942322304611289 
-0.31492686466107117 2.209228261521206 -0.8070892115409111 0.05725652655202945 -0.42748243432142174 -0.4306536911860878 -0.0009331627214683701 -0.2853994236306611 
II_0IIp_3
0.4523368865704652 -0.7839482512013936 0.21353341554163197 -0.24378680934809527 0.9006636073450589 -0.5602883268124869 0.12904418666438378 -0.10755470876695586 
-0.5455651483300337 0.4413667395110415 0.036646725179848495 -0.4439101336731015 -0.4967804840068998 1.1168475553921522 0.3133332872287073 -0.4219385413005873 
0.1759023011388233 -0.6464877217140962 0.6325821992236008 -0.863184398577744 0.4693851765473297 -0.02630120844107631 0.15591966948106128 0.10218398234016246 
-0.3139271171712786 2.215166848338748 -0.8300996167348762 0.06534999699121471 -0.4201888832071457 -0.42393204834319637 0.003822181555900625 -0.2961913614215275 
0.20679133705470376 -0.6209534388386302 -0.14447302191990294 -0.02628757810443216 -0.15461346339711787 0.08978579433088084 -0.18506360318841492 0.8348139740574587 
0.1045545648577261 -0.3747774724445694 -0.012971154143105078 0.05242872232792022 0.2471522822716042 0.04447810423188145 0.5585733944144834 -0.619438441519372 
II_2Ip_5
-0.03719647613441777 0.13750964034677365 -0.05873164714560875 -0.06344459405511342 -0.03915906351986277 0.0878237265998994 -0.006343807326153439 -0.020457778764731864 
0.0008209449896368341 0.024637407981063966 -0.0182683604034059 0.08850702190142438 -0.02846226232505887 -0.030406174993309932 0.027566937123492598 -0.06439551427338658 
0.018155880928541746 -0.08208504345825261 0.052962466259961254 -0.038553196704343054 0.06773717133199375 -0.027845390368379373 -0.023454593652653455 0.033082705662719585 
-0.04841512891141083 0.01549026819408932 -0.008657013595174765 -0.06536713933738815 -0.03103294675935555 0.10232306050252302 0.0615506426670224 -0.02589174275967021 
0.021970037022763032 0.07854867875481025 -0.002480190791747147 -0.032009707084751246 -0.007466237109951005 -0.05176620225285547 0.05156993952210935 -0.05836631805995466 
-0.018783872847769712 -0.06009591997557494 -0.006497038944683084 -0.06039636262825863 -0.013235488404365212 0.15854193745565892 -0.013553032950538961 0.014019778295635048 
IIp_2IIp_5
0.039849113848301324 -0.11983507772257179 -0.07226907033786899 0.015831305088240336 -0.060829807785796663 -0.03978636125921022 -0.0366302049862983 0.2736701031542909 
-0.05602914087288007 -0.12498780269426395 0.27811994937487833 -0.17621944004376563 0.009784831335240954 0.008656405826237794 0.12073828434392747 -0.060063087268820634 
-0.09769321708382948 0.3910679808848985 -0.1212222271185128 -0.06660770951307887 0.07808802899466251 -0.07953839265993516 -0.049756616998630175 -0.054337846504196964 
0.04095168498847228 -0.11952821374634338 -0.0753260306304013 0.01626052051536128 -0.06063654467904263 -0.039443757739485025 -0.03630109868223339 0.27402343997234474 
-0.056224051428864344 -0.12789579831799963 0.2786691940775803 -0.17632481324376154 0.010247456217756594 0.009373066454506935 0.12146963720600275 -0.05931469096514215 
-0.09669530432647092 0.39177053041640586 -0.12127474102038542 -0.06627560048410856 0.07882153502170572 -0.07887283280218087 -0.04946777353484789 -0.05800581326845915 
Ip_2Ip_5
-0.04346253923222237 0.27678533609301803 -0.05296478394135877 -0.07269655947338372 -0.06589664540864627 0.023311028942621805 -0.0352736101865623 -0.029802226792057265 
-0.025164471464774525 -0.059214418840191865 -0.020858881265879925 -0.005844673034207511 0.10342827235713883 -0.028162719117534155 0.07869287967899039 -0.04287598831332809 
-0.025348969909637253 -0.05675540243798825 -0.04139234668881121 -0.06506902911048466 0.06889381932394188 0.1391425707140622 -0.025043886822499768 0.005573244931295137 
-0.042852302212590766 0.2769551752548274 -0.0546567113554704 -0.07245900279020882 -0.0657896806079456 0.023500648771376517 -0.03509146062467571 -0.029606666434166113 
-0.02527234807461489 -0.06082389918827797 -0.020554892309262385 -0.0059029936496329165 0.10368432007986628 -0.02776607092856769 0.07909765953823414 -0.04246177546728654 
-0.024796657877598265 -0.05636656427905082 -0.04142141141380915 -0.06488521763870078 0.06929979088941048 0.13951093629989708 -0.024884021424208272 0.003543145444009337 
Ip_1I_4
-0.05449579583492142 0.8554810337010248 -0.24322543093197474 -0.11021623788512822 -0.03316302808342102 -0.15144504228465708 -0.15939454258709462 -0.10354095609052612 
-0.022808128297676467 -0.09448395877642292 0.1710279432921033 -0.1557939752298824 -0.14139523689726638 0.13669617790562566 0.046191180560288744 0.06056599744276211 
-0.1253987282592386 0.7713928446492881 -0.1937251344241036 -0.12004856399759692 -0.18323393191634887 -0.024306938139887685 -0.13260213052087813 0.007922582610641877 
-0.12270362556175785 0.16072718228567023 -0.08883251169768956 0.03362918394770626 0.05782887271473766 0.19569742998507464 -0.10078902159665597 -0.13555751007549632 
0.15857876787926914 -0.07804572059272306 -0.09424431268473471 0.23837900872991294 -0.03034719355935934 -0.11557045663306291 -0.08657711069267252 0.007827017551391594 
-0.150872182747175 -0.1520688096341319 -0.027936354161619992 0.46207545299566377 -0.054107042059081345 -0.03249569074599296 -0.04413336740902708 -0.0004620062370107859 
Ip_0II_3
-0.0182840104669692 -0.05945016694065633 -0.006223282552330878 -0.06013358598395276 -0.012592114983692915 0.1592190303762053 -0.012893784037511602 0.010357914588863516 
-0.03816874520092494 0.13750891957344213 -0.05881005674491721 -0.063119995472591 -0.03884816371724142 0.08789767685118877 -0.0063628743917242166 -0.020096760896841794 
0.0007908449745260275 0.02483805344031125 -0.018471558807098228 0.08873539010602219 -0.02845261204096148 -0.03033935095588905 0.02721479013995114 -0.06431555685638615 
0.017191664083553625 -0.08230082076733954 0.05439440086766867 -0.038800121712643534 0.06752688095082077 -0.028003176498328605 -0.023222713109923653 0.033213886185766865 
-0.04813867329730848 0.01686587947645695 -0.0122007921481373 -0.06454579589605429 -0.030682260671372773 0.102504834995478 0.06161967702116352 -0.02542286947926611 
0.021371858551523026 0.07538790562459848 -0.002077409787710762 -0.03201369167366648 -0.007226553296717582 -0.05117332933625366 0.051895353079930456 -0.05616413316146105 
IIp_0II_3
-0.31269050788733477 2.212279666830205 -0.8049850011017968 0.055303209910542384 -0.42586291002509985 -0.42714663351544446 0.002641379287793812 -0.2995392034857837 
0.20516550528199198 -0.6012830372443537 -0.1470187034778964 -0.0294561826970192 -0.15697866816960565 0.08423392613268914 -0.18684794820972264 0.8321851083806234 
0.10393422045659564 -0.3782281709272706 -0.017728572562181105 0.049330091488124526 0.2432962843917556 0.040483177306368724 0.55052626695787 -0.5916132971105614 
0.4501718254307705 -0.7877821744435258 0.2480794148116994 -0.25515781884956606 0.8943933220445502 -0.5645599179394726 0.1268480202709202 -0.1119926713326094 
-0.5465896388833779 0.47000893652339015 0.03240650492812719 -0.4467536391539836 -0.5005729865943899 1.1090846341624612 0.3092925604570831 -0.4268763714311039 
0.17220318005973 -0.6521059374441683 0.6279867975483082 -0.8673076575986247 0.46326615393635295 -0.032349531470597506 0.14698139746910255 0.14132559749492635 
Ip_2IIp_5
-0.00686735003702395 -0.04214954856554028 -0.015665281867429517 0.0731395148073667 -0.024314600750970264 0.0018354461777124681 -0.010902231781601162 0.024924052017195636 
0.011157668826985568 -0.04070323702511777 0.0626470231086852 -0.018136812828144295 0.017133250192076736 -0.012357045465319143 -0.007987050182351968 -0.01175379662707838 
0.0018401784296580884 -0.03972917808408847 0.0099729784203574 -0.039965320935406445 -0.021288209742934106 0.09569541868091995 -0.008390598433704741 0.0018647316650497099 
-0.030071610103864055 0.035465819982592926 -0.008969085887243537 -0.022082524738092805 -0.041689527491090186 0.048204031324401785 0.04767842724939981 -0.028535530335511504 
-0.026923651279796918 -0.060041067368050816 0.10940054031122952 -0.0750498490358015 0.008226747548661564 0.04493367617117641 0.043260723650185066 -0.04380711999741516 
-0.011938525433243937 0.22987012256062042 -0.04739005971403791 -0.012099910728092677 -0.05006041987426117 -0.03756890114422104 -0.029902312528613008 -0.04090999313737863 
Ip_1II_4
0.021342022135692487 0.0756179554981779 -0.002041921713812013 -0.0317058130540847 -0.006886520492794785 -0.05093893906921474 0.0520795950871642 -0.05746637839076037 
-0.018392265474793387 -0.05937378248304696 -0.006301567970436547 -0.05989662411858631 -0.012539979585038162 0.15923307899920702 -0.01301909866745333 0.01029023929977758 
-0.03829032132347238 0.13750840009595977 -0.058707540284403684 -0.0630271365984335 -0.038916493563034234 0.08787107496493032 -0.006284697208734399 -0.020153286082076664 
0.0009298536344318996 0.024961948184833993 -0.019882715704558573 0.0891293173799416 -0.02828435719038844 -0.03018064649776967 0.027452683662921706 -0.0641260834687549 
0.01738744707610947 -0.08350796971037079 0.0534773859804479 -0.03845894379392795 0.06787048161623868 -0.027522034089648154 -0.022878755977795914 0.03363238889839838 
-0.047852093536534156 0.01615383089132749 -0.011925446509785215 -0.06433170395765678 -0.030232152344537848 0.103055677531262 0.062099988818696446 -0.02696810089223989 
Ip_1IIp_4
0.01018825564311159 -0.040673608252915244 0.06248739345395546 -0.01751414689561429 0.017553493787951225 -0.012299251631276596 -0.008080921362858625 -0.011661214742561108 
0.0022092968138690077 -0.03946649157605603 0.009764245608620851 -0.03958351440477106 -0.021385246240042753 0.09571391219305153 -0.008815353641278877 0.0015631512463435222 
-0.03085247179950497 0.03522175813739435 -0.007921972716494448 -0.022165222365130348 -0.04193187366327886 0.04803382085519708 0.04820365705472872 -0.028587695502443864 
-0.02588869311832677 -0.05896111830516724 0.10368211674531265 -0.07364181921765474 0.00891259464634932 0.045480165724885925 0.04362888783267774 -0.043212134307662964 
-0.01208999957893613 0.22481381886292928 -0.04660801021421547 -0.011963760178282193 -0.049457141465340464 -0.03638430377901815 -0.02906969319110813 -0.0392409104552808 
-0.005674272173814136 -0.04108491795329063 -0.015239570422999659 0.0737244984043849 -0.023212526879182467 0.0029139803795067486 -0.009803929415628873 0.018376738061255175 
II_1I_4
0.1691282235214015 0.29769183179348135 0.13286148268878867 -0.20145320569000555 0.4115982124392786 -0.16903809150761112 0.027594889438732857 -0.6683833426834398 
0.8286602989742795 -0.8556643630251246 0.30516713929251726 -0.5965079214594475 0.8632068712975318 -0.6592943320970923 0.31351053122520267 -0.19907822421126617 
-0.8107310471980446 1.35446203239607 -0.6139721807072993 -0.7996425365107371 -0.4572976862326178 1.5626738568657808 0.4595844265882594 -0.6950768651930112 
0.28606699429451876 0.25000200295858693 -0.002512069273858024 1.262100694378734 -0.5163043691551191 0.06498001000406087 -0.2821175775100132 -1.0622156856920801 
0.38246677403453144 -0.6964709097472184 -0.32352073966243045 0.00880273832712117 0.17709361574098123 -0.7346348414954356 0.23501559716131334 0.9512477656328557 
-0.37566358366794805 -0.9122436087397914 0.18982236072532319 -0.490874114022806 0.6662805198133418 0.31174287197739353 0.199812946661787 0.4111226072492527 
