II_0I_3
0.824968977182831 -0.8526928943257724 0.304995384522349 -0.5982597417030225 0.866200813508461 -0.6588252827244108 0.3126624951533012 -0.19904975162267435 
-0.8070366550874006 1.3538521543812845 -0.6160179196318379 -0.7970717971772359 -0.45560832985823274 1.5577285068516227 0.4587658887256929 -0.6946118481976287 
0.27917648047816396 0.24603233489872195 -0.020967950930026236 1.259843182399146 -0.5165194823244061 0.06047686451362024 -0.2886397391375315 -1.019401689899667 
0.38291687259009627 -0.712219214910838 -0.32827327355716496 -0.0005523039316677785 0.16904328960860213 -0.7369058985924898 0.23048198642879486 0.9955085423628652 
-0.3823674065439503 -0.9125581035228031 0.1878687608263212 -0.49952810527318126 0.6995882428839294 0.3133506585282336 0.20042927190153167 0.3932166812006921 
0.17228557583619705 0.29633633190201386 0.13267805048269907 -0.19869871005555617 0.4078795655869759 -0.16843149962547227 0.024785345996180146 -0.666834660123313 
IIp_1I_4
0.5454250051955793 0.38742482071613915 0.5460493980196133 -0.6753967216746729 1.1591298724359298 -0.7430720153754784 -0.3710424506133132 -0.8485179087035416 
-0.25479851297926365 2.5940709324369307 -1.0819371429132698 0.17521625182888056 -0.7437212426258791 -0.19114596738473077 -0.4459427185840007 -0.05174159977156688 
-0.18328924877165692 -0.8559807343581609 -0.29985575345255217 0.06585316321803747 -0.12852969709003711 0.06560684407814314 -0.37564085170532524 1.711836278083928 
0.11588521821591245 0.003914486848665527 -0.740408014345052 2.7232328148644873 -0.5707516020499833 -0.11761635737254741 -0.27484354400558036 -1.1394130021553956 
0.9234308160454054 -0.6987317903317621 -0.4169271053202596 -0.0396235986952588 -0.10858805021754227 -0.5875547976996779 -0.0941585880508678 1.022153114255211 
-0.10351968986482318 -0.634578178038029 0.1180328749827039 0.5908257432668418 0.15925264207507117 0.033548686620285824 -0.12291063658560263 -0.040651442459002936 
IIp_2Ip_5
-0.03009638134086884 0.035434982310280354 -0.008420502620548404 -0.022257006397214837 -0.04173555506543531 0.04812995659469226 0.04763848343874739 -0.028693976919156056 
-0.026719522233847347 -0.05957260133129794 0.10928288490630848 -0.07503890026213426 0.008168600357850086 0.04472998414341625 0.043150503129876096 -0.04400094871029406 
-0.012032213186475337 0.22969137239474283 -0.04752889499726854 -0.012233108608484684 -0.05020959071085181 -0.037767049578650555 -0.03010074497360974 -0.039819770338928064 
-0.006637036350011593 -0.04224411884707213 -0.01573145104155188 0.07294166026348246 -0.02449746433719206 0.0017502681365881914 -0.010969018351243729 0.025387160527141555 
0.011141767114403926 -0.04076531244760713 0.0626278340884969 -0.018310592548070832 0.017546417925801947 -0.012379818694004341 -0.007965185509072669 -0.011895109930122869 
0.0021052484470882554 -0.03973722420734598 0.00992881698220087 -0.03995377251439222 -0.021348968333575143 0.09569684593743977 -0.008473899170505396 0.001782952858672829 
IIp_1II_4
0.17536610947903272 -0.6436829080279036 0.6305481547318386 -0.8654324929115004 0.4726952457187744 -0.025486614843065403 0.15338216834551766 0.10261033750365466 
-0.31429040772714617 2.2123973867043145 -0.8084639221188042 0.061243068860054185 -0.42178588917336735 -0.43061256279973537 0.0003192204165181425 -0.29880689415452794 
0.1998319660090979 -0.6039487563782933 -0.15405818003736302 -0.031175124887937826 -0.1590064475828529 0.07961397036492834 -0.1950289310141997 0.8637715035253929 
0.10028288554454098 -0.3843103890784452 -0.019820685929623397 0.04181957784000144 0.23468882968894475 0.036015877293765396 0.5488305617156822 -0.5575066570777253 
0.44923597797360326 -0.786094076421969 0.2120714921150549 -0.25458035706976867 0.9239542043313262 -0.5609318489020363 0.12840301097953138 -0.112058403011757 
-0.5428542720058734 0.4391481787638959 0.03745529949134267 -0.4443722172442201 -0.4999274198537252 1.1172091910943256 0.31285117872632456 -0.41950993897053607 
IIp_2I_5
-0.10099529414369142 -0.6292891458603812 0.11841481116957638 0.5844485099939866 0.16745994384153912 0.032219362190423616 -0.1201951276621036 -0.052063059529277526 
0.5737033753104187 0.38401245575326015 0.5404872441544317 -0.6688683294237774 1.1582246522236384 -0.7541745887723302 -0.37385394169116193 -0.8595308675561534 
-0.2610035841416385 2.5838767188922076 -1.0932600315868888 0.1632110838544371 -0.7505361540599499 -0.19963895800246603 -0.4575343601428943 0.014885285197231932 
-0.15937382587282523 -0.8638004772535431 -0.30486993074558266 0.05157020311501533 -0.14671378298560273 0.060010940165256786 -0.3803544216879229 1.7435312952689948 
0.11374179172275467 0.0041672568554419484 -0.7397037643556164 2.7128211669060667 -0.5055174856562247 -0.1160584724466497 -0.2713169089210137 -1.198133584102111 
0.9556843373854292 -0.7000939295161196 -0.41393998479737565 -0.028383273635231833 -0.14656617662911767 -0.5879365466533854 -0.09697880588696037 1.018214379722505 
II_1II_4
1.382812357827934 -0.5864445509723399 1.3255371877362045 -0.6982456006413031 0.2232514602930664 -0.9499486316529013 1.1112571751471148 -1.8082193977365204 
0.414711175587856 -2.0495303470018897 1.2726803857613669 0.019657942407280183 1.920764886379659 -1.5367204726776635 -0.06270917488561477 0.021145604418006125 
-0.8796476853647429 0.13904208815942487 -1.364923830700848 -1.2172575803911603 -0.7334053454757213 3.029884136124601 1.7362099486683087 -0.709901731012756 
1.3868334705725631 -0.593683892710291 1.3201264134556427 -0.7042909432651413 0.212693010654301 -0.9543054797913746 1.1060683537025382 -1.773440932632943 
0.4031471928690022 -2.0513115109148643 1.2729089077686069 0.009325508935514348 1.9450523631537906 -1.5331689857532664 -0.062344631138843 0.016391155067585313 
-0.8680741947614887 0.1421109268446452 -1.3584880238636023 -1.2118331375486393 -0.7357733305486418 3.035140196875827 1.740260309215977 -0.7433427462125426 
I_1IIp_4
0.11917237249039765 0.00719224176309862 -0.7349022848165585 2.7340756606110483 -0.565210442690436 -0.11378714677045002 -0.26909468246042284 -1.1774457181242584 
0.9268616813128634 -0.6963967692760834 -0.41183678477015223 -0.032998886544457345 -0.1379614003613929 -0.5829493195868687 -0.09115315488091745 1.0264346340993442 
-0.10011877493315469 -0.6287674141379299 0.12453927547290013 0.5939285125891727 0.1647283092660778 0.03821458090102808 -0.11412089504645216 -0.07840359411065825 
0.5487485822706056 0.39063700245892174 0.5515061173416435 -0.6646086339856313 1.1645753945053947 -0.7392822686314596 -0.36534058884997445 -0.8862356051188781 
-0.25147239301073393 2.5963898199026003 -1.0768447524366482 0.1817473739199134 -0.7728745994472079 -0.18650832029054035 -0.44293398341740886 -0.0475031452136101 
-0.17978350242171956 -0.8501421732520368 -0.2932910581249434 0.06900506655269567 -0.12307547885137965 0.07032034718453994 -0.36681442244185114 1.6737812213520329 
Ip_0Ip_3
-0.02497678431102483 -0.056809442063263285 -0.0415548146872552 -0.06497205020396095 0.06880475491047072 0.139158488391333 -0.025215721604826692 0.005565569568512999 
-0.04343114551730287 0.2767817552174585 -0.052774394233620736 -0.07301184605175376 -0.06611072972394054 0.023511514578998572 -0.035148013733358734 -0.029817140535791094 
-0.02488852020074113 -0.05905604264623706 -0.020467685239109055 -0.005736464578728135 0.10354330683835532 -0.02789867489105152 0.07914157117348113 -0.044637490455752445 
-0.025194954673730025 -0.05641666277268693 -0.0412612465480423 -0.06464405278750085 0.06937761643701193 0.13939487448588736 -0.024934195786676352 0.0036786216454871784 
-0.04280372757035136 0.27687839443191614 -0.05278679297300928 -0.07245124730705331 -0.0674284763154845 0.02331882433653235 -0.035167792497659445 -0.029559182103718645 
-0.025516454009532123 -0.059222546221582406 -0.020816867766557893 -0.006030774322589556 0.103671784748449 -0.02818384885975778 0.07892181393573007 -0.042823107504102356 
II_1IIp_4
0.10303338035216941 -0.38120158875366517 -0.014818454722587717 0.05152076792546351 0.23988968179493358 0.03951423215632164 0.5540386878330644 -0.5919767065841702 
0.45261976223914424 -0.7839893107582021 0.21652602489527503 -0.2484370630656499 0.8974161061037319 -0.5570104770949522 0.13102558711282156 -0.10815062943536854 
-0.5402499003389233 0.4441417668339786 0.042949054944121746 -0.4418290274068997 -0.4950505874258247 1.121128034874441 0.3204240695096338 -0.45151341098443304 
0.1784103175159963 -0.6411028893067039 0.6351551679749923 -0.8561728714220656 0.47712487937260434 -0.022306496255289306 0.15821128854987535 0.0706806035664925 
-0.311751288839061 2.2143720512146214 -0.803992697457383 0.0666316532601522 -0.44654996272188635 -0.4264317805356974 0.002968423836203833 -0.2952463987481074 
0.20328169753474626 -0.5987310118182708 -0.1480943354005474 -0.02823571869837143 -0.15430257935454247 0.08391673140223467 -0.1871601906612893 0.829325406992064 
Ip_2I_5
-0.15186492000760754 -0.15194534030203496 -0.028022651100626246 0.46149402587203797 -0.05388583128673927 -0.032710353720922444 -0.0444442333214901 0.0013793038670890058 
-0.0534262639695723 0.8554259454315464 -0.24367205311597084 -0.10998922690710392 -0.032942328057765376 -0.15223563076755697 -0.1596738305672016 -0.10348661204496243 
-0.024340878984556967 -0.09538815042869102 0.1698363363253221 -0.15671713749926586 -0.14163874384030023 0.135745866087601 0.045078639376284216 0.06742406896482062 
-0.12512948909732213 0.7704337991381164 -0.19489543009902233 -0.12165512653068153 -0.18473012283804183 -0.02505755539853683 -0.13379108458852104 0.014825009417072061 
-0.12442218399895487 0.16017742955474473 -0.0877794415146924 0.03162963009507476 0.06271116927652996 0.19543888095811507 -0.10115359927418059 -0.13660188509537868 
0.1594039657177521 -0.0769652089459793 -0.09443770812593846 0.23856767890546215 -0.03127435314043818 -0.11583314046243909 -0.08724499808919314 0.0077837641402396145 
IIp_0IIp_3
-0.09745253451001559 0.39108799914353365 -0.12151426799628691 -0.066532411526581 0.07809403318743219 -0.0794612927862986 -0.05008433646677744 -0.05413718904347802 
0.03986664958532507 -0.11984004399386312 -0.07205693616088678 0.01537153214207772 -0.06110023817679923 -0.03959530555493324 -0.03649603982202395 0.27385038198014156 
-0.056156965976973 -0.12490650437821517 0.27850330387514144 -0.1762302199976829 0.009953039610000915 0.008917539347916377 0.1212242348385813 -0.06130442731935405 
-0.0976432345376099 0.39143132268497177 -0.1212576637006235 -0.0662457130236189 0.07859476439389294 -0.07925467061176214 -0.04983825821567251 -0.05578654698813307 
0.040415067887011664 -0.11975557284652961 -0.07206777374637614 0.015861544601852316 -0.06225206424651659 -0.03976373372325127 -0.03651332819641557 0.27407586026919545 
-0.056705835187050184 -0.12505204310303797 0.27819808772769367 -0.17648747252066965 0.010065340569358804 0.008668272293499073 0.12103214774318653 -0.059718497522485925 
Ip_0I_3
-0.022662042247310308 -0.09468160859215663 0.17106328214220787 -0.15576446156144294 -0.14153543971170343 0.1366699426049516 0.04629669678480544 0.060613630580719516 
-0.12548308121058901 0.7714556357878642 -0.19369895266446288 -0.12019391304198185 -0.1832957697509813 -0.024027421040023724 -0.1326519726103592 0.007895474531806924 
-0.12250696526748278 0.16083916870665207 -0.08693046505549552 0.03351521418146873 0.057716703634855676 0.19582637316823318 -0.100518249038248 -0.13794178032834123 
0.15856227494959627 -0.07639959507519438 -0.09412679512316821 0.23884256376006202 -0.03003710529337096 -0.11566112110442983 -0.0864901848155102 0.005309962700247405 
-0.15069716289922708 -0.15222729147855402 -0.02789968982494898 0.4624281619018108 -0.056060286509717124 -0.03275847307382225 -0.0443438341638896 0.0015585760487376416 
-0.05450929976181546 0.8555441964780796 -0.2431870338886999 -0.11047038248631519 -0.03303284245291995 -0.15148680449971358 -0.15922433558461996 -0.10363349780177075 
II_2II_5
-0.8599857400698024 0.14462452806025286 -1.3582323116191009 -1.2154843578981993 -0.7313197494894437 3.0332673100803924 1.743018199754536 -0.7558878788117712 
1.4062668352401249 -0.5894951952962338 1.3232123283095047 -0.6944921035066481 0.22027170383460168 -0.9560590315608143 1.1105198919417825 -1.820224428959804 
0.41898208075348314 -2.0543007910647098 1.2692631041803928 0.01311369806426294 1.9157485590555554 -1.5393638369667404 -0.06646789163713783 0.04302507760441777 
-0.856026489237173 0.13749655836649252 -1.3635598450446058 -1.221436697291524 -0.741715765007114 3.0289774889047667 1.7379092045809956 -0.7216444552631525 
1.3948807560394823 -0.5912489572899363 1.323437334670187 -0.7046655799555234 0.24418553532638265 -0.9525621816972832 1.1108788274458177 -1.8249057345427806 
0.43037752156622927 -2.0512791642451127 1.275599900779738 0.018454689773190775 1.9134170037222678 -1.5341886369122935 -0.06247984295976903 0.01009852826157794 
I_1I_4
-0.31746714575021273 0.4731718493180205 -0.5043548325510638 2.5099950134971754 -0.49119853394760654 -0.23761746736691947 -0.7936976132951722 -0.6388312698971507 
0.0902815367397787 -0.5427248637299792 -0.1548912203373522 -0.11711045053902598 -0.12031255031139151 -0.3547644593986579 0.07674309450470435 1.1227789130690549 
-0.4259673252554112 -0.7308599872444955 -0.09529601694166509 -0.25290883467140424 0.15143966962533192 -0.08483945544452669 -0.17904747147694844 1.6174794214134716 
-0.31260811654038906 0.46442397897071575 -0.5108930999232292 2.502689946905438 -0.5039571454151307 -0.24288219225656696 -0.7999676774655754 -0.5968056942714003 
0.07630785995971394 -0.5448771852456374 -0.15461507908537084 -0.12959594876192979 -0.09096406731079444 -0.3504729162879352 0.07718360160446504 1.117033735122545 
-0.41198215934498833 -0.7271516662514834 -0.08751912149390455 -0.24635405049040304 0.1485782455959516 -0.07848814068894046 -0.17415309983064564 1.5770699925033038 
I_2Ip_5
-0.12455362084301212 0.7713961833090573 -0.19384885686763606 -0.12006229081917447 -0.18328778484378966 -0.024355789364142958 -0.13272343727509942 0.007435596707016769 
-0.12237208250467757 0.16053783898961593 -0.08730119120346633 0.03321925061501831 0.05753634835753803 0.19547410126374953 -0.10086971566106684 -0.1362245498556111 
0.15928304242854222 -0.07672560380437465 -0.09440517987006697 0.23834265404489294 -0.0306058085787559 -0.1159518510829338 -0.08675120054443033 0.006813947405678403 
-0.15053194009996393 -0.15234600917997823 -0.02799484071342705 0.4619486196006884 -0.05443148163372846 -0.032828912980202817 -0.04435355865905322 0.0005381236666275884 
-0.05355347672259381 0.8554509899962518 -0.24315077574080637 -0.11034503947488676 -0.03354420291639977 -0.15153172189071784 -0.15932130915735362 -0.10400446409139412 
-0.022282697842550884 -0.09457073171221689 0.1710806247734451 -0.15592082594186793 -0.14141605325127155 0.13661678821210033 0.04633505547074431 0.06015784029231157 
II_0II_3
0.41170442568770377 -2.0500097184068955 1.2751625011281715 0.01828905885795383 1.9181950194785697 -1.5328856536715834 -0.06106927548045241 0.020613642396494113 
-0.8736101149988238 0.1433978772040548 -1.3577860621575417 -1.2137465562852847 -0.7325627129609824 3.036034751023666 1.7429263329985727 -0.7446535148190334 
1.3888326390377062 -0.5871163768368892 1.3275026862301724 -0.6947749760870529 0.22102949705463854 -0.9487285744993893 1.1134098005599617 -1.8201546954767316 
0.41037764339082683 -2.047621068533477 1.2769478078268317 0.02028374392944857 1.9216788223309744 -1.5314480941352995 -0.059357203011223804 0.009138348189714525 
-0.8697945324672983 0.14398557938991696 -1.3578614639104836 -1.2103373283728454 -0.7405764634424535 3.034862923653708 1.7428060503265057 -0.7430847651645408 
1.385013919344399 -0.5881289524813672 1.325379165924648 -0.6965647927816184 0.22181082323947418 -0.9504628328468325 1.1120733678358978 -1.809120698234923 
I_2IIp_5
-0.148214546455091 -0.8623363866645054 -0.2935728397611271 0.08056722887563592 -0.1416534924882711 0.0677783485775965 -0.3680792112540787 1.6655108991628915 
0.10368616230573927 0.009992395754666634 -0.7219799775796635 2.7213412506206733 -0.5719826355041967 -0.09460580658560812 -0.2607402730164439 -1.185711115989866 
0.9777548242878242 -0.6755606734021845 -0.3827002196859425 -0.010026035837156364 -0.13032227533211826 -0.5639017533223397 -0.06137701793217219 0.8461331512134183 
-0.10091310090258239 -0.6078826121378292 0.14461713280844285 0.630098831849382 0.2016059287480883 0.05198871765474243 -0.09362610705529792 -0.22588879096716827 
0.5955034140131795 0.3947442230905716 0.5575815141442697 -0.6318851651644434 1.0248540236630672 -0.7425053160177464 -0.3642815259510495 -0.8340111677831002 
-0.270814957031541 2.599956148234371 -1.0797491866672724 0.16662543777266625 -0.7277690895579313 -0.19008320109072718 -0.4330902282083101 -0.06507492344251735 
I_2I_5
-0.41101802055554726 -0.7266729744034994 -0.08763763073713446 -0.2471835369822579 0.15156207748024514 -0.07966838080386328 -0.1713135282756682 1.5719319942737933 
-0.31002266295849557 0.4705030830825334 -0.5034854362205924 2.5116534411229265 -0.4956406073974114 -0.23715937811242546 -0.7927565920372232 -0.6430918474728772 
0.09262520625047234 -0.5411181934836571 -0.14944282617662516 -0.11816083694444274 -0.12241213292222135 -0.3487387714952647 0.08117556649454392 1.1060719882780876 
-0.41249899395119993 -0.7240067292127221 -0.08564484583675401 -0.2449570409442274 0.1554507481066833 -0.07806375626521106 -0.16940248847075579 1.5591231065768516 
-0.30576365510577685 0.4711590846762968 -0.5035696007377153 2.5154588701315963 -0.5045856704274339 -0.238467388602001 -0.7928908532788809 -0.641340786647889 
0.08836269664902818 -0.542248444919132 -0.15181312994938084 -0.12015865596864364 -0.12154000545054118 -0.35067457549691494 0.07968382114981305 1.1183882939823657 
I_0II_3
0.38283145230461607 -0.7063125031360208 -0.32194672926188006 0.009451196921695455 0.17813396841794912 -0.7321895851694862 0.23684241046242985 0.9531897894565436 
-0.37406133715416895 -0.910148536312732 0.19093158472779492 -0.4898799365584683 0.6682750118245326 0.31434014477328415 0.20211531855704296 0.39842775014235393 
0.16824846307789001 0.298336943632225 0.13332040366822373 -0.19964698331027553 0.4125665254715425 -0.16831217762509892 0.02812681298491337 -0.6726399879006316 
0.82919012850399 -0.8545394452751345 0.3055270435846075 -0.5947307424430548 0.8639834981685479 -0.6587751101582467 0.313465743225355 -0.20412111561543939 
-0.8111154957382347 1.354354112823959 -0.6127103509411471 -0.7984895615548223 -0.4609099157683944 1.5625216001369708 0.4608423580954742 -0.6944927470427382 
0.2875344606123465 0.25131964222436814 -0.013432912872756799 1.264704433274881 -0.5143686108102273 0.06622537510573409 -0.2809603764378214 -1.0610220110921116 
IIp_2II_5
-0.5498376874331493 0.4427296946822295 0.037488220373013484 -0.4480603012054418 -0.4932776739673603 1.1171143902963236 0.3148377116683257 -0.4209943544061512 
0.18500711890336216 -0.6460013129499073 0.6274780372729891 -0.8610143076619429 0.4719459305993454 -0.030679276046050374 0.1516509067233465 0.10161290315748213 
-0.3258520037672376 2.207468956166472 -0.8134711492045985 0.054275304494915834 -0.4252183016560372 -0.4326694740903382 -0.005395075481399511 -0.25913825645291905 
0.20876118240796646 -0.6059705836505541 -0.15422021414329992 -0.036783615269034 -0.16712661481789653 0.07943337002716847 -0.19527445619519732 0.8711809316381329 
0.09237113395533689 -0.38175650541276784 -0.017404484173725705 0.03984570428751968 0.272842025415386 0.03922350350511795 0.5525325226567231 -0.5976539002322031 
0.4625098077084983 -0.7856760239280021 0.21445539323717727 -0.24517220970481612 0.8943078219554103 -0.5601962599025464 0.12712752437565178 -0.10735605374777962 
I_0Ip_3
0.15874651150267982 -0.07681777719827572 -0.0944680933942694 0.23841711107834057 -0.030654170716365583 -0.11593025818253716 -0.08682189407470547 0.007528570984478701 
-0.15134818141903067 -0.15234455846166778 -0.027935341964482618 0.46181299790903263 -0.05448446387601703 -0.03261176468843734 -0.04435259781523597 0.0012639103163119834 
-0.053922032218093885 0.8556537431480562 -0.24290387581947487 -0.11020932437963098 -0.03321104907106656 -0.15124945867298642 -0.15909029140888734 -0.10506771157590762 
-0.02290845932460486 -0.09432447079867932 0.17130146764394455 -0.15554246939140934 -0.14102171498965244 0.13686741578736047 0.046520700566168555 0.05910753050738566 
-0.12489561887876499 0.7715291281179083 -0.1937590790820915 -0.11970249279672471 -0.1843210903087534 -0.02426107024043589 -0.13269977821288542 0.008110001404071204 
-0.12315919685199847 0.16062004851141634 -0.08733656982307621 0.033195324637546944 0.05779210377480392 0.19550080475039422 -0.10081799087755369 -0.13579452412056012 
IIp_1IIp_4
-0.05703021027430453 -0.12489368888438594 0.27821289034919294 -0.17663351521506787 0.010174937804731728 0.008744741906401489 0.12091207464153322 -0.0594872303278251 
-0.09736925199174123 0.39117402356364006 -0.12176311717164175 -0.06642232081625576 0.07840983480923493 -0.07981927552425865 -0.05025722542298681 -0.05395266744467841 
0.03915994466206954 -0.12026977565056401 -0.07280856144150023 0.015054802802446879 -0.0611394352239359 -0.04024727014984686 -0.03719711982458342 0.27744741482609553 
-0.056628966101094975 -0.1256160619868896 0.27767297968531535 -0.17723674587675292 0.009121369635183361 0.008309996591080898 0.12039431139997159 -0.056016883347161754 
-0.09852315663903433 0.3909962912575674 -0.12174031424867977 -0.06745333610663505 0.08083334520395014 -0.07946489266433343 -0.05022084965741365 -0.05442708714363626 
0.04031479804752823 -0.11996355353783193 -0.07216636855705091 0.015596077375092823 -0.061375723105724915 -0.039722797476892516 -0.03679295717820448 0.27411052443191875 
II_0Ip_3
0.01745716821269808 -0.08221311299378296 0.053255175525755 -0.038478572500248415 0.06763581167864564 -0.02787395078825383 -0.023128410188329583 0.03334589105304728 
-0.048215287705685166 0.015870264777697353 -0.011994438182042341 -0.06453890439418773 -0.030565530916517474 0.10282875607890275 0.06183462034270892 -0.025219480000482217 
0.021713877079365722 0.07567283385741752 -0.0018932125667795578 -0.03181525052779829 -0.006973740959763243 -0.050876501608795706 0.05221417582739683 -0.05804218110093432 
-0.01848086507800418 -0.05935628649798911 -0.0061731611716725225 -0.05986923627488286 -0.012382507782003989 0.15929503864431407 -0.012834409780116395 0.009801427940407037 
-0.03798852137757048 0.13759038934984585 -0.05880539526709823 -0.06290841409097676 -0.039290063982414476 0.08790593880839152 -0.00641746904580285 -0.0200864643933243 
0.000586385447632513 0.024820196661209448 -0.018372264625294586 0.08872658689872603 -0.02842602759957281 -0.03036726166316799 0.027364135279521362 -0.06433175039860527 
I_1Ip_4
-0.1228350141685836 0.16048341299635666 -0.08733553636894915 0.033332749632524056 0.05752045749562673 0.19550361761467488 -0.10090671038553654 -0.1357629768151177 
0.1584231743360978 -0.07671845387293935 -0.09436216041853177 0.23824367915993713 -0.030604631502571936 -0.11575522141532539 -0.08676254175539844 0.00753615546772993 
-0.15086866469602428 -0.1521820243451426 -0.027792707893141123 0.46207048368765014 -0.05435503292076661 -0.03259043087131394 -0.04417474893360462 -0.0001068740254659983 
-0.05426342049420674 0.855673182631101 -0.24296677202368233 -0.11006632872961937 -0.03295669538422183 -0.15130134218303276 -0.15914783042711486 -0.10497079338734212 
-0.02259346397535505 -0.09446943933936555 0.1711623594537532 -0.15556574313047375 -0.14240496672463185 0.13671030625558048 0.04633924173859444 0.0608217057216477 
-0.12538365844215946 0.7714911322723778 -0.1938641741863818 -0.12011266199987093 -0.18303799432930434 -0.02429535836502781 -0.1326682143293807 0.007870929382761675 
other
-1.2904692624079204 0.8374233039141168 2.2056631751210323 -0.5309721388728292 -1.965314116825101 0.6260312053329445 -1.8719371198339065 1.98957495357003 
-1.32267524479779 0.8469517975471823 2.2166036641940265 -0.5481834383139376 -1.9611673249216777 0.6440393107470694 -1.8657425981531177 1.990173833693963 
-1.274502796780223 0.8638801777135597 2.2323209569316633 -0.5222463956543887 -1.9483691655801758 0.647711096196357 -1.8467123431060377 1.8479184702909779 
-1.307162226943669 0.8674761978497315 2.2281250827691257 -0.5058759288516499 -1.9214825118772019 0.6441179181473422 -1.8503966115728459 1.8451980804897041 
-1.2746693405609915 0.8543459960967735 2.215654994012762 -0.5052901009716803 -2.0619926471724175 0.6292959178072295 -1.8672559394136148 2.0099111202129394 
-1.3225481713824132 0.8511404167101445 2.205603801236443 -0.5447650460198386 -1.9385388789603022 0.6258914553976109 -1.8635267249108944 1.9867431479305881 
Ip_0IIp_3
0.0020360102108909583 -0.03978716985868378 0.009920250658024779 -0.03989462770152182 -0.021369529270847884 0.09569182736161488 -0.00844154039425128 0.001844778994398621 
-0.030323476803230828 0.03541533109835975 -0.008332902116626208 -0.022295231656900023 -0.041823714774749124 0.04828339230293717 0.04769250599574407 -0.028615904045318153 
-0.026649245175210022 -0.059406812101775515 0.10955078835179946 -0.0749165128656138 0.008208767681462574 0.04498553849765067 0.043395452311461684 -0.04516797669988268 
-0.012061282346377258 0.2299544235824295 -0.04723675846071765 -0.01186646270722577 -0.049883964315041995 -0.03752874688176831 -0.02981421305239585 -0.04156299581832143 
-0.006507986466176126 -0.04208224291061892 -0.015564955286949891 0.07337700574171993 -0.02529956607368116 0.0018446464434333087 -0.010844629667449361 0.025077728219748324 
0.010977133161176702 -0.04068252733185457 0.06265777342989347 -0.018219125153284495 0.017281306325240615 -0.01237284403555427 -0.007873556259989877 -0.011768160136075762 
Ip_1Ip_4
-0.025346680610910166 -0.0592561276070214 -0.02080804193448208 -0.005996329964835094 0.10350923744945008 -0.028155605214483636 0.07880413665868365 -0.04275058877617627 
-0.025105408166908337 -0.0566995044026822 -0.04158782185046025 -0.06505328378721278 0.06897658734515812 0.13911732550838132 -0.025246724925448 0.005598830278615949 
-0.04331962959346197 0.27670363117611063 -0.05300937239637829 -0.07296547027363494 -0.06604112258727096 0.023221213648443127 -0.035331392904104385 -0.029257857068855413 
-0.025284035963232525 -0.05936890882973947 -0.020892336026571243 -0.006090509954879199 0.10334474806581015 -0.028223480261400535 0.07872330035504384 -0.0422087773846533 
-0.025285562683371454 -0.056727253036540845 -0.0415842617212205 -0.06521425207998145 0.06935496032829536 0.1391726538867438 -0.02524104572258761 0.005524761028959297 
-0.04313932695416073 0.27675144040962274 -0.052909109390279034 -0.0728809632398487 -0.06607801326897457 0.02330309746884401 -0.03526829260687093 -0.029778832417325603 
IIp_1Ip_4
-0.026921590849228988 -0.05956152742427292 0.10932129830603222 -0.07507037886284375 0.008159580263247623 0.044809441963478414 0.043170143703764895 -0.04390696710008871 
-0.01204226946729152 0.22976670444503872 -0.0474311437315928 -0.012161223715583074 -0.0501695587007677 -0.037676114428007945 -0.03000817063913874 -0.040278223762033744 
-0.006781335940692668 -0.04215743700314838 -0.015652417077151478 0.07307310461968412 -0.024355013284876298 0.0018266851693535088 -0.010893686190219565 0.024940099707334563 
0.011128669958665726 -0.04073016694671258 0.0626590973407713 -0.018179400128344132 0.01713915307106633 -0.012360397285917918 -0.007954745355973262 -0.011702210653921841 
0.0019012347204318634 -0.039712498712492335 0.00992297851497016 -0.039975942016428234 -0.021255206700477113 0.0957053362320301 -0.008446377383002135 0.0018604753447815185 
-0.030168451094643833 0.03540694236650543 -0.008424559286777364 -0.02221952900315107 -0.04176480853258758 0.04813951493701076 0.04763277417606299 -0.028601883562053634 
II_1Ip_4
0.0007099549840523038 0.024767530179770302 -0.01837199827813235 0.08877954738586484 -0.028529259295474042 -0.030366601724029336 0.02733141450211718 -0.06432058775376008 
0.0173332941092138 -0.08217614563275938 0.05329691685612657 -0.03854482769694888 0.06765244808144083 -0.027805186106655083 -0.023104830635040163 0.03334833102408352 
-0.04803035927564871 0.015934732139271376 -0.011935301214734618 -0.06443939553194464 -0.030516223487907404 0.10284153041890697 0.061906669632793954 -0.025761652680087583 
0.021587086759312285 0.07568521834119703 -0.001911154783528207 -0.03175413927049662 -0.006871679406521575 -0.05089169482461562 0.05219822057918204 -0.05804185739423123 
-0.018356861905010714 -0.059407930763111856 -0.006222333036267071 -0.05986951461538951 -0.012920571779425906 0.15923730782535409 -0.012900315016839968 0.01044021929062296 
-0.03817331648805627 0.1375775549585826 -0.05884441859464492 -0.06306144984108215 -0.03881143159915166 0.08789283478087795 -0.00640363558166473 -0.02017613763417586 
I_2II_5
-0.807696121592391 1.3520409262244795 -0.6130962187461177 -0.7975363805359463 -0.4603326093124875 1.56199975726339 0.46083469070400296 -0.6962140439926999 
0.2849069516592869 0.2513246737276321 -0.010962963870039635 1.2628491522622285 -0.5165857367969019 0.07000393787528181 -0.27963804768089856 -1.061897967173233 
0.3904530464214013 -0.7019445319692758 -0.31581575665233197 0.013220228438804509 0.1797150506484981 -0.7275595893863457 0.242855849135668 0.9190757033610236 
-0.3730697478698464 -0.9052328018143443 0.19575144654930482 -0.48177153937494743 0.6759955618243039 0.31758418136184785 0.20708145171901138 0.36366144760386393 
0.17534485235132208 0.29967705785847865 0.13475537490704395 -0.1921921923059015 0.3871520527473358 -0.16863418522966597 0.028584242432791944 -0.6646872027573778 
0.8261235252938264 -0.8540559214196582 0.30474745781355267 -0.5969740795247133 0.866520217610764 -0.6597810494166677 0.31490448179526526 -0.2014846321570507 
I_1II_4
0.28462417916927324 0.25317202580982573 -0.013305670354985985 1.2628523698994252 -0.5122642689660581 0.06664126861808235 -0.2813374529332974 -1.0603824512391775 
0.38640493975231605 -0.7062496689443908 -0.3243558246707336 0.011166211753047413 0.1800933079663614 -0.7359497979644471 0.23528648880400693 0.9536043432982138 
-0.38066661992982354 -0.9142976867737773 0.18454805715370107 -0.4936493140476781 0.6671431395144377 0.309180719571718 0.19596204534152806 0.4317796591721607 
0.16774173342420048 0.2928390250325628 0.1274301115452267 -0.207998956465957 0.4048160792377616 -0.17275104401081495 0.022247329982108873 -0.6343242787494787 
0.8221508489696265 -0.8571051016996617 0.30265345603753346 -0.6037171313952026 0.8879652839889516 -0.6596707763676048 0.3116042129455458 -0.20388079248909055 
-0.8080527659666653 1.352931067656264 -0.6128755469883049 -0.7983488307966621 -0.4612476408845068 1.5628661573570415 0.4586304913696327 -0.6939029317392797 
II_2I_5
-0.3596741017216518 -0.9117598973310049 0.1907670367376173 -0.48889645500823237 0.6656949087379946 0.31224523885501604 0.20252852021098225 0.3890947495143131 
0.17744815821142224 0.29731050266798686 0.13394076613646402 -0.20144167243765532 0.4100755341138179 -0.16843886083051154 0.028675804484519885 -0.6775702323441702 
0.8449490371046209 -0.8537200722144708 0.3080906974846927 -0.594028199173709 0.8621517361725693 -0.6583682128891427 0.31632511410441344 -0.22540010059913526 
-0.8001188515967264 1.3559888449567084 -0.6102514722984517 -0.7959139469746402 -0.45535564263375194 1.5629649854912224 0.46378975930546523 -0.7211036762411808 
0.30374284014493846 0.25153538564881145 -0.012108234097272911 1.2685502562840802 -0.5288051834144377 0.0650604143658739 -0.28007396465732554 -1.0679015142731056 
0.39253221810835126 -0.706049159555058 -0.321784851000921 0.008317174709179365 0.17877294114841275 -0.7337520453391643 0.23841578498890703 0.943547936934374 
IIp_0I_3
-0.2618790949445213 2.5960039907729953 -1.0791581796298781 0.17129404642391233 -0.7433306768068987 -0.18666291847887562 -0.44431598292702923 -0.051951184399446446 
-0.17161869506932204 -0.8516139518393143 -0.29523455330356263 0.07200122760850063 -0.12568979672543226 0.06743986858288069 -0.3703777412341643 1.6750936419783276 
0.10959265845001917 0.005827093649869132 -0.7399940821504252 2.7284007570682314 -0.5635807250774961 -0.1174350611692303 -0.27431718095401264 -1.1484934598124406 
0.9319662274285708 -0.7008970375400196 -0.41886874563300924 -0.03756914324759493 -0.1427439448122843 -0.5904512491991263 -0.09721331661407863 1.0557772096101183 
-0.11371744995317778 -0.6349464716203831 0.11600429654563747 0.5826588572594777 0.18470831132177834 0.03273553898132321 -0.12164988584185128 -0.045793196693782845 
0.5529832278597605 0.3841843342650343 0.5460397174213817 -0.6721636747016648 1.1531213388860728 -0.7431707129919396 -0.3726779585784809 -0.8483162721589477 
I_0I_3
0.08125191605283526 -0.5401517761714463 -0.15171767703431605 -0.1219198213069167 -0.11936347512274365 -0.3495591630536175 0.07855696445397226 1.1229030321774909 
-0.41234540635951006 -0.7259124434014811 -0.09047887871644389 -0.24555673076815285 0.15500295844935122 -0.08339052221071448 -0.17335401009203238 1.5760350330955708 
-0.32140028107353996 0.46588241115369705 -0.5115086540825212 2.5078575436399793 -0.4959968073225506 -0.24346300131255869 -0.8004456758585877 -0.6009255351372352 
0.0857246880129027 -0.5482042548646511 -0.15773620001324343 -0.12864418858089927 -0.13110787037821978 -0.3544053808542676 0.07278532448568824 1.161587882195571 
-0.4252082781310867 -0.7278936711125293 -0.09022468867202801 -0.2570497232834802 0.18201845190091895 -0.07944012536009896 -0.17294852008147626 1.57074655473799 
-0.3085268334722951 0.46929594777559713 -0.5043499648905432 2.513891270464293 -0.4986307690883693 -0.2376165695838585 -0.7959403709277113 -0.6381227102704671 
Ip_2II_5
-0.04822507152575459 0.01591204199808795 -0.01203260343181799 -0.064550891902435 -0.030480282648905867 0.10277305815110792 0.061806349953123424 -0.02520260059294416 
0.02168476500032997 0.07559914758723614 -0.002049495275266154 -0.03183831760571514 -0.006959849325237558 -0.05104034662249743 0.05207965325972173 -0.05747555701820884 
-0.018634173056676768 -0.05953219674929021 -0.0063950717031384195 -0.060091136920296946 -0.012539826739632476 0.1591260171412743 -0.013053819089604388 0.011120207117515619 
-0.03809785613011967 0.137446762628473 -0.05895696832390555 -0.06321793136882105 -0.03904146012131383 0.08781325346159766 -0.006552149394178919 -0.01939365075120066 
0.0004937421879773404 0.02475747645275139 -0.018419767310178484 0.08856743260763121 -0.027924734633265846 -0.030369448141922998 0.027302849869254645 -0.06440755103175656 
0.01748944637497219 -0.08220581168912841 0.053259839327386 -0.03848554772302887 0.06759759589138133 -0.027858932808136297 -0.02317644965272077 0.033379860278533104 
I_0IIp_3
0.9293387102513244 -0.695260535973625 -0.41440854454166165 -0.03221860440258368 -0.13446843778324724 -0.5869208763191741 -0.09289591083076297 1.0268341995862997 
-0.10474744882294712 -0.6334423002154185 0.11623928280576554 0.590862418230601 0.16431394784336095 0.03044824116696886 -0.12167817741556479 -0.04199596359442752 
0.5447501961931284 0.3823582158068682 0.5417722822520247 -0.67595287086111 1.1553027747969942 -0.7467204257992196 -0.37498824699335087 -0.8265219254048577 
-0.2585250457285807 2.5908716813281965 -1.082746722160968 0.1676518957999587 -0.7507612868338917 -0.1896135318396643 -0.44771715702592424 -0.029159833525331424 
-0.17985058176159333 -0.8527593331507778 -0.2946596313977529 0.06483487962731359 -0.10995556496869678 0.07043554992546175 -0.36986375937237503 1.671818441092537 
0.11857565796743104 0.008565995749106811 -0.7346879966754452 2.732680637071674 -0.5649217618778332 -0.1131661729238146 -0.27060239569799055 -1.1764439636076793 
IIp_0Ip_3
-0.011990341063317382 0.22973688939608652 -0.04743111162346627 -0.012132824620432709 -0.05020938362202065 -0.03767939781014869 -0.03000539029309047 -0.04028844036261982 
-0.006832691370924256 -0.04215188206808992 -0.0156123477036443 0.07304633727438224 -0.02437860702747753 0.0018858772344713497 -0.010866673083761314 0.024909986744982723 
0.011237882540406433 -0.040665860166560375 0.06275255247552312 -0.018114473838082762 0.01716370678466738 -0.012289136815339784 -0.007862878136504917 -0.012221792844401823 
0.0019031846627845877 -0.03963785590674417 0.010000084367936951 -0.03985464647374171 -0.02115990717022705 0.09576195639995744 -0.008369778053495276 0.001356962173321795 
-0.030062185675881297 0.03543595106799038 -0.0083918747122376 -0.022102311913875104 -0.04213350514796741 0.048144654194370695 0.04765198960228306 -0.028542717414063275 
-0.026974973632847267 -0.05954565600358884 0.10931943777916328 -0.07508674106719675 0.008211163984044407 0.04480289883553367 0.04320088149372251 -0.04392701138856554 
II_2IIp_5
0.21467230410895405 -0.600798130226574 -0.14790283669511298 -0.026618357347650813 -0.15932807160486767 0.08340128043121844 -0.18872538519817456 0.825299196524526 
0.10505948050656998 -0.37959107331938086 -0.013797354909020117 0.04885270385963856 0.24093003871576382 0.040355290701320636 0.5547554915524529 -0.596564577105835 
0.4652669521438375 -0.7831204549971521 0.2164091731612105 -0.24541421354811999 0.8985518395235773 -0.5597516641250327 0.13187810748253495 -0.12381973964889828 
-0.540456168225829 0.44165427715964867 0.03913586117309118 -0.4431124403770679 -0.49459153808830847 1.1173221487581186 0.3169086010958799 -0.4368607414888621 
0.18771523875759774 -0.6453731038072076 0.6312823911005424 -0.8609246535137133 0.4609951066750165 -0.026482399124504 0.1541884929374512 0.09859892697160416 
-0.3131064269106947 2.2126730681236797 -0.8059629843608543 0.058714833874298815 -0.42301795955894633 -0.4276886662553171 0.0028511472735922487 -0.30446301217492544 
II_0IIp_3
0.45529349924157997 -0.7835591769744967 0.21431470285173884 -0.24722046050223737 0.8997096745949488 -0.5604266351931414 0.12956432534234408 -0.10767592936769467 
-0.5456231164242713 0.4402605877644623 0.03658586184178874 -0.44495425601771293 -0.49579890222279693 1.1156422761279816 0.31443764789847517 -0.42055009896629547 
0.17661835039153584 -0.6469605691034391 0.6285739789987175 -0.8646573912181758 0.4696952933611769 -0.02728238108507849 0.15166130092901103 0.1123514177195533 
-0.31819274931706965 2.2110764990561336 -0.8075989215891574 0.05685639242101523 -0.42573627949235426 -0.42797081793199243 0.0002990228719961254 -0.2887331460102508 
0.20480375561949773 -0.6004041591829858 -0.14865590778491758 -0.029580450516456015 -0.1499854332307136 0.08416318095604954 -0.1894301667279745 0.8290891808612648 
0.10107788715228815 -0.3797026062155402 -0.014677474005855702 0.050025011068797386 0.2411677783328479 0.03997296776730525 0.5533083828612838 -0.5911719469619815 
II_2Ip_5
-0.0378486308529425 0.13759403325057584 -0.058833448064381524 -0.06310249508205924 -0.03884672848600558 0.08786829366696079 -0.006424085989707848 -0.02040693844159373 
0.001107751266257372 0.02477848844482072 -0.018427631216500116 0.08879034565457282 -0.028487646562892554 -0.030500932698253626 0.02730544214047969 -0.06456581702804962 
0.01756159387880545 -0.0823042168167777 0.05310421966429654 -0.03862578187076166 0.06760060520013532 -0.02803044207278885 -0.023269875466874795 0.03396389748359179 
-0.047787547183582045 0.015720311610697566 -0.012162456753695126 -0.06471854451053749 -0.030779977884989967 0.10262407760839305 0.061691433295133595 -0.0245872961808795 
0.021757260504890515 0.07553675194554005 -0.0020466580440723155 -0.03209924763520219 -0.0063854369725806605 -0.051005523564588776 0.05209931624026793 -0.05785646247368451 
-0.018020066747714513 -0.05948689552217259 -0.006249317968792901 -0.059977357420646187 -0.012647704492130513 0.15920063659454547 -0.012957576234417328 0.010138281791160502 
IIp_2IIp_5
0.03953310062296612 -0.11937316458542202 -0.07214394123090011 0.014969890378679108 -0.06042635937277959 -0.039729989037009576 -0.03658389167272042 0.2737543548962657 
-0.05521237964165188 -0.12517398322734558 0.27761561162640314 -0.1759510149429912 0.010245283389507252 0.007718520796269104 0.12056729523828445 -0.05980933323818759 
-0.09906048086447666 0.3901616744188397 -0.12298975290972505 -0.06762606841445568 0.07785325547086966 -0.08062110201758689 -0.05153352882651267 -0.04618399685581923 
0.040480823750804466 -0.12107938175079465 -0.07341918921456514 0.013545083023530762 -0.06291484640204728 -0.040756840558623976 -0.03780682830647401 0.28195117945816633 
-0.05793785752841467 -0.12559378002012758 0.27766947124319075 -0.17838623294948133 0.01596952065997684 0.008555559324725933 0.12065321338129353 -0.06092989411095098 
-0.0963327620947842 0.3908849591366105 -0.12147291829941372 -0.06634759893060227 0.07729515268681794 -0.07938231796716204 -0.050578912378443704 -0.05406560215154767 
Ip_2Ip_5
-0.04340378593072953 0.2769045379121114 -0.052903068187614276 -0.07303675279817191 -0.06584885484726234 0.02331748801498009 -0.03524071263784503 -0.029788851524133023 
-0.024986171340996823 -0.059303793785675366 -0.020973186891167964 -0.005830701843079258 0.1035729454657149 -0.028422830340087298 0.07870310243073401 -0.042759363695299236 
-0.025620496959360126 -0.05697663609165203 -0.04195815885462659 -0.06535861141744537 0.06885534343500627 0.13886015311852862 -0.0256226671580854 0.007821073927504169 
-0.04314225064443916 0.2764336873208964 -0.05325498779039245 -0.07342994505949621 -0.06653558196071066 0.02303411632237639 -0.03557819631152348 -0.027526841875819923 
-0.02573829885444911 -0.05941964162260982 -0.020958323699657083 -0.006502728746257039 0.10515261571950282 -0.028191839763972226 0.07872681254767067 -0.04306859557970191 
-0.024867751048023017 -0.05677703721070335 -0.04153957059555241 -0.06500580280411297 0.06870132844139003 0.13920201007214963 -0.025359229579362423 0.005646052723934087 
Ip_1I_4
-0.054014087252488435 0.8553317354428938 -0.24318627123434258 -0.11025675974041817 -0.0334458035601687 -0.1514851445043036 -0.1593528464695522 -0.10359082267756844 
-0.02315997272010693 -0.09453559028832301 0.17123381795734813 -0.1560303361784279 -0.14147413481012922 0.1369504073908574 0.04639347711626346 0.06062233153196396 
-0.12473683379913132 0.7717199975587414 -0.19345056627436905 -0.11979187085426306 -0.18309823431814723 -0.023965137428469677 -0.13235305897349875 0.0056757040917057595 
-0.12300711281197158 0.1609006835124901 -0.08698796050722832 0.033775899497310254 0.05813792543706729 0.19577643385571986 -0.10056791307639311 -0.13802795590574043 
0.1590686263944064 -0.07659793030859184 -0.0943146521164084 0.23886197465241138 -0.03221924353871459 -0.1158873331283602 -0.08674651230931617 0.007835070353067903 
-0.15143479732816412 -0.1522747880589644 -0.02805360337803255 0.4618227672294207 -0.054167096726888735 -0.032811070288544464 -0.04428409077250953 0.0012026793242814018 
Ip_0II_3
-0.0184677863026666 -0.05944283625767211 -0.006258786699521579 -0.059997046590209165 -0.012513950311900945 0.15923023041392792 -0.01291973607293879 0.010369911820944737 
-0.03811440779055174 0.13755862188770607 -0.05883824790321323 -0.06304527947115308 -0.03887378945374698 0.08790582744929012 -0.006434833032950057 -0.020157891684962913 
0.0006655487744747029 0.024807554344533772 -0.01835986402287688 0.08875335316531076 -0.028484508229385037 -0.03035269574025362 0.02733977256677174 -0.06436916085822908 
0.017398796668717725 -0.08217102838991701 0.05326569292512963 -0.038498964374922735 0.06769198005296582 -0.02786134308669272 -0.023121537387888583 0.03329640359221827 
-0.048135696105331395 0.015870146448242393 -0.01203135137824119 -0.06449217490446038 -0.030580815530880177 0.1027655390845249 0.06181077885336791 -0.025206426466475054 
0.021587393449422176 0.07560566198197477 -0.0019951684826859002 -0.0318848700622404 -0.006990145353333861 -0.05095532954041151 0.05211784309724845 -0.057485385089408134 
IIp_0II_3
-0.31759368488557116 2.2121716251160093 -0.8060580731204935 0.05968688272907853 -0.42395926786593197 -0.4268728939079462 0.0018875201345934349 -0.2992621081891995 
0.20612644171256164 -0.5997734003822667 -0.14746279469554463 -0.027557315302787582 -0.15800330243039018 0.08509464568985796 -0.18873588829775925 0.8303116137031853 
0.1013696434951716 -0.37846488431617936 -0.013424311713566364 0.05051839308618928 0.24256687514780825 0.04084328473509257 0.5552068280242327 -0.5986158284609128 
0.45625704751939067 -0.7831202431902959 0.21536510503163084 -0.2449379353652198 0.9005296415968033 -0.5597236269222873 0.13068249468352552 -0.11505248336060547 
-0.5453486190211038 0.4407298973560366 0.03779968874524332 -0.4438676787501281 -0.5016152929964008 1.1168956566344979 0.3151649694978473 -0.41975862145821 
0.17795915724456307 -0.645444679889813 0.6304104991285833 -0.8636723239579179 0.47087975001109583 -0.025935641453768487 0.15392688103446617 0.10187635788322093 
Ip_2IIp_5
-0.006784529929934685 -0.0421500494307997 -0.01564812023960982 0.07307114411787229 -0.02434814804761856 0.0018306302981696083 -0.010889969004201064 0.024919042235887784 
0.011137693301531896 -0.0407273303093233 0.06265688403795729 -0.018169611232052175 0.01714794580565886 -0.012366656527784176 -0.00795491617976575 -0.011724008896509173 
0.0018894592473690747 -0.03972075977671436 0.009910418362674084 -0.03997996131261163 -0.021274957834950668 0.09569482185252523 -0.008459347758356207 0.001940327220008608 
-0.030170115161870525 0.03539625960303433 -0.008436422307453438 -0.022238412995764237 -0.04177991369820464 0.04813040056248965 0.04762235360473601 -0.028524149606376423 
-0.02693571558437307 -0.059567291298679236 0.10931612666270847 -0.0750874480265459 0.008215636370228112 0.04480829166511865 0.04316745932938942 -0.04391705911777686 
-0.012035708444200722 0.22976412890564218 -0.04742924083131034 -0.012159796193650116 -0.05017901644962888 -0.03767266110363616 -0.030011897306614077 -0.04027580857569362 
Ip_1II_4
0.02150839003129873 0.07565377450894283 -0.0019921883583954893 -0.03193299961823336 -0.006931859412246142 -0.050945571360790566 0.05211168175301573 -0.05747122754310655 
-0.018373108503355846 -0.05944444482732837 -0.006319121761802071 -0.05995103911362483 -0.012469109147317957 0.15913575489822865 -0.012958421089519745 0.010379489544283983 
-0.038285728734946206 0.13745532839507155 -0.05899381771125548 -0.06314254205185801 -0.03890462001764297 0.08778301820932222 -0.006586049515616841 -0.01932558857245619 
0.0006641942110485768 0.024676790662646456 -0.018497350187223087 0.08855117110917171 -0.028675920990425926 -0.030456164142109683 0.027202375303344913 -0.06346509596623477 
0.017222329745198887 -0.08222724877667605 0.05320199989875102 -0.03871098264094829 0.06830284351999781 -0.02787764966938227 -0.023159950818624122 0.03324865874124998 
-0.048047975880067276 0.015837641685908427 -0.012031986205180097 -0.06447605745269067 -0.03062880749536889 0.10277476496068517 0.06175743121548906 -0.025185010828433847 
Ip_1IIp_4
0.011279435814067498 -0.04081507836714026 0.06265761632487236 -0.018085898737480753 0.017030738833784358 -0.01237384275254933 -0.007946653279557184 -0.01174631783605717 
0.0017289888773954446 -0.03970238634879222 0.010031004713793179 -0.040057651896565565 -0.02134307060931367 0.09587302055581486 -0.008377794458628693 0.001847889166134775 
-0.029857437133019426 0.03558898006921404 -0.00815799952679689 -0.02204315559896068 -0.041703266333411204 0.048344071943994274 0.0478957608894296 -0.030066954309870764 
-0.02693827096471033 -0.05934498034771068 0.10954513112956031 -0.0747251391279478 0.008490837818559834 0.04497742306000131 0.043394307126189344 -0.045399308694048464 
-0.011732971410674102 0.2298509875021367 -0.047332633577635064 -0.011812673500398111 -0.05126879443213635 -0.03765632005741078 -0.02995476793610689 -0.04009282658696446 
-0.006952261803281914 -0.042103190960541784 -0.01565385525510219 0.07302359500204257 -0.02419486416169734 0.001812370871042971 -0.010799363375933076 0.024867569683381732 
II_1I_4
0.16753945125758635 0.2976609839683943 0.13251550021323205 -0.2000429193653457 0.4122175394441327 -0.16894904820739615 0.027351459249252887 -0.668292966556818 
0.8289783687789071 -0.8551777122780234 0.30501901926249336 -0.5958913370925445 0.8628795320399119 -0.659024249002021 0.31289834602693495 -0.199681967740483 
-0.81157271128584 1.3543774231243069 -0.6125956216431143 -0.7992672087733742 -0.45753570230528606 1.562780728179329 0.4610826193780628 -0.6972695266681326 
0.288031124790207 0.2514961730650831 -0.013076827156626331 1.2653822923979294 -0.5143397501551744 0.06653269081569567 -0.2808906510601196 -1.063135052698544 
0.3828529824332602 -0.7059209977631147 -0.3217851470836838 0.00971792985648782 0.17680725217598037 -0.7321155645819813 0.23690782519976522 0.9535357197553992 
-0.37379855413524 -0.9100968355826026 0.1906045658343009 -0.4896988780713924 0.6687296471326796 0.3138129697329365 0.2020496530704867 0.39839743201450917 
