II_0I_3
0.8304772275508718 -0.8543113929034423 0.3051588073432886 -0.5969311919700302 0.8619630713990672 -0.6588016377657474 0.31226025116731004 -0.19981513482741406 
-0.8154145886828222 1.354245019502175 -0.6129840297396962 -0.800534075666918 -0.45728347313188633 1.5650941421581417 0.46250228104919394 -0.6956252754819432 
0.29257110020297045 0.25430398212779676 -0.009905160664409506 1.267221298978606 -0.5137580825064884 0.06858902211820828 -0.2779921586971802 -1.0810300015607073 
0.38161236249685215 -0.7036933442643009 -0.3193451332332096 -0.007031981082511331 0.1824867713902798 -0.730681881911797 0.24041327809861526 0.9562399285014306 
-0.36879373208047 -0.9259487932678839 0.19317126285199385 -0.4872860090579364 0.6702524292407656 0.3154865829846529 0.20256424115039376 0.400554018178805 
0.1639248218586589 0.2968216711571968 0.1323195451732924 -0.20094542770280632 0.4137551777132562 -0.16617243496740142 0.02862868301911012 -0.6683320362503478 
IIp_1I_4
0.5469736538909147 0.3836008138744764 0.545376225857426 -0.6710371056900021 1.1581499808599476 -0.7443446546133544 -0.3699466462855304 -0.8487722678940919 
-0.25309729339615555 2.5940325484598388 -1.0792886147071823 0.1748527648720579 -0.7461358584627897 -0.19173206091056136 -0.4475575129452525 -0.05107397290360469 
-0.18364692129988133 -0.8571584904343237 -0.29956899662122655 0.06599306286857687 -0.12902908851392847 0.06653169147459773 -0.37498187715181713 1.711860619684176 
0.11681017302342413 0.005087670458295377 -0.7395067234662592 2.7615042325357173 -0.5697149490344664 -0.11605543614468194 -0.2757605130534536 -1.1823644543107221 
0.92261566384637 -0.6678018507054846 -0.4191655253518893 -0.03509387161358509 -0.13940981783624623 -0.5901301177519063 -0.09403275822668702 1.0230182776263739 
-0.1017503668791466 -0.6315061943648861 0.11826666030525135 0.590917989463003 0.16076050046237372 0.02808304280637999 -0.12298597293040485 -0.04178565886458413 
IIp_2Ip_5
-0.030058126705034702 0.03538753402937574 -0.00842709636137585 -0.022204939231072016 -0.04176271240132538 0.04811637170598572 0.04764868243761504 -0.02869971347351322 
-0.02673410765796642 -0.05957147253016874 0.10932325278251732 -0.07505639042175954 0.008136077233306761 0.044752582793715065 0.043147807199103806 -0.04399774939876874 
-0.011983506009894609 0.2297111667341335 -0.047482410324858754 -0.012202658398558192 -0.05020412407753555 -0.03772528329353062 -0.03005188889852617 -0.04006129573057065 
-0.00663221342180482 -0.04219806045064341 -0.01568673657592701 0.07332755948786801 -0.024433579984162415 0.00179146284457737 -0.010939909910009649 0.024771478010124637 
0.011186260028114556 -0.040485429605047 0.06262458009259797 -0.018213879886079257 0.017100068319483363 -0.012399116980649275 -0.007955457009217341 -0.011857024959340552 
0.0020914623633828257 -0.039702304010627916 0.009929923055890254 -0.03996159567186905 -0.02130971081622647 0.09564696709283287 -0.008459630241293202 0.0017648882275393936 
IIp_1II_4
0.17850502005463104 -0.6459121957067361 0.6303623030837204 -0.8631290218825733 0.4703624131832622 -0.025969434844907303 0.15362193324522833 0.10215898286326212 
-0.31749085175023656 2.2125635221101545 -0.8060384656773409 0.05950668992647449 -0.4234945103366097 -0.4274459618998269 0.001414440634165013 -0.29901486300090824 
0.20586524687898905 -0.6005942119590525 -0.14884936720449615 -0.027721126691532712 -0.1579277731320419 0.08371072088106998 -0.1898670402393739 0.8353835514659484 
0.10004061946897205 -0.37992666481130033 -0.015357081554800122 0.05368108205450695 0.24128554840856126 0.039489363256401636 0.553051016501401 -0.592263883322201 
0.45517428717623365 -0.7802651591331647 0.21364641897683587 -0.2471820947297507 0.8984795244416341 -0.5609467321610204 0.12943558773735228 -0.10834183231477701 
-0.5460203794808628 0.44056357939561885 0.037380801728792344 -0.44537168426693574 -0.49663505896254034 1.1161297595756463 0.314592903953341 -0.42063992193991934 
IIp_2I_5
-0.09605710363261417 -0.6362518694712525 0.1173848215710773 0.5921609327153806 0.16400688078829376 0.030147608391917036 -0.11857795352892947 -0.052813316832987095 
0.5728293431764603 0.3841211585870205 0.5461447203924533 -0.6709744175944476 1.1535430067686372 -0.7519180828583617 -0.37486471984635533 -0.8588810086268348 
-0.2557414998704741 2.5855607549819437 -1.0879615715384168 0.1666607847647868 -0.7501477200974727 -0.1945846231297289 -0.4518081952683136 -0.011977929831884069 
-0.15843003919031906 -0.8581592558887675 -0.2994979283863433 0.11135476345653461 -0.1391492105013462 0.06528166738522709 -0.3775192340401955 1.6561192371605487 
0.11833358964650635 0.048924027714585656 -0.7410511478431415 2.725576063346478 -0.5687489837239267 -0.1193393626912348 -0.2701790544990384 -1.1935151319478945 
0.9549292239852151 -0.6948562041846322 -0.4137140058807018 -0.029213131504233943 -0.14153435327519093 -0.5958923374035314 -0.09542429955677208 1.015705107810718 
II_1II_4
1.388426091478533 -0.5870713131928131 1.3259220459491436 -0.6981016840696856 0.21886834324026846 -0.949536175389163 1.1104802387079833 -1.8089875467265557 
0.4049413002856783 -2.0490847750298435 1.2752272928651922 0.015944200523009325 1.9196477053759726 -1.528407204465162 -0.058092119113659454 0.019823599548877996 
-0.8647447456290808 0.14853566015220465 -1.3527920290795936 -1.2091509193888625 -0.7302037766038496 3.0385632556919187 1.7477701552850775 -0.7779776004209326 
1.3851118465804264 -0.5846232154817924 1.3297139372170252 -0.7230659616610309 0.22722663731754558 -0.9479049077571111 1.1173158350366186 -1.8037741712575754 
0.41838677760379545 -2.0754910606856036 1.279445048599432 0.021471797978753582 1.922007644980169 -1.5300280562008521 -0.060024755952914136 0.024232603659064125 
-0.8778457696071534 0.14171440922572384 -1.3589549642201073 -1.2143426411061837 -0.7297414628933113 3.03929456244634 1.744528145731199 -0.7446522795731938 
I_1IIp_4
0.11259031244637868 0.0073752575507086094 -0.7354713244123308 2.7345598673008493 -0.5600366175469347 -0.11448030407140657 -0.2679857055077128 -1.1765514857553125 
0.9389812965062058 -0.6969435797000992 -0.4145288916853898 -0.028544641085292876 -0.1369698962098152 -0.5931317885034325 -0.09700320836727673 1.0281407090374561 
-0.11826782748789966 -0.6404724241580061 0.1098523137679733 0.5841066366036585 0.16076551620884813 0.02781627535164629 -0.1280575720893606 0.004257081803846765 
0.5509787651871649 0.3798129492595116 0.5400012765531449 -0.636027545559862 1.1470855079303477 -0.7468178444991797 -0.379135759416743 -0.8558973494612295 
-0.2700993436312118 2.630423380728125 -1.0851191985718798 0.16768413959375716 -0.7495526062976567 -0.19071125887027476 -0.4457317322325014 -0.05689338071331771 
-0.16765152994556792 -0.849196400583933 -0.2926887678491557 0.0720660219446341 -0.13017139814402157 0.06445003776942151 -0.3720077711172599 1.6751998079213157 
Ip_0Ip_3
-0.025432367942639655 -0.05688340597257765 -0.04161269314657093 -0.06483603464627796 0.06916830619715564 0.13907761450799824 -0.025107876451779036 0.005626457454712308 
-0.04248795878562189 0.2767400798920435 -0.05291455924641999 -0.0726878569282496 -0.06609208190720131 0.022738402882621446 -0.03562146748767897 -0.02967455841869588 
-0.026250760506149124 -0.05995630301962271 -0.02155686398931442 -0.006466039111622431 0.10323621263343212 -0.028653269825493072 0.07811689735468721 -0.03846987353578387 
-0.025007374403264636 -0.057197331389613124 -0.042098936421121065 -0.06163480570246434 0.06809650218327584 0.13886843316302794 -0.025984421296310626 0.004957933865769402 
-0.044212104457373044 0.28012622097435746 -0.05345541213859718 -0.07339667395299777 -0.06639470259953675 0.022946248572118372 -0.035373640849637615 -0.030239935546926975 
-0.024570784909031876 -0.05908159772046209 -0.020766576095808526 -0.005800292235164439 0.10317692904203034 -0.028747047037414864 0.07853262798344267 -0.04274325902732148 
II_1IIp_4
0.09780920217711314 -0.3808022617756972 -0.015215869521697612 0.051604474950135766 0.24398019048483618 0.03906054978365367 0.5548277145932347 -0.5912640006890719 
0.4619331645218321 -0.7844120894467529 0.21425389120338761 -0.24494772810745638 0.8983496409734236 -0.5648919269341985 0.12658340219065473 -0.10686835440381445 
-0.5543438193642652 0.43511570640813657 0.03150495570573144 -0.449478760275962 -0.49809964417647323 1.1129771576621434 0.30953859683504814 -0.38721419279002806 
0.18008299891664026 -0.649601638447878 0.6261451117815211 -0.8365116652084305 0.46345002430681986 -0.02827322884528197 0.14754179058659195 0.09716660690411334 
-0.32618621848547413 2.2387680009789834 -0.8102788857986312 0.05538763091336823 -0.42633691057253364 -0.42952814818860546 0.0007836296586036244 -0.3026090984981904 
0.21260013608571496 -0.5982017328167083 -0.14764152987169568 -0.025860832952620497 -0.15992374215421587 0.07971755430561449 -0.19119497857573683 0.8305051259743211 
Ip_2I_5
-0.1513013240376108 -0.15245063779586568 -0.028078439165873926 0.46203188173868515 -0.05429809972686544 -0.03283692583253108 -0.04436349652475194 0.0012970413447250472 
-0.05387444351276353 0.8554511353330098 -0.24318058365130515 -0.11028198187778754 -0.03330970564791365 -0.1517498918466792 -0.15956027095241845 -0.1034942578428641 
-0.02338614496397622 -0.0948950516746638 0.17068356347749364 -0.1561572729279487 -0.1414848374255626 0.13643917442832204 0.04593268448765618 0.06286788459999712 
-0.1251327196949336 0.7711827497006342 -0.194144138836102 -0.11827549299504304 -0.18363118365339093 -0.024439776833042392 -0.13314892679349258 0.007589489107674553 
-0.12350033332403514 0.1623056098341548 -0.08761291757822925 0.03299191209639434 0.057433421779934955 0.19533720366498683 -0.10098298834618674 -0.1359719081254916 
0.1589639238636777 -0.07661955814493462 -0.09444065397865643 0.23841079072337554 -0.030687696381722383 -0.11621714250594278 -0.08696830313298333 0.007558639556573092 
IIp_0IIp_3
-0.09744002606666732 0.3913170245663394 -0.12146422599726334 -0.06680472161850061 0.07806979753296216 -0.07937287630470102 -0.050168750616805036 -0.054136221493985635 
0.03956742177745187 -0.11982887130957054 -0.07217406853370023 0.015321540421086507 -0.06096979072000045 -0.039395058851720635 -0.03630345879141503 0.27378228600671906 
-0.05584172522610551 -0.12464573859132269 0.2787234541826335 -0.17607984829844253 0.01004742959148383 0.00902961491084336 0.1214096692632035 -0.06264285583300401 
-0.09773541836444656 0.3915352188250228 -0.12112626199348091 -0.06902973985011937 0.07881475627020329 -0.07922748454596058 -0.04955950701250733 -0.05367156332683482 
0.040765791410243196 -0.12218241295715368 -0.07179814804594212 0.015814204591907924 -0.06075945382445319 -0.03953952226134963 -0.0364757110099642 0.27417525209580595 
-0.05700939439237291 -0.1252537036171551 0.27817416358151265 -0.17654257650793811 0.01008863472689412 0.009094794880880906 0.12112071516330843 -0.05967263383492252 
Ip_0I_3
-0.022952998369480938 -0.0945949570740816 0.17105489731747964 -0.15583600981411658 -0.14131166702332743 0.13666913388395524 0.04631752804133408 0.060654073038302544 
-0.12504193908914926 0.7714349351356291 -0.19385982633704107 -0.1200112388955555 -0.18320661665807647 -0.024415573366502713 -0.13284841864231423 0.007948677854248793 
-0.12321307514335184 0.16040345040373444 -0.08751385070977373 0.03312615393723925 0.057571280350644356 0.1953983403915093 -0.10107987079758605 -0.13469242843045368 
0.15863073709262254 -0.07684952638449095 -0.0945978425820733 0.2391710349176479 -0.030746271266370754 -0.11598982031654935 -0.08701349782127184 0.007395186358349086 
-0.15141255602235126 -0.15153190986131146 -0.028178494569818486 0.4617811370337506 -0.054502945232558206 -0.03287020368902984 -0.04445644398143759 0.0011714163239022355 
-0.05406908687465799 0.8555175497230976 -0.24316821210650616 -0.11035195576866157 -0.033343153731241235 -0.15160403302962155 -0.1594269500734182 -0.10355415813624504 
II_2II_5
-0.8567737772697378 0.14235186068687963 -1.3584206736642035 -1.2131373382391668 -0.7337074082315334 3.0327764820860144 1.7432604936551301 -0.7563496390182752 
1.402981668447847 -0.5893248177560763 1.3256897009768625 -0.6962704327726024 0.21852822321815144 -0.9528120282509588 1.11164732813 -1.820439641992134 
0.425166182168645 -2.050859334044605 1.274600268547494 0.016652963856641945 1.9168555574534059 -1.5351683202361273 -0.061179975399321594 0.013932657641110858 
-0.8562776537077096 0.1419853944208219 -1.3589882981625612 -1.2094003282451051 -0.7349585971899507 3.032532290624698 1.7422372438663016 -0.7571300515953409 
1.4009689571669663 -0.5853719473796333 1.3250583269948097 -0.697097882590817 0.21817495371632936 -0.9525693959901852 1.1119366328427842 -1.821099644765443 
0.4271273307476619 -2.0498382316801944 1.2755228247928811 0.01743013499104273 1.9167863517271333 -1.5352777926871022 -0.06069466505729804 0.008944047151982734 
I_1I_4
-0.31140265560767666 0.47190036740782226 -0.5040659476544592 2.5108537608081027 -0.49589627004216746 -0.23739760013289313 -0.794323646077139 -0.6396680086953531 
0.08044291527097643 -0.5422697742756744 -0.15182301621475516 -0.12101477631554343 -0.12186235767505063 -0.346252445607403 0.08126063650601173 1.1215188183078728 
-0.4105952813003765 -0.7212222269331492 -0.08268825433030935 -0.24449254828026817 0.15467322423168714 -0.07570266613715927 -0.16697093302582247 1.546998685783093 
-0.31424007817244376 0.47399625588401995 -0.5008195979786165 2.48948110829124 -0.48874048857353236 -0.23600102391917524 -0.7884714909502573 -0.6352046845736112 
0.09195398398195924 -0.5648769723212845 -0.14821207143958706 -0.11628243750586964 -0.11984194394742956 -0.3476401044643131 0.07960604924894092 1.1252934964443886 
-0.42181145337253506 -0.727062100539282 -0.0879645244238285 -0.2489373339882201 0.15506902460032224 -0.07507657290964104 -0.16974651278837363 1.5755294734210605 
I_2Ip_5
-0.1247561339900475 0.771285897874759 -0.1938911075576197 -0.11991024304516809 -0.18312132056066294 -0.024421132618438837 -0.13264772228290728 0.007461762183385553 
-0.12185961423000248 0.16051589393523924 -0.08732224082361523 0.03337728246333229 0.05749997907895756 0.19506939485032893 -0.10114141157015961 -0.13613928370334857 
0.15858276202603167 -0.07720627669859158 -0.09495421048560898 0.2379739007463632 -0.030771628840354844 -0.1163184326652897 -0.08726032331406348 0.009954209230807727 
-0.15041887875916657 -0.15272114748425097 -0.02840417154521838 0.4642074773950617 -0.0550639791360558 -0.03306726513434405 -0.04490562222986226 0.00037358689482697713 
-0.054285933483531015 0.8576918616052761 -0.2435336710669893 -0.11074029934252881 -0.033603350469825155 -0.15177030694317026 -0.15942371209816136 -0.10433458819849709 
-0.021767672312682014 -0.0944406295791383 0.171110667615067 -0.1558017404333076 -0.14163933371520707 0.13622626351227837 0.046135498460529986 0.060176946453181994 
II_0II_3
0.40994453957340377 -2.0497368571503 1.2750581516199233 0.018153577919061928 1.9195643156979856 -1.5329859562158983 -0.0608531139046677 0.020855342450501482 
-0.8706392566431086 0.14326156605101356 -1.3586252132933607 -1.2125961380853472 -0.7321684186301154 3.033488802381501 1.7415393231780933 -0.7442606649543126 
1.3842540992657535 -0.590013159254328 1.323763417495041 -0.6972725325886703 0.2200547374058332 -0.9514187108357783 1.1098386404317466 -1.7992064919373196 
0.41088808367306967 -2.050433814745153 1.273978624685367 0.025260746386268653 1.9171847633996448 -1.5334503675670441 -0.06279916399629469 0.019371128152003585 
-0.8744670971266686 0.15077926489459337 -1.359825981087607 -1.2141698093512299 -0.7328402781805834 3.033950248394692 1.7420895323949663 -0.7455158799250108 
1.3879838761125842 -0.5880711932044513 1.3255179652958375 -0.6957944829717863 0.21992311968263492 -0.9516269091398678 1.1107616195981407 -1.8086939953744632 
I_2IIp_5
-0.16151439822629807 -0.8485685987087834 -0.2918628020269814 0.06569339655830495 -0.13204047124473753 0.0714653163079844 -0.3706460259934436 1.6674735833283474 
0.11204236334265916 0.009479411537912603 -0.7345603920563218 2.727915952910478 -0.5622495179189072 -0.10461435004121651 -0.26196149172299427 -1.1860519760453303 
0.9574814582794474 -0.6852797072182958 -0.4011480591575346 -0.02217919282215498 -0.1332560262458672 -0.5795205682998791 -0.08025333058405372 0.944155426041283 
-0.10154376134307715 -0.6248867321097137 0.1277684640025897 0.5284044482806552 0.17717404946241044 0.03751366603601724 -0.10675002894536909 -0.03768010538299089 
0.5762839423429291 0.32553619913710485 0.5556926760305667 -0.6646279019512701 1.1617530521948238 -0.7383679290670825 -0.36804801037549484 -0.8482220283191965 
-0.26268541734203465 2.5901929335394778 -1.079862769331082 0.16993155367982157 -0.7415342894022623 -0.1776827733283996 -0.4389871658727633 -0.059372071930934404 
I_2I_5
-0.41023527126051135 -0.7244041470377812 -0.08708102388612848 -0.2499513031830403 0.1508029609829632 -0.07871614971364128 -0.17226734944219846 1.5718522835387527 
-0.3142221247672101 0.47066930727495604 -0.5043860968946625 2.5107090341149787 -0.4944370134705081 -0.23414197797297306 -0.7902487417484785 -0.6439423865277499 
0.09758718315833805 -0.5373442625214877 -0.14577646635303024 -0.11567754303924943 -0.12107346878396626 -0.3465803040809773 0.08442025647930765 1.0844446051415475 
-0.4136424631017932 -0.7218873932055422 -0.08318279023443721 -0.2756156959935316 0.15939566075741307 -0.07703913369995342 -0.16524005099010153 1.577211866463518 
-0.3003995733161372 0.4435224657438347 -0.5000500555422247 2.516391651283095 -0.4920108901101607 -0.23580828597860579 -0.7922355787716646 -0.6394097332995309 
0.08411874513267295 -0.5443568132591017 -0.1521122390479895 -0.1210148649396871 -0.1205981896325759 -0.3458284880614095 0.08108732579936385 1.1187045240054319 
I_0II_3
0.3806711639380603 -0.7072702641468964 -0.32235075233623867 0.010814392307459866 0.179895976171775 -0.7328035822754377 0.23757161651694408 0.9534714498188956 
-0.3688579750792937 -0.9103729710497558 0.19059048138300763 -0.48823374209078974 0.6680132189013839 0.3101954570823072 0.19939004803627577 0.39927548281604525 
0.16104597696908743 0.2934368348734239 0.12764696764165628 -0.20345504513877546 0.4108804712334733 -0.17213463108509916 0.02284734918709394 -0.6402679236833152 
0.830312346424189 -0.8584617468531985 0.30126498854891864 -0.5732372712559913 0.8574144578538234 -0.6613054407019564 0.30781744279140216 -0.20380477681726403 
-0.8186282544765118 1.376006160101282 -0.6165527639404901 -0.802776574293527 -0.46007546768273727 1.5601826790444064 0.45978078220402885 -0.697936560944472 
0.29276099453308124 0.25251693242058454 -0.013134153266175248 1.2659277727493827 -0.516741079773684 0.06245552719901301 -0.28301409525654264 -1.0607718986018742 
IIp_2II_5
-0.5458702791305946 0.44007808579316554 0.03728876608008651 -0.445345352523614 -0.49623667382756426 1.1165672002879972 0.3150811637856884 -0.4215629104570713 
0.18076194527524583 -0.6457839894580125 0.630455160488971 -0.8632390632263213 0.4698821484854454 -0.02654588379125122 0.15316660003771945 0.10130308218583678 
-0.3180229839925255 2.2118816247005944 -0.8067483011173588 0.0587363331783322 -0.4237920233940989 -0.42742456525654865 0.0012443607650475229 -0.29587444487439574 
0.20839129108746784 -0.600369464446684 -0.14849915123878213 -0.023767888962939666 -0.1586535025981433 0.08383297882557043 -0.1897571782567498 0.8288229155840886 
0.10010514991135529 -0.3760994953670385 -0.015230017216713573 0.04914306613193789 0.241756322934162 0.03936125756141631 0.5538610305853655 -0.592897314539162 
0.4583049142520285 -0.7840317550742514 0.21434473777343366 -0.24647116859065554 0.8984762856426891 -0.5612598386783697 0.12938595256547974 -0.10874912789655797 
I_0Ip_3
0.15765060507373546 -0.07739904835498419 -0.09469341685979395 0.23922153348788303 -0.02975431983295096 -0.11627796358253291 -0.08641773694363933 0.007670347012029099 
-0.14859365748763617 -0.15246262819619255 -0.028057536054988157 0.4626653785437956 -0.054672310777832425 -0.03478958921884451 -0.0458105932515256 0.001720936443611023 
-0.05769259891880825 0.8530687281951057 -0.24586194681712759 -0.1121959205018545 -0.03410250530475964 -0.15322697160452803 -0.161834655501277 -0.08815412954472268 
-0.0223025833114734 -0.09634889775605864 0.16909378279858178 -0.14350354925363215 -0.14443184139857604 0.13557843716960558 0.043550302187280635 0.058364349563746074 
-0.12883796625261404 0.7834956200387752 -0.19581392548936294 -0.1218464729084826 -0.18453702875956604 -0.025537529876750294 -0.13325174639921084 0.006329049649640147 
-0.12039112615046553 0.1613105579346128 -0.08717553552973417 0.03383642008693002 0.056584478997896585 0.19341561244418412 -0.1018925675991122 -0.13568784018327368 
IIp_1IIp_4
-0.057146177331514426 -0.1254396718766581 0.2780856341656459 -0.1759751725853491 0.0103005809157916 0.008523980470178326 0.12112868706142203 -0.059477860819141234 
-0.09649440175983728 0.3911401259298424 -0.121517838890055 -0.06624441156267098 0.078110450938171 -0.0804318116044668 -0.05079478917034346 -0.053767323879277296 
0.038167958155020776 -0.12104711482065422 -0.07352762093462875 0.014566398989483356 -0.06141722844413391 -0.04065151133860501 -0.037823251150970814 0.2817323695444649 
-0.05637909771738994 -0.1260062823433771 0.27720800364006143 -0.1701972083689782 0.008366059721751546 0.008146424741775302 0.11954659317364374 -0.06068449284770439 
-0.09960634788126452 0.3972518418826306 -0.12249403544224942 -0.06752377004568925 0.07756424460223764 -0.08005666662826028 -0.050347481754624515 -0.054787784731476205 
0.04120018079642261 -0.11946834116640463 -0.07210121399880666 0.01576801927224415 -0.06152423062247651 -0.04082077176481213 -0.03707289035575988 0.27401924783824094 
II_0Ip_3
0.017292838857880462 -0.0822557388544609 0.053230894768314184 -0.03841064338093644 0.06776794628504434 -0.02790917757428523 -0.023083788044094385 0.03336766794198971 
-0.04785587721168754 0.015854527929430654 -0.012036496565541456 -0.06441915414277855 -0.030568004909909314 0.10253731743172545 0.06165122907739491 -0.025163541608428666 
0.02120299698738302 0.07533152620078101 -0.0022994454734480045 -0.0320875654032209 -0.007090548893725897 -0.05115510268820864 0.05183352436671525 -0.055735385096191074 
-0.01840709037295435 -0.059643667453987734 -0.006482932096089342 -0.058594017184195324 -0.012857590621967176 0.15910425639680173 -0.01323078423903916 0.010111825571292685 
-0.03851844674414984 0.13892611065820248 -0.05906421900381468 -0.06324428082580333 -0.03902403517018289 0.08775651760227438 -0.006493964362932996 -0.020337682152678428 
0.0009469908388256015 0.02488493224765577 -0.01835254064800121 0.0888131486052884 -0.028605204398107136 -0.030599285766415647 0.02721828418565496 -0.06430632506445554 
I_1Ip_4
-0.12298605959316676 0.16056122701414238 -0.08733288148757128 0.03325676239216615 0.0576345641076663 0.1955156642967758 -0.10090767671649936 -0.13574160001276767 
0.15861265459011825 -0.07672774988668117 -0.0944631729512624 0.23833256789708818 -0.030539408391402536 -0.11593083309194187 -0.08683855080080412 0.007554492633876077 
-0.15119504699686906 -0.15237408120515733 -0.02806804839583331 0.46188736014835774 -0.054418095039725015 -0.03279942452418376 -0.044443555850671924 0.001410891865705655 
-0.05424046708217248 0.85545153416422 -0.24319563091877625 -0.11028651179579765 -0.03329811789488538 -0.1514701399050068 -0.15938335501250597 -0.1035773115524227 
-0.022919716869472688 -0.0944465392022403 0.17105396311045454 -0.1559122372120706 -0.14137651572710522 0.13668325120899164 0.04628540522973506 0.06063238946229876 
-0.12519527717796256 0.771448692584623 -0.19385766358636142 -0.12005823703051233 -0.18319768369815642 -0.024296764292177624 -0.1327621344855509 0.007919067689245305 
other
-1.3025568397098335 0.8480454209850155 2.2068137571099644 -0.5422531375599424 -1.9564585888740007 0.6286641411613241 -1.8735915094391649 1.991336756325542 
-1.3128039993752707 0.8464020399274901 2.2061776525896466 -0.5418657063116556 -1.9534121980361219 0.6334518977917568 -1.8683483249983657 1.9903986384041126 
-1.2952425086426698 0.853080872119454 2.213969981182508 -0.5343774662693804 -1.9517514945128513 0.6327549688023161 -1.8651783239996818 1.9467439713330832 
-1.3070104592790524 0.8513351283580736 2.2119092288326097 -0.5757996613221834 -1.9452268714780678 0.6308562077332646 -1.864405964459875 1.9983423916151597 
-1.2947362214151206 0.8109177730224287 2.2118453929256754 -0.534437825459829 -1.9502409558553366 0.6312738279089287 -1.8709453658026396 1.996323374688247 
-1.3128474167203785 0.8439146042199165 2.2056883455771215 -0.5413540036574853 -1.9511302460990954 0.6337376849775761 -1.8695348750820684 1.991525906785203 
Ip_0IIp_3
0.001956791412518152 -0.039674879986377 0.009936900480925574 -0.040019052993693564 -0.021314172251843462 0.09572528790068925 -0.00846769613650847 0.0018568215738181727 
-0.03031017001736348 0.035413613494600565 -0.008423975994899965 -0.02226155307004348 -0.04174826915758061 0.04824766124207876 0.047709190403263345 -0.028626496899879623 
-0.026732933618426998 -0.05943321048812094 0.10946628739385471 -0.07497151249457676 0.00820276109497702 0.04490469531500233 0.04330400396373691 -0.04474009116665315 
-0.012076650147515881 0.22986414227291144 -0.04732265313200977 -0.012832592383489948 -0.050004832597014125 -0.037613266975018274 -0.02985904204131369 -0.04015510499592585 
-0.006580832686832826 -0.04280634491290868 -0.015542683642746037 0.07317219919659843 -0.024281226018457277 0.0018978380713808953 -0.010862799649055772 0.02500384964217058 
0.010988521100111287 -0.0407670683205025 0.06265408933116705 -0.018205940017100058 0.01720061083789295 -0.01224414215871338 -0.007898290173295752 -0.011727780600110893 
Ip_1Ip_4
-0.025204588796085385 -0.05922682654257602 -0.020788659893998498 -0.006046125965351587 0.10339545820305784 -0.02812801484409425 0.07876826445098714 -0.042769506611600124 
-0.025407083081098424 -0.05668623095385461 -0.041547427546562064 -0.06515546100075242 0.06897436697705574 0.13936336631283539 -0.025094128906413937 0.005552598198543198 
-0.04288713245166895 0.27699089412982325 -0.052664445333272934 -0.07273434483407179 -0.06594298296524083 0.023459072351370413 -0.03500748881209676 -0.031213572083921195 
-0.025344929948641865 -0.05912316224944169 -0.020628092884729787 -0.007103234175140012 0.10374938878479913 -0.028058939085691927 0.07905771664815243 -0.04254874708870306 
-0.024837736565495226 -0.05780440075680513 -0.04136882737676239 -0.06492139579967651 0.06907429822978947 0.13929473161401482 -0.02517596609392978 0.005739296749223205 
-0.04344189314735252 0.2767020493864238 -0.0529254138034877 -0.07295418743235178 -0.0659234063675256 0.02349003941508388 -0.035144771170960494 -0.029802416878827186 
IIp_1Ip_4
-0.026886549192092615 -0.059539445448888416 0.1093292492268914 -0.0751002364725118 0.008130587973344594 0.044821887310580545 0.04315596635172788 -0.04391145974902476 
-0.012134554906679156 0.2297706341720531 -0.047429099719102544 -0.012189111523441341 -0.05016153546250875 -0.037603721411373435 -0.02995878553969511 -0.04029382560862329 
-0.006656493071606283 -0.042071145800063485 -0.015554902764611482 0.07313863341427795 -0.02432518513926292 0.0018913231741052466 -0.010803512528634594 0.024381282716025805 
0.011107956694835027 -0.040664165854848874 0.06273135759763047 -0.018605947805280652 0.017251038279494934 -0.012318986056756237 -0.007855917928224973 -0.011645334927203276 
0.002032097224443321 -0.04013112880435167 0.009992551946146504 -0.039908516965882865 -0.021224878181122408 0.0957494464911107 -0.008428235895585567 0.0019186641852258592 
-0.030261235348156213 0.03538181724576486 -0.008430055541575936 -0.0222407792262363 -0.04172604517762083 0.04821251952641967 0.0476683332269138 -0.028604554705159154 
II_1Ip_4
0.000711113929908714 0.024841797669624622 -0.018356038521074564 0.08869155215870127 -0.028534835904807546 -0.030338266064225225 0.027304558052416016 -0.06431988132033686 
0.017241693387190414 -0.08217276684747678 0.05325779156000533 -0.03855906359854821 0.06769513904158915 -0.027744796449718206 -0.023045019960678346 0.03332702286711439 
-0.047936221532110156 0.016014056273510005 -0.011870444032504585 -0.06439500315167114 -0.030487389885045086 0.1028732643804005 0.06196061122787198 -0.026158873279828018 
0.021558206293424014 0.07571411566495255 -0.0018736469296075035 -0.03264339353531876 -0.00680810544487561 -0.05088620050572042 0.05228245200190277 -0.05734342754435875 
-0.018251440444254526 -0.06017908693999074 -0.006138631203247289 -0.05989103009487615 -0.012426827848616389 0.15930808830224244 -0.012889359496650663 0.010468287725495077 
-0.03826631482678548 0.13751264775464597 -0.05885190351313894 -0.06307795409197318 -0.038807004735058194 0.08802841606463263 -0.006377228887723261 -0.020160657763977855 
I_2II_5
-0.8107080205414124 1.354376960911953 -0.6128758471523014 -0.7999796746070015 -0.45810653910514004 1.5625378286365565 0.46053395468461494 -0.6957786628151201 
0.28774073775517967 0.251173961948622 -0.013395246578924113 1.2644796138142937 -0.5148326255859725 0.06712079603906806 -0.2805331370017025 -1.0617541003874527 
0.3849049611625643 -0.7049585319954216 -0.3206487351806182 0.010019081516795406 0.1787546051262099 -0.7314113042494004 0.23803930942392207 0.9453006141923884 
-0.3729127995285965 -0.9093675964456376 0.1915625108968968 -0.49549695974317437 0.6698261273119585 0.31426229221716195 0.20324861174823602 0.39887781353990936 
0.16991758343422636 0.29205572086896014 0.13346218818790165 -0.19935469092535643 0.41291562597445275 -0.16843424257859427 0.027621182276139564 -0.6681833672359344 
0.8289206652190209 -0.8555856629748126 0.30479938138715157 -0.5960573749662341 0.8633695001846728 -0.6583886396645123 0.3133008073746473 -0.2003586765649127 
I_1II_4
0.2881645763753973 0.2512404535211325 -0.013390880848749141 1.2647608463348616 -0.5149320857955166 0.06631801885065398 -0.2812761683170209 -1.0608847601178513 
0.3820933030424564 -0.7060365336522677 -0.32193077978143086 0.009102215668303004 0.17850240857179014 -0.7319184973973388 0.23698290819217527 0.9532049753510676 
-0.37314823467980723 -0.90990797213866 0.1909116058656342 -0.48941885125128726 0.6685804992503922 0.3140360496994621 0.20218807771150027 0.39675882554401126 
0.16724500320791436 0.29799519417375064 0.1327429842438837 -0.20155670349881227 0.4127311178439123 -0.16880058465348927 0.027649319349835375 -0.6680063306671624 
0.8296499718152709 -0.8565330721284544 0.3050750087323526 -0.5955607906708982 0.8631376939100257 -0.6591381203686852 0.3128509406765004 -0.19948163197584357 
-0.8123366210150577 1.3540196389093897 -0.6130174581569149 -0.7996013781564565 -0.45750924018022054 1.5627041393631231 0.460794972320478 -0.6950540530764067 
II_2I_5
-0.36159392224201026 -0.9109073476844494 0.19077164790675943 -0.48970078478292084 0.6671537992715624 0.3123465283125665 0.20256521274736272 0.3893648664652912 
0.18002083828310908 0.29718631854954003 0.13272961595097724 -0.2002871673503555 0.41082579304825273 -0.1707785621489515 0.02760173675735514 -0.6772985730889693 
0.840633591777023 -0.8563030843425495 0.3044766712750676 -0.5964341086181303 0.8612985191181038 -0.6610794980489334 0.3128139397345285 -0.20540603090677234 
-0.7997747785355481 1.3531220627480203 -0.6132254974073738 -0.7970882657400754 -0.45980632190936727 1.560811873986365 0.46064592452155073 -0.7046849976515279 
0.29940846674074173 0.25323200593936207 -0.013637053809369422 1.2641903115254525 -0.5166478632419528 0.0645878791763641 -0.28077745816272653 -1.0703562881647586 
0.39509349310926595 -0.7064696530136532 -0.3216885453553621 0.009038255190936543 0.17673741745281085 -0.7340170700424102 0.23717521158419516 0.9441308910663343 
IIp_0I_3
-0.25797000852906105 2.5949585934879944 -1.079020170076134 0.17211476607584406 -0.7463445923508187 -0.1866069441688901 -0.44463848418572693 -0.05249316024211767 
-0.17768861981504014 -0.8513305839270771 -0.2931364779866512 0.06952543646926872 -0.12681906148736513 0.0727485028920808 -0.3676444469418451 1.6743452507927854 
0.11922486665730798 0.011804636187090288 -0.7320565523367997 2.7336961140542195 -0.5615819332534042 -0.11163649702110554 -0.26668929686710885 -1.1927613374185502 
0.9310008698972169 -0.6948089149349365 -0.41248334580180396 -0.043395980085974686 -0.13311935784456594 -0.5860284094660003 -0.09005165434991878 1.0288867925722331 
-0.10394261215918632 -0.6455125108850546 0.1198816213787943 0.5913134798078487 0.16458092494380358 0.03434865776842036 -0.12012020930735028 -0.04054935154920963 
0.5469235565893056 0.38443883212930563 0.5457750433075121 -0.6737803005087897 1.1572955480727327 -0.7413805916407199 -0.36991501169756685 -0.8493570762508307 
I_0I_3
0.08586414035879218 -0.5420158785992369 -0.15168946159122204 -0.12020528406942455 -0.12287990930305448 -0.34973260170450604 0.07840275801881558 1.1222562368865077 
-0.41874773814903815 -0.7256059677157622 -0.08766729225475903 -0.24836366987721767 0.15330672088973374 -0.0776243873689741 -0.17062800918252144 1.57533034365599 
-0.31080743154584645 0.47227932949800505 -0.5026719459837312 2.51374326119939 -0.49387730858315926 -0.2368752553660916 -0.7918827785617866 -0.6499078706493698 
0.08482749744820947 -0.5412501527046933 -0.1505034185181096 -0.12801371168687678 -0.12026556830780019 -0.3492223672226216 0.08054082345950293 1.1238868975318164 
-0.41454220742394315 -0.7338654324422796 -0.0863480455730377 -0.24663472560917915 0.15404487233544253 -0.07813136392370484 -0.17123250714177102 1.5767094097775136 
-0.3149052227626093 0.470145751070938 -0.5045996137392134 2.51211937350279 -0.49373270423242843 -0.23664651428417843 -0.7928968274097253 -0.6394842421370226 
Ip_2II_5
-0.048181095204451296 0.01584305703815223 -0.012043265643904415 -0.06447395210791047 -0.030510595116101834 0.1027519581659325 0.06182325591708923 -0.025209363048358056 
0.021685385635846356 0.075599807276916 -0.0019953936383676316 -0.031855809462333004 -0.00700556766444942 -0.0510257560234662 0.052065130275710296 -0.057467796399541644 
-0.018595855138475142 -0.05952445765210425 -0.006353736593490628 -0.06006442373561341 -0.012539010583755155 0.15916821877767065 -0.013007662155160965 0.010916927080983917 
-0.03808677533359182 0.13749446420115904 -0.05891246182444844 -0.06260246809506706 -0.0389797775825478 0.08785979966023232 -0.006534585290488452 -0.020238195734770485 
0.0005250389215932348 0.025227928068875475 -0.01843949203683391 0.08868327313774366 -0.028534599693206694 -0.030405244980470227 0.027312000013491784 -0.06436890343057436 
0.017491257106508985 -0.08215308638819699 0.05326254489467128 -0.03849143817448212 0.06764210756825664 -0.027942420865037766 -0.023165000883856583 0.03335603674131199 
I_0IIp_3
0.931175307656889 -0.697010061035627 -0.41461230743452165 -0.030344130651840995 -0.13580544031106515 -0.5873724145378701 -0.09259588686167063 1.0265649331614843 
-0.10608402514841626 -0.633364759853967 0.11789568598211657 0.5899270444414964 0.1630574006985078 0.031949967864209124 -0.12138953082871863 -0.04199178315669124 
0.5477354446706764 0.383858072995279 0.5444469062213007 -0.6741875215492289 1.1557653432468313 -0.744502548992238 -0.3722764700550542 -0.8408392265457092 
-0.2584961175304854 2.5932749127460526 -1.080347622698089 0.17988980454450387 -0.7472639448290425 -0.18760614090772068 -0.4457378461400787 -0.05371304517127411 
-0.17698800215076313 -0.8447644475534589 -0.2942308874967478 0.06930739409027355 -0.1278437547474983 0.07000720631000298 -0.3693222785523645 1.6738347700961465 
0.1172675327295421 0.009782038749751474 -0.7346873765754149 2.732191495584789 -0.5630144167615815 -0.11460387479258673 -0.2697360332767342 -1.1771993656515853 
IIp_0Ip_3
-0.012057757309595978 0.22975491526527933 -0.04743349240089622 -0.01214697512494047 -0.050157405331063776 -0.037680364318625495 -0.029999827315769806 -0.04027909346349937 
-0.0067280055071849 -0.04215676917793168 -0.015648529539707464 0.0730890354177515 -0.02435913346929471 0.0017943218971950474 -0.01091381402123788 0.024922894400306646 
0.011071761345346426 -0.04076895229581981 0.0626156589580834 -0.018205799531435706 0.017129234378025448 -0.012389140306962582 -0.007994431043982612 -0.011458331503615237 
0.0019198344386778643 -0.039742853012947124 0.009889960054747285 -0.03975411985680934 -0.02132589566272528 0.09568567977194745 -0.008493291743382371 0.001820686010126579 
-0.030230767131776318 0.0356182051901306 -0.008458746617896267 -0.022251568850725743 -0.04178640821861968 0.048116831376017875 0.047625608310045385 -0.028633154056512993 
-0.02687046454287098 -0.059550042390256755 0.10932400266544398 -0.07505886001578893 0.00813917528867312 0.044772020741487034 0.04315323055118555 -0.04390906229764938 
II_2IIp_5
0.2140237525082311 -0.5997785858036591 -0.14774512952825947 -0.027755615475486894 -0.1588811674250781 0.08371328232950136 -0.188975489361041 0.8253989527482709 
0.10504771241853182 -0.37960070630750514 -0.014596389576828609 0.04911027612093068 0.2416055341132233 0.040141825041512806 0.5549713909840445 -0.5966796427928971 
0.4647045074709614 -0.7832323308319384 0.21580139366384746 -0.245806925762366 0.8985406254748951 -0.5603731690578163 0.13119890173842833 -0.12083300270527032 
-0.5406204176923894 0.4409515754597259 0.03848052778244558 -0.4522149819944122 -0.4954994482286909 1.1166358190757788 0.31665196124728073 -0.424385035641523 
0.1872566680931439 -0.6523335703131968 0.6315756903709123 -0.8626337414632305 0.47000379362155553 -0.025952429172458616 0.15405385476860947 0.09802973409163102 
-0.313135787020834 2.2118935964265547 -0.8060031010634765 0.058801238088478876 -0.42367431357101176 -0.42645347279985846 0.0026830488814395693 -0.3041112089301725 
II_0IIp_3
0.4559623673779343 -0.784451919329941 0.21418593908774008 -0.2462353950657356 0.8992388026544635 -0.560688132870728 0.1297653030125915 -0.10777696487401471 
-0.5458021241677643 0.4402775355425269 0.03732532368687043 -0.44524863618080285 -0.4964039765534641 1.11598762000399 0.314340569187969 -0.42047631151772064 
0.1773927108203031 -0.6466801169605835 0.6293338392771063 -0.8641612280220438 0.4697669705581467 -0.026577519390375268 0.1524717861960914 0.10845355751574802 
-0.31808421833013106 2.2118588804916506 -0.8068472521447366 0.06435495251575099 -0.4246706826756391 -0.4272540845096869 0.0007384719765619691 -0.30009606731292326 
0.20549491581170287 -0.5948604107763898 -0.14878267984708127 -0.027869081562465734 -0.15821267584746473 0.08376624960188545 -0.1892689570332672 0.8297326396483768 
0.10091404117853885 -0.3790370343503333 -0.01465186546072649 0.04990179053324247 0.2418514818558129 0.03898653987127148 0.5535362109883714 -0.5915011646166038 
II_2Ip_5
-0.037870488241020836 0.1374615227110729 -0.058863752319487886 -0.0629433841942979 -0.0388211883876072 0.08781544324875436 -0.006372636125486947 -0.020405516691238225 
0.001308289634513722 0.024770791558410866 -0.018365623350043388 0.08882923753848436 -0.028561153611393636 -0.030639730416144838 0.02718070189938783 -0.06452251325269999 
0.01733838989740388 -0.08248151396050966 0.05294388046185165 -0.03873483455395357 0.06753703645598667 -0.028118547771178604 -0.02340840305404922 0.034923992523991074 
-0.04772910146737067 0.015636008650418153 -0.012264232639932414 -0.06303942725877494 -0.030946441610760433 0.10259158720755833 0.06149906252956009 -0.025747455410281082 
0.021512403951660982 0.07702066626126092 -0.0022214886182631613 -0.03210296370221319 -0.007199958740960421 -0.051144967683205825 0.052071279863381885 -0.05793497133132429 
-0.017816987217308282 -0.05936776290646585 -0.006234097639895501 -0.059938588708618054 -0.012676961105132889 0.15894008187619948 -0.013020495005140088 0.010114810705980618 
IIp_2IIp_5
0.040444655988729226 -0.11981513179888788 -0.07215406384131208 0.01539577021361433 -0.06111672547218478 -0.039792195399268614 -0.036587977472680736 0.27362566778130004 
-0.056389168604278624 -0.12511666097121824 0.2782104893559996 -0.17649246006196254 0.009867608915946227 0.008800130045709599 0.12104787348635444 -0.05992781216606691 
-0.09705694264769527 0.3913494735729862 -0.12130491586441283 -0.06650505240392633 0.07824429992067021 -0.07934870702494472 -0.04989213310895881 -0.055486022442523465 
0.040331703431024934 -0.11973169834537672 -0.07202483264989676 0.014544964346637351 -0.060831867013497805 -0.03973660027678562 -0.03635501397363517 0.27380334448024524 
-0.05593093419536792 -0.12601661181806498 0.27835423440574025 -0.17630407438453635 0.00994803785900939 0.008744889906638811 0.1209820074201218 -0.05977754919327828 
-0.0975034377653583 0.3911169989786757 -0.12151495444266332 -0.06668199112276897 0.07826005600327665 -0.0793237834084871 -0.050002623818585966 -0.054350264422163806 
Ip_2Ip_5
-0.04303954360539393 0.27686314528510525 -0.05287825189258327 -0.07302655626663716 -0.06613320409331312 0.023343974322531925 -0.03529086309371459 -0.029838700654573714 
-0.02561920754397994 -0.059274915288498396 -0.020807546222275968 -0.0060715334377702684 0.10350003945512845 -0.02788400333632404 0.07900210204355965 -0.04284493566963219 
-0.024654420653928755 -0.05636140839959044 -0.041171605452042424 -0.06483303431927584 0.06906279969744043 0.13942299833061828 -0.0248730958868405 0.003407766683550639 
-0.043253678506831865 0.2770213180146828 -0.05263325603746998 -0.07463950983093548 -0.06559317083283314 0.023449371281512085 -0.034849212041653616 -0.029501862045335038 
-0.024750489012587258 -0.060981037663148954 -0.020535035066183635 -0.005714392799986163 0.10365251624860886 -0.027988727319308054 0.07887723348029457 -0.042560067867186524 
-0.025500883895017694 -0.05680213258857018 -0.04156979555248231 -0.06516847386957872 0.06909267000089236 0.1394702483995096 -0.025082563629152857 0.005560931134062374 
Ip_1I_4
-0.0542493795698196 0.8554640478516534 -0.24317976688304516 -0.11038825921504175 -0.0332687498262478 -0.15146216486931577 -0.15935833373089586 -0.10355739375393429 
-0.022878170418096852 -0.09454958097944428 0.17107055050006445 -0.15589387802936708 -0.14136613081032967 0.13668559843468933 0.04628385248010527 0.06064775882153432 
-0.1252316760956057 0.7714323588739405 -0.1938701798878862 -0.12007076125160039 -0.18319226768200778 -0.024286232961593764 -0.13276410539178304 0.007982864399351705 
-0.1229756116962136 0.16055943997410668 -0.08733916803978811 0.03330084548021732 0.057615106639095665 0.19551411017286374 -0.10092258603074503 -0.13575213649783274 
0.1585756583812031 -0.07667653756934742 -0.09447122386542607 0.2383186372474698 -0.030542809220474504 -0.11591901755163177 -0.08682881392216249 0.007544106499082122 
-0.15115491540154946 -0.15235056811969036 -0.02804456349716845 0.4619051637189014 -0.05441537966032785 -0.03279316517131593 -0.04442658834006213 0.0012800164716882092 
Ip_0II_3
-0.018435900889161267 -0.05941245071639902 -0.006249354950109408 -0.06003639279277514 -0.01254097754618822 0.15924546314039992 -0.012936329747667435 0.010365943501861031 
-0.03821077452925159 0.13756265237505308 -0.058841873570839656 -0.06307251880259272 -0.038860550843875616 0.08797981717415501 -0.00638175340615706 -0.020174998396039694 
0.0007917448364239274 0.024896776228968263 -0.018262506704850863 0.08881888967756242 -0.02845346916595641 -0.030289737375850702 0.027428956612035035 -0.06493065410805703 
0.017376002746327782 -0.08210723304875177 0.0533363598463493 -0.03900958097938565 0.06780216773541367 -0.02782308450749162 -0.023020279621395485 0.03344564782822831 
-0.048002471161350035 0.015383227048025163 -0.011956651370687117 -0.06443414640394325 -0.03048425302344512 0.10281537877111013 0.06182873570983201 -0.02514981956868035 
0.021490379519150202 0.07557383157993683 -0.002001191855835344 -0.031906417875858545 -0.0069544332986014685 -0.05087026207899366 0.05215373066919427 -0.05748563665847954 
IIp_0II_3
-0.3190357266047942 2.2120908971101874 -0.8062085325415506 0.05993592295047779 -0.4228181645490252 -0.4270706357087996 0.002173837968092946 -0.29906759861433474 
0.20892717660362378 -0.599898537192549 -0.1479882040698425 -0.026559574752360985 -0.15785578393675984 0.08276851374007298 -0.19011314468898993 0.8307195542934679 
0.09724553993175995 -0.3811549395700485 -0.016743293259308248 0.0482971733666142 0.24165292614222314 0.03851652682502527 0.5520697596818656 -0.5798836931207983 
0.45679197701928115 -0.7855355419682982 0.2127868474601654 -0.23723830015875638 0.8965994658369162 -0.5613813483164511 0.1275271314518874 -0.109550231333402 
-0.5495956361478773 0.4494304873147273 0.03585312318161858 -0.4469097314732233 -0.49731534659675647 1.1158609507515556 0.3145350054740071 -0.42185885249682187 
0.18076486868256625 -0.6451321940316633 0.630554452240585 -0.862975747035495 0.4693199614997066 -0.02744054610955344 0.1527476326017285 0.10216157215152782 
Ip_2IIp_5
-0.006763585484447569 -0.042145397147173476 -0.015645192170888465 0.07306340981344885 -0.024364940126634684 0.0018348236973139364 -0.010895376189047417 0.02491625760713269 
0.011092824863549617 -0.04072535906829424 0.06266266056092333 -0.018184732573303466 0.017147810802106325 -0.012330127073831514 -0.007932159736127174 -0.011730917775323313 
0.001953617602851125 -0.039678070414281036 0.009961540211172506 -0.039945701868824866 -0.021260365769327758 0.0957300165479348 -0.008411373083446427 0.0016503367738017465 
-0.03017921876998812 0.035432603917306585 -0.008397313499175676 -0.022391655667013826 -0.041719997979676494 0.04815467275538373 0.047672013768155684 -0.02857110452450216 
-0.02686924748818821 -0.059729495989622655 0.10934825077796648 -0.0750443883986588 0.008176499745848973 0.04482660019630405 0.04317709905103742 -0.04388531789450297 
-0.012080714516861164 0.2297565582249227 -0.0474316772137829 -0.012170661112255057 -0.05015621301754669 -0.037644502177642 -0.029993575799806917 -0.040279214385942314 
Ip_1II_4
0.021545571789273736 0.07556891064502995 -0.0020068677220284672 -0.03183654884379773 -0.006955822043422551 -0.05097348827104212 0.05213549816360594 -0.0574772537171545 
-0.018340629164637235 -0.05944505946639503 -0.006259235521124478 -0.05996102391371292 -0.01252307394183405 0.15912716232859564 -0.01299169471342785 0.010393554392089067 
-0.03828581268005662 0.13743427588987644 -0.05898111030393818 -0.06313519400963365 -0.03891397916673175 0.08780801908351397 -0.006565413773482888 -0.019360785038814016 
0.0006837378731421413 0.02470748163424764 -0.018472393219806864 0.089387357315148 -0.02864537533744381 -0.030418298053769676 0.027188008516304357 -0.06443051872720579 
0.01721230930355738 -0.08155619287000213 0.05315594755419652 -0.038604471011799354 0.06760938981125068 -0.027932931869757663 -0.023155951424361103 0.033271900506513005 
-0.04801399191530555 0.01590534391401189 -0.01202706317086067 -0.0644753355207237 -0.030592307974473248 0.10265612020565223 0.061758006087680506 -0.025210771625537403 
Ip_1IIp_4
0.010947275495656144 -0.040856359318833316 0.06261811703400766 -0.01800169306122546 0.017295005471729238 -0.012428005160260049 -0.00787256224667556 -0.011701778214520111 
0.002401427994443815 -0.0397322126508188 0.009922072677450749 -0.03982372484089813 -0.021322179352878477 0.09531932719655954 -0.008712979675922957 0.0019482686517794084 
-0.030835151863340727 0.03494576107103222 -0.008941508064048698 -0.022567818358490317 -0.04192237637819557 0.047798995489333744 0.047157446828909884 -0.02563534872485717 
-0.026806356928744106 -0.05990956232855519 0.1089404207064875 -0.07268162214750193 0.007567089121889946 0.044594310558115295 0.04264252297120455 -0.04434680195295734 
-0.01274241766874283 0.23208871250451366 -0.04780611802142998 -0.012506055413789395 -0.0504303528745073 -0.03791604006603036 -0.030103068689765814 -0.040584659769710714 
-0.0062782503149374155 -0.042011445511360934 -0.015618444051665119 0.07318891944207413 -0.024555116483452245 0.0014246490543125153 -0.011078775401295735 0.024928463266117955 
II_1I_4
0.16734389714819298 0.29781885215477877 0.13253113088805085 -0.2002088865946326 0.4123616828302761 -0.16891175994643112 0.02732970996424448 -0.6682646264426243 
0.8291548976675034 -0.8551872238327596 0.30485779571638555 -0.5957865975833556 0.862996931273899 -0.6592065567443924 0.31284513226277894 -0.19967437876494679 
-0.8119253489323905 1.3541881757661371 -0.6129042203689645 -0.7994714924472707 -0.4575957150067884 1.562533140881614 0.46077418871693476 -0.6955987285998642 
0.28803893933710767 0.2512299633905961 -0.01334584399770975 1.2644174020767944 -0.5147352693682222 0.06631735745434367 -0.2811326848471761 -1.060789864040483 
0.3825091230110268 -0.7064796386009704 -0.32186225144482095 0.009250888283375057 0.17852152535388438 -0.7320967420220853 0.23684616894596233 0.9533109264661331 
-0.37362452094858933 -0.9102015562766634 0.1906073217431564 -0.4896406904136613 0.6685253449055479 0.3139145952387502 0.2019476568743304 0.3984718488721295 
