II_0I_3
0.8297117877182277 -0.8548533763134021 0.3049345004890713 -0.5964855007371939 0.8634846074980614 -0.6589783438574198 0.31230114005216547 -0.20011481485646973 
-0.8102375222302496 1.3539003850090685 -0.6138241134830448 -0.7990860647419777 -0.4588069850305571 1.5624129381863956 0.4607788320051794 -0.6951374697087822 
0.2870361475614583 0.25014737051193703 -0.014254650537564717 1.264052518768516 -0.5079628098963751 0.06520316573552425 -0.28192096806281514 -1.0623007740776873 
0.38142479487545916 -0.7071811496017759 -0.32293162329524977 0.008477918225428248 0.17692630904654613 -0.7329832038884572 0.2439839239311232 0.9522830307010823 
-0.3717104802072678 -0.9101526493664005 0.19068007698732906 -0.49025687222402686 0.6685033411336869 0.31357515540262276 0.20166701291005706 0.3976944153637153 
0.16732935245123093 0.2977062928129752 0.13202201750734807 -0.20021585988116491 0.41237708711282367 -0.16885558678238005 0.027483781244202286 -0.6678470844636294 
IIp_1I_4
0.5511718364762868 0.3866248752539802 0.5462505734592912 -0.6762244923786708 1.1583636698543576 -0.7422157108857086 -0.3729985097660307 -0.8509722420136953 
-0.2516477603747688 2.5934453522583496 -1.0827160606995574 0.17491717777032298 -0.7504685253277876 -0.18717767110838598 -0.44384834565554876 -0.052504166855527924 
-0.17970118584030736 -0.8556974487935692 -0.29667089819108444 0.06691555059443995 -0.09816972110216357 0.066247105810768 -0.37196224500545455 1.669038842521141 
0.11140233827051846 0.004638946212288624 -0.7389741285056618 2.728900192044929 -0.5688737884253344 -0.11691894073457035 -0.2391905095109147 -1.1809841093448874 
0.9389137171216345 -0.6965233346101087 -0.41421001373099514 -0.03350406892596736 -0.13612247068096972 -0.5882297080334649 -0.09387251687300108 1.0235483957207343 
-0.10785480142755444 -0.6336553049309569 0.11579375528067253 0.5893504232418906 0.16320214593227006 0.033401252285004714 -0.12005471377885052 -0.04018275660572585 
IIp_2Ip_5
-0.03007152140703026 0.03537758245132892 -0.008427790448612629 -0.022172237624428836 -0.04181378985903899 0.04810275019418386 0.04767506908037133 -0.028670062386232716 
-0.026914459001596305 -0.05955501167801983 0.10938149992278556 -0.0751037381703342 0.008224613706972226 0.044797823042828123 0.04316979069055988 -0.04400051851326033 
-0.011840579211980356 0.22983213847233358 -0.04736825634962194 -0.012108698896732781 -0.05067144495755964 -0.03761335467102579 -0.02995242401483666 -0.040277380369780465 
-0.006577059567608299 -0.04208134925098178 -0.015575747551589234 0.07312267745065104 -0.024261643672684272 0.0018736227084553644 -0.011387232808933197 0.0248867326926291 
0.011132489192761457 -0.040734804598368216 0.06266004209115733 -0.018132370431430844 0.017126709418105623 -0.012354641519702402 -0.007927936158803451 -0.011769487993941789 
0.002036935040526394 -0.03971136127154126 0.009961982507414206 -0.03997092522955029 -0.021287373018302382 0.09568533571188391 -0.008449268272084054 0.0017346745312974655 
IIp_1II_4
0.179951767241234 -0.644864696569175 0.6306264836066422 -0.8652028275363771 0.4713289855262941 -0.02511477604116751 0.15227522120238793 0.10099984256770253 
-0.31387772574310807 2.2121027018316504 -0.8080578939010918 0.060364174138300176 -0.4263113945837576 -0.4269355181180629 0.0020934658060121993 -0.2993778094236994 
0.20446949629013916 -0.6023167447138567 -0.15003711199955364 -0.029120191638176165 -0.14075759934353432 0.08164553704395164 -0.19075950580696213 0.826876120163936 
0.09750548831170949 -0.382123873546519 -0.017170203483318415 0.04791868752306327 0.23848142749328308 0.03778486012673262 0.5715119794891492 -0.5939083659118272 
0.46082217159503164 -0.7841207196634287 0.21444567340175621 -0.24816832395288793 0.8989545059916382 -0.5611872970954803 0.12899412366020271 -0.10974013394093872 
-0.54681280829354 0.4401049433367881 0.03610036294578392 -0.4456579641417622 -0.4963274597038835 1.1169819993607173 0.31525374427483127 -0.4196428177759449 
IIp_2I_5
-0.09117974313059693 -0.6327446253387834 0.11844243921316004 0.5864566331017008 0.1632494661344458 0.03248469572642241 -0.12179129667918698 -0.05491756902645669 
0.571006658806525 0.3837300651334485 0.5431069142722421 -0.6718403340545872 1.1500003393152807 -0.7454341147913328 -0.3698806308066842 -0.8606888978749748 
-0.24805401624409518 2.589765246943896 -1.0821320918499504 0.16966626176990204 -0.7216567871615365 -0.19269976921216253 -0.4461229113457656 -0.06876593289277538 
-0.16395643936050205 -0.8563801064208871 -0.2966304113632459 0.06731163164061811 -0.1346873242558327 0.06586303310938382 -0.3416311357135962 1.6601107523569003 
0.1372329980359353 0.008750889470646188 -0.7342707559141368 2.7291508531619115 -0.5641888686257138 -0.11612297410802212 -0.2694334926762767 -1.1911186493443044 
0.9463604260376122 -0.6976705727340492 -0.41610466075088887 -0.03132028085297898 -0.1380964774158561 -0.5886094744223077 -0.09162541147409671 1.0170664516050938 
II_1II_4
1.3888629794665972 -0.5867305954484461 1.3258331185650343 -0.7000281321814524 0.2232172837266819 -0.9487283306688271 1.1087332164929278 -1.8111595399523757 
0.4201790846071505 -2.0503982739405457 1.2708086953232343 0.019998284345001668 1.9127823894512954 -1.5330649064635127 -0.06060954919441599 0.02030427586032379 
-0.8776859066029158 0.13790149733897422 -1.3630849557840392 -1.2173744761103926 -0.6953239179469833 3.029002001450647 1.738717711714022 -0.7521519540463382 
1.3812952139180388 -0.5945671954569965 1.3200945443181433 -0.6999377111869671 0.21232222206553755 -0.9548120391525761 1.149508756402843 -1.8139037909119262 
0.4202348426023192 -2.049202379320377 1.2755587198669505 0.014203784753473357 1.9191619886047826 -1.534169288482585 -0.06241476818704936 0.016627100150168914 
-0.8721274360511311 0.14285706850970745 -1.3612873662927985 -1.2132753858792928 -0.7320740086568597 3.035097078376741 1.7431406142078771 -0.7423305642120787 
I_1IIp_4
0.11693958154464207 0.010502550863208646 -0.7345267848531484 2.7294842501915584 -0.5607465193698143 -0.11240093691180542 -0.27083973070412487 -1.1784124107589216 
0.9372356778963769 -0.6972823429540402 -0.4172053979030407 -0.029349069837278308 -0.1400778445000373 -0.5873089525235198 -0.0925356185020898 1.0265235483166857 
-0.11130624888580294 -0.636637174245996 0.11513507919562979 0.5868530278567317 0.18591913847423688 0.029573041443674543 -0.12291317893561494 -0.04662368490558056 
0.5460766726027025 0.38147837112044936 0.5426354503971584 -0.675513396360003 1.151183814139834 -0.7462450735414043 -0.347359732377707 -0.8522561059881877 
-0.2532474618532409 2.594366527902848 -1.0790378508518943 0.17093113727650072 -0.7454608181420845 -0.18780852805307932 -0.4450477075853984 -0.05469529868789978 
-0.17534320505120643 -0.851716939316966 -0.2948040331173711 0.0701772126233829 -0.12708513242302918 0.07098223365616771 -0.3686067095029717 1.6763965731286143 
Ip_0Ip_3
-0.025091351438713473 -0.05663866825741398 -0.04153540850639923 -0.06520914442567605 0.06903507907638809 0.13923014249397583 -0.025306028707474674 0.005515379765089403 
-0.04289529412059849 0.27673596999154076 -0.05305159968259635 -0.07282348825547129 -0.066220776934923 0.02328695432855656 -0.03521912362290622 -0.029812641703051722 
-0.025465559768159025 -0.05946222402621245 -0.02095272492991552 -0.0061015550423896385 0.10464072820441457 -0.028344650922746777 0.07868817540142826 -0.04300218891576892 
-0.025333404222737953 -0.05688931963359513 -0.041718955137679536 -0.06520625233640018 0.06868660369216287 0.1390355568443261 -0.02400183490114675 0.0054276056948603536 
-0.04289351071724434 0.2767742203338484 -0.05289967152649819 -0.073008823642616 -0.06601672730801916 0.023251630990360157 -0.03527686302823901 -0.02993025510053905 
-0.0252877737013104 -0.059303721521036884 -0.020895229551952013 -0.005970446831419891 0.10346528722207458 -0.02814970165680032 0.07882964065361471 -0.04268805461325543 
II_1IIp_4
0.10084045353201111 -0.378623555462412 -0.014551473278756997 0.048113951238601245 0.243338887265418 0.04048992220044861 0.5528869936263284 -0.5924951791195252 
0.46020559467106753 -0.7846057779194214 0.2125260478346409 -0.2456454526769516 0.8964007739471281 -0.560659869563555 0.12979544843668755 -0.10801676473167389 
-0.5490397169899973 0.4381540054687665 0.03554561822865386 -0.44728288646081693 -0.4816411797204706 1.1145243554065474 0.3134412367684348 -0.4237014326950529 
0.17677665222150155 -0.6481057203695924 0.6283086736170352 -0.8649297802364658 0.46681409817967123 -0.027643151781026862 0.16872690822867203 0.10005232013474276 
-0.3144463375153883 2.2126463976888737 -0.8058913673902159 0.057902396107881386 -0.42337715238773377 -0.4273581220734881 0.0013418724301432112 -0.3008176868526392 
0.20702419572858038 -0.6000047114637083 -0.14904550175137501 -0.027218920373376795 -0.1576851474857725 0.08443111047138027 -0.18876726408454728 0.8312662389543705 
Ip_2I_5
-0.1514231296625238 -0.15254067401541388 -0.028087926062803314 0.4623047850603498 -0.05468621864911514 -0.032950447085850154 -0.04414877425062704 0.0015323846657470234 
-0.05524822727688403 0.8555787210693114 -0.24272259381556321 -0.11064111389770306 -0.032617794768677745 -0.15142905979265892 -0.15941160211203223 -0.10350832940362598 
-0.022322061841896675 -0.09398534134296989 0.1715346589093917 -0.1554496688801375 -0.1451755685273665 0.13728879113363904 0.04667187244233667 0.061437318107857804 
-0.12468859834284393 0.7720694042227293 -0.19330559325004604 -0.11967055672956622 -0.18233224624740543 -0.023812961331119386 -0.13671571167703336 0.008456263358396799 
-0.12398661969080378 0.16055459098412744 -0.0873681282374121 0.03360193861656008 0.05761942706125691 0.1956650698585552 -0.10077519871722249 -0.13531107987406701 
0.15858020387342353 -0.07667780842837014 -0.094185739669297 0.2383476655295915 -0.030530214937656674 -0.11595207897858695 -0.08690394634165292 0.007321918952432778 
IIp_0IIp_3
-0.09755043298958234 0.39123890001915235 -0.12149693306973548 -0.06674315641355641 0.07829775479455746 -0.0793972137650404 -0.05016565805309635 -0.05418326052138671 
0.04034376907216664 -0.11988103914741 -0.07230321357251188 0.015538344254885487 -0.06120213012918273 -0.03979186614999315 -0.03655774677649691 0.2738538824474869 
-0.05666628872842381 -0.12526645548003978 0.27807529274939136 -0.17655323974870019 0.010945487970839893 0.008522533722334913 0.12082459634184153 -0.05988192682738458 
-0.09776885877347621 0.39101271495977497 -0.12166256354152231 -0.06674054662378127 0.07798329442063597 -0.07957280572622265 -0.048988767831689234 -0.0542624668819501 
0.04034537839584282 -0.1198465224570153 -0.07216611526672696 0.015371099629324602 -0.06101799797841574 -0.039823741543898464 -0.03660985018412732 0.2737477494044309 
-0.05650585652674365 -0.125123424553428 0.2781271759495487 -0.17643492913345213 0.00988478288929428 0.008698453807094117 0.1209522530377649 -0.0595984554696578 
Ip_0I_3
-0.022993418929292606 -0.09462505345987177 0.17105325908999458 -0.15573381112858822 -0.14147677397583794 0.13662654199461927 0.04640077892714604 0.06074847748165659 
-0.12562443869765674 0.7714877844538582 -0.1936737552930709 -0.12016438249405718 -0.18292317672453035 -0.024266039638796477 -0.1327747167344543 0.007938725130284536 
-0.12274791034492337 0.16079585593062265 -0.087142504961306 0.0334307902571727 0.05608075406887098 0.19576027523166886 -0.10075596553228267 -0.1354212946471786 
0.15880542436821227 -0.07647223207869606 -0.09423838000682555 0.23848551178563634 -0.030189406195823224 -0.1157246011447112 -0.08843535566048237 0.0077690389303006445 
-0.15157520319974485 -0.15235868774444633 -0.028060318617053055 0.4620459562053903 -0.054414467198416534 -0.03272498808280633 -0.044367292026550736 0.001455000663851729 
-0.054249744715766254 0.8554867529689908 -0.24306620527659528 -0.11038322950642084 -0.03326918605898276 -0.15147620106297993 -0.1593913887185984 -0.10365079762715591 
II_2II_5
-0.8714670559424162 0.13167446100490646 -1.3608345831300315 -1.1900014353256991 -0.7499960820203216 3.0232194930438587 1.7590760128147707 -0.7416708104377807 
1.3437187135611697 -0.5827713031598853 1.352275183102603 -0.7110333755401052 0.25673173709485836 -0.9503199547421458 1.109094181555714 -1.8176951818753366 
0.4593137627721008 -2.017230630577256 1.3025108881120608 0.043306767909130295 1.6951027379049197 -1.49993626957607 -0.03810489017537825 0.05503763361641766 
-0.825663380616783 0.17910524888360416 -1.3261020336150988 -1.1905487057008235 -0.6840540461861752 3.060040957236224 1.5122832733483977 -0.7250613133350462 
1.3433812399571434 -0.5900094196903066 1.3235258011865962 -0.6759623395430158 0.2181194034436698 -0.9436357155029407 1.1200202156799064 -1.7954391855361427 
0.42567128549058236 -2.0472240773321007 1.2916310313079746 0.018497146502964912 1.9175315661076406 -1.536826540937571 -0.06487437564646016 -0.0044060355109876975 
I_1I_4
-0.3126020941298302 0.47104902060774306 -0.504403168951782 2.5116621023948387 -0.4938551042641784 -0.2377209852965563 -0.7941462323422067 -0.6399835380126149 
0.0873590767224071 -0.5427105101668459 -0.15281734643077807 -0.11906667612031842 -0.12374108065290855 -0.35004697626528425 0.07879022133142743 1.1222332915792035 
-0.41820983083034813 -0.7268803537825236 -0.08866381911930751 -0.24879833469756565 0.161243340240798 -0.080252501701507 -0.1723846512949695 1.5739461511813335 
-0.314275992305003 0.4693156595026948 -0.5056724721427448 2.511682102425197 -0.4962649600818986 -0.23906662800487063 -0.7851271762643939 -0.64059053312128 
0.087371409716189 -0.5424459927463325 -0.15176669847323873 -0.12034834932138215 -0.12232999050820587 -0.3502912522059076 0.07839092873180635 1.12141994480281 
-0.4169803643966741 -0.725784241397354 -0.08826621407264679 -0.24789166553352174 0.1531146648223471 -0.0789043444303374 -0.1714063587762694 1.576118523782461 
I_2Ip_5
-0.12470670227026388 0.7713197955811115 -0.19386899179274175 -0.1198802202521997 -0.18340307248854182 -0.024434585276780506 -0.13258974204550433 0.007563518547779371 
-0.12283377113423341 0.16059126315841799 -0.08709572609024333 0.03311212457404691 0.0578703975073404 0.19546017507929275 -0.10090698010314089 -0.1361974829904403 
0.15950644436103717 -0.07648041065127151 -0.09422401776107198 0.23853136449531537 -0.03248891738376331 -0.1156955468388419 -0.08660936941985865 0.007460453196774591 
-0.15026877217616696 -0.15207617116450997 -0.02776225677808254 0.46208111276246655 -0.054069090986776834 -0.032629532126975225 -0.04634009165203783 0.0010648021225582525 
-0.05410401721440442 0.8554301152658186 -0.24318610512345543 -0.11023319569160837 -0.033355205079726426 -0.15146285449027252 -0.15926370390184033 -0.10382503376230204 
-0.02225698601377159 -0.0945557020203037 0.17121788324748688 -0.15590103519186072 -0.1414406401346574 0.13660102307485156 0.04628121638778527 0.06005424065104456 
II_0II_3
0.41204697456439804 -2.048216192171605 1.2754529665997152 0.015223927591293433 1.9207067347594566 -1.5317794852406448 -0.06272354629816705 0.019288620184507662 
-0.8663029464494996 0.14266779585723607 -1.3613137057775284 -1.2115953193188518 -0.7358732127988878 3.0345415897332377 1.7427020542904552 -0.7448262555304628 
1.3830349538898787 -0.5918626750725637 1.322679446506924 -0.698801470749259 0.24308743778180317 -0.9538422051987265 1.109109361085659 -1.8134048482521534 
0.4074011918554346 -2.0530270099200396 1.2719301078591663 0.015279436221259985 1.9140183551108267 -1.5355142187624338 -0.037691811755497524 0.01760394938278961 
-0.8662687171213169 0.1434019447303713 -1.3583977087432024 -1.2151525101223497 -0.7319568346748604 3.033863619617051 1.7415938467054757 -0.7470836403852152 
1.386447248606498 -0.5888204948239726 1.3237829704124184 -0.6962850763901663 0.22052689003704007 -0.9501004926903486 1.1118245408592617 -1.807375586008226 
I_2IIp_5
-0.16493053374658923 -0.8509974199174147 -0.2927949611367919 0.06821363583780128 -0.12690720785327816 0.07045210711207546 -0.36991600992586876 1.6668803896251254 
0.12936853290804004 0.008421036179392159 -0.7367537775451471 2.7328280676199155 -0.566591911600806 -0.11461484529595613 -0.2685410601623806 -1.1841160420961132 
0.9378934147177569 -0.6996989756175138 -0.41650156182402137 -0.03313462892532197 -0.11952223100027033 -0.5909805309454867 -0.0941996607290571 1.0161441743105186 
-0.10113450565783394 -0.6366616328573257 0.11546792280106634 0.5874659399025581 0.15810041176265782 0.029854232256789594 -0.1016878335577451 -0.051404534648985964 
0.5632083616961824 0.384819380107916 0.5462607472465298 -0.6750394528485905 1.1551679672996487 -0.745236556233888 -0.3711304518547785 -0.8580499954147061 
-0.2499247899954914 2.593617620872434 -1.0803957932893915 0.17271630449190473 -0.7466938771039416 -0.18783779732826072 -0.44344850176143463 -0.0580331658754271 
I_2I_5
-0.41183316959287664 -0.7255409415254342 -0.08751211278089913 -0.24873447453096703 0.1530855174408451 -0.07920613997105741 -0.17188672543842795 1.5716280463967658 
-0.30653110694235425 0.4702085608594367 -0.5053007783892944 2.512895800172989 -0.49629244757759117 -0.23867913190691523 -0.7932467980316764 -0.6430540981768814 
0.08879063889976761 -0.5437933939097331 -0.15266783730424754 -0.12057403919208252 -0.1155170312752646 -0.35167958798155846 0.07815345462224357 1.1172877961342478 
-0.41336189495510495 -0.7271239727530461 -0.08867133262441096 -0.24871620905170705 0.1508846621188446 -0.08043507860511126 -0.1636498685219647 1.5710736943866384 
-0.306519843556841 0.47045013737548447 -0.5043412503829965 2.511725283138803 -0.495003737592939 -0.23890222243362216 -0.7936114610277079 -0.6437969055131426 
0.0899134769234317 -0.5427923444864928 -0.15230471550372668 -0.1197460030745478 -0.12294072792016922 -0.3504483528665135 0.07904690238808762 1.1192717645379227 
I_0II_3
0.38357916566538075 -0.7051772879133517 -0.32173311699393536 0.007313604129600566 0.17975562453582947 -0.7313679790494797 0.23555291810266865 0.9520770715171815 
-0.36885943867493304 -0.9106962402309082 0.18848707661326528 -0.4884588779472551 0.6654395773175292 0.3136922162292426 0.20215282839808352 0.3982428582939657 
0.1646689946051082 0.29516775963693537 0.1303605387287889 -0.20226156607615664 0.4301455046301827 -0.17169648500048906 0.025563270493757603 -0.6719480170166302 
0.826783307751918 -0.8581129266617453 0.3022787229514438 -0.5975890840378764 0.8589963109329293 -0.6614492104901003 0.33125681560687303 -0.20216393606436756 
-0.8073490311269556 1.354160010607912 -0.6128267843346584 -0.8011799162730705 -0.45758592393004643 1.5617882465182251 0.46005218145448445 -0.6970587829058518 
0.2881091078358271 0.25093722119208517 -0.014708787591114606 1.264759945417549 -0.5148774015375327 0.06645599454564581 -0.2808708591306145 -1.0598052207284918 
IIp_2II_5
-0.5450897060054868 0.44064218544962025 0.03743866300264768 -0.446407509080275 -0.49589221255835353 1.117004330062936 0.3144130525523959 -0.4221088034146513 
0.18209403218365722 -0.6459813735459099 0.6295318103923863 -0.862942029705724 0.4686248018276145 -0.026060503548708407 0.15365176141608322 0.10108150097850024 
-0.3182297148212019 2.2113936049682286 -0.8069556266078007 0.05832190579921967 -0.4158238943121183 -0.42814879223218005 0.0011461086871955813 -0.30170359147123343 
0.2071566363420774 -0.601149962259974 -0.14908152296802063 -0.027962106782770075 -0.1595529882391024 0.08319228583110105 -0.1809583601990044 0.8283560182691206 
0.10314617131969084 -0.379377692225003 -0.014618668038796735 0.04891512138564625 0.24214302947586475 0.03940900708539803 0.5537213213426269 -0.5933382903442358 
0.45761739349860814 -0.7843351126209404 0.21373880125662384 -0.24667597196378313 0.89874808671417 -0.5606056256801042 0.12981175692067873 -0.10829932813027417 
I_0Ip_3
0.15861785533868544 -0.07670714167828618 -0.09445857266832813 0.23828376147219044 -0.03050822248327961 -0.11589629026450918 -0.08685554359108333 0.007524153873660235 
-0.15106017315149364 -0.15236544380330233 -0.028093224944024935 0.46192893171029165 -0.05447987889625613 -0.03278771521361915 -0.044417067442956794 0.0012745717413971025 
-0.054305113235463824 0.8554075177936417 -0.24322764470984187 -0.11043907979697896 -0.03287098392378768 -0.15152324696458214 -0.15940026701338078 -0.10364118214734071 
-0.022944542447485766 -0.09461511814661097 0.17101236111104873 -0.15593838653485606 -0.14145518748393235 0.1366449308514253 0.04670660948459503 0.06058933316526879 
-0.1251111507391842 0.7714436641409493 -0.19385507028510415 -0.1201003649877702 -0.18318791113858546 -0.024294261713859375 -0.13276809030725648 0.007873185032945195 
-0.12297694642957464 0.16056179003875 -0.08736010786392678 0.03324686894192114 0.057627167514374314 0.1955227961600119 -0.10090303196699392 -0.13571853639366216 
IIp_1IIp_4
-0.05658251497740437 -0.12503560269988948 0.27821652404362957 -0.17656762798693237 0.010004692200504433 0.008765837296262865 0.12082616577516377 -0.059627473651153284 
-0.09743156998070897 0.39115523852122597 -0.1216733038004563 -0.06653938849289438 0.07800992831636036 -0.07943535834154694 -0.05007897514702609 -0.0540065710735637 
0.03969934588943504 -0.12004179378306636 -0.07234373568555975 0.015314369409516472 -0.05964963868968686 -0.039974679086555893 -0.03671515778497025 0.27371128972972353 
-0.05686107490571451 -0.12532405808643426 0.27800529434571025 -0.17656429970385193 0.009603658688575099 0.008541903641319683 0.12232706209695264 -0.059728486076217065 
-0.09742951759905324 0.3911992578975694 -0.12149846137330764 -0.06675267673241882 0.07824475333462266 -0.07947600925416817 -0.05014542298687531 -0.05414192328495549 
0.039903946197075636 -0.11985938544309664 -0.07227756867795121 0.015465251763692166 -0.061002363290962335 -0.039750326973416704 -0.03655235630881181 0.2740728027326982 
II_0Ip_3
0.017372853474779633 -0.0821988323745946 0.05325260877573063 -0.03847059510569738 0.06765058686211914 -0.02788505608686079 -0.02310183661303124 0.033380271066893015 
-0.048251676402124105 0.01587848567871716 -0.011987820663184262 -0.06453151928380924 -0.030470556787971483 0.1027681450305999 0.06180341029838303 -0.025208467870279284 
0.021652927903315237 0.07566209579982582 -0.0019468663629109465 -0.03183648872859008 -0.007391188548943688 -0.05089301403569308 0.05215395969237672 -0.05740142571902872 
-0.018418838090550577 -0.059374445085525876 -0.006201250077474287 -0.05995976711099535 -0.012420798155955332 0.15927913041790018 -0.013330492965067078 0.010426461067728427 
-0.038212082271819825 0.13755699957866954 -0.05884622390848412 -0.06300535459685816 -0.038871913651458735 0.08791451550537387 -0.006423364744968995 -0.020112575909704004 
0.0006523257690662299 0.024805625117309597 -0.018341434558563737 0.08874874011342068 -0.028486072272686073 -0.030364585747995335 0.027321655496276978 -0.06433625391649553 
I_1Ip_4
-0.1230258457309747 0.1605322329470872 -0.0873388504677238 0.0333237818427487 0.05757681416969686 0.1954879372715985 -0.10086034424530466 -0.1356957257864004 
0.15840460851298246 -0.07670605513138248 -0.09437837651670115 0.2382798301144643 -0.03041573448233654 -0.11590790293645961 -0.08683630848465115 0.0075599389233510245 
-0.15106047943124543 -0.15224900891283596 -0.027959063872714057 0.46198576762306853 -0.05511841574598525 -0.03267396688130045 -0.044351536738175164 0.0014267039603819195 
-0.05414730969953203 0.8555832565841965 -0.2430760736422762 -0.11031909780598863 -0.033113004048684606 -0.1513741549619615 -0.16009553561571196 -0.10345808080759417 
-0.023076130919313608 -0.0945514204648928 0.1710636947284506 -0.1558315661871402 -0.14136661387093613 0.1367211242364303 0.04631488302761841 0.060726029450039715 
-0.12521925525959998 0.7714514626170081 -0.19380750265396746 -0.12005922769786487 -0.18318750911883147 -0.024285976380151973 -0.13276811484550344 0.007876123342068563 
other
-1.3070751188472007 0.8447944908455217 2.205847119551384 -0.536867714924122 -1.9560723561846256 0.6264563737949518 -1.8705105330658738 1.9934277388247046 
-1.3122153526403448 0.8468556404727701 2.209287925617524 -0.5413585971732895 -1.9496627326391203 0.6278193942476156 -1.872753813232239 1.9920275353455972 
-1.301390670272912 0.8499722453128197 2.2093420274668993 -0.5365551726087755 -1.9804535171780473 0.6317037445701253 -1.869762207979135 1.997143550697283 
-1.3016537154646428 0.8504084821249093 2.2099581250568527 -0.5369324908051859 -1.9482673411161633 0.6308146269069828 -1.8997213547473681 1.9953936680467355 
-1.3122552966070506 0.8459989243009665 2.205885098329573 -0.5372075278134646 -1.9542329562006477 0.6286105525337982 -1.87146058866053 1.994661794125384 
-1.3053726529155367 0.8464221683261639 2.208054268524805 -0.5394916829312669 -1.9541264507836869 0.6273373473213961 -1.87293069125127 1.9901076937152828 
Ip_0IIp_3
0.0019185624639018216 -0.039702070113996034 0.00992653755415852 -0.0399903211575862 -0.021258376826164393 0.09571372587859084 -0.008458981832331246 0.0018509240330399212 
-0.030122029352229556 0.035402246958600975 -0.008446973067391367 -0.02220812597235888 -0.0417944183319695 0.048137704941690555 0.04763666724356165 -0.028605072419749734 
-0.026947047699116256 -0.05959046037865572 0.1092985096943492 -0.07509093999050959 0.008344379523141437 0.044780083872731045 0.04315150544580016 -0.043946030467653885 
-0.012070829882488128 0.22973614584038748 -0.047456616655426956 -0.012181763113284486 -0.05021256486383784 -0.0376963825848812 -0.02981321405095124 -0.04030477468869811 
-0.006727215531538168 -0.04215408554917832 -0.01564655542917226 0.0730585203664126 -0.02435370252180655 0.0018226273978076712 -0.010896376872049326 0.02489678813951909 
0.011128899395119693 -0.040729264522829906 0.06264891545409793 -0.018175245741867782 0.01714385749311161 -0.012355972882497282 -0.007947570417563055 -0.011713618778111161 
Ip_1Ip_4
-0.025271147982176664 -0.05927418996080668 -0.020806539473076237 -0.0059948458305518594 0.10348868248126106 -0.02814867619991478 0.07878473148712903 -0.04277801452138269 
-0.02509318391849156 -0.05670488638611069 -0.04158378752825089 -0.06506610711860539 0.0688998286400322 0.1391765734549388 -0.025217766571065083 0.005589329427155843 
-0.04324782487801718 0.2767268820904461 -0.052946960639918564 -0.07293473993533683 -0.06572510248574034 0.02325074961049629 -0.03526451426170534 -0.029858489498798303 
-0.02533184897150027 -0.05933704726926842 -0.02085256853302126 -0.005994120564444288 0.10340129327537916 -0.028197473578922095 0.07911179177951129 -0.04280002613724256 
-0.025092736683981296 -0.056695294124490044 -0.04154568761781654 -0.06511258475525607 0.06895099935589286 0.1391677152153073 -0.025232246218677954 0.005559834829092449 
-0.04320324042843661 0.2767666306887232 -0.05293254218843332 -0.07290186116409739 -0.06601987468102195 0.023299638175683153 -0.03522903819479406 -0.029779712206401097 
IIp_1Ip_4
-0.026945504233804214 -0.05958189871072194 0.10931687667667951 -0.07502811522940754 0.00812984995076832 0.044792297196546475 0.04319807607212496 -0.04388158172217398 
-0.012147020411340935 0.22977822517839572 -0.04738309245526024 -0.01218789934494981 -0.0501040465253661 -0.037670362459889924 -0.030012391799594813 -0.04027341218120106 
-0.006718885809353221 -0.042097304243625226 -0.015601141534180742 0.0731213279056907 -0.02474198077579277 0.0018903346831892728 -0.01085081585282846 0.024998465627152678 
0.011182197143813893 -0.04066304057643758 0.06271881856533168 -0.0181342192874038 0.017231385269709746 -0.012310425214153002 -0.008354624014655532 -0.011670091886490262 
0.001803303293267728 -0.03971248143897088 0.009920659534576255 -0.03993473015442259 -0.021272709525080147 0.09572048981227813 -0.008431744830504974 0.0019072133086804758 
-0.030172187976495138 0.035412711748723256 -0.008396413785860037 -0.022218122431489955 -0.04176168596238251 0.04813535128182724 0.04762628438449447 -0.028625937258551705 
II_1Ip_4
0.0007327077065637852 0.024858144147362683 -0.01835701783924453 0.0886226621852703 -0.028402033550173084 -0.030309469052192537 0.027245349255700973 -0.06439034285296846 
0.01770838997147907 -0.0822139094904602 0.053116518900172854 -0.03843553152159392 0.06747760058323111 -0.027877576279864525 -0.023114320759744483 0.03333882859622847 
-0.048322349398631136 0.01569324313861339 -0.012178030627717565 -0.06464350244597351 -0.029364685806892356 0.10258166104887964 0.061691024613356 -0.025457360520807795 
0.021431344227499937 0.0754105379875529 -0.002165405336509878 -0.032003799572428764 -0.007260128282677976 -0.05109815719320363 0.053334650189384145 -0.057649042019206176 
-0.01816298317615701 -0.05943561920275418 -0.006247138152720648 -0.06010912447172024 -0.01250695319651528 0.15918578569517366 -0.012961793964871184 0.010237826469396858 
-0.03810431245503148 0.13754318351278716 -0.05892778710781456 -0.06304856454851719 -0.03887318218420916 0.08791115430666759 -0.006413673040860601 -0.02008681848232603 
I_2II_5
-0.8090996861179672 1.3555504128645435 -0.6126441082494576 -0.8027625350081526 -0.4555422676023038 1.5636898133508652 0.4585446571355533 -0.6977362863608475 
0.29695205184340423 0.25023045710213576 -0.017038798139739224 1.2668264387267414 -0.520172704241362 0.06592135121878745 -0.2807779613563926 -1.0619408351504962 
0.378756120242992 -0.7105872926160275 -0.3256169767813587 0.005599218440781309 0.20874639412212334 -0.7369890214759867 0.23382208731540724 0.9462694707446369 
-0.37685142822267315 -0.9152179808119137 0.1862157097781395 -0.49277133845522314 0.6615468810200501 0.3100201342113742 0.2335455894207336 0.3935124330596645 
0.1762486131841487 0.29785021271237544 0.13283503286856252 -0.20301051279213614 0.4123460699544759 -0.17019565309877316 0.026301755644354507 -0.6723755184722714 
0.8302273601507688 -0.8556250854592332 0.3026614600509266 -0.5959519909526166 0.8628208405312339 -0.6590770226539946 0.3134526800484735 -0.19850824172014908 
I_1II_4
0.2903730023455476 0.25284595747193905 -0.013032711562476002 1.261247675305154 -0.512372150126714 0.0677695899244204 -0.2836901779964675 -1.0631411853578376 
0.3913901877180082 -0.70705387634543 -0.3260315071120332 0.011425618922274033 0.1725947265033252 -0.7324255640806013 0.23729168180370178 0.952808732584307 
-0.37862543061927467 -0.9152409348174513 0.18644303091142989 -0.49363978318474805 0.7027280482132672 0.3084944950678123 0.19847799589634238 0.3913625785338336 
0.1625596060757813 0.29216045802955476 0.1275503084387124 -0.2037053365290357 0.4046929687779139 -0.17311121370176882 0.06294479215471349 -0.6730915832444172 
0.8383094329010513 -0.855080080148357 0.30519168614051656 -0.5989294383540487 0.8630637327375226 -0.6605929049688176 0.3115738211390195 -0.20353624945315585 
-0.8119537197832047 1.3536620060463682 -0.615492129950555 -0.7997299823369631 -0.45768803631818517 1.562814246156087 0.4613794865903725 -0.6929918703963827 
II_2I_5
-0.36540131021521255 -0.9136755821811979 0.19015623501305562 -0.48362794213094795 0.6626903555603574 0.30983719813740557 0.2067435657113625 0.3932774800994663 
0.16381825227920563 0.29895473105727144 0.13984636491863467 -0.20433959190503706 0.42108499189207765 -0.16984501160031323 0.02710298387038445 -0.6766227205120484 
0.8502308587728866 -0.8469841532342165 0.3123031567538839 -0.5890608791457056 0.8020609107730963 -0.6514154591053871 0.31931856057648533 -0.19645299540089645 
-0.7916593886023796 1.3632957838895887 -0.6041612792605714 -0.7936907104022903 -0.44577492982494155 1.5683223681453111 0.3994672144782378 -0.6957990584098214 
0.2844775563256574 0.25038837854160084 -0.013787294469968524 1.2700839304431673 -0.5164834820960444 0.0671461538543289 -0.2785478323874729 -1.0632774102104108 
0.39435987416062096 -0.7058688868869833 -0.31739814177625725 0.00924574158427932 0.177075584376936 -0.7341519473582285 0.23618706923379693 0.94055070665773 
IIp_0I_3
-0.25865917421685425 2.5944688433565566 -1.0792098569092008 0.17261059763871636 -0.7452697078412084 -0.18680602086624173 -0.44450419830004595 -0.05263048285291587 
-0.17405620100761468 -0.851555476881902 -0.2936158706700452 0.0705531691510936 -0.12775336429447587 0.07068439780254822 -0.3689981762209116 1.6747415221175113 
0.11515190499557111 0.008797723188704826 -0.7352501947693697 2.7314103986045604 -0.5585235908070145 -0.11403500664287132 -0.26958790365928964 -1.1779633309048223 
0.9310538710684477 -0.697274281554241 -0.4150527331796911 -0.031240063736094083 -0.1371034451164084 -0.5876355463969799 -0.08877251648932773 1.026024715383642 
-0.10657907792400954 -0.6332868294173941 0.11793884668368149 0.5891455371143834 0.16322349964604918 0.03292357203706094 -0.12076392091743438 -0.042601627222282286 
0.5495555876323036 0.38514213599476144 0.5456486599666097 -0.6732073312725187 1.1562311614721819 -0.7434724121661839 -0.37083041152253143 -0.8490673901028073 
I_0I_3
0.08541090240449349 -0.5423378317156492 -0.15181515773250268 -0.11988648812208394 -0.12215024057858306 -0.34986044296927576 0.0784835540059496 1.1221557047039472 
-0.4162794785131596 -0.7257604587389799 -0.08800393598684778 -0.24766648032885646 0.1526585260318301 -0.0790088627196075 -0.17153357711297143 1.5755942673675771 
-0.3135562925450003 0.47024506275948963 -0.5048280092744769 2.512196273003952 -0.49169937916277495 -0.2385027994704932 -0.7938383498275882 -0.6400165054751444 
0.08484523915482493 -0.5429235893740559 -0.15224409551296608 -0.11987972947832287 -0.12296460724257088 -0.3503151782923084 0.08153137892213076 1.1219505818170028 
-0.4162753108033976 -0.7256710699181925 -0.08764888874041443 -0.2480995983271417 0.1531353781178767 -0.07909141130225862 -0.17166851073810432 1.5753194117122553 
-0.3131408168681259 0.47061547387658914 -0.5046936459269414 2.512502665252043 -0.4944463162332904 -0.2380472143976019 -0.7935077537777869 -0.6392823919179439 
Ip_2II_5
-0.04806614553705186 0.015926180825247948 -0.012021555718391492 -0.06463317682830441 -0.030451106196328244 0.10281751864550065 0.06172197285952387 -0.025293688049808496 
0.021912107121213675 0.07556820352064798 -0.0021395953123718504 -0.03180387058757744 -0.0072037190570752325 -0.050964670059621055 0.05213069663505568 -0.05749915225996029 
-0.018653339072904795 -0.05961816927230434 -0.006405724085350818 -0.06014230243655995 -0.011301463564155987 0.15904226329215482 -0.013041100531404875 0.010119835670545464 
-0.03827518423510374 0.13735948158880876 -0.05901781722528545 -0.06316641094374 -0.03914260047109234 0.08775164280830451 -0.00518135353116656 -0.020327757989903845 
0.0009731771684548439 0.02480446361924022 -0.018358377837919996 0.08863465099146772 -0.02848410792964886 -0.030407000603363574 0.02728655195001117 -0.06444935735783928 
0.017402877968613874 -0.08219499272392414 0.05316911034940627 -0.03851910638301227 0.06767689537933953 -0.027855700998349726 -0.02310572340225811 0.033426639809479554 
I_0IIp_3
0.9334989340970746 -0.6953280261105105 -0.4141855328034883 -0.03365581702537829 -0.134312501747141 -0.5860078031248291 -0.094739196798896 1.0247299435002126 
-0.10048836202917613 -0.6340876691073781 0.11470811149425895 0.5912486158307944 0.1586213678260857 0.03284033615731947 -0.12025903372851139 -0.04258336644609601 
0.5456772646585839 0.3812397791565561 0.5426849024267525 -0.676320200338347 1.182907096802303 -0.7476884220719098 -0.3735811031784477 -0.8549193174605786 
-0.26252307252568147 2.5898820202906694 -1.083126689920841 0.17027022492973598 -0.7515615673611854 -0.19025003640664626 -0.4164778455066034 -0.056213033485931305 
-0.16791900177059607 -0.8513593442325841 -0.29288668915670335 0.06782559162442225 -0.12703706438584966 0.06968048019507363 -0.36999823216974054 1.6716942598885363 
0.11590746973873288 0.009026639542512467 -0.7367153695979929 2.731714786803614 -0.5624848230712162 -0.11316978029175569 -0.2686513879530015 -1.1756275351678296 
IIp_0Ip_3
-0.012028046715544428 0.22977631058358577 -0.04742726310717876 -0.012183366304395857 -0.0501568916350342 -0.03766543306960292 -0.030021095488823438 -0.04029421426212556 
-0.00672122914099104 -0.04216063572679532 -0.01567184814817213 0.0730885571511663 -0.0243883153877262 0.0018277377386427623 -0.010886894096570848 0.02491262761035158 
0.011102766898945186 -0.04075612307571213 0.06263861400762351 -0.01819735095673427 0.017340317594484168 -0.012388954463497692 -0.007970899277735068 -0.011768370727561761 
0.0018823140968664994 -0.039743744391296826 0.009895962141521409 -0.039990980066002685 -0.021316482681876036 0.09568114213419833 -0.008241036987906191 0.0018328257542823674 
-0.03011546067088397 0.03540818572320595 -0.008422660427429738 -0.022238602186875595 -0.041762407898777616 0.04813128202291642 0.04762729779311924 -0.028627634354845652 
-0.026915132089606223 -0.05956556701230712 0.10930698079758547 -0.07507023767033147 0.008157051830774786 0.044810754274100126 0.043174365750255246 -0.043898215880181106 
II_2IIp_5
0.20837063806491865 -0.6038796397189362 -0.14872216761628854 -0.01922657283554101 -0.16398639848094865 0.08019372883840421 -0.18327439644601176 0.8305248081873847 
0.08629756030260184 -0.3774155580591878 -0.00545845513232154 0.044517060552018144 0.2545817690643146 0.03972280430626154 0.5532095334612472 -0.5954547144944053 
0.47425761385508036 -0.7731900151897322 0.22369519209365293 -0.237785859984838 0.8217259281898645 -0.5493771336454937 0.13756193705840314 -0.09688766238249763 
-0.5297154810621905 0.4525757536605657 0.04853559892296323 -0.4378411639726116 -0.4799396179570207 1.1253891423863582 0.2358009493369054 -0.41480518130485394 
0.1651410910766229 -0.6462569057909358 0.6298041412131877 -0.8564978667492253 0.4691265241422114 -0.023680271287182024 0.15651776103780343 0.10584552635372073 
-0.31199007879773394 2.2132662172075794 -0.8003627475380366 0.05954211411609612 -0.42408209807414443 -0.42832494127536386 0.0006204924600546935 -0.30866895808810174 
II_0IIp_3
0.45786637693959703 -0.7830731752012532 0.21453244210095682 -0.24897370867743893 0.9005391298101387 -0.5595595194817932 0.12798361036926706 -0.10931515586578591 
-0.5409484922982135 0.4396628879483528 0.03464110181566993 -0.44409370006138926 -0.5001530645590789 1.1166258810604999 0.31521524642224785 -0.4209498603265668 
0.17546861565304947 -0.6490175221360754 0.6277015003308168 -0.8660568197090533 0.4925708168102726 -0.029357681192642752 0.1512360721164835 0.09745501812153345 
-0.32144186003250524 2.208902577665722 -0.8092966198521739 0.05694449159175972 -0.4284589930184596 -0.4295418404873669 0.025219647735736365 -0.3023274035904408 
0.21292887674297928 -0.5997433572413937 -0.14775956075918123 -0.02921556858039466 -0.1576083897010329 0.08342131317658485 -0.18986566935431676 0.8278423557117669 
0.09991265069433768 -0.3796317046726643 -0.01635055495973892 0.04953306399071631 0.24223940836801644 0.040077112338394144 0.5543948638879576 -0.5901748396480627 
II_2Ip_5
-0.03787043254708608 0.1374602843470186 -0.05885489914567493 -0.06287531121366094 -0.03903381035667993 0.08778665955886146 -0.006302431054472646 -0.020310059587564638 
0.000566899695937789 0.024832329377125293 -0.01816605623614585 0.0886303401634398 -0.028245990104910527 -0.0303874876618677 0.027323432702649468 -0.0645534679358715 
0.017994581412023702 -0.08195143383508163 0.053464559662456744 -0.03832597887580691 0.06598118047524627 -0.02765014340648837 -0.022948061100006138 0.03343529566715693 
-0.04756927048196331 0.016122379506405944 -0.011788781248740537 -0.06434317780437881 -0.030209689118504874 0.10292659314880744 0.06010452953256656 -0.02524258353346075 
0.021505150899574194 0.07558151150209597 -0.0020050963600408544 -0.031737644239315445 -0.007043260899576617 -0.0509317133361454 0.05218955254677883 -0.05755850011306175 
-0.018129299594523324 -0.05943493517808351 -0.006132157056586928 -0.05999907367318964 -0.012549814966802655 0.1591736247417353 -0.012937278780611232 0.010008934507690534 
IIp_2IIp_5
0.04049527406185575 -0.1197775648996682 -0.07215116609315714 0.0152743100978662 -0.06093031461032014 -0.03974161576898978 -0.036685508188052385 0.2735165853997745 
-0.055730672577782275 -0.12517695291521053 0.2779965800812611 -0.17631971697306403 0.009542830798460997 0.00863700732392634 0.12096923361087235 -0.059918309347916206 
-0.09757666313819588 0.3909088015844513 -0.12172011658143299 -0.06684741391464423 0.07996191517785836 -0.07975712174119008 -0.05025369978956021 -0.054715701595488206 
0.04012824928366251 -0.12015762772818128 -0.07242947795769948 0.015278695374432385 -0.0614587080394898 -0.040036666103545844 -0.03470795835623032 0.2733834935256132 
-0.05572796840235143 -0.1251189538988996 0.2782269488331624 -0.17660074112919252 0.009852231367052315 0.00858344652542439 0.12088168331665028 -0.06009664661148823 
-0.09730708602084763 0.39114913902594806 -0.12163293630605143 -0.06664861445748674 0.07817959332843873 -0.07946152005500384 -0.05003919594474352 -0.0542393795685927 
Ip_2Ip_5
-0.043124601317279763 0.276802863354179 -0.05290279508821932 -0.0729740828838318 -0.0659733225179661 0.023323092216953303 -0.03528328144233982 -0.029867872320082468 
-0.025075982493329717 -0.0593105502753279 -0.020892265748369294 -0.005919228530619642 0.10334437538832465 -0.028171039514527603 0.07881675847063896 -0.042792067296586904 
-0.025241102715111007 -0.05680037815809634 -0.04163241575027869 -0.06516747601046784 0.06963948068003062 0.13906701060269172 -0.025289768573342773 0.005424649924787195 
-0.0432676060703931 0.27665477855394466 -0.053011234413949594 -0.07297237423786047 -0.06617920172934812 0.023208131040615688 -0.03451276391226369 -0.029919729229279258 
-0.025074928858876702 -0.059287951978114456 -0.020802506613647694 -0.006028724653100985 0.10346492788117587 -0.02819190853812538 0.07878264603751046 -0.042861553276442727 
-0.02513606673010429 -0.05670673489880185 -0.04159844748852035 -0.06509001729660448 0.06894503030150277 0.13918218660347906 -0.025206190920884167 0.005610240429577772 
Ip_1I_4
-0.054318091772999746 0.8554140871462607 -0.2431908582117545 -0.11027854603116606 -0.03334966436519894 -0.15150750004479313 -0.1592828069518141 -0.10348661976493587 
-0.02317184349046589 -0.09451756139862175 0.17119932724760722 -0.1559673514771984 -0.14118044497310933 0.13670287617093108 0.04627509467329072 0.06065990324680125 
-0.12505735504365817 0.7716014418585886 -0.19372804723409973 -0.11993699911671206 -0.18426398592707707 -0.02411102688727 -0.13264593138034025 0.00814190373266549 
-0.12282888009515565 0.16074387494989514 -0.0871747749800029 0.03335993970315836 0.05786958806238884 0.19565022368585913 -0.1020290606068818 -0.13559091071773918 
0.15830618644004021 -0.07673030932241034 -0.09447356650828827 0.23842562251582372 -0.030539575581457083 -0.11587248470430908 -0.08678837409626675 0.007672501255894166 
-0.15116868732056019 -0.15233984050706834 -0.02796696044782215 0.46190880517040045 -0.05440906005320118 -0.03279520132328514 -0.044444279627533556 0.0012152241093035226 
Ip_0II_3
-0.018523061075132345 -0.05947533668496226 -0.006266800902396325 -0.059923248539244696 -0.012562409826192543 0.15919896023685182 -0.012867353804599172 0.010419250595567925 
-0.038300132134767996 0.1375797629372133 -0.05875475927650543 -0.06308975469053403 -0.03874540193141586 0.08790541938255024 -0.0064473559392477136 -0.020147778346735964 
0.000762273156432615 0.02490881243310139 -0.01828105879507525 0.08883241772471542 -0.02921855049230574 -0.030246387583192966 0.027403058228456328 -0.06416056467139267 
0.01750105856323648 -0.08205903921345357 0.05336330624307693 -0.03843685362545013 0.06784359419814548 -0.027778377900216766 -0.023891032782840393 0.033457344516907135 
-0.04834143875509353 0.01586451963808239 -0.012042243089155363 -0.06443795345531866 -0.030539981097925606 0.10279296768912789 0.06183486262564827 -0.02513073355479311 
0.021592158506249483 0.07561308312329156 -0.0019416997968168437 -0.03187870609090738 -0.0069949646818085135 -0.050962013396533695 0.05209952223530957 -0.05752737989818692 
IIp_0II_3
-0.317567725597399 2.21314920004754 -0.8059087642455706 0.05807601472484977 -0.42259988607115756 -0.42630674375230465 0.001059249205399451 -0.2999013443016191 
0.20993461567412555 -0.6001454186407029 -0.149321468794901 -0.026402762141658726 -0.1595836367754477 0.0841908070952155 -0.18891247381823464 0.8302403373988645 
0.09818226458037439 -0.3810019274598248 -0.01608141775726293 0.04834370805225986 0.25349442155649227 0.03810076172256694 0.5528148711803809 -0.5938526818739321 
0.4547930298233157 -0.7860208340951819 0.21265207970389283 -0.24775917581160506 0.8963961774430464 -0.5619094864201221 0.14125662722207571 -0.10940841787314165 
-0.5438915655175897 0.4403587009162504 0.03743988752478867 -0.4466004531089879 -0.49627160965922984 1.116381512478555 0.31451118585451254 -0.4219276584842335 
0.17884110586103533 -0.6458383519644736 0.6296208894815393 -0.8634830630629939 0.4700879220798273 -0.025738531493057423 0.15371646332237085 0.10279356577489246 
Ip_2IIp_5
-0.0066917899354937615 -0.04209309277885404 -0.01563430687295772 0.07294334975919459 -0.02426347103728246 0.0018844864685123525 -0.01097988322704373 0.024834707623599912 
0.011458687700421195 -0.040763714131755495 0.06251221721995112 -0.01809213103375609 0.016928702943032663 -0.012368252304440087 -0.007934365527235013 -0.01174114486652209 
0.0017192494844352783 -0.039896930337567055 0.009771589744000907 -0.04011800781572603 -0.020016686665313817 0.09550966594487098 -0.00857148719678452 0.0016026068420923894 
-0.03034526199488207 0.03520118008417737 -0.00860692590931104 -0.02234966543374348 -0.042044538976081014 0.04798578602168517 0.0489391745344178 -0.028779748325656742 
-0.02658708893395608 -0.05955879365352591 0.10933348026397975 -0.07518524998823975 0.008160652275802472 0.04476100751865578 0.043125430936048294 -0.0440494384187379 
-0.012041472880193676 0.229750693464743 -0.0475208790343117 -0.012169653386660508 -0.05017293369006354 -0.037660957637230374 -0.029981711057044252 -0.040203085778278344 
Ip_1II_4
0.021657088367702707 0.07564936576364929 -0.001984519233334215 -0.031981099646495155 -0.006929058829092324 -0.05091407959776452 0.0520474647537228 -0.057545161577840905 
-0.01822859617088726 -0.05946676095600593 -0.006370075475491151 -0.05993958725695272 -0.012669424750462056 0.15922313077784295 -0.012907318268717641 0.010358632100238605 
-0.03824607421186617 0.13742051706356506 -0.05895576227998556 -0.0631512367982936 -0.037939917919448125 0.08775400542577254 -0.006530853359662335 -0.020350677919392438 
0.0005242309413793013 0.024647325917772262 -0.018505397870047437 0.08865055025904081 -0.0286960975667719 -0.030474460595973404 0.028297770107531237 -0.06444392119232113 
0.017645976241758742 -0.08217643357290563 0.05326612701308665 -0.03859846930788954 0.06768117569171628 -0.02790359808624789 -0.023163424359234585 0.033248646379245364 
-0.04814517895540274 0.0158549159156835 -0.012102864267343935 -0.0645109783672801 -0.030540056853354477 0.10277423360223048 0.06182762022264578 -0.025157691296840354 
Ip_1IIp_4
0.011199827850314812 -0.04067496404171729 0.06267434519020755 -0.018285780640157248 0.017220575943300592 -0.01231176071020751 -0.008027318379885755 -0.011794925212053657 
0.0021842727241031873 -0.03974227186613317 0.009797828834844126 -0.03990149956144959 -0.02145342069593672 0.09569683138431963 -0.008431273108399156 0.0018495322884164213 
-0.03032843464765922 0.03525124879767913 -0.00855343752641609 -0.022344489585163673 -0.04070481456649695 0.047974161575797564 0.04752805885270556 -0.028822292899926095 
-0.027066037374993985 -0.05973689410430696 0.1091676347945087 -0.07517802577619194 0.007920130704345716 0.04467989211635305 0.044269816170365475 -0.04405651653002418 
-0.01176503301304725 0.22977026806530818 -0.047419202489123485 -0.01226045828179062 -0.05016828606928761 -0.03771418346664311 -0.030044877758384922 -0.04039822698641068 
-0.006773652106502291 -0.04216829388710283 -0.01572534688485856 0.07306979738303249 -0.024356051668411115 0.0018404221136268735 -0.010868292949402196 0.02498141799949752 
II_1I_4
0.16857048674027195 0.2987102903319283 0.1327320020144015 -0.20214520483584575 0.4137368743140953 -0.16811185660492353 0.026004342154434798 -0.669496934112496 
0.834155912386566 -0.8557387719568899 0.30262397400020297 -0.5945397689819311 0.8597848569081772 -0.6594328816124545 0.31304792119366426 -0.1999012419428104 
-0.8148235577724824 1.351342425414031 -0.6152719440358445 -0.8017261904188511 -0.43897101430794905 1.5595580145389354 0.45881450929366424 -0.6989222427017657 
0.2854716752417165 0.24809594083712494 -0.01612565520606604 1.2629381879776367 -0.5190381890562275 0.06399664949834327 -0.26183504817357506 -1.0635035611157433 
0.3873170664737368 -0.7059881687284543 -0.32175000406520526 0.007460010497405814 0.17851480259685576 -0.7328579851481389 0.23616277776282335 0.9511415006032875 
-0.3734803287750343 -0.9104149158815911 0.1892552196958059 -0.4897253794769926 0.668453916788042 0.3140269535026517 0.2022905458435998 0.39959398829884374 
