II_0I_3
0.8292569059487154 -0.8552376468144107 0.3049111557522546 -0.5957379584259626 0.8631372860085869 -0.6591605345279663 0.31258213410180474 -0.19975134204795875 
-0.8115090732726162 1.3540252309183995 -0.6130334581208897 -0.7993552241957729 -0.45795660621307543 1.562263126406905 0.46064707255624393 -0.695081068071595 
0.28776034531358835 0.25099532064256685 -0.013537256989242052 1.264641582832681 -0.5129925439089932 0.06607170690818094 -0.2813867487042723 -1.0615524060918398 
0.38213246443426735 -0.7064111753638584 -0.3222204083119962 0.011501814138266406 0.17802258852169367 -0.7324339561823453 0.23642827537734545 0.9529803973803351 
-0.37313083292963894 -0.9104226201292648 0.19055329543055827 -0.4898050987450525 0.6685818553760362 0.3139030068283506 0.20185667070871924 0.3984637234601524 
0.16735256988390176 0.2979252354683761 0.1323148693386929 -0.2000463159527936 0.41237299424187235 -0.16908784055423234 0.027385745735295775 -0.6682172581598762 
IIp_1I_4
0.5491680578489175 0.38545428237408874 0.5456419760923046 -0.6732910041294411 1.155485615803952 -0.7440974407398894 -0.369794418672119 -0.848567068578784 
-0.26210356981881383 2.594701875547705 -1.0790827927456366 0.1720721309116879 -0.7437571745136206 -0.18584279504956983 -0.4440344426596809 -0.0519532316656778 
-0.17381952431100814 -0.8505235411983789 -0.2925151472323348 0.07146524617023994 -0.13685405226532163 0.07184410353585888 -0.3682391305178364 1.6786420458150944 
0.11671767783261244 0.011310183550952358 -0.7332542091589043 2.719616898426423 -0.559996196171871 -0.11184103462122252 -0.2670928026783529 -1.1754605171708394 
0.9291466848246617 -0.6953053844170533 -0.4141763960729271 -0.029848842888708173 -0.13668355437754567 -0.5874579799020194 -0.09254627332882688 1.026871746153637 
-0.10815878132396382 -0.6339746166468601 0.11899690789533371 0.5888225912850309 0.16334329936702296 0.03397451458374088 -0.12085908496129395 -0.0421448302008121 
IIp_2Ip_5
-0.03003504081590379 0.035383947776556054 -0.008402232805281065 -0.022215354329519158 -0.04172280304477897 0.04816790029738532 0.04756044996526733 -0.02873686704312154 
-0.02658513861452494 -0.05959811356962817 0.10931104810135497 -0.07500444121805573 0.00801754259312565 0.04471641862524121 0.043161891517260166 -0.044019207434794684 
-0.012024705920123002 0.22969676134935166 -0.04747241465787509 -0.012247487891845132 -0.04949404137522439 -0.03776594914893439 -0.03005941895081418 -0.040632743403679464 
-0.006736748900711073 -0.042296680482643664 -0.015753936759259388 0.07393872530407061 -0.02453915533464201 0.0017050763303508285 -0.011033271657148715 0.024715991500047375 
0.011410790088315173 -0.040825884783571416 0.0626424811182249 -0.018246582150522134 0.017162885928953882 -0.012349441756342288 -0.007966130624528445 -0.011828117820733543 
0.002054098389734789 -0.039668799790949255 0.0098489025586532 -0.039924827476747755 -0.021294499490080155 0.09562920295722313 -0.008423960506440826 0.0017798833583015307 
IIp_1II_4
0.1787840739970316 -0.6455738534118034 0.6302979782874467 -0.8634747621766043 0.46972151928693895 -0.02615554380478564 0.15404071734184152 0.10235987047706618 
-0.31971978188676187 2.212798399715571 -0.8059483992127967 0.05879203954033909 -0.4225537193986699 -0.42626077296667303 0.0019646294536595187 -0.2990723952369388 
0.20775783424886438 -0.59937606242497 -0.14766684677645164 -0.02656995776129583 -0.16244608477067288 0.08481558615878433 -0.18866070973525756 0.8321462410568318 
0.10048932342394641 -0.3784058145068174 -0.013970713845342124 0.043677689278757655 0.24344546843789985 0.04060652421087006 0.5549738106667556 -0.5908162876641898 
0.45531198805969436 -0.7835354360796948 0.21443464758413147 -0.24612435853696552 0.898674433436862 -0.5607028033351447 0.12974160832133952 -0.10780007945346007 
-0.5469689445367414 0.43998524722290105 0.03786806165932309 -0.4458996442238301 -0.49625343423118645 1.1172335207266146 0.31480426284362545 -0.4207690694580768 
IIp_2I_5
-0.09289231106048593 -0.6341214601776376 0.11828685030019784 0.5892229102712426 0.16176139937114833 0.031654319671388736 -0.12047019241994802 -0.05344151595562355 
0.5655696323052073 0.38429467139199314 0.5461037544211743 -0.6730758007515542 1.1535988334058755 -0.7457311198967664 -0.3703239065263414 -0.8604360643499331 
-0.24496723370177478 2.5931502340072274 -1.0792979369894058 0.17214567364086236 -0.742805427568783 -0.18919276801602142 -0.44392828614710456 -0.06510425521740684 
-0.16099794288689429 -0.8530422841875377 -0.29360650210195316 0.07567055354800899 -0.13001807724113 0.06828672312359461 -0.3693568809340347 1.6630644106749923 
0.13141568975451384 0.008056701653313693 -0.7346688156760626 2.7310746070837295 -0.5640146726258186 -0.11497867268324273 -0.26865376178884876 -1.18823107571714 
0.9463934571405017 -0.6970181227155284 -0.41474603101423724 -0.030852594397691124 -0.13809057901289049 -0.5892701974885625 -0.09204436564395171 1.015628433123865 
II_1II_4
1.3864135357204799 -0.5886637624045099 1.3255756293866332 -0.6960964380899575 0.22099576987226643 -0.9499905805460931 1.1107586538331597 -1.8089928077726218 
0.41206713190856165 -2.0495418991231045 1.2751053956412228 0.01811654357311134 1.9181341703058639 -1.533351840883513 -0.06121630401690493 0.020686802583624146 
-0.8730849407984997 0.1428423881914704 -1.3589625265294696 -1.2136931319663748 -0.726714584058674 3.0341403778900182 1.7419513029417568 -0.7464788856597369 
1.3856785876226776 -0.589566540974616 1.3245983582071141 -0.6895443357891945 0.21928032507796713 -0.9511617652507331 1.1102251788562496 -1.8095098077547345 
0.41167188629659646 -2.0500288939858278 1.2750303057261867 0.01707036350758032 1.9193484563326828 -1.5325790983219134 -0.061265618837567565 0.02075259926977926 
-0.8721082694402074 0.14370152826916255 -1.359211932046231 -1.2126945610968032 -0.7320545709014561 3.034262389331332 1.74251564886048 -0.7444102329758698 
I_1IIp_4
0.11543716611863103 0.009257451531620973 -0.7346272299587273 2.731936695914889 -0.5619558899858285 -0.1130524917392891 -0.2698209010601549 -1.1771748008220286 
0.9328118765350312 -0.6968373855628464 -0.41458702560316635 -0.030314647637422858 -0.13713230385749645 -0.5877117029912471 -0.09295260579621469 1.0267237949067243 
-0.10879010606760992 -0.6337701130849596 0.11755048266986819 0.5888888438709379 0.1685438244709512 0.03252345142308919 -0.12108550447750911 -0.0438608788083214 
0.5485154497160445 0.3841728400537049 0.5451038878205552 -0.6665690012466282 1.1549915138224076 -0.7443082951319656 -0.37206674221829467 -0.8498396528212513 
-0.25810069965825255 2.5935859389085714 -1.0794292691387897 0.1725001310601613 -0.7452433503741558 -0.18675671145518696 -0.4443986429654868 -0.05215739637236375 
-0.17528526912553144 -0.8510530447500522 -0.2937484926267425 0.07067836881774547 -0.1270913045088065 0.07028879978772391 -0.36894769948771927 1.6751586418903854 
Ip_0Ip_3
-0.025168138692635983 -0.05670771593490761 -0.04153530026658312 -0.06508007614187956 0.0689872411496828 0.1392080269629413 -0.02527433656449302 0.005570299487671632 
-0.0430710766465586 0.2767513882539187 -0.05291933544594178 -0.07285563969011041 -0.0661009670579735 0.023245695180935878 -0.03524452228929994 -0.029805542304054116 
-0.02536485773846941 -0.059330601429240695 -0.020839594285880152 -0.006017766756673541 0.10392399289312483 -0.028212213399541306 0.07876738876085876 -0.04292634804361858 
-0.02523154132793558 -0.05678559699972398 -0.04161960767329055 -0.06451483819643591 0.06883925284816778 0.13910699098920215 -0.025320358480189386 0.0055256988398045504 
-0.043105173766394785 0.27670937609313745 -0.05292581331625461 -0.07294589174102697 -0.06599621281150976 0.023312358275943624 -0.03524877658911236 -0.02979986614359248 
-0.02528060207716952 -0.05925648497769735 -0.020861110046021827 -0.005931621864377688 0.10346332194314788 -0.028201687694419445 0.07881607385661876 -0.04274788913997489 
II_1IIp_4
0.09977025524982575 -0.3789714453880469 -0.015145133383663117 0.049489777915404 0.24108576948512156 0.03891175357104086 0.5556425821174633 -0.590783559565694 
0.45204295792275834 -0.7835594164721732 0.21454641272332498 -0.2480462758244424 0.9015601788571328 -0.5588874695786447 0.12990547711530828 -0.1075618647451337 
-0.5444688872993085 0.4416814116112113 0.03829393095537106 -0.44381471071521256 -0.5110802861024766 1.118454262218158 0.31615725264996625 -0.41522297331274033 
0.18078290576807732 -0.642800933130114 0.6327375898538301 -0.8818928995300818 0.47370567961971766 -0.023519174796693867 0.1566823241728964 0.10430450803795019 
-0.3215271604722696 2.2145753673289725 -0.8055589452461817 0.06073898422149643 -0.42415850594797494 -0.42730310626790874 0.0023108686058054707 -0.29907750221490786 
0.20664607856372694 -0.600857070387541 -0.1463186548847178 -0.028177823411839414 -0.15752521568142022 0.08558511906218146 -0.18939471865858476 0.8300422853940459 
Ip_2I_5
-0.1511917402776826 -0.1522330615301354 -0.028184675420060232 0.46184731917825556 -0.054799075752784934 -0.03308954737905683 -0.043869401954410706 0.0015201831355026562 
-0.05564404466019716 0.855666966966965 -0.24309248512264192 -0.11086058962707082 -0.032413479436706374 -0.15092442235355374 -0.15925989126585063 -0.10347205449872235 
-0.022112377454695305 -0.09410769481067228 0.17138356208073793 -0.15532946713139412 -0.14616683529883526 0.13722735098449967 0.0466943328916891 0.062411128738860726 
-0.12457650017511251 0.7723820743217038 -0.19311175986106574 -0.12606343123170838 -0.18202040839306735 -0.023521390388420726 -0.131716661235241 0.008628076965224543 
-0.12401803398628186 0.16120891939656953 -0.08717647019906594 0.03372975812617351 0.057384701109313555 0.1953538685299762 -0.10076626507767131 -0.13571647789833627 
0.15848114106607442 -0.07706489905853015 -0.09392381926531583 0.23798765401765318 -0.030493944747145854 -0.11549108190960632 -0.08693408490841158 0.007439034804826447 
IIp_0IIp_3
-0.09762711645130707 0.39121083702694975 -0.12153643378355176 -0.06664241494484963 0.07814440627692609 -0.07950381464303732 -0.049980018129103035 -0.054065445350813854 
0.03978803924627453 -0.11981030664956062 -0.07215935042684121 0.015376281497684786 -0.06085024787849944 -0.03967684632185904 -0.0365522306788161 0.2738846612105638 
-0.056354935452239845 -0.12502234353021746 0.2782662404350905 -0.17631647162735936 0.00893532422287523 0.008793490274906491 0.12101098243145941 -0.05931228675475892 
-0.0974949957938126 0.391373128348785 -0.12136075102282315 -0.0678202777997757 0.07845278954221832 -0.07929327230170218 -0.049884116030849385 -0.053972504940812155 
0.039859092032629315 -0.1197227602204857 -0.0721458516110851 0.015564351918773877 -0.061068538488199056 -0.039815761240734215 -0.03654336541804033 0.2738728330264239 
-0.05653051038415452 -0.12517679001764942 0.27831107573824165 -0.1764959834057516 0.00989528666814837 0.008771556437638387 0.12090953070414164 -0.05968416574032119 
Ip_0I_3
-0.022863624717858484 -0.09466623072682465 0.17120601317555295 -0.15584327492081676 -0.14098826720227972 0.13699025329894532 0.04575262270055605 0.060412508392505275 
-0.12385934653970325 0.7712480636991749 -0.1939427986339173 -0.11960825680617196 -0.18402239280078675 -0.024799506058430027 -0.13285102028391652 0.007835257425116872 
-0.12373201752706803 0.16013834355541004 -0.08763478739882598 0.03269804095809513 0.06229016929623335 0.19500087565594917 -0.10130408807618885 -0.1374565364607157 
0.15796858830057603 -0.07763922797130061 -0.09518858205961632 0.24415192416936832 -0.03167162896386859 -0.11664923017271527 -0.08783372105914365 0.006861877754568045 
-0.1501559502856607 -0.15297698752297909 -0.02819517460972901 0.46143606188230885 -0.0541748933859178 -0.03262428691651054 -0.044563176535232285 0.0012544073740230095 
-0.05413902024688929 0.8557951053125052 -0.24370238567272057 -0.11006340583993396 -0.03331399924685886 -0.15187104809985894 -0.15925581082575574 -0.10344943537838762 
II_2II_5
-0.856563617427627 0.143012347526153 -1.3588569113526674 -1.2136313814293065 -0.7353839643590702 3.0317765192727264 1.7451545253288894 -0.7555075175539752 
1.3970202029724512 -0.5885560285860458 1.3260100533002632 -0.6982356054299313 0.22175949235701425 -0.9501951733137854 1.1124655009676638 -1.820268442268918 
0.42913233425685005 -2.0484621635169686 1.2766192532816711 0.019319365186183445 1.8995279481780367 -1.532639495203369 -0.0588925963945012 0.015395354195976324 
-0.8541198411145018 0.14601417703276437 -1.3556073864305584 -1.2354177803044961 -0.7296799379545628 3.035670826161226 1.7469283832597216 -0.7537884406371967 
1.3983344343675719 -0.5869367217080482 1.3262597348158196 -0.6947569515341785 0.21772186923680018 -0.9527646200210048 1.1126294777030785 -1.8204872228665567 
0.42588480379505955 -2.0513188906545827 1.277448551694681 0.015999016647716267 1.917283941288304 -1.533045195516833 -0.060769103316021 0.008516876042898405 
I_1I_4
-0.3131677022054751 0.4707317894501046 -0.5045877373474483 2.5124810573731047 -0.49470155692631873 -0.23827941010462966 -0.7931921284963582 -0.6392843117373541 
0.08428504689910625 -0.5423379774051894 -0.15178798130887916 -0.11991167749436786 -0.12177173589600047 -0.34961977682073425 0.0787476546846185 1.12239644733806 
-0.4164816026084048 -0.725383560713521 -0.08746561642456101 -0.2474646956521227 0.1499062682921714 -0.07862788424216033 -0.17129911285128446 1.5768162041994904 
-0.3127200898947274 0.4712816171223252 -0.503992540744944 2.5084905692584525 -0.4936567835465731 -0.23756611253516574 -0.7928672212438448 -0.6389694384049351 
0.08452576702911453 -0.5420413783713021 -0.1517422485958701 -0.1192745126690085 -0.1225112838662691 -0.35009040744672243 0.07877768935094577 1.1223563745672982 
-0.4170764338965762 -0.7259068108271546 -0.08731371865184373 -0.24807286460436367 0.15315853039790267 -0.07870219401151583 -0.17164282172246903 1.575556313316497 
I_2Ip_5
-0.1245383039050787 0.7712176376194576 -0.19362359969683932 -0.11998868998324871 -0.18264344866529084 -0.023861973229555418 -0.13361419967595775 0.00705257753939754 
-0.12009059806018717 0.1602142960004125 -0.08745882629299014 0.03398853396659742 0.05616747386680964 0.19458185821531981 -0.10104278099268389 -0.13635995670211065 
0.15797842603402706 -0.07746775883175379 -0.09495564078254695 0.23739822328180527 -0.02289002441483066 -0.11684610907572816 -0.08744837173255113 0.0042312555203942665 
-0.151559655328942 -0.15389634787785622 -0.02923652738905515 0.4715425649688138 -0.056370021808562785 -0.034077293427401234 -0.04606172342579686 -0.0003409957095460474 
-0.051935010167274025 0.854403244122897 -0.2434163337582772 -0.11117990300202896 -0.03295972691217904 -0.15126943720541544 -0.15956365714179843 -0.10407917593343297 
-0.022075411796179466 -0.094035818321197 0.17021392620122458 -0.15536711613240933 -0.14151363913457699 0.13593974385595572 0.04649188750010037 0.06034642782821998 
II_0II_3
0.410661072393377 -2.0499486650994316 1.2759259280243194 0.01788820251190264 1.9210987746785382 -1.5311736271666003 -0.06398272593415957 0.01953104057843597 
-0.8649546083088239 0.14228805719287577 -1.3590665762262806 -1.2106302512456495 -0.736472425401235 3.031939192881401 1.741876429556402 -0.7449798184440949 
1.3823459077744211 -0.5908268538912386 1.3237941166606024 -0.6991097151738652 0.24554368674304755 -0.9531012205529857 1.1092633340632758 -1.8179092556288976 
0.4071926990771365 -2.0542090654091854 1.271313981558159 0.04880893946416568 1.9130032330061355 -1.536700691991132 -0.06650030558340055 0.01709120986490944 
-0.8668198547644862 0.1399898268921068 -1.3594209411918028 -1.2155673931153246 -0.7307419564467218 3.035585926156426 1.7416437026356688 -0.7446693101620144 
1.3869550235684724 -0.5867723927170607 1.3226171200294734 -0.6943972510198199 0.22034317538691886 -0.9525254231140777 1.1119266001331378 -1.8081468522682362 
I_2IIp_5
-0.16607542284287374 -0.8521430735438216 -0.29268082992428346 0.07021800190135524 -0.1273205565202517 0.07036245088390318 -0.36988092733221367 1.66752035737393 
0.12782763303004432 0.00849372946020114 -0.7348151901057178 2.732717858053217 -0.56546527188591 -0.11567380017603916 -0.2690074738864403 -1.1840774844834596 
0.9387960833421054 -0.6980565535764726 -0.41503628747693216 -0.032320249232823305 -0.12653165696318477 -0.5893999044937749 -0.09332335011961436 1.0158719185060738 
-0.10010473615545178 -0.6358447241358286 0.1163736548612942 0.6028035107810507 0.15947573755459918 0.030327881890410437 -0.12254392622018302 -0.05048739857161238 
0.5608334296074511 0.38331703152471763 0.5457392518679428 -0.6744715903000875 1.155675604391909 -0.7441815133982694 -0.37082087287182686 -0.8560913408232474 
-0.24972748229281594 2.5946075126302475 -1.0803126896365922 0.17357875973685125 -0.7467585926911452 -0.18896804490830735 -0.44356790644972327 -0.05885155637811396 
I_2I_5
-0.4123433314165326 -0.7258602768144956 -0.0876464272845174 -0.24797294268769413 0.15240776491618999 -0.07964119973557324 -0.1711511860399773 1.5722075990605244 
-0.30899509650020335 0.47049964458900206 -0.5043818843781844 2.5122391518604195 -0.4947047215084274 -0.23842065752883124 -0.7933102655583565 -0.6429261709677896 
0.09017829901798853 -0.5425348119229358 -0.15165040222749074 -0.11949544146735247 -0.12469173792220764 -0.3503268481008534 0.07904547145381481 1.119475471161712 
-0.4120982857336991 -0.7255592732580466 -0.08732058647435174 -0.25015753829468634 0.1529797268584252 -0.07925070446557525 -0.17097331533007745 1.572379976693603 
-0.30886331409102885 0.47066201794454654 -0.5043568479715606 2.512587968204977 -0.4951095875801879 -0.2386783046058459 -0.7932938230587475 -0.6429481088353534 
0.08985265819931833 -0.5428212655758016 -0.1515672456813551 -0.11982838399987333 -0.1229112846781675 -0.35036752903733664 0.07885730778406476 1.1187857429865384 
I_0II_3
0.3823817643264874 -0.7060584003059952 -0.32192089410266084 0.009191598722413671 0.17850464259633733 -0.7321171137759916 0.23678371701826756 0.9532346855137377 
-0.3734191260886887 -0.9101911215941747 0.19060590967833357 -0.48958186579358154 0.6684187335783173 0.3137961102344895 0.20190448153404295 0.3984668784502654 
0.16724759837363595 0.2977591828541431 0.13249763175641244 -0.20022268610713542 0.41277728603184183 -0.1689678382682803 0.027311666675732326 -0.6684028413146686 
0.8291951371023838 -0.8552669751891152 0.3047970373338559 -0.5952749791075149 0.8628932735086758 -0.6593393991648779 0.312711781038738 -0.19971587553315412 
-0.8119646551884114 1.3540506075822052 -0.6130126258791664 -0.7995747897407297 -0.4576057782182815 1.5624832951589074 0.46067401075279985 -0.6950500644586621 
0.2880687525551853 0.25119290135292144 -0.013460056119751875 1.2648878604566276 -0.5148484157601 0.0662433508617898 -0.28122196685151357 -1.0608624264928357 
IIp_2II_5
-0.5455733878227829 0.44008054897529314 0.03756207683546848 -0.4455072767842128 -0.49586640701464496 1.1171269039587501 0.3141355248721092 -0.42195798301109994 
0.18216482324009356 -0.6460557156517949 0.6303284465322574 -0.8627418726540639 0.46865988020870414 -0.026804468274360702 0.1533960893269766 0.10105281727045681 
-0.31824854086408483 2.211873582525142 -0.8064846163658629 0.058375312062664074 -0.41632777460670994 -0.42774434055461463 0.0013126548232956178 -0.3027562770111592 
0.20726488237649004 -0.601292432443777 -0.14908350995231767 -0.018121715863771894 -0.1595738730892596 0.0829971319193101 -0.19056945216531682 0.8283789692119837 
0.10266474436722793 -0.38037029047725845 -0.01492701743479828 0.04890745360513252 0.2424923354429571 0.0399547150859178 0.5537791385546159 -0.5925010791421701 
0.45776115200220935 -0.7837260423096395 0.21348946676322555 -0.24612209039399485 0.8986970790016312 -0.5613204675749638 0.12981669816127717 -0.10859579565502357 
I_0Ip_3
0.1585745370867527 -0.0766516454831181 -0.09454999755300786 0.2382915486473766 -0.030779060570919826 -0.11610397439044018 -0.08648198709361175 0.007700579355924408 
-0.15203746525398038 -0.15222893634828158 -0.027991406906250724 0.4616106325860061 -0.05387588983889065 -0.03245015628195605 -0.0443600699846379 0.0013332920284282613 
-0.053761440388106964 0.8557420022960597 -0.2429837338039345 -0.11003820718086743 -0.03626503602576398 -0.15112817847169502 -0.15910779193670888 -0.10245761448728447 
-0.022489485129118216 -0.0939633926667737 0.17153635761935734 -0.15963705882763987 -0.14063676542653847 0.1371661069597845 0.046936093891336 0.061088143579690106 
-0.12586552550582997 0.7718425123425104 -0.19376271496053066 -0.11976366064366864 -0.1833403925899581 -0.024381645514625034 -0.13266346806832116 0.007934894942406996 
-0.12304638679416274 0.1603562209969287 -0.08699480025850193 0.03303819779283371 0.05765485294933098 0.19578222878319937 -0.10097806944119213 -0.13581224402748673 
IIp_1IIp_4
-0.056698908202363014 -0.12498522551183812 0.2780665120144612 -0.17647872694723726 0.009531893310503924 0.008411876781962296 0.12145805708516522 -0.05930547853050063 
-0.09913948347189774 0.3913884113138273 -0.12142816431139049 -0.06708084453510105 0.07907204707714642 -0.07890558093141191 -0.05000039152949731 -0.05390599361014822 
0.04065118544415861 -0.11941510582518897 -0.07187663184316238 0.016021824484842108 -0.06564374213447334 -0.03924806063487361 -0.036188337611994914 0.2756988681191977 
-0.05605401497670011 -0.12419306646554917 0.27892403592032494 -0.18222798516557415 0.01103714072954896 0.009439553545138438 0.12192616415232202 -0.05885182773934662 
-0.09879266820906095 0.3918157335818414 -0.12136227533558072 -0.0661628553063211 0.07800655029471723 -0.0795836375794522 -0.04995711936679019 -0.05396372807801001 
0.039794187860507986 -0.12016897350489986 -0.071657786555923 0.015145610787132124 -0.060958076095856344 -0.03935512173621113 -0.03668353293537834 0.2738836921797206 
II_0Ip_3
0.01739321856493279 -0.0821502115641473 0.05322322231557357 -0.03852569219740443 0.06758502257992542 -0.027941832795680223 -0.022996105126232718 0.033412378222402304 
-0.04848684655650006 0.015915410479492586 -0.01201416951611078 -0.06461931377566403 -0.030330201749794197 0.10289487903191968 0.06183303473936674 -0.025192792652365924 
0.021782454295270245 0.07571069572274426 -0.0019190794921813087 -0.03174523913315382 -0.00816049758533295 -0.050825336423911925 0.05221246615511984 -0.05705546353832206 
-0.01831826636730496 -0.059211592633836796 -0.006077433337036165 -0.06145520717539878 -0.012226286113383923 0.15941449825502196 -0.012668467975608132 0.010542755347461864 
-0.038359706984857016 0.13771392596242454 -0.05880492154719794 -0.0629253894960479 -0.03892999928215657 0.08785937492018812 -0.00640232498175389 -0.020150958590051782 
0.0006268421254085311 0.02471857916754803 -0.018239433330322307 0.08866445231854546 -0.02847631104829135 -0.030258135591178615 0.027303630148142792 -0.0643396237894429 
I_1Ip_4
-0.1229813992084549 0.16058242945936768 -0.08734882212686942 0.03324203073193475 0.05757809209284742 0.1954795950035718 -0.10084016439585364 -0.1357117615556883 
0.15841124460910527 -0.07670113635902102 -0.09445198815931706 0.23826592920443893 -0.030426985173004496 -0.11584493839248873 -0.0868138816412784 0.007561755910884156 
-0.15106603541096036 -0.1522970094291803 -0.02800504103862358 0.4619755682913622 -0.05502737182126567 -0.03271592693192837 -0.044370549173366476 0.001506365515106981 
-0.05416320665776194 0.8555874710063328 -0.2430828939759274 -0.11116216368545877 -0.033122043927474046 -0.15136341823209667 -0.1592269181092757 -0.10346682641673641 
-0.023022389254717685 -0.09446672478217942 0.17109042679202158 -0.15583536909194595 -0.14139625723440166 0.13667279838146723 0.04630824151970926 0.060649273670117916 
-0.12523136580126135 0.7713989690253485 -0.1937897695970686 -0.12010667447168094 -0.183183252820444 -0.024224609387575587 -0.13276756050048666 0.007904263556325808 
other
-1.3054713221137269 0.8468786742924792 2.2052229588361265 -0.5400054872337986 -1.9567308446074816 0.6255913057156691 -1.868754647746035 1.9932693628534492 
-1.3145132206619645 0.847402429979789 2.206710345630337 -0.5427275016499178 -1.9485187866314866 0.6311340114413365 -1.871738475357227 1.992251197248336 
-1.3001843730375173 0.84899213937566 2.208203364571931 -0.5359014717714914 -1.985807014039287 0.6311153285234535 -1.8697322710455289 2.0033142974252094 
-1.3010785036422547 0.8522746231912979 2.2110641534765496 -0.5791677030752885 -1.946477552429332 0.6325915303858919 -1.8655660433547638 1.9963594954454758 
-1.3121508195188951 0.8503132206009051 2.207159161495039 -0.5364744354353076 -1.955776629883779 0.6265152937235828 -1.8714437184133035 1.9918579274386237 
-1.306021982529756 0.8438570197359297 2.2096940727724106 -0.5418699756465888 -1.9538896678712814 0.6303860605376319 -1.8731053924820096 1.9909498654872637 
Ip_0IIp_3
0.0019061548867618026 -0.039712116672078614 0.009925479443488453 -0.039970230306157116 -0.021268973618806652 0.09570785730571138 -0.00844967918919023 0.0018615081499118453 
-0.030160757107533617 0.03540624095674411 -0.00842528147788999 -0.022216850122290122 -0.04176875253582466 0.04813528046447206 0.047633401806565896 -0.028603281984159356 
-0.026925051826431484 -0.059566132751896435 0.10931890709509637 -0.07507324382697683 0.008193416581069184 0.04480525005947566 0.04316721828847239 -0.04392036361876208 
-0.012049695985267173 0.2297598801345958 -0.047435062009193785 -0.012118112896031355 -0.05017928948967957 -0.03767918630307522 -0.030014822937071105 -0.04028371051384801 
-0.006768882180711175 -0.04215944398899265 -0.01564952031156726 0.0730722303797207 -0.024352316498791153 0.0018310097977490758 -0.010890794798067564 0.024917717600664267 
0.011129194237042173 -0.040724362034994646 0.06265849723802631 -0.018171683110146518 0.017143878468322098 -0.012360978036365294 -0.007950554826061659 -0.011723991936309592 
Ip_1Ip_4
-0.025298382932286652 -0.05925454062893689 -0.020849255871569015 -0.005979456206197336 0.10335775458988063 -0.02824774812450062 0.07896219360237561 -0.042690564428507216 
-0.025565912161540194 -0.05663968768991334 -0.041524162820943136 -0.06521778721996428 0.06919300271615998 0.13933057107571795 -0.02519344183336841 0.005617417933477647 
-0.042984578392547 0.27689518208468106 -0.052822672568618334 -0.07273976914348808 -0.06737652104700312 0.0234474369501529 -0.035120618177676644 -0.02929845970404464 
-0.025109910136971385 -0.059023028769539986 -0.020598640853218605 -0.007659701437737972 0.10379766956712375 -0.027947405207997034 0.07909899988897744 -0.04255798305021519 
-0.025464553921944775 -0.05651480093473941 -0.041504906486719145 -0.06494950095309644 0.06888160673783435 0.1391324061288753 -0.025180795359221558 0.005600544789106206 
-0.0432350395910292 0.27667486104041483 -0.05275871410023707 -0.07299584633324942 -0.06600711516563186 0.023416147886671165 -0.03526534112271881 -0.029828952613092024 
IIp_1Ip_4
-0.026926570436364605 -0.0595291890825991 0.10928228499933043 -0.07508450761886598 0.00804951436486822 0.044723997330206836 0.04332464291279336 -0.043840172469265824 
-0.012435448714383807 0.2298227120848729 -0.0474054275676513 -0.012293377842180458 -0.049930927211367125 -0.037523859385506945 -0.02997918103741718 -0.040254490325732806 
-0.0065597708644248845 -0.042031438931710574 -0.015560995495737162 0.0732342659174709 -0.025694819544440264 0.001978715051537904 -0.010776729165912506 0.025410773033475158 
0.011307297928172028 -0.04046449007467455 0.06287112215856681 -0.019849495154090936 0.017470424433498867 -0.012146355068480805 -0.007661776812400592 -0.011526727410916386 
0.001615591837836726 -0.03953197980637111 0.009967570740450132 -0.03983644806087179 -0.02133975048513367 0.09565955749207186 -0.00840512845594107 0.001870586737699013 
-0.030201720656169755 0.03531332886609431 -0.008274079413824832 -0.022314810423516317 -0.041750322454976785 0.048257268176020336 0.04760417076533377 -0.028633834858626892 
II_1Ip_4
0.0006514656117962386 0.02480960077175148 -0.018380644694076468 0.08874234399429852 -0.028515928232137007 -0.030383525749733416 0.027371181443671698 -0.06429449314527637 
0.017294527917532384 -0.08216442908972525 0.053263515998741566 -0.03854744265406498 0.06774356167563146 -0.02782758947373009 -0.023122683320535527 0.03336053894556064 
-0.048089459928651476 0.01590003421570348 -0.012011601759618486 -0.06446308971320985 -0.030898859750655643 0.1028049170835866 0.06183913668577679 -0.025081076832105528 
0.02164229548625942 0.07567422166355016 -0.001938856888528258 -0.03233333062937539 -0.006908583141201487 -0.05089778694743977 0.05219221349207488 -0.05743017303507224 
-0.018551705633411745 -0.05939122790994006 -0.00624700249377156 -0.05996437700174964 -0.012527822034029747 0.15921846894926595 -0.012909039508397925 0.010372705631903434 
-0.03811579503328443 0.13753289829708867 -0.058801882749112064 -0.06306732293160505 -0.03886778916415651 0.08793108785119694 -0.006445513634346957 -0.020165682635089745 
I_2II_5
-0.8110705730091952 1.3536806139814186 -0.6125468275638527 -0.7993825901874698 -0.4565182248534087 1.5633238219506336 0.4589906889380752 -0.6964769092435504 
0.2933473499891119 0.25049417156267867 -0.013672092227143441 1.266311271334841 -0.5176516491845649 0.0644896264997238 -0.2815035426196824 -1.0618151353507057 
0.3808379072736421 -0.7074777676481381 -0.3228992978083081 0.007384535507857084 0.1934383544456613 -0.7339206866585526 0.23559928619970708 0.9470376686802415 
-0.3746476315183925 -0.9131685196272847 0.18828226515998714 -0.47080137634552444 0.6647084499988484 0.3113568899638033 0.19869784273476482 0.3955720796322667 
0.17147179493712408 0.2957360789510396 0.1320534212062529 -0.20170638304244298 0.41304207617325606 -0.16851132200783417 0.0269309410423142 -0.6690166072586043 
0.8304873423210123 -0.8541727985802273 0.30317973000317205 -0.5947173000595417 0.8627406544700618 -0.6607096214075493 0.3131740689532414 -0.19998207570463036 
I_1II_4
0.28802847106879953 0.2513112385581092 -0.01358492025133381 1.2647936569632876 -0.5153134698608327 0.06590901411860459 -0.28056280899497227 -1.0605811815990642 
0.38069095820727766 -0.7058070388532869 -0.32182792510600655 0.00862132909397033 0.17950994622954042 -0.7314942915429208 0.2369492870346301 0.9533577349305143 
-0.37259442088383044 -0.9096419674838396 0.19099075705264615 -0.48893435994745066 0.6626901768156374 0.3144834260796306 0.20240120232003306 0.4006051860480005 
0.16808399972893545 0.2989294567343902 0.13342512244767565 -0.20742172129340541 0.4138004364914369 -0.1680101811560732 0.028596590498860253 -0.6674037034506985 
0.8279911586815991 -0.8544159808500685 0.3050438444521966 -0.595179013461579 0.8626939405124757 -0.6594773550297631 0.31297044829622406 -0.19962704260718975 
-0.8121809663358849 1.353694223086381 -0.6123490498671005 -0.7999446170648279 -0.4575732005336726 1.562980349066874 0.46055609042544987 -0.6951828287692489 
II_2I_5
-0.36133261335357275 -0.9110121657444167 0.19111447242194415 -0.4897816807285019 0.6677945454056343 0.3130659007340012 0.20131658552442194 0.38883495573477855 
0.18238505974138775 0.2967910613994 0.13255149287563436 -0.19947324355189835 0.409084708169134 -0.17146088486889602 0.02769722596208143 -0.6775754197268474 
0.8397649968965338 -0.8567004100235651 0.3044111658510537 -0.5972264142965619 0.8715404651930875 -0.6618084157516114 0.31251040850023987 -0.2124917963817899 
-0.8012461328543518 1.3515492922656263 -0.6143560926724702 -0.7872442015630677 -0.4615794991686059 1.5594703833598391 0.459075734411837 -0.7056694837687719 
0.30238342693926973 0.24923621032829418 -0.0135306541852718 1.2635756611341094 -0.5158418614948069 0.0652101434763413 -0.28097147454998034 -1.0700614516481348 
0.39475418542614077 -0.7059249610601097 -0.3228523937805138 0.00961805484900342 0.17687631891925 -0.7344399972801688 0.23761594217534215 0.9443528507431594 
IIp_0I_3
-0.25892388520070037 2.5942832736436463 -1.0792602987621422 0.17301942130935544 -0.7455700657126182 -0.18699068681468412 -0.44419738715337337 -0.052360371299123826 
-0.17514992873182433 -0.8514313344872309 -0.2931448023832731 0.07027561076833715 -0.12704240173599052 0.07074258603007619 -0.36904611662659226 1.6747963871638258 
0.11576948174380755 0.009396012941384223 -0.7347601667973236 2.7318956508756096 -0.5626550238377356 -0.11340051212530237 -0.26917719752263414 -1.1770682452713992 
0.9316258653083362 -0.6965872214717379 -0.4144503306548476 -0.03112757267163282 -0.13617045992104115 -0.587122190424319 -0.09277728769051669 1.0266091975130196 
-0.10766143745490284 -0.6332685140341637 0.11790821652665853 0.5895297840916827 0.16320309745738462 0.03306535408321637 -0.1206177869554075 -0.04215871371331809 
0.5495394934263553 0.38517599336748753 0.5459584966694854 -0.673201558708577 1.1562403799221364 -0.7434912363843039 -0.3709146085372208 -0.8493069597546667 
I_0I_3
0.08521611382997091 -0.54242811588776 -0.15189709237568386 -0.11961750768352675 -0.12249071698263828 -0.35009195792417563 0.07888356039159998 1.1224257166295415 
-0.4175144761188124 -0.7256064972197369 -0.08764397232250454 -0.24801776474135395 0.1534444604168021 -0.0787892803036559 -0.17153391345969168 1.575661443748238 
-0.3128633433921932 0.4708127979741608 -0.504379198419541 2.5127265704228097 -0.4962041022270661 -0.23787896937917605 -0.7934147445634426 -0.6387990104071716 
0.08546091476945812 -0.5421274129635395 -0.1515715770043788 -0.12179992138804173 -0.12191932629695722 -0.349701852667784 0.07906125345031437 1.1225979220977362 
-0.4173828253292794 -0.7254442860370686 -0.08761896092112827 -0.2476692967827963 0.15303999871225182 -0.0790466700509517 -0.1715174873820225 1.5756395277917823 
-0.3131886589722202 0.470526630421089 -0.5042961249281249 2.512393960421649 -0.494425427241868 -0.23791960968557124 -0.7936027203022005 -0.6394880497052224 
Ip_2II_5
-0.04815070884280872 0.01588055831100216 -0.012050899929314164 -0.06451197953867852 -0.03058232176893222 0.10273029601413962 0.06187142186529836 -0.02518636611023815 
0.021435719156514214 0.07562634470764279 -0.0019851760567172554 -0.031935946095390834 -0.0068990264886066716 -0.050893899205146316 0.052125696632124296 -0.05747371265005501 
-0.01838564288969519 -0.05938940890167289 -0.0062231382435231014 -0.059936149278020545 -0.013053631332038842 0.1592912843720658 -0.0128740642690132 0.010570750541685698 
-0.03803495951915825 0.13766475425645996 -0.05875770352458856 -0.06372176819880634 -0.038738650360025356 0.08798517948754843 -0.006319943115645988 -0.020076909025367327 
0.0005355853858665783 0.024873284402603002 -0.018352674065646966 0.08880095926263594 -0.02851435034020908 -0.03037929893569102 0.027346073855896748 -0.06430957956511096 
0.01738710934955827 -0.08221775898090838 0.05331813493595358 -0.038550606854538316 0.06768400434029061 -0.02781995533026834 -0.023142365356354718 0.03334143789556208 
I_0IIp_3
0.9317119405915744 -0.6967091458862691 -0.41440169124711174 -0.030807566176968067 -0.1360086597529307 -0.5869890785323163 -0.09315148579894972 1.0263556867912922 
-0.1066781479367997 -0.6334233541887795 0.11785118950530162 0.5897829163377137 0.16269173323161104 0.03274265017240036 -0.12067962300012906 -0.0422873641234754 
0.5491845450013679 0.38492492908513826 0.5457481461428265 -0.6735250627304252 1.1590809527989738 -0.7438405931045312 -0.371145365190974 -0.8504275520077851 
-0.2592021581665233 2.5937137995417863 -1.079696138522753 0.1765876122820573 -0.7462586920023389 -0.1874381861221515 -0.4448360538334935 -0.05287018316475055 
-0.1743625810050481 -0.8518276008408395 -0.29323905499808856 0.0700101024782728 -0.12695178741462457 0.07080296685734197 -0.36913240034134864 1.6747003552575839 
0.11589871512888533 0.009570864699766712 -0.7350941593376645 2.732067185278896 -0.5624617329433472 -0.11368938204946738 -0.26912818142941347 -1.177163309345177 
IIp_0Ip_3
-0.012047607619484577 0.22979576676816713 -0.0474631191079536 -0.012175991858491613 -0.05026472377606758 -0.03774763334267074 -0.0298735144793824 -0.040223176583147516 
-0.0071104365261445215 -0.042106577277485444 -0.015627484962117216 0.07296263439303172 -0.024147402299546372 0.0019587576346524168 -0.010865388083310529 0.024935897120834282 
0.011319382569131602 -0.04062052249383707 0.06273806991788006 -0.018037312009991778 0.015985076972065176 -0.012229563719130586 -0.007853530275298259 -0.011301600961032388 
0.002064210913735622 -0.03948464608501793 0.010104814813288534 -0.04141856946055957 -0.020990363269308854 0.09588795426512399 -0.008195158867065847 0.0020317576894375044 
-0.030418434055411267 0.035562455714300216 -0.008387310855611974 -0.02210443007994828 -0.04182152912101736 0.048099040054403734 0.04766927390967311 -0.028599065565991667 
-0.02694212867179144 -0.05964461638339819 0.10945140758725248 -0.07515078532844796 0.008167845121010995 0.04491077161035996 0.043144479670067744 -0.043936973604907684 
II_2IIp_5
0.21360624599207306 -0.6004824670287124 -0.14745993292286783 -0.027124482177538652 -0.15734055754158052 0.08441067758387794 -0.19037126363357676 0.8247617797216052 
0.110469382525106 -0.3802405283079343 -0.014854186780983979 0.050874802581330036 0.2389687325254922 0.037528433401517125 0.5539514613808366 -0.596698097324554 
0.4606348708042237 -0.7857758972705926 0.21348233460154592 -0.24840604457833895 0.9120857200463199 -0.5628529667836278 0.1287221783965887 -0.11789019522239846 
-0.542178507411612 0.43727118140277255 0.035267672274383224 -0.4282419849080459 -0.5005104876965892 1.1138450485836386 0.3121949568525871 -0.4276478790885839 
0.18838488071631262 -0.6478783664333303 0.6301002339234157 -0.8649687681464315 0.47000447600799933 -0.026132744823290817 0.1533707039191827 0.09711958483268962 
-0.31145924520949364 2.2132681093138578 -0.807491641125561 0.06009473214459615 -0.4243476950639862 -0.4287876832258262 0.0024806564273160327 -0.30375723325147796 
II_0IIp_3
0.4564241815617383 -0.7845242123117168 0.2146838426099524 -0.2464434220377064 0.9000387837487088 -0.5596561739333418 0.127998133390036 -0.10852113303488489 
-0.5428162836059646 0.4397437967281107 0.037080834903966825 -0.4442074901866175 -0.498778602915995 1.1152618353819104 0.31462176394725355 -0.42090585425087335 
0.17656507735659735 -0.6469703017779382 0.6295322562939322 -0.865060457780939 0.4839905697106241 -0.02739331901581365 0.15231927425540756 0.09701690095203479 
-0.32017784499069624 2.2098821378565883 -0.80819472158411 0.07660601488897927 -0.4267876083292801 -0.42898530666400186 -0.0011335732146093478 -0.30120909795363693 
0.20999018689562576 -0.6016721601746375 -0.14842541300993578 -0.02852536838718139 -0.15695524369906216 0.0847604780149957 -0.18948310414408015 0.8303106244990582 
0.10016732556637374 -0.37836538553350557 -0.01627473837562807 0.05063871667110317 0.24215548541207899 0.03862927290940915 0.5542500730598353 -0.5912007497094482 
II_2Ip_5
-0.037761743230332274 0.13755580780025253 -0.05885291089641642 -0.06305648019462827 -0.03896038971799976 0.0878225325512407 -0.00635561556260712 -0.020391200748768143 
0.0008362676756427656 0.024807513735011357 -0.018353907787900227 0.08868287527822155 -0.028428132037456384 -0.030337533212653842 0.027357713952023553 -0.06456479760248689 
0.01784064541451211 -0.08214383178736176 0.053300212254291435 -0.03845285488569842 0.06706567277847482 -0.027845102214020607 -0.023065984577890875 0.03330124301715943 
-0.04772276003982177 0.01596167860689202 -0.011940357225574296 -0.06522614032301303 -0.03044289945185971 0.10281422479454495 0.06194806472963256 -0.02539181109022843 
0.02181961459760504 0.07566310364690496 -0.0019706007016380878 -0.03183377225152293 -0.007068458252334757 -0.05101482306504641 0.052147719238494435 -0.057742783212190986 
-0.018137730617224197 -0.05949636101781792 -0.006188552261533988 -0.06004863172172139 -0.012547707190870321 0.15924044977326543 -0.012916498225125708 0.010095031260686298 
IIp_2IIp_5
0.0403869878005053 -0.11992000387115372 -0.07210735982306478 0.015487350916688897 -0.060881419681675465 -0.03967965746984502 -0.03681053159213081 0.27352463371996977 
-0.05555955400068967 -0.1252161957585463 0.27817012019890575 -0.17622183162685634 0.00945583813952826 0.008406646599908064 0.12089938220190417 -0.05993440575372714 
-0.09766696479908928 0.3909702445100549 -0.12164651064932108 -0.06689798156130397 0.08037774698118783 -0.07972321861892967 -0.050260227341331995 -0.055153088519351794 
0.04008218114793538 -0.12029441522730057 -0.07251266566413593 0.018204718818934065 -0.06159286990128298 -0.040165385496768624 -0.03703178085095375 0.27331021717223764 
-0.055723475088853794 -0.1254181682167261 0.27813897799217235 -0.17665571620296158 0.009959441673519632 0.008727127834416787 0.12087892975716115 -0.05990711774824014 
-0.09726190772255744 0.3913265575782138 -0.12174994715131326 -0.06648384205194852 0.07816308240867509 -0.07967261654310012 -0.05002617490778238 -0.054295151608597145 
Ip_2Ip_5
-0.04317472314227033 0.27678410428247213 -0.052928210053914904 -0.07290794949222944 -0.06607247867970788 0.023254276704776915 -0.03516351216990863 -0.02979150744779295 
-0.02543534567317064 -0.0592648817967371 -0.020798353930375133 -0.006023832145799888 0.10357200688761586 -0.028097451674014905 0.07882004933294387 -0.042772191000272415 
-0.0250397432814167 -0.05664196946843659 -0.04150840282437083 -0.0650142791957581 0.0683387835236103 0.13924270028851096 -0.025169035765747905 0.005791946723556653 
-0.04309035732515749 0.27688773561642926 -0.05281602759928421 -0.07366007534595218 -0.06587556014578244 0.023388718789814755 -0.035102273760772476 -0.02973216022853125 
-0.025389974824293875 -0.059208978910909905 -0.020789734244068568 -0.005903739534497831 0.10343261713567932 -0.02818615597562969 0.07882571025670798 -0.04277974390259696 
-0.025151856881962028 -0.05674059147335479 -0.04147977318345429 -0.06512890667472761 0.06895176878800013 0.13922869440821684 -0.025233817897864056 0.005554482914958766 
Ip_1I_4
-0.05424818117440294 0.8554794719541415 -0.24319339836859036 -0.1103977910493665 -0.03331261853503209 -0.1514925748453586 -0.15930216845385295 -0.10353273952341899 
-0.023035238890069875 -0.09452818785717439 0.17107963390145262 -0.15594609017106673 -0.14127520967080423 0.13675007045607895 0.046300122337377535 0.06065489989343653 
-0.12513604514783933 0.7714885518385725 -0.1938262401917217 -0.12000384663627944 -0.1836912282776476 -0.024223054234712892 -0.13271143775362282 0.008103300405689589 
-0.12291100958510642 0.16066527302126601 -0.08725273656184282 0.03262132359886121 0.05775015344054985 0.19559802064149795 -0.10080264095249618 -0.13566838360119315 
0.15848194780551503 -0.07665965129595699 -0.09444690743898161 0.23837636505742296 -0.03056263125241394 -0.1159310200078948 -0.08681157593131955 0.007553473062839167 
-0.15117717791678043 -0.15238904428416303 -0.02798878862650768 0.4618673035266777 -0.054406502306178474 -0.032740164352608694 -0.04443372616882751 0.0012681001290751669 
Ip_0II_3
-0.0184809591964515 -0.05940545511979018 -0.006297879087009496 -0.06001606266523291 -0.012618859774817349 0.15914489961403483 -0.012764135726929053 0.010438451956208034 
-0.03850148601532252 0.13761464376635046 -0.05881805531199767 -0.06317389776109997 -0.03862922317643603 0.08805038451467362 -0.00640924665230752 -0.020133119363404593 
0.0008721328517829704 0.02492487783819946 -0.01828202688495622 0.0889063689950383 -0.029839250922451436 -0.030210383517941745 0.02744364014442879 -0.06381535850344593 
0.017580014117074227 -0.08191477758396065 0.053467496351537656 -0.04020225563479773 0.06800819090958697 -0.02765450034455972 -0.022838090601706006 0.033553922786058954 
-0.04844067524102274 0.01604770796489212 -0.011991595925614553 -0.0643703341514022 -0.030606852621033895 0.1027184279198865 0.06184956364564173 -0.025206241590770194 
0.02156331046657144 0.07550844925033601 -0.0018430737467669618 -0.03197817084200932 -0.006984124323550455 -0.050835604205042226 0.052084113878171516 -0.05751490047724792 
IIp_0II_3
-0.3182960169712455 2.2124632603956735 -0.8058776571005944 0.05932154738523221 -0.42297342840214336 -0.42645231495992164 0.001242887690862708 -0.2994282780271725 
0.20855612809830637 -0.6000412073060066 -0.14807594851015035 -0.026609010588684843 -0.15862366403641814 0.08368084101550555 -0.18917682020922114 0.8302896815337995 
0.09897729597026574 -0.37983911247968416 -0.015067639799382058 0.049022135829985526 0.24767953858142713 0.03925153706639264 0.5534847003877954 -0.5935084555567597 
0.4556284235526168 -0.7852321210576598 0.21344048199041063 -0.23985706431715764 0.8976032012374577 -0.561390079187318 0.12843102147899788 -0.108623863705581 
-0.5456903136500679 0.4396005145933213 0.037156729463701924 -0.4461026085136354 -0.4960230981999782 1.1169974783929446 0.31474838257675186 -0.4206870846585966 
0.1789332875831345 -0.6453139825603594 0.6298307128508756 -0.8630390138110228 0.4700598148308157 -0.02632653893221172 0.15360994439333167 0.10224577564495242 
Ip_2IIp_5
-0.006782883331363142 -0.042125500097049885 -0.01568213031906382 0.07306238234378871 -0.024448034803313416 0.001755933418532019 -0.010755859956557886 0.024976092744777495 
0.010789889773823724 -0.040678432670566214 0.06268338194429737 -0.018287600513239802 0.01735198570563091 -0.012228068941676756 -0.00792711122192458 -0.011704044076523522 
0.002093899981481453 -0.03960438623269948 0.010000190870406543 -0.039833269011678905 -0.02243400010169347 0.09583469060348267 -0.00834763888992593 0.0022905127805073243 
-0.030016024945131104 0.035635155984712986 -0.00824379506130817 -0.023672515773707895 -0.04147961497865686 0.04832257837205974 0.047885152155692015 -0.028430935753017424 
-0.027171001936844182 -0.05940749124883931 0.10935860535745834 -0.0749527197712335 0.008099000618066586 0.044769290805673434 0.04320528248763948 -0.04390096631190748 
-0.012071482460462395 0.22968501546818554 -0.047299017513471105 -0.012244448865690366 -0.05016017284227049 -0.037571277344361935 -0.030033124413655247 -0.040305492027366184 
Ip_1II_4
0.021604958610887192 0.07555376246297592 -0.0019372462568490775 -0.03185992954241154 -0.006835727465594357 -0.05082838165417893 0.05188547849706674 -0.05758291465134738 
-0.017894888322850598 -0.05952223328741275 -0.006294317978285358 -0.059806554905743346 -0.012864827582565705 0.15900895850063665 -0.01296135945837283 0.01033522303410858 
-0.03842889200593956 0.13737561476617596 -0.05897187175054812 -0.06327678620532501 -0.03688404184475839 0.08767863701760482 -0.006604915606469507 -0.020887744369816736 
0.00038825769575554636 0.024411691318888543 -0.018679378071772775 0.09122939770645286 -0.02897027890243364 -0.030674059762284184 0.02690049398925503 -0.06460612397331726 
0.017829874694396793 -0.08244510222846171 0.05319312318777157 -0.0387111422831068 0.06777974172981495 -0.02779961353753708 -0.023190159156782825 0.03334327759347866 
-0.04810239723406103 0.01600678955281049 -0.012258240368847914 -0.06436566295951351 -0.030556246532649402 0.10258996393390458 0.061853174716637094 -0.025167381107951654 
Ip_1IIp_4
0.011116865028783274 -0.04067350461646108 0.06260078752548505 -0.018198697083711284 0.016972514771939697 -0.012492857970067054 -0.007706646202602865 -0.011618461453597491 
0.0012871876919834456 -0.03962268724521786 0.009962637504718836 -0.04017795995853629 -0.020892006286535106 0.09594283794682164 -0.008401275104285254 0.0019012654508136033 
-0.02982755736519018 0.03560302451191167 -0.008286179910891317 -0.021969200917148133 -0.04388684454695196 0.04837523646762658 0.047813189363647424 -0.027821667602584407 
-0.02663579628159492 -0.05914710961700335 0.10965181838810359 -0.07772369663594293 0.008674791686021274 0.04514432727498721 0.04362906610910389 -0.04359340092351805 
-0.012505065910190315 0.23005086439147396 -0.04736119570333876 -0.011949903644529764 -0.05027823643787161 -0.03774653189966762 -0.02994303882130946 -0.04026689197397452 
-0.006825082863798792 -0.042304265004249525 -0.015409797803697625 0.07292606143481316 -0.02433498679588787 0.0020167963863383393 -0.010937215895599919 0.02486849054196224 
II_1I_4
0.1671922433626569 0.2983416866958179 0.13189053161646475 -0.20042804111147838 0.41063016349932197 -0.17030843684522734 0.029852190933371717 -0.6671703381487751 
0.8229053207017487 -0.8542837500920316 0.30524875488014047 -0.5978840525667471 0.866880406457086 -0.6568468852830442 0.3132495990552343 -0.19926939315798375 
-0.8085276546089877 1.356103989538253 -0.611581119074569 -0.7969623870427253 -0.47939794026378907 1.5648884940272083 0.46252066918356105 -0.6870440517465499 
0.29096542654236685 0.2554264931426162 -0.01002841723839778 1.2376541626380257 -0.5095471338365273 0.06971204471078594 -0.27652807086906656 -1.057654505085057 
0.3776641520952796 -0.7031378085396733 -0.3212318337945722 0.011366364650902721 0.17737058956701313 -0.7328894238851382 0.2374853433325274 0.9533726165665553 
-0.374029078243247 -0.9117078909555677 0.19305796578447956 -0.4911541845074903 0.6686840965536311 0.3157559524740359 0.20142582121630936 0.39796731767407145 
