II_0I_3
0.8292126716284065 -0.8551659987631303 0.30468748385774685 -0.5958620354772938 0.8629577038381886 -0.6592547802826121 0.31290254043327137 -0.19947758523959808 
-0.8136721949908222 1.3546488474212286 -0.612948763911522 -0.7995057906180717 -0.4571477686398914 1.562827187873782 0.4606961083298485 -0.6948976254577622 
0.2890679695031925 0.2514695151196098 -0.012506534500072611 1.2657375390360834 -0.5199069807395185 0.06677517424431692 -0.28067104034272466 -1.059965642317391 
0.38306768934315444 -0.7051338059698334 -0.3281029861151987 0.009792717737161555 0.17974026576130384 -0.7314500023497758 0.23796803773149322 0.9541180838555935 
-0.3747917430275106 -0.9101671117078439 0.19077739507555846 -0.4894074002596467 0.6687221228441669 0.3140215178133416 0.20205473672061783 0.3987904825413193 
0.16717074048974248 0.29790857247198843 0.13256883960955299 -0.20051654261280996 0.4123889769796247 -0.16879506267902947 0.02754642644060329 -0.6682719506991993 
IIp_1I_4
0.5492741437260856 0.3851690048759657 0.5461897256496878 -0.6730189255249999 1.1563246616525569 -0.7435103045746035 -0.3710900293832837 -0.8493382764215187 
-0.25673422676759716 2.5934476365894232 -1.0793386664412967 0.17298277170575221 -0.7462502023425878 -0.1874909807946871 -0.44425514573516556 -0.05236118620757638 
-0.17696564107347226 -0.8518955995979945 -0.29456244017854055 0.06894877175440489 -0.11921191563608598 0.06998433745592222 -0.3699317099351983 1.6736341972058069 
0.11434401243391483 0.007974870302423848 -0.7252336291611098 2.730938742539816 -0.5643434596395905 -0.11445883450677573 -0.27097495328777504 -1.1782467486756716 
0.9332203995561071 -0.6966291269059867 -0.41474648207033377 -0.031159221386091385 -0.1365488482772605 -0.5874028587806759 -0.09306225830552854 1.026328396159779 
-0.10771892554046411 -0.6334599028136104 0.1178241042011986 0.5900395371612679 0.16325603729958968 0.03291024733216372 -0.1209524325749621 -0.041898665069218674 
IIp_2Ip_5
-0.030047971956488662 0.035408094630075264 -0.008467939016417913 -0.02225090666299799 -0.04178682589093359 0.04813015761017103 0.04766899406889428 -0.028653602781737883 
-0.027222614984203475 -0.05942262199369756 0.10933729586697215 -0.07506396639760053 0.008269605697169877 0.04488964970660684 0.04317913612171687 -0.043966484017019594 
-0.011642160058002385 0.22984201100048682 -0.04718308583167777 -0.011930262860005708 -0.051545258371186425 -0.03755542960776812 -0.029850868005020275 -0.040134946266159974 
-0.006459662082253476 -0.04191559157370955 -0.017301801630064954 0.07323524706169737 -0.024030592598878638 0.0020000001237716683 -0.010577803729952413 0.02505020442933904 
0.010922700241602926 -0.04073112580707851 0.06270891382197605 -0.018120257844479435 0.01719059472315744 -0.012324374358016987 -0.007907073175209296 -0.011739377602216161 
0.0020008370293586883 -0.03968706981176816 0.00993905605867436 -0.04006480804047025 -0.02128844623194585 0.09572501123249426 -0.008385229603876958 0.0017606493671842676 
IIp_1II_4
0.17877095735807552 -0.6456654021917874 0.6302429124258754 -0.8635368995915531 0.47007428156143444 -0.025824455436019113 0.15361156543328397 0.10232704043792734 
-0.32018065613308866 2.2132232940183063 -0.8059757361243007 0.05929377720303072 -0.4228639158267938 -0.4263872303472221 0.0018766601695036629 -0.29898619295247014 
0.20813555721050284 -0.5994689139250375 -0.14693899150803424 -0.026133695652568158 -0.1634430387757781 0.08485251374068929 -0.18842473757911016 0.8314213064851709 
0.10063665048783978 -0.37829731474820205 -0.021767514173549118 0.05035236866588429 0.2437283053211186 0.04064176252480316 0.5552420951442225 -0.5905363532186201 
0.4549093677791233 -0.7841665506568033 0.21446865213827285 -0.24636097167773857 0.8991844253423252 -0.5603302687222418 0.12975960642209108 -0.10746426062766908 
-0.5470191037829149 0.4404523301617045 0.03738289490637875 -0.44595037631565454 -0.4962973449483756 1.1169603107754025 0.3151422395012149 -0.4206709502941478 
IIp_2I_5
-0.09300648174577936 -0.6339410250694026 0.11770999184474233 0.588901652780137 0.16131405795972445 0.03142536449059598 -0.1196640825599569 -0.05273947769833876 
0.5599937116392903 0.3859138085414617 0.5463202651657857 -0.6734426615166149 1.1556645748729675 -0.7442869490832114 -0.37020142513458026 -0.8599613244839396 
-0.24159259844781467 2.5943648536244868 -1.0766207846227527 0.17497881518157193 -0.7606099408485612 -0.18738392458328765 -0.44208006646183307 -0.06105635383436779 
-0.1585892635429267 -0.849756101388449 -0.3090307046089186 0.07154527648921921 -0.12559369779115684 0.07081613502477356 -0.3653901861365875 1.6659985419476109 
0.12713238852324715 0.008688031145037642 -0.734091696914228 2.7320869657665408 -0.5636339840739191 -0.11465935535585743 -0.26814416694474746 -1.187378182146836 
0.9459242972905008 -0.6970423340963862 -0.4141128415842175 -0.032062737422095575 -0.13805126417724412 -0.5885288618407589 -0.09161808052972868 1.0154918223518474 
II_1II_4
1.3866216377786063 -0.5887048065582324 1.326598354030392 -0.695446194487912 0.22077504621420177 -0.9504894786021754 1.110626941557565 -1.8099814999327681 
0.4217697751913201 -2.0531055390397297 1.2748446052115925 0.01739091158596823 1.9157725288605805 -1.535234635650796 -0.061177959690373894 0.019740313521947536 
-0.8792104064475534 0.1412242409854835 -1.3649197068934231 -1.2191411585531597 -0.6969498724613273 3.0312814312727516 1.7385219049826515 -0.7508064328728319 
1.3816199472878588 -0.5948666449542018 1.3681577587455442 -0.700351482305309 0.21179389106229 -0.9551175553207739 1.103475486373288 -1.8147114008835865 
0.4192498045224577 -2.049375749179653 1.274061176664361 0.016129863384303323 1.9174592572328384 -1.534022120273771 -0.06209052310837063 0.018588290746631597 
-0.871262708752858 0.14254110070011133 -1.358935785700316 -1.2107151599422408 -0.7320020811117764 3.033829887779985 1.74099775231566 -0.7444530052831168 
I_1IIp_4
0.1153265088129549 0.009450528740457818 -0.735188152849374 2.7316294128983025 -0.5624549585501312 -0.11333231648519972 -0.26895504626087496 -1.1764759763039838 
0.9273784200231391 -0.6953067842047018 -0.41436871678580994 -0.0307583552451512 -0.1350414059427942 -0.5862645948636735 -0.0928173578863845 1.0271787948991515 
-0.10551770198088949 -0.6325552115923061 0.12007714356849526 0.5916168502905234 0.15111729500099197 0.034304322838738 -0.11929799052769778 -0.0397447075994969 
0.5508709753849225 0.3874014943738867 0.5311306460953199 -0.6717257605960573 1.159316277873652 -0.741815340582403 -0.36819174109104236 -0.8469865514640255 
-0.2622666895708747 2.594311865877785 -1.0788646761316734 0.17353852675847445 -0.7449499333131805 -0.18650164472078162 -0.4438981592321158 -0.05136928966208353 
-0.17574059768722003 -0.851152652367908 -0.29304437909707004 0.06949115714732133 -0.12704535186751423 0.0710653974438104 -0.36858136514639045 1.6750077915711024 
Ip_0Ip_3
-0.025165063681462953 -0.05670032608971884 -0.041520986185685047 -0.06506867103904528 0.06895519612961722 0.1391752019524461 -0.025239123448471373 0.005563772362174073 
-0.04294050556595197 0.27668171767860084 -0.05291947059542715 -0.07290509682674044 -0.06609686987974381 0.023238696597542838 -0.035236688472453676 -0.029821782934975772 
-0.025454659930364158 -0.05933796103511811 -0.020957552694724563 -0.006106158428521796 0.10428913410186218 -0.02824228836508943 0.07871503099570652 -0.04290554464320237 
-0.025282298144967134 -0.056844753222867715 -0.04054687662785119 -0.06518364592337221 0.06874468712119786 0.13906672461019748 -0.02540674617787018 0.005452908365003405 
-0.04299957107782081 0.2767691401038798 -0.05293783335204812 -0.07293465449516552 -0.06605733470733324 0.02326711670672517 -0.03525807801718002 -0.02984878515991925 
-0.025268374098322503 -0.05930709520241305 -0.02081729575729487 -0.005908661716602685 0.10346754650437287 -0.02818255517455333 0.07877306230213005 -0.0427566268571608 
II_1IIp_4
0.09965059139644304 -0.379195971771607 -0.015708458208443892 0.049060116439498515 0.24210584902811275 0.039988446032898084 0.5545652576783087 -0.5904658305940054 
0.44686087154184817 -0.7809823305340553 0.21458099071972564 -0.24642706875236517 0.9017081937136013 -0.5584509406916328 0.12965792477541233 -0.106947640775516 
-0.5409686390029467 0.44209830942893114 0.042648265638731406 -0.44043715849344384 -0.525878530350887 1.1197205857673087 0.3181814783099851 -0.4153643112923407 
0.18283076572336843 -0.640347796955026 0.5943754941078686 -0.8598805385022207 0.47751230563702307 -0.021808818152197863 0.16014934771389847 0.10716924042352755 
-0.32568692429570106 2.212644781259374 -0.8050730494362688 0.0604998664205041 -0.42204177369920043 -0.4257311271229796 0.002695602071880748 -0.2973073751914854 
0.20616812699554413 -0.5991514254141984 -0.14771039439608435 -0.029120898289767015 -0.15766242016285145 0.08504182321972205 -0.18788321379522466 0.8303184018391528 
Ip_2I_5
-0.15119708675979868 -0.15233061607265017 -0.028201108077091204 0.46180845553541294 -0.05443845305286649 -0.03276284820745049 -0.04432425916773011 0.0014459158010575236 
-0.05573547937707243 0.8559683184188271 -0.24313163960440262 -0.11036427699438676 -0.032833668968695835 -0.15113282824622748 -0.15935049421670383 -0.10341993100977775 
-0.02196376583115706 -0.09427022378588176 0.17190573148671448 -0.15509221126410092 -0.14601065389477377 0.13715072251101085 0.046803199211771264 0.06147720156705644 
-0.12458587071901725 0.7722819590784242 -0.19952216166956308 -0.11950746525828204 -0.18202608412730995 -0.023644027745283413 -0.13170786565732018 0.008711516100325048 
-0.12413414378618455 0.16057415832645497 -0.08717993797591828 0.03344396784644166 0.05784272968930836 0.19568590377868347 -0.1007806828548567 -0.13545199502286487 
0.15846270257104575 -0.07662242466219904 -0.09442090280382132 0.23801434701100724 -0.030537824974360566 -0.11579471877614521 -0.08664126971915281 0.007540091353247954 
IIp_0IIp_3
-0.09763854920274609 0.3911991296572368 -0.12159122676513623 -0.06668127552748875 0.07820679083275817 -0.07943196291605319 -0.050037665422413745 -0.05402524065473633 
0.03927734272592617 -0.11958482128564558 -0.0721515157230485 0.015483780708466984 -0.060788590104369315 -0.03960976671066101 -0.036567026423746325 0.2739405968119023 
-0.056019653999065354 -0.12496234465157845 0.2786457816111134 -0.17600339178545069 0.007430494813801634 0.008929305570472595 0.12120232674434449 -0.05922251830396633 
-0.097288112463478 0.39163085060424624 -0.12450303074391238 -0.06633759311229571 0.07883604342883292 -0.0791077029248814 -0.049536608301764 -0.05369384648523514 
0.039453901092743646 -0.1198461440121616 -0.07209662585205906 0.015572134360270566 -0.06090676846657095 -0.03969471997505819 -0.036503088891148845 0.27402131174336286 
-0.05657649878375002 -0.12505460866217072 0.27822652619446886 -0.1765937480826426 0.009886380823591156 0.008750751381625892 0.12102885981995383 -0.059667662690947074 
Ip_0I_3
-0.022902241339373082 -0.09453932500211293 0.1710043234289508 -0.15593713312123073 -0.1413767009642686 0.1367031227359747 0.04633140750005277 0.060716546761782106 
-0.12585076985001242 0.771655559228704 -0.19383893360323903 -0.12005145130948583 -0.18300244213716726 -0.024139494292837266 -0.13274972319431896 0.007977255159780155 
-0.12258474160727587 0.1606855223944616 -0.08697587009665558 0.033591318045912436 0.05565284352858383 0.19571295250156023 -0.10069282231821937 -0.13538920244566185 
0.15885921008539516 -0.07636987301943275 -0.09687073675692112 0.2385623594500358 -0.03004286088654169 -0.11564386928722921 -0.08638207093630919 0.007887841348509785 
-0.15165721158927384 -0.15235060513714957 -0.027981022147672743 0.46198554323204444 -0.05431969335385662 -0.03271333247274136 -0.04436702328509752 0.0014033447534848732 
-0.05429990172171936 0.8555112365020542 -0.243160879560306 -0.11052452518780345 -0.0332722881273274 -0.15141003296461908 -0.15928118984454945 -0.10356241909339489 
II_2II_5
-0.8561180110868585 0.14231304597976666 -1.356605934591782 -1.2123764099956857 -0.7336557575815608 3.0326544230146917 1.7420312190236555 -0.758242574757161 
1.4187750338370257 -0.594885991555115 1.325167309634263 -0.6968276533390985 0.21372099614314344 -0.9558189011388007 1.1119919419775544 -1.8221227355612597 
0.4159616257587043 -2.0531925923092036 1.266151902460868 0.00825679190062026 1.968972600627655 -1.5396918728787274 -0.06610720663609534 -0.00035124893663119515 
-0.8635151916771191 0.1332000807798183 -1.2951422309757639 -1.2196310171929314 -0.746938312088056 3.025809793316697 1.7314546738377339 -0.7652377959872714 
1.4150481582629642 -0.5893698707134318 1.324008668880042 -0.6986926630387503 0.21621555961129776 -0.9540256683848327 1.11064231900216 -1.823826503622878 
0.4277157627319441 -2.0512450409482144 1.2750017394882944 0.020718305361924802 1.9171326241329425 -1.5359228685697541 -0.062445586655530426 0.009045064437152209 
I_1I_4
-0.3130989160953172 0.4706131309464226 -0.5042391957750052 2.51267237455372 -0.49439622789555426 -0.23810979922713787 -0.7937240313680888 -0.6397173351339709 
0.08766038006910815 -0.5432923158595565 -0.15192305222145852 -0.1196424552968883 -0.1230648302628777 -0.35051577529367894 0.07866481957939188 1.1221132292822755 
-0.4185156532752151 -0.7261359433464691 -0.08904131816717516 -0.24916180484424458 0.16072613012704579 -0.07973282718986736 -0.17241054273097645 1.5742719594226413 
-0.3141827487365339 0.4692779020682011 -0.4952335526926185 2.511609431722506 -0.49634238372556844 -0.23911267228036784 -0.7952737035388776 -0.6407422728124972 
0.08711431939809808 -0.5424840955185691 -0.1520928159110115 -0.11991571594859732 -0.12269932758546774 -0.3502530313783236 0.07846707323311716 1.1218635937061234 
-0.41679344071522245 -0.7258505887154282 -0.08774464274826378 -0.24733594769725442 0.1531305526035272 -0.07918059382916222 -0.17187404328927466 1.5756487043889298 
I_2Ip_5
-0.12461118182177844 0.7714344691134548 -0.19400196932315456 -0.1201709140797772 -0.1832949151104443 -0.02433169936990261 -0.13262724252254923 0.007603453117425288 
-0.1238125617224507 0.16103155350685136 -0.08727335102208449 0.03326193109576829 0.05798180615393011 0.1957684181406534 -0.1008722117405702 -0.1360855844111423 
0.1601415698146915 -0.07648203048497397 -0.09362727253695753 0.2391063935422592 -0.03520441159726403 -0.11553676452333254 -0.08629000910439559 0.007892524888220256 
-0.1499049824299498 -0.15155511456886736 -0.0336274149657043 0.46243703025756006 -0.05334170135535726 -0.03223151203785421 -0.04335998540677507 0.0015836805075989584 
-0.054750152074654355 0.8554433092041603 -0.24301870224553962 -0.1102141611727982 -0.033138866693296146 -0.15136968319995575 -0.1592016593429185 -0.10375008447258638 
-0.022378274739968746 -0.09447668260046141 0.17112323261464793 -0.15621952249282794 -0.1414446979003729 0.13673742852524434 0.04650233641121304 0.06015618018291341 
II_0II_3
0.4105365769153454 -2.0493293551164578 1.2752547243230663 0.017632843040696948 1.9190899453848458 -1.532768327304316 -0.06114007088019387 0.020723663624916063 
-0.8717111577761522 0.14315460500378618 -1.3586339904367384 -1.213077190730402 -0.7321592835390996 3.0346143044951623 1.7423940159251847 -0.7445813029346999 
1.3860632663255057 -0.5886277793058922 1.3251316269509006 -0.6964372573866681 0.2221828973004134 -0.9504856802457506 1.1111897355795437 -1.8090168092256655 
0.41030618606153546 -2.0496131853958066 1.277169058438415 0.01740689274438811 1.9186762500536616 -1.5329815085374625 -0.061469485478950946 0.02050579210318378 
-0.8718272341701172 0.1433264088110587 -1.3586700771906028 -1.213135277885976 -0.7320815884500016 3.034670156102126 1.742351980883796 -0.7446343680959839 
1.3864293579233522 -0.5885671213263788 1.3254072619029547 -0.6960491340064267 0.2205683015368018 -0.9503682917193866 1.1113037795387717 -1.8087241538493408 
I_2IIp_5
-0.16614139225784774 -0.8518662470369717 -0.2930313719834485 0.07007115165279135 -0.12820021252839373 0.06968085563801259 -0.3686132109584197 1.6681004274684104 
0.1243295602567163 0.00906214108208754 -0.7346098403118827 2.7316699449098656 -0.5634301321834525 -0.11438996946311218 -0.26877986871825543 -1.183851835565193 
0.9407613277180117 -0.6969975454843726 -0.41413536136504686 -0.030853475794088727 -0.13843092864968617 -0.5880920862012263 -0.09229175267805712 1.0200398224421667 
-0.09851408804647933 -0.633532418960609 0.11672124121927639 0.5894326441957922 0.16237873660137275 0.03218188680637633 -0.11996383365160515 -0.048704168162415615 
0.5582209624068032 0.38476330615224846 0.5461223609396093 -0.6733442083925677 1.1551789490807052 -0.7445131985913588 -0.3704641017559089 -0.8559640698394937 
-0.2500043188384932 2.593871354390586 -1.0790893296070942 0.17274381270529318 -0.7466614443958773 -0.18798887202864997 -0.44376578151303775 -0.05910542070262122 
I_2I_5
-0.4124185524607988 -0.7258423042704887 -0.08801641675308713 -0.24820727640956577 0.1524762576132166 -0.07947085109195506 -0.17108900094110854 1.5725681443118826 
-0.31250725681755226 0.47178109265601414 -0.5042861598968372 2.5124862463657665 -0.49383578152427776 -0.23773193045292326 -0.7933212749546802 -0.6425849353685708 
0.09239270249034723 -0.5419434205202587 -0.14950884747182208 -0.11752927994172328 -0.13547985064626414 -0.349288672897836 0.08028440912436927 1.1210729598562983 
-0.41062762548327897 -0.7236359697051735 -0.102897357351564 -0.24645086779113792 0.15569208895694664 -0.07781370188117917 -0.16852831989891975 1.5742617531486172 
-0.31160494519675647 0.470445587931221 -0.5040056420754355 2.5129377827509547 -0.4944397387967626 -0.23816608896478364 -0.7929945185416947 -0.6421724371001294 
0.08954691540349781 -0.54241494101753 -0.15165147623220512 -0.120546329527908 -0.12292890487713905 -0.3502011842812194 0.07939789649664436 1.1187980240338613 
I_0II_3
0.38237026214985503 -0.7060417576851274 -0.3219788567077354 0.009158888483953137 0.17846510177570135 -0.7321352926642579 0.23685779385977085 0.9533038607812991 
-0.37397841702428836 -0.9100247342679934 0.1906270081694276 -0.4896113877712388 0.6686193603193286 0.313937605699707 0.20191542557963776 0.3985151392943014 
0.1675874410880035 0.297878372277077 0.1327730900574989 -0.19993574518361015 0.4109979010579313 -0.1687879423450731 0.02749818963023379 -0.6680113065797086 
0.8294360310877466 -0.8549395862945612 0.30316073097797097 -0.5955928253365332 0.8633359264039789 -0.6590880644048727 0.31310884433558245 -0.19942105678063576 
-0.8123949547640164 1.3541045888673422 -0.612954925469539 -0.799477625349027 -0.45756104957317684 1.5625200576350007 0.46072479563243457 -0.6949608869696479 
0.2880215379910705 0.25119688751870733 -0.013403894553763618 1.264767151505431 -0.514845117209983 0.0663131362518223 -0.2811750684871936 -1.0608746330123031 
IIp_2II_5
-0.5457459978320695 0.44036030821025235 0.036689252634941855 -0.4459914074472319 -0.4965678016866643 1.11675858015629 0.3153866243451258 -0.4208895583711832 
0.17372366431857464 -0.6436226302416512 0.6306590199443612 -0.8633302619618202 0.47181696371294785 -0.024602943836474038 0.15358759546779377 0.10176859259473259 
-0.31314594825896447 2.2137243362810666 -0.8024632171048272 0.06265175001523145 -0.44331075378814205 -0.42499902070062406 0.0041054362296984535 -0.29656258266324786 
0.210914495516702 -0.5963074930387496 -0.17202890306613902 -0.02480211802119562 -0.15287084424405833 0.08683709132843466 -0.18456073777878507 0.8328185092979248 
0.09618344404813373 -0.3793721486963853 -0.014052491001246505 0.05045989571322065 0.2430389522873481 0.040416638860172986 0.5545520901613384 -0.5912263813718793 
0.4570516162232697 -0.7837918010835891 0.2144813778661391 -0.24795713505624642 0.8987595223701911 -0.5601774353684922 0.13044324898527457 -0.10880939394172842 
I_0Ip_3
0.15861487434843324 -0.07674453695824116 -0.09434328072007411 0.23839850261178083 -0.03051611067917652 -0.11593031956592659 -0.0869022179640904 0.007423088926499464 
-0.15002080737899298 -0.1527389860013506 -0.02808145329533834 0.4618814157627866 -0.054747842796765034 -0.03303627864473566 -0.04442982879702413 0.0011737811519736626 
-0.05495631081359217 0.8552525496111468 -0.2438205012340595 -0.11101042301775721 -0.029702428075257845 -0.15181160881464503 -0.159754645048745 -0.10419663260471695 
-0.023374073370706763 -0.09519425326433384 0.17542206247609352 -0.1563241014861531 -0.1422584485476061 0.1362061695671858 0.04548598453681217 0.06003666008843922 
-0.12432898368526787 0.7714368236819492 -0.19397499812156144 -0.12021293614483551 -0.183353872627828 -0.024407290559936356 -0.1328540356319723 0.007695293091675315 
-0.1228796585646228 0.160486731393734 -0.08736331981221646 0.03348866733234915 0.057628393100191355 0.1954272903434324 -0.10105366637754404 -0.13573443741388988 
IIp_1IIp_4
-0.05666592537654834 -0.12510760276176006 0.2782401731758663 -0.17640170443516423 0.009914001631055751 0.008701636015769842 0.12089871847612331 -0.05957929672528146 
-0.09741620281598544 0.391070121102725 -0.12152338005135283 -0.06663455927504529 0.07813269585411432 -0.07950572247032918 -0.05009962096315282 -0.05402333137945203 
0.03967004343659145 -0.11991140455114896 -0.0723870666523676 0.015272666352618647 -0.059844128234689514 -0.03987753826238433 -0.03670748119689795 0.27378490910715064 
-0.05683082179918211 -0.12531074710071946 0.27961030936883774 -0.17656342264115346 0.009617909668013229 0.008549056943561447 0.1206629483142467 -0.05973523275283663 
-0.09749928155695887 0.39119308532979685 -0.12154920823188974 -0.0666761336862956 0.07818830414796338 -0.07946574809598365 -0.05012970647993806 -0.05406131142539237 
0.0399320642316555 -0.11986799013815633 -0.07218978791215377 0.01555045583832837 -0.06099973428916372 -0.03979352039628181 -0.03662585712007706 0.2739943697852664 
II_0Ip_3
0.01740080019550412 -0.08218038628952991 0.053263345174273405 -0.03850844671419919 0.06768021513262519 -0.02786871962516824 -0.023134178281632445 0.03334737040749088 
-0.04808745053824997 0.015846595848001237 -0.012037007032831937 -0.06450682494515138 -0.030556095903669696 0.10275160338900119 0.06180836731528014 -0.02521918813205264 
0.021556741451842828 0.07559238209088005 -0.0020287585426140226 -0.03191542817367178 -0.006808271748216863 -0.05097314337138879 0.052093563074652516 -0.05751708478121808 
-0.018499183903909387 -0.05947340803567509 -0.006029381024164639 -0.06002295527254903 -0.012556624316041484 0.15920515384515577 -0.012962251147312531 0.010338649854411634 
-0.03806077225532639 0.13755798836247166 -0.05884847915396457 -0.06304980067753864 -0.03887973069178427 0.0878925888287224 -0.006442735175714277 -0.020169059236210696 
0.0006586033281598363 0.024796320272986627 -0.018371880772949326 0.08875912013474475 -0.028486768614614195 -0.03036543388549805 0.027322149992633247 -0.06431211045506531 
I_1Ip_4
-0.1229928349792957 0.16057780535982003 -0.08740433691509687 0.03320475221862641 0.05761498513625401 0.1955289091609165 -0.10086489623418322 -0.1356643837465328 
0.1578890701794509 -0.07649066804009184 -0.09444085612648655 0.23833912990662545 -0.030330754685687297 -0.11575938817588864 -0.08682224106896205 0.007615708010153059 
-0.1507300357747575 -0.15222232729220622 -0.02765192575596728 0.46228173944819756 -0.05659877643966442 -0.032569290574030366 -0.04418064617038697 0.0016712625601907603 
-0.05394810189273259 0.8558622414222941 -0.24584575448020782 -0.11013026715803956 -0.03272445886980851 -0.151161683223019 -0.15886748883820626 -0.10318448695802604 
-0.023433334164963536 -0.09454573107875648 0.17114170404384135 -0.15580531035734266 -0.14126387189895692 0.13677267472094407 0.0463510877983216 0.06078278093704498 
-0.12527760244132843 0.7714915274943112 -0.1938391292937011 -0.12021003774756994 -0.1831891045538564 -0.02422280109654842 -0.13266644004379333 0.007913587685524305 
other
-1.3051993934850994 0.8460103554199022 2.2066406804699494 -0.5393388717528224 -1.9540867310579417 0.6275326129011819 -1.872712644547424 1.9911539920494665 
-1.3005306425700072 0.8444790791881561 2.205990727948447 -0.53972928663756 -1.9555775547266938 0.6265523053275706 -1.872428773254395 1.9912441447258504 
-1.3082609545590393 0.8451914490826105 2.2034686550189027 -0.5422166867027317 -1.93930507322508 0.6261395963501181 -1.8740419826016896 1.9890249966407354 
-1.3073208603491737 0.8433968118584461 2.2242681006679876 -0.5414194494260476 -1.9578960877324592 0.6255696143067658 -1.8757459340384202 1.989147804710167 
-1.301599488048211 0.8460610694410647 2.205658436756328 -0.5402641601910299 -1.9548621289393726 0.6270665936879325 -1.8728158369978705 1.990755514303524 
-1.3048899388314592 0.8457499950902084 2.2060067350053085 -0.538642799656633 -1.9541724664167157 0.6272205240984311 -1.8729918520323412 1.991719802753601 
Ip_0IIp_3
0.0019069377764703822 -0.039711940423657145 0.009929293976427967 -0.03996770975900227 -0.021270994225968867 0.09570492791138097 -0.008448638110550646 0.0018581228545168156 
-0.030124784588223333 0.03539213088345705 -0.008426108822809458 -0.022221181719619964 -0.04177602469587435 0.04812905833693967 0.04763384656860549 -0.028606935962408056 
-0.026948066736117753 -0.059571535897943055 0.10929525816081803 -0.07509406578465858 0.0083023048854018 0.044794997818647715 0.043154247121112876 -0.043933139567215916 
-0.0120645837077884 0.2297407332070668 -0.04725344660525848 -0.012179822495159684 -0.05020678981846727 -0.037693316149294116 -0.0300396636054131 -0.04030311082509594 
-0.006740637190849823 -0.04215491459806866 -0.015653071102000506 0.07306973151770918 -0.02436079687394151 0.0018245920080861085 -0.010893778715179934 0.024908874954240934 
0.011132364259537163 -0.0407301113643166 0.06266117915741529 -0.01816449654292322 0.017144218555730745 -0.012361549704272206 -0.007957116333274443 -0.011724488028447808 
Ip_1Ip_4
-0.025303113295407343 -0.05927974836586178 -0.020869894127221636 -0.006000110794903566 0.10345686765688247 -0.028153199387052897 0.07884371036002708 -0.04269451204618346 
-0.02574461966816022 -0.05650306698556958 -0.04153039060475987 -0.06507466522543029 0.06911921075170632 0.13930529841844808 -0.025218070627469332 0.005646303940969912 
-0.04284766322514608 0.27687785788523245 -0.05258940844134233 -0.07259013988677052 -0.06780898036283933 0.02347263835706205 -0.03503716138727982 -0.029477142937652294 
-0.02504777958020013 -0.05896518969955275 -0.022991480263679413 -0.005749698386358136 0.10391535098681234 -0.027916938461863394 0.07920878845203426 -0.042453053046553 
-0.02561597646756824 -0.05669347083066511 -0.04149039698218843 -0.06501028936629101 0.06903310413989316 0.13924340013501102 -0.0251714847364708 0.00570511410842864 
-0.043253389085861085 0.2768106328771788 -0.05289488452635449 -0.07302028276211535 -0.0660195832231269 0.023342540969124324 -0.03516355211439148 -0.029801482133283576 
IIp_1Ip_4
-0.026913069059149267 -0.059567443454131494 0.10935219059503777 -0.07505031824275114 0.008163308809572533 0.04480492048427814 0.04315070219741068 -0.04394029133023951 
-0.01174898370387485 0.22966723067950684 -0.047438897844124236 -0.012168047895301138 -0.05025770806815489 -0.03773869277499157 -0.03000903954703533 -0.040305860845295596 
-0.006960345078664073 -0.042210089667618904 -0.015814260881368912 0.07291591976712401 -0.02343134562105462 0.0017390615142111837 -0.010991730990515416 0.0247527909581049 
0.01100296088182323 -0.04089363666814065 0.06378738326221452 -0.018284583264515625 0.016913244410001017 -0.01248394759084138 -0.008159103026441041 -0.011882318004268642 
0.002135598866185137 -0.03971265572814377 0.009894456576276162 -0.04000933950408342 -0.021314519028718483 0.09567239827814057 -0.008471500355432423 0.0018055608956177099 
-0.030145676038359544 0.03538698588126947 -0.008433017710745378 -0.022158400113784997 -0.041762268174126836 0.048115604202677194 0.04759730357201008 -0.028600531618557648 
II_1Ip_4
0.0006542838514941125 0.024799911146707085 -0.01836588265693555 0.08874909757813798 -0.028486039547027536 -0.030361208449610183 0.027326952580901023 -0.06431711450338379 
0.017440547094555205 -0.08219325740199539 0.053255736883193586 -0.03851302482818074 0.06766703834043229 -0.027876871750973132 -0.02313046499852168 0.03335029666100744 
-0.04817322611854466 0.015859215142153958 -0.012058087218385886 -0.06452785873256216 -0.030410470495899105 0.1027522982635357 0.06179461664628747 -0.025236487485836085 
0.021576804626246133 0.07558055850532826 -0.0018390621325686184 -0.031898151008804616 -0.007028310135343108 -0.05097213167001114 0.05208555754281497 -0.05750526572716892 
-0.018441802532462463 -0.059439623852806066 -0.006262754467593602 -0.06000582360051177 -0.012515476983282441 0.1592262478830259 -0.012923509348401977 0.010362742901827206 
-0.03810403964756938 0.1375554063440362 -0.05884352882774788 -0.06303333383543022 -0.038871017864986174 0.08789607669802604 -0.006442559682039242 -0.02015700318362244 
I_2II_5
-0.8116359489961935 1.3544146247180169 -0.6153875229828178 -0.8010093071389017 -0.45815930617247475 1.562697759930369 0.46224132148870334 -0.6931616208342242 
0.26599057899131184 0.25885153968724184 -0.012674099432217157 1.2652672386523434 -0.5081998848689856 0.0712258355826855 -0.28104197605617676 -1.0594192325531337 
0.3975350097945987 -0.7017930935993857 -0.30904489309148303 0.02157169074799446 0.10675958390110071 -0.7252060163515848 0.24478529481707936 0.9653924237743359 
-0.3629036213365963 -0.8972774714104427 0.10334214388364088 -0.48107415767567635 0.6862977789330781 0.32351982652760375 0.21807473253789558 0.4100207685398483 
0.15038789250240384 0.29786280289745193 0.1348654424144679 -0.1971945334815682 0.4155896421884352 -0.16645293002740943 0.029396863394214483 -0.6644551798860202 
0.8281693657436588 -0.8536251804354885 0.30552270177130225 -0.6005845187331519 0.8628665439753869 -0.6575476412021047 0.31569561463755824 -0.20049688576191632 
I_1II_4
0.2882641365570548 0.25101555982066187 -0.012401860092355808 1.2654740305263543 -0.5146664176270845 0.06613725723581451 -0.28187000338148677 -1.061952703036198 
0.39207761914353795 -0.709312506377158 -0.322239138365825 0.009006721971061917 0.17562029425145226 -0.7342753775903726 0.2367662338952355 0.9523561530659183 
-0.37955335539736534 -0.9119902333337827 0.1851773540908782 -0.4948581281685263 0.6987244700468687 0.31086653674669007 0.1985700374366988 0.39306331858029236 
0.16320059367869025 0.29233022580173007 0.16938223410974207 -0.2037941542318831 0.4048220040047754 -0.17305667698600902 0.02053688683671872 -0.6734211132108371 
0.8367713639786124 -0.8552380459892303 0.30387466738861285 -0.597027377616502 0.8615893551517833 -0.6603660998310903 0.3119462906651249 -0.20155015375127006 
-0.8112151073694999 1.3534229450012065 -0.6132745950104627 -0.7975070694968048 -0.45762124163668744 1.5616951503601781 0.459478578117107 -0.6949786599559735 
II_2I_5
-0.3612285863630154 -0.9108759987847215 0.19161007692417523 -0.4894214264871132 0.6671202100784417 0.3123177687469484 0.20197886436599713 0.38849909151393963 
0.18698445832309893 0.2946762993081628 0.13249398822853783 -0.20059496684794637 0.40866822645849393 -0.17199405879057703 0.02785879145409468 -0.6780927381340861 
0.836716893343585 -0.8571849902139451 0.3008467530263526 -0.6001043821808177 0.884956146704842 -0.6629990908211051 0.3107631199954836 -0.21299444986546912 
-0.8030944107304523 1.3492752940309565 -0.5841738578443759 -0.8026224177672975 -0.4650072173792137 1.5578492948168345 0.45596323205661393 -0.7081899171699634 
0.30604665253653457 0.25054464442314645 -0.013970034310025537 1.2635980182910218 -0.5174369028820462 0.06402012144722229 -0.28132724762356687 -1.0714752518813673 
0.3951716478708045 -0.7071607364662307 -0.3219357872918308 0.010484308818619356 0.1769701382331725 -0.7341560800948461 0.23645386657569467 0.9441726423454204 
IIp_0I_3
-0.2590512863002397 2.5943719815069826 -1.0798927621771988 0.17263562575316332 -0.745663801000098 -0.18688764136775612 -0.4438212908054064 -0.05169082559937123 
-0.18119170675819288 -0.849384927261313 -0.29295557939252587 0.07041185758665533 -0.12528654522878782 0.07206080568241596 -0.36901180806899786 1.6753579034384276 
0.11952517106748611 0.010518249909577263 -0.7313511501703286 2.7351682313209817 -0.5814708881017238 -0.11155348381650697 -0.26709108844090396 -1.1737450417621873 
0.9341838591489793 -0.6931901226041244 -0.437705928998623 -0.028559470437619836 -0.13145955398283785 -0.5845558343920845 -0.08853895355976865 1.029826004810059 
-0.11235134192454113 -0.633269915276666 0.11851981189883569 0.5903054123364027 0.16409564508445565 0.033758595913594064 -0.12008981556607812 -0.04096839246522873 
0.5490197187324324 0.38562034011244445 0.546105370073247 -0.6744633580242679 1.1562356686893507 -0.7430235154917378 -0.3701489997651871 -0.849345224325871 
I_0I_3
0.08518965564119074 -0.5424459324799683 -0.15202482277393847 -0.11970535598904117 -0.12237973768533907 -0.34995520538358077 0.07879326171757545 1.1225281369493039 
-0.41871120278809104 -0.7251044063948799 -0.08762152689923115 -0.2478139243778009 0.1536323912618412 -0.07860988399249298 -0.1715597232012857 1.575788276391099 
-0.31208659565360214 0.4709708519669798 -0.5035355738810043 2.513441961132632 -0.49977328309734037 -0.2375505400351693 -0.7929738799824387 -0.6384929404425613 
0.0859503850810231 -0.5415087509650262 -0.15834577820491377 -0.11895928886224619 -0.12101375369639475 -0.3492513005305823 0.07988095846861437 1.123247528704439 
-0.4183279291970693 -0.7256716867886481 -0.08750237175336184 -0.2476221259260593 0.1533758492122741 -0.07879430087019836 -0.1714209273563214 1.5759634926789312 
-0.31329539648364685 0.4707705648928229 -0.5044456951744195 2.5121604133805713 -0.49444203617154303 -0.23793814616474068 -0.7933504426584952 -0.6394592616137276 
Ip_2II_5
-0.04814785790583442 0.015866965202855573 -0.012035588211895154 -0.06450599946596461 -0.03053844004459914 0.10276493954659949 0.06180906259473997 -0.02521308171544436 
0.021589500751983653 0.07560524760921472 -0.001994808324769659 -0.03188276473987622 -0.006994924657061885 -0.050953625188403635 0.052114379277804525 -0.05748300472846268 
-0.01847071777994348 -0.059438548335380106 -0.006255972072379437 -0.05999792950500706 -0.012524171962443823 0.1592322852013587 -0.01291830272433901 0.010373357178049722 
-0.03810557928114717 0.13756092039936577 -0.05886017669970059 -0.06304016736385065 -0.038867379174665165 0.08790135014003139 -0.006434165181287605 -0.020154802838026675 
0.0006497845978561174 0.02480056845256759 -0.01836969934745721 0.08874711552193526 -0.028486118978942526 -0.03036008983135697 0.027330067060552216 -0.06431162747478383 
0.017399127427748177 -0.08217912487299939 0.053257167859250575 -0.038513242088933454 0.06767910303253719 -0.027867473317429132 -0.023129618999479157 0.0333540609584557 
I_0IIp_3
0.9318389301340904 -0.6967421022016743 -0.41377680726542315 -0.030412547243412833 -0.1361148783970332 -0.5872683412765731 -0.09326861863745199 1.0257443648740199 
-0.10074466928019495 -0.6355811552661673 0.11768836979427631 0.5893784328705056 0.161212022168253 0.03157311974772804 -0.12066341306109529 -0.04286270697689681 
0.5454459162342182 0.3839211192964492 0.5421425218911352 -0.6768417928917676 1.177318060403632 -0.7455972390089631 -0.3732364119633265 -0.8531521739659553 
-0.26168796709856035 2.5904605779618644 -1.0535394539725735 0.1704964203931031 -0.7508430018988171 -0.18987010690705625 -0.44896810480643495 -0.056048363662357714 
-0.16973202560338252 -0.851478606239398 -0.29383271938176564 0.06941132037828757 -0.1280717802077335 0.0699460563086178 -0.3696386359677262 1.6733963907066483 
0.11641496282358275 0.008895842357193881 -0.734964952428687 2.733281290304015 -0.5624331139799962 -0.11397855424700913 -0.2700340828915632 -1.1771813919357266 
IIp_0Ip_3
-0.0120377196619704 0.22976401428317372 -0.04741154964492145 -0.012151792253926992 -0.05016793552298326 -0.03767647506301429 -0.030018265441541958 -0.0403002766939957 
-0.006601711911010246 -0.042212497577605694 -0.015653734889381068 0.07307252060468966 -0.024404945445724826 0.0017916916121172798 -0.010890651045752674 0.024899328652542956 
0.01102568342577958 -0.040759093669308806 0.06256657262781028 -0.018266771916828572 0.017677661666786356 -0.012410764420663875 -0.008010203857951927 -0.011823083855764763 
0.0018370187125820335 -0.039807891411694454 0.010575368730530606 -0.04003459722806269 -0.021405925998575437 0.09563221534422496 -0.008565621174557055 0.001769433025171818 
-0.030034620941616564 0.03540671963507103 -0.008441932014954892 -0.02224279401578726 -0.04178753493914206 0.048119620210231 0.04761931606322573 -0.028638773996563695 
-0.026900958986026416 -0.05957503686252387 0.10931644098322961 -0.07503329741386201 0.008157484965140537 0.044795095938770964 0.04314906743964177 -0.04390879606428963 
II_2IIp_5
0.2137132275544346 -0.6002655913113034 -0.1469579223105865 -0.026736729464095606 -0.15831064255688918 0.08339670406348691 -0.1893330891775789 0.8244940431955293 
0.11507641427697236 -0.3825788376785895 -0.014877592345824921 0.04934899456365826 0.23891513641030787 0.037180211190270505 0.55418745057393 -0.597251776991205 
0.45750702259384285 -0.7861151936169734 0.2095290479211289 -0.25144156370503234 0.925164830965825 -0.56396050954463 0.12690908656906952 -0.11759272118957678 
-0.543990722918521 0.4351167217244298 0.0704303934100508 -0.44894936440275995 -0.5038812565849429 1.1123526794049936 0.30912232999744954 -0.43020078062192235 
0.19209091602251122 -0.6460512071418967 0.6296704790386627 -0.8647042441101246 0.4680450346109657 -0.027586415468663396 0.15303257608753246 0.09550286095819721 
-0.3110324861177824 2.2116756681942356 -0.8061671760817054 0.06092516070011169 -0.4242180681743415 -0.42825043361062193 0.001087787289048834 -0.3040204521894638 
II_0IIp_3
0.45642847120269575 -0.7842339744887952 0.21467586921644136 -0.24636461081860966 0.8989864517635484 -0.5605930046585091 0.12934809971259 -0.10824730193656358 
-0.5430822151984972 0.4390510431563986 0.03721081736200049 -0.4456324810617669 -0.497407822137331 1.115981007565621 0.314887097072636 -0.4210074467578266 
0.176464675514282 -0.6464011690144007 0.6283198560291932 -0.8654599406555418 0.4818857538214868 -0.0270092315108394 0.1521873036442273 0.10001275216711933 
-0.3199260418619424 2.2104703711382028 -0.791677474114722 0.057850302701316886 -0.42635740877151274 -0.4284048313870465 -0.0007867787481479429 -0.301168138946002 
0.20991443358887046 -0.5998344803729043 -0.14836165541926696 -0.027629804444902765 -0.15820296484163804 0.08386003586244356 -0.18939498821218806 0.8296494238348946 
0.10017505724963394 -0.37960743939672226 -0.014822648597506422 0.05045060736819255 0.24228211659676901 0.03954946346723162 0.5534695395667942 -0.5914966962563627 
II_2Ip_5
-0.03775639350197367 0.1375398275040363 -0.058825129696382594 -0.0630431179707743 -0.03891233946150346 0.08785721543969797 -0.006428359507750763 -0.020431702804619933 
0.0011095862937181176 0.02474765645285662 -0.018367552404011778 0.0887365199645007 -0.02856162541929 -0.030424799793890067 0.027345135396584154 -0.06458492049008349 
0.01768185050461606 -0.08221632210992934 0.05320293846307753 -0.03857818349188124 0.06797022363074076 -0.027941313400563102 -0.023151002822502702 0.033031809226040106 
-0.047844297215954415 0.015789664425895442 -0.011621439071870743 -0.06455369578338221 -0.030665325833748307 0.10267858783705085 0.061749633167860814 -0.02553312752515328 
0.02202631544234427 0.07558635850552868 -0.0019998077646300226 -0.03190486349546422 -0.007055044872932421 -0.05100727466598776 0.05212112327079419 -0.057766806419198416 
-0.018115496331289643 -0.05946373326531477 -0.0062556165359225185 -0.05998600950689657 -0.012552795289580481 0.15918169196957435 -0.012917102032090386 0.010109060991135673 
IIp_2IIp_5
0.040370980184729566 -0.11986185527290602 -0.07219151884589357 0.015449689687260336 -0.06106238760830725 -0.03981632397238128 -0.03654485222928429 0.27365626805615595 
-0.0563939241657269 -0.12505907062754165 0.2782157524969919 -0.1764323973020841 0.009905664103815838 0.008694672476958602 0.12094640994534334 -0.05987710692748418 
-0.09719089595485553 0.3912085372203277 -0.12139412009643184 -0.0665331629717719 0.0775746362018955 -0.07941960789272855 -0.05000800832951426 -0.05423737817507475 
0.040457755441487005 -0.11975495239475978 -0.07291254067389151 0.015534792436141573 -0.06090657188035859 -0.03973603061031744 -0.03642078030575598 0.27373832798572784 
-0.05635020472675148 -0.12512377944424588 0.2782293443443116 -0.17641051914271022 0.009876400740156274 0.008673636322590673 0.12096224217750902 -0.05985712027047266 
-0.09732878203769438 0.39118569077661547 -0.1214979362561712 -0.06667934718600184 0.07818276347713506 -0.07946382153784116 -0.050050962264583505 -0.054347604969887046 
Ip_2Ip_5
-0.04316956996588844 0.2767674788051315 -0.05290132654601666 -0.07289535510767642 -0.066021758021497 0.02329160786871206 -0.03523931005015813 -0.029831766981203173 
-0.025170096397749923 -0.05931991809572983 -0.020812070275724813 -0.005966189007012222 0.10343740882339682 -0.028184720958307916 0.07880681297670349 -0.04279122706542933 
-0.025192813471342102 -0.05671434709407735 -0.04159748987520178 -0.0651337873729922 0.06922160888059169 0.13914814842762485 -0.025250670964176002 0.0055193514696659325 
-0.04320884935018616 0.2767190885221381 -0.05257495132743634 -0.0729338774204087 -0.06609228902399468 0.02325526255619404 -0.03529547201318025 -0.029868911941990345 
-0.025189886286023453 -0.059290627229047044 -0.020818222713739478 -0.005976092298057602 0.1034506550752854 -0.028175198806200067 0.07879964641392034 -0.04280027415563109 
-0.025130398439440923 -0.05670400550283794 -0.04155049681552144 -0.06506761613796035 0.0689463361152251 0.13916816202151194 -0.025231227586231215 0.005569246344995434 
Ip_1I_4
-0.054250921243241455 0.8554708666856558 -0.2432059516387835 -0.110408407844787 -0.03327679154020189 -0.15145689428951756 -0.15934293470649802 -0.10352896541826481 
-0.02314835370374899 -0.09446180766839672 0.17107881483626786 -0.15589223334392413 -0.1412887127646849 0.13675104572282332 0.04629130567310725 0.06066994124826612 
-0.12505620407580853 0.77149092806067 -0.1937135675554236 -0.11992308966152891 -0.18399772927976998 -0.024199330060810726 -0.13266435767063692 0.008063350246012206 
-0.12286810979147009 0.16071314461262912 -0.08831703228166601 0.033345915569016955 0.05783036167147614 0.1956293061248756 -0.10072903566298713 -0.13560455024022558 
0.15838945775122912 -0.07672556709322625 -0.09443677785629104 0.2383600013292399 -0.030499777104532208 -0.11588466299695119 -0.08680401726674528 0.007601343236357255 
-0.15118800666438215 -0.15233549190372586 -0.02803786964364019 0.4618484331134051 -0.0544111381233075 -0.03276366161868234 -0.044390199244896476 0.0012779340853429724 
Ip_0II_3
-0.018473739731212833 -0.05943934254618449 -0.006259158383299809 -0.06000079912612045 -0.012509661775836182 0.15923092626874696 -0.012919564707188632 0.01037134000101777 
-0.03811291855092112 0.13756008195925964 -0.05884219864371314 -0.06304181546386663 -0.038869460506336176 0.08790053166825108 -0.006437419900578442 -0.0201568005616024 
0.0006567440852415226 0.02480154788210035 -0.018367173498074475 0.08874939469834042 -0.028503486302666817 -0.03035897428239025 0.027331501979831127 -0.06430955456166838 
0.017401798849863828 -0.0821764364846793 0.053236687378709284 -0.03851026492274331 0.06768328271505149 -0.027865566700825014 -0.02312644422993524 0.03335694339388074 
-0.0481519130675296 0.01586691861087165 -0.012034555491341992 -0.06450500304300696 -0.030537581915515165 0.10276547233835091 0.06180922248127206 -0.025212559912517828 
0.021593726193784184 0.07560404578763008 -0.0019948051447521995 -0.031883971952816635 -0.006996305396449454 -0.050954228311389405 0.05211501564494433 -0.05748347682034281 
IIp_0II_3
-0.31847056079106273 2.2127056039875557 -0.8067562123084848 0.05882288112468437 -0.42353671814728094 -0.4266956911963639 0.002319566329641969 -0.29838886898774886 
0.2000853075223484 -0.597494591253198 -0.14776052784539442 -0.02700756498279722 -0.1556289508963371 0.08580143798838206 -0.18902002108709168 0.8310249105510702 
0.10413345177550883 -0.3780515545769034 -0.010849398447054775 0.05338649052131527 0.2207729450032647 0.04196589820298256 0.5563173069917946 -0.5876751394702886 
0.4592721921896987 -0.7802884978660514 0.1880621460746685 -0.24403054944047295 0.9042998992064333 -0.557599322601935 0.13443936080307564 -0.1041552283749389 
-0.5522119129662496 0.44035571364903536 0.03802938877476816 -0.4446602324470333 -0.4953019666393182 1.117585871025636 0.3155153499549772 -0.4193122113477663 
0.1782171536198362 -0.6452107840638047 0.6306322440627254 -0.8648627283235013 0.4701054679504753 -0.025300131436262915 0.15434788938516156 0.10207088880513017 
Ip_2IIp_5
-0.006775141089268292 -0.04215574968176677 -0.01564121381929548 0.07308011997676805 -0.02435285716677342 0.0018287989950332001 -0.01089423543433051 0.024910278219341647 
0.011196843336110044 -0.04074990581984701 0.0626603230714253 -0.018175462543847082 0.01712405828087776 -0.012372910156126241 -0.007951788296614429 -0.011731157872240983 
0.001863455715170681 -0.03972403811582688 0.009886075755941573 -0.04000762019325384 -0.02105839883081297 0.0956846114224008 -0.008469179661940133 0.0018250939082643507 
-0.03020012467391572 0.03536914653372035 -0.008164441049371371 -0.022245855412209654 -0.04181581786436911 0.04811008270561609 0.04758608753813839 -0.0286390777769187 
-0.02686618421918618 -0.059563195376049906 0.10931428736266646 -0.07507799255460994 0.0081479904596456 0.04480152016757546 0.04316422004472277 -0.043920645884679345 
-0.012039067221929909 0.22976204167278436 -0.04743146639900168 -0.012148219404712618 -0.050170608522361264 -0.03767904727113416 -0.030015664920583128 -0.04027796793194058 
Ip_1II_4
0.021594770242423657 0.07560324167180645 -0.001992055605403002 -0.031881097874475406 -0.006995792722905886 -0.050955056937682604 0.05211252122980467 -0.05748653000303034 
-0.018445899499634374 -0.05944875705124075 -0.006259475952044102 -0.060000976252739736 -0.012517720331263504 0.159224748587559 -0.012920095302655149 0.010368175801618182 
-0.0381247805046635 0.1375530901464045 -0.05885790885202905 -0.06305689230087932 -0.03878458632012174 0.08789085409705498 -0.006447010842215887 -0.020172765422762647 
0.0006416700272419899 0.024784921936101895 -0.018264789367421118 0.08873616066072929 -0.02850843130973003 -0.030372428949975792 0.027310193550881153 -0.06432729654707128 
0.017421043477756377 -0.08217958733273956 0.05325422565684853 -0.038515887303388 0.06767510734786376 -0.02787095794440735 -0.023132630202157545 0.03334868629976267 
-0.04814537617444274 0.01586494998906857 -0.012035882619533192 -0.06449990215061716 -0.030538341881288622 0.10276265646947473 0.06180530237352487 -0.025213406005866013 
Ip_1IIp_4
0.01112745120089744 -0.04072618112233618 0.06265786320519451 -0.018176986573850612 0.017143384631448447 -0.012357208820858813 -0.007948434109564388 -0.01171988841121573 
0.0018617385226853416 -0.039696340177266226 0.009925846652501756 -0.039969817817499365 -0.021258836921755554 0.0957153272925692 -0.008445300422729512 0.0018673828712742963 
-0.030143655296666287 0.03541600051709097 -0.008399855798802263 -0.0221964321291604 -0.04190027639550933 0.048152807522321636 0.04764938561949269 -0.02857797403839837 
-0.026900561384727396 -0.05953794505717773 0.10915314235754617 -0.07505254584121146 0.008192370314148212 0.044828041433135735 0.04320125747546909 -0.043883759296899374 
-0.012079263568055366 0.22976705234363967 -0.04742504791774592 -0.012156759765554115 -0.050164261868375463 -0.037668616803182536 -0.030003270959541254 -0.04026983146064593 
-0.006780383656997349 -0.04215159191329272 -0.0156471252015637 0.07306653709145461 -0.024354136314283736 0.0018333221227885392 -0.010884217297944667 0.02491759516979015 
II_1I_4
0.16729563933053232 0.29780557350459375 0.13245015202561986 -0.20022085043890459 0.41237687739155693 -0.16891473004433225 0.02739017128577256 -0.6681828330516487 
0.8285516064883686 -0.8549571313595509 0.3048793632412788 -0.5957463944294956 0.8631921252284334 -0.6591252919491324 0.31279995379203906 -0.19959423101606133 
-0.8116169284993758 1.354232567204211 -0.6126104797240131 -0.7991604441255661 -0.4597930924186383 1.5626831118797253 0.46092533627027327 -0.6946600705767827 
0.2883545315231115 0.2515573734707138 -0.016059012653075314 1.265119869343585 -0.5143023908557485 0.06657369088365267 -0.28074259900444903 -1.0605014627031506 
0.3818402233598202 -0.7060453003031191 -0.3218617019716041 0.009278035016665853 0.1785735593146973 -0.7320637578309442 0.23688924451095686 0.9533896978960511 
-0.3735917773767556 -0.9101262549750698 0.19063255234237356 -0.4897651475051641 0.668487737669579 0.31389494401481566 0.2019991061179879 0.3984688397074983 
