II_0I_3
0.8292670638625198 -0.8551254225743375 0.30358293552684906 -0.5950648662057428 0.8641018706199036 -0.6592790050275091 0.31200869241725304 -0.19949126862487523 
-0.8086926315605237 1.3541278314355303 -0.6137280317847672 -0.8017782375374235 -0.45772939979012583 1.5630953382996393 0.4602228395576276 -0.695517708613734 
0.28648399457820223 0.26288898911207814 -0.015210782703435628 1.2640691855722852 -0.5172818987991122 0.06451748565629004 -0.28231011183055543 -1.0631568615824116 
0.38051910508439 -0.707290049802243 -0.32256510677817746 0.00774688363822803 0.1895110399018738 -0.734209411229064 0.235046280810332 0.9512412583685932 
-0.37014345304397167 -0.911023100670345 0.18974152616224133 -0.48924747285317405 0.6670657993720742 0.3134480297768953 0.20173395621124754 0.39842471504431226 
0.1671023565726488 0.29837515232194817 0.13248350770540837 -0.20148583313308358 0.4130039871731192 -0.1684501017972898 0.02721052111639976 -0.6682395899581208 
IIp_1I_4
0.5492158779585076 0.38519041951916355 0.5462654356492985 -0.6733623007789926 1.1559824363702056 -0.743473787370143 -0.37071542010676695 -0.849102661242158 
-0.2601376194454886 2.594286280761738 -1.0790658052536384 0.17362511116569274 -0.7454835963427686 -0.1871044470857797 -0.4441161007472628 -0.05200382304517483 
-0.1749873995633938 -0.8545395162236077 -0.2926779334574284 0.07051582753245214 -0.1263963410050775 0.07122186765471651 -0.3687791927699271 1.6756426878264608 
0.11590271637182378 0.009720045812049057 -0.734612707250828 2.732258256957636 -0.5653152708822082 -0.11283936429609796 -0.26873832795475244 -1.1763753487493283 
0.930371310886324 -0.6963916811504554 -0.4142604901772066 -0.0309296475925946 -0.13580888998919796 -0.5870171286922834 -0.09279485401457732 1.0268313807186653 
-0.10787958442640312 -0.633438060392757 0.11790565050064586 0.5898617131052613 0.16309177676244002 0.032984852670155565 -0.12060422023864037 -0.041922127983131365 
IIp_2Ip_5
-0.030034559013292102 0.03541514035611886 -0.008689786373002382 -0.02207762231781951 -0.04154498512395851 0.04812370172698107 0.04747516917217002 -0.02866705842666182 
-0.026082765207735798 -0.05956390194850351 0.109170768279041 -0.07554258544412318 0.008119627620655979 0.04492503289614811 0.04307921663333524 -0.044105392828828284 
-0.012243326585520345 0.23222051821589687 -0.04780375624971453 -0.012331630579013975 -0.05069842749722598 -0.03805828670182734 -0.0302275323662665 -0.04085755823562287 
-0.0070346893503973225 -0.042421552604697925 -0.01577891498829753 0.07277053756817242 -0.02205436013790425 0.0013805157687299297 -0.01125754602535609 0.02439600976972294 
0.01197175951853244 -0.04091120694926201 0.06248192640400958 -0.018099111248789452 0.016829342625196267 -0.012455364575258289 -0.00798269894911236 -0.011834646825395886 
0.001994646253800655 -0.03959581349351497 0.0099184634813347 -0.04024834430256904 -0.021159350927049056 0.09578981350485932 -0.00846753281621049 0.0017681182990794025 
IIp_1II_4
0.17881491582095174 -0.6456782202249719 0.6301288108425438 -0.8632515717348057 0.47037792593877414 -0.025851462047571234 0.15329895168167268 0.10216064971995945 
-0.31751363317234865 2.212605014376252 -0.806210506223093 0.05871696799087383 -0.423434893750853 -0.42664418278652155 0.0017528276343516773 -0.2992715940619935 
0.20660244404745987 -0.5969808606820506 -0.14841283840404118 -0.02732728190412696 -0.15824773305618475 0.08385810117618721 -0.18932529091351344 0.8298334597315307 
0.09940042117487678 -0.3796430088036032 -0.014868835835087664 0.04931199798502829 0.24495000606992784 0.03935119505203085 0.5535087221346604 -0.5920104977744103 
0.457168458879971 -0.7843806523678223 0.21406990928713707 -0.24651354667722564 0.8985729484353129 -0.5606330435564344 0.1295539422667079 -0.10783801627241373 
-0.5469099302282415 0.44046269081342276 0.03732086506452387 -0.4458787896440478 -0.4961479738292256 1.1169268762104554 0.3148789339939088 -0.4206526723784264 
IIp_2I_5
-0.09290558641965051 -0.6339693328801105 0.11742910776278094 0.5895653054001638 0.16202614586011915 0.03136355899808606 -0.1203916033556667 -0.05311759536509512 
0.5661482882203237 0.38449951782786085 0.54577177442369 -0.6747973097201526 1.154356504067876 -0.7448651620582751 -0.3704919606708753 -0.8606216520924096 
-0.24512500872909473 2.6002399839804387 -1.0800209815282675 0.17223547064532235 -0.7487604405199101 -0.18968659520728018 -0.4441574007163682 -0.06472502791672442 
-0.1614467982264406 -0.852854478548489 -0.2932556778662904 0.06914241884304939 -0.12262676550563881 0.0678310501526481 -0.3693840154959598 1.6625942666383353 
0.13235408294432383 0.008184962552335386 -0.7350176037569366 2.731743644325465 -0.5650552100742019 -0.11535821738615787 -0.2686175231864614 -1.1882341354163322 
0.9461708655190376 -0.6970096077412066 -0.41425538424353464 -0.03191928516784703 -0.1376999399035615 -0.588597985519336 -0.0922226296674283 1.0155339667166443 
II_1II_4
1.386331081275709 -0.588705682811319 1.3288137343796167 -0.6980057729986374 0.21760246323310173 -0.9503249124895407 1.113462303355532 -1.809173213945549 
0.40159388437525634 -2.0493889493324726 1.2771377404204365 0.023567720857723986 1.919357176961404 -1.5344251929097679 -0.05987402200534871 0.0220316416223978 
-0.8680348726238679 0.11212762046851202 -1.3538422561627337 -1.210961392299121 -0.725521007986497 3.039412383182828 1.7452703251231143 -0.7384507996911422 
1.3913366430155876 -0.5852269359855266 1.3271065022462816 -0.6923243418316227 0.1911916315001257 -0.9448239053477936 1.1161111894189508 -1.8033707830211254 
0.40150712803975486 -2.0470640705160243 1.2775196013204457 0.016609433332525864 1.9228656382715068 -1.5317192354937668 -0.06063056232650884 0.02091206735979732 
-0.8716757080338724 0.14178437386587325 -1.358512768844138 -1.2095838005353312 -0.7336418812799669 3.0334649116129904 1.7427534718219233 -0.7445885986068395 
I_1IIp_4
0.11543901966738487 0.009489575098826154 -0.7367067272426033 2.732925144376315 -0.5606994122102112 -0.11338973631464781 -0.27040071921560255 -1.1766571441601419 
0.9363429274390281 -0.6965785841301675 -0.41559190229987186 -0.03421922623830811 -0.13634382972121056 -0.5861760607891301 -0.0935417776583457 1.0261084533904594 
-0.11031631002631595 -0.6155676805135247 0.11518373071319378 0.5883181221227994 0.15957223347039595 0.030451274918136234 -0.122271061432041 -0.0453703092543118 
0.5464095917848266 0.383331904621686 0.5449703957177207 -0.6753543079088127 1.1729584934617552 -0.7465986159772542 -0.3736174829407053 -0.8520999787634288 
-0.25412540116155075 2.593011340729972 -1.0805759272544952 0.1735919924190375 -0.7476604865595794 -0.1875297599972432 -0.44450896555082425 -0.05220279262221526 
-0.17572022395637135 -0.8505484173975507 -0.29321406583644705 0.06832752729865522 -0.1261153373758587 0.07147169064620695 -0.36926815336887236 1.6750669799862106 
Ip_0Ip_3
-0.025170739299144634 -0.056696656194523055 -0.04154064847787894 -0.065089654621128 0.06894342709268696 0.13917901703883737 -0.02521686315731777 0.005592117618144606 
-0.04322489111053822 0.2767702576554892 -0.05290660902704701 -0.07288627335164621 -0.06601869090017681 0.023292797374111954 -0.0352321263616378 -0.029794464277988524 
-0.025281241172298224 -0.05936141338801611 -0.020798698197814106 -0.0059588863708902665 0.10348256300221233 -0.02815057165742874 0.07881256892427703 -0.04274432113958931 
-0.025159062748337877 -0.05668854126833101 -0.0415446309645043 -0.06507640145932186 0.06888181813962327 0.13919184932274656 -0.025210684060079903 0.005605653037944433 
-0.043225093488320314 0.27677568093608884 -0.05290571825420211 -0.07290250505583801 -0.06601050665850454 0.023299109602617267 -0.03523389115481644 -0.029797075926021408 
-0.025289734205067586 -0.05929223262364782 -0.020809593174578724 -0.005955672841466769 0.10346361931622161 -0.028164445415817176 0.07880669782184616 -0.042758638877502544 
II_1IIp_4
0.09979656747598754 -0.37951786545170263 -0.011319283238623612 0.04780950831678288 0.23931080784227646 0.039853268128387374 0.556036654354562 -0.5919696574267717 
0.4474048792318268 -0.7842432290633713 0.21622051288076402 -0.24062773817998645 0.8991940664606495 -0.5622050281658103 0.1308307324693143 -0.10657419563759482 
-0.542659669648404 0.409078224484755 0.042112283035546746 -0.44345315807835267 -0.48980174147166544 1.1215026299540134 0.31778823061968264 -0.41456679889013703 
0.18376862443879458 -0.6423856790329336 0.6321239291442899 -0.8595811201954424 0.440691674114324 -0.020340723779211218 0.1582386937907915 0.10748460151449174 
-0.32735620443521474 2.2148592390778297 -0.8037122184055412 0.05826725798755428 -0.41961932285759473 -0.42575239405934184 0.002340788123819589 -0.2990271454244675 
0.207537725185992 -0.6013628628057939 -0.14787392069092745 -0.02364735349026823 -0.15929555315782642 0.08301868401434279 -0.1887075883890392 0.8303308693286745 
Ip_2I_5
-0.1511714020265103 -0.1523721894660041 -0.02768597110643448 0.4617069548352435 -0.05472512671153298 -0.0327841794050329 -0.04420070429369244 0.0012326181735482465 
-0.05519145806371891 0.8554596916876802 -0.24297362875737757 -0.1097599383742094 -0.03324270257849454 -0.15163692378945826 -0.1592295643764029 -0.10342547574629937 
-0.02244467452841232 -0.09785377907188243 0.1715763770044032 -0.15567398765803342 -0.14067809278564966 0.1371900785885147 0.046593933349359185 0.06129014510210799 
-0.12469283031579743 0.7717922923723513 -0.19368056516954021 -0.11965725140033637 -0.1863001788379229 -0.023696018947307673 -0.13225143783114732 0.00848599013156748 
-0.12393324719888078 0.16080602493704282 -0.08708529941747892 0.03314421782481742 0.05802880932960247 0.19562908438898644 -0.10086081029968179 -0.13572877956364998 
0.15864937438019486 -0.07689041099384362 -0.09445196546105489 0.23869505506326846 -0.030710350433724498 -0.11604757211971087 -0.08678901650247525 0.007544886066998924 
IIp_0IIp_3
-0.09761859792061651 0.39119787007880763 -0.12172081967384642 -0.06651590562695522 0.07840666874933691 -0.07944347792439248 -0.050220500917969854 -0.05408523676316303 
0.04062346094519243 -0.11984572993054753 -0.0722975458192554 0.015096095638709115 -0.06103765274286855 -0.039679053217551885 -0.03664907820072666 0.27378950332589247 
-0.05677096600184732 -0.12315945083167801 0.27790573196835683 -0.17656058433879396 0.009481293333751372 0.008395009337085785 0.12075121282324522 -0.06004224629010151 
-0.09793148949859799 0.39098041784463045 -0.12161410266899159 -0.06687104498102779 0.08005757772771911 -0.07978733919202523 -0.050386079564930075 -0.05444793966494613 
0.04062888397826536 -0.11999105527848296 -0.07232141547977632 0.01553104973126053 -0.061256962393348276 -0.03984819932538633 -0.0366017877851101 0.2738594865517706 
-0.056543381807363464 -0.12501325842654648 0.27819768003707723 -0.17664669592496862 0.00998891924899102 0.008766778553250424 0.1209085382627731 -0.05965857994296915 
Ip_0I_3
-0.022888967181198996 -0.09454934246932 0.17107479295889358 -0.15589934358909038 -0.14136870517482272 0.13669396638665066 0.04629223097524348 0.06064536809386644 
-0.1252283313891646 0.7714422800650409 -0.19385659241968362 -0.12005586163652167 -0.18318846098436883 -0.02428092056107483 -0.13275225936744056 0.00792014629496991 
-0.12297287523467927 0.1605283950566139 -0.08732502037992591 0.03325174346238837 0.05763591522528667 0.19552455190633278 -0.10090760781198618 -0.135735102222006 
0.1585968820647915 -0.07672274012229241 -0.09446098652837617 0.23833081310266055 -0.030573483097083347 -0.11590696682538772 -0.08682087592375066 0.007557357327287627 
-0.1511768514336776 -0.15235088122222046 -0.0280423462317416 0.4619014895750204 -0.054406349455449664 -0.032783103996125745 -0.04442190662462812 0.0012799493890128077 
-0.05424477354667895 0.8554649438217464 -0.2431786763641692 -0.11038769032305067 -0.03327403607975993 -0.1514622065052033 -0.15935959997951593 -0.10355796102129089 
II_2II_5
-0.8564498097410458 0.14263019842189054 -1.3595069184600468 -1.212795655633026 -0.7329466378745884 3.0328941666230755 1.7424107114780174 -0.7562360548062125 
1.405203313767865 -0.5892662610853808 1.3250305481851814 -0.6985611948535986 0.2185183995978644 -0.9515905602743513 1.1116767638260623 -1.8210110091622034 
0.4248507508043172 -2.0393988603160533 1.2738375938063469 0.016518264784145274 1.914905174431208 -1.5361977474634443 -0.061359197860576656 0.006844021803648858 
-0.8581633499776102 0.1414393285519019 -1.3589224863607914 -1.21474056439893 -0.7239054902039181 3.0310110219194324 1.7415039255692795 -0.7582223850875727 
1.4052330128259245 -0.5900621304818187 1.324899826788864 -0.6961791833490412 0.21731735764899437 -0.952516883263749 1.1119357482009538 -1.8206277483727258 
0.42609710801462247 -2.0495511754580176 1.2754364376160001 0.016046677568839186 1.9176851707363647 -1.5341617658159523 -0.06049761036625115 0.008945157690019955 
I_1I_4
-0.3131589073871364 0.4706226014211403 -0.5039465331957719 2.512219847375368 -0.49491985709214587 -0.23807424925523035 -0.7932253226440679 -0.6395175792169392 
0.0837818752284144 -0.5424832206133436 -0.15153317451345655 -0.11863369032493258 -0.12230335223500856 -0.35024842012877133 0.07887931235943298 1.1225406702252363 
-0.41632571793326195 -0.7307171356116285 -0.08690474331554282 -0.24750566864039053 0.15417661579136313 -0.07822969949613519 -0.1711069362611574 1.576613285463717 
-0.3123507896132681 0.47118422412947714 -0.5042221555336883 2.513137080194676 -0.49918372669300587 -0.2371861448073592 -0.7927976759541199 -0.6385808117160823 
0.08376786894073922 -0.5421078829410337 -0.1514715253728853 -0.11975706390739763 -0.12173693230273142 -0.3498115596133837 0.07875717348416639 1.1223599217081845 
-0.41691350886576317 -0.7259292315209098 -0.08765876943749115 -0.24728326475252238 0.15286554974445463 -0.07918988293419174 -0.17151326705660846 1.5756223748228084 
I_2Ip_5
-0.12458563376792578 0.7713939972812248 -0.193504600727158 -0.12026494705174078 -0.1835680765156374 -0.024352773672672502 -0.13251225414299975 0.007394288600121965 
-0.12324523742736086 0.16052943969023467 -0.08712380519588533 0.033838739814882064 0.057576897001266135 0.19527614730422038 -0.10075691765010322 -0.13609526353606569 
0.15965250449022286 -0.07991641045439518 -0.09396861012029727 0.2385247264717719 -0.02995955426880337 -0.11551364147063353 -0.08650634699621398 0.00768733234666537 
-0.15002726670194072 -0.15204983667272734 -0.027863672304652237 0.4622762092626287 -0.05746422162328302 -0.032301360209920006 -0.04391278445621057 0.0013429327068780013 
-0.05452142050249043 0.8556647221158294 -0.24293302925344867 -0.11050687660947682 -0.03296781144940914 -0.15142930197623863 -0.159282394595434 -0.10402388772725987 
-0.022195770139645583 -0.09473616485100121 0.17109220143546974 -0.1555589380253197 -0.14160959500265702 0.136491946941342 0.04635521826056784 0.06016110138181658 
II_0II_3
0.41056382533469993 -2.0491972487379235 1.2727933347004485 0.018911819657232928 1.9211851341128152 -1.5327622571049941 -0.06259209299064848 0.02109748501449109 
-0.8658901280762774 0.1433768968715226 -1.3599924464851199 -1.2173028412168605 -0.7322033363007601 3.035909459835432 1.7415230426712809 -0.7454206472941425 
1.3834081724943694 -0.566387013762659 1.3220328205100074 -0.6976522533703576 0.21596497746941212 -0.9536512761698555 1.1093292622013156 -1.813044689379739 
0.4070113364438831 -2.051666144357248 1.274004971576791 0.01487966060019003 1.939929121544977 -1.5366663677273513 -0.06447202950951035 0.016979451421007936 
-0.8658285563822886 0.14172691099568036 -1.3602634563493936 -1.2123644865590408 -0.7346933205382535 3.033989019300961 1.7420599656429527 -0.7446260761081132 
1.3859921037333687 -0.5874346588564631 1.3253475222915294 -0.6986299417283223 0.2217284289382317 -0.949430306020962 1.1111154939686063 -1.8086886423269957 
I_2IIp_5
-0.16611934348317334 -0.8518240047844966 -0.29391941843408187 0.07059727835198551 -0.1273851900714915 0.06967523690651868 -0.3692072835218269 1.6681827250323495 
0.1271157165205715 0.008962464667855654 -0.7351491203809202 2.730036363831998 -0.5636088340847667 -0.11401340052369976 -0.2691179900757657 -1.1842251999492288 
0.9393998963082619 -0.6885563320674775 -0.4156340342952761 -0.03161727708519071 -0.13910511076789453 -0.5894767740419606 -0.09319601858789432 1.0181856505255151 
-0.10001289367971498 -0.6346309610282754 0.1175957842673302 0.5882566523507772 0.17011424939726907 0.030531993485874244 -0.12150331960668774 -0.050351505183774244 
0.5609521210613424 0.3841461725177552 0.545454516326124 -0.6731200002420645 1.154096324682713 -0.744836553574419 -0.37062443776817017 -0.8560681430066927 
-0.25012503430247846 2.5942678784382207 -1.0791278412393241 0.17186740246960974 -0.7462155265082543 -0.18767246610276678 -0.44390656364524317 -0.05908784910101809 
I_2I_5
-0.41232473227545874 -0.7258752213085763 -0.08816504111535195 -0.24764205384124677 0.15304862265314764 -0.0795293965936511 -0.17170626162907834 1.572194084108289 
-0.3069805013079079 0.4704374653578779 -0.5047390783132055 2.511408718753868 -0.495066716173708 -0.23833807826644782 -0.7935540419515085 -0.6431677680912324 
0.08918826554905131 -0.5374548540245012 -0.15256772056946463 -0.12005788005789786 -0.12401688098891597 -0.35130984458754344 0.07841406075422387 1.1178048539191383 
-0.41316572403504687 -0.7264596906582788 -0.08787820654476497 -0.2485965994131641 0.1574859451732815 -0.08045362886083475 -0.1721513048566844 1.5712192091899126 
-0.30696592524929767 0.47004685906253646 -0.5048032353226678 2.5125777908316786 -0.49565617789727995 -0.23879271013542808 -0.7934269345045022 -0.6429796667800272 
0.089799967638869 -0.5424375285977489 -0.15178302089321635 -0.12028933126752145 -0.12265248117284847 -0.3503106011782203 0.07883692096375906 1.1188360745045942 
I_0II_3
0.38237291310806076 -0.7060706167148203 -0.32150631397007307 0.00895507788590181 0.1781009893440773 -0.7321414957902449 0.2370912696657296 0.9531981764639704 
-0.37465339677481213 -0.9101834559896528 0.19085609127252715 -0.48887046228874664 0.6685227839721857 0.3136304379144161 0.20206722945622987 0.3986307724356722 
0.16783685945836724 0.29387753534075134 0.1331224320364192 -0.19991244277101156 0.4132039716161505 -0.16833669595245218 0.027705034267002573 -0.6674966939943617 
0.829868555207937 -0.854776319910575 0.305068852278998 -0.5952780810578535 0.8592994151286195 -0.6585873592959895 0.3133909695993221 -0.19898603195876388 
-0.8131808701534486 1.3543858262104924 -0.6127090025596807 -0.7996603675104822 -0.45715017973254873 1.5626007563657 0.4607453878756171 -0.6950315504871969 
0.2881293800262647 0.25097169601325026 -0.013403365957887148 1.265297923079581 -0.5150501933242329 0.06611885992978675 -0.2811859196295695 -1.0608783801348327 
IIp_2II_5
-0.5455635152369671 0.4404220187720427 0.034253898839979556 -0.44390258793233883 -0.49374250845022516 1.1166651865848938 0.31305641815804675 -0.4211889107272744 
0.18821511287988274 -0.645692377319894 0.6286891447157141 -0.8688987671031119 0.4697009656960942 -0.024476164318114828 0.1524218330608041 0.10004025238539324 
-0.3209091544998252 2.24103730209722 -0.8103746337692532 0.05730699949512187 -0.4294884782713324 -0.4312188500482487 -0.0007015647575627179 -0.3056516202346667 
0.20370776119689749 -0.6028939147210384 -0.14949604176136766 -0.030665536917981125 -0.1309813364655311 0.07911239670301207 -0.19333851746764105 0.8245551894265684 
0.10933472742947825 -0.38146452709657575 -0.016812424331343907 0.050536607631914233 0.238668488609311 0.03875483227845365 0.5535633188234131 -0.5925810233424708 
0.45709049813158564 -0.7828248040222561 0.2142064072023495 -0.2498140890649754 0.900255581189472 -0.5595295477236173 0.12932962944853743 -0.1087136751659471 
I_0Ip_3
0.15860915611941542 -0.07666700468856255 -0.09562343865868433 0.2389583904153219 -0.02952262083756043 -0.1159144501104446 -0.08754313160934245 0.007703099368751556 
-0.1481100640091395 -0.15233054111039857 -0.028707947214126398 0.45986112980889027 -0.054505710407312294 -0.032215000640449715 -0.04484393884844341 0.0008520724214448631 
-0.055680336864035805 0.8661410949430977 -0.24481249226582125 -0.1111125324380933 -0.03549090241485283 -0.15306312807468064 -0.16034291604073522 -0.10563878684289912 
-0.024582955640949346 -0.09567941906126233 0.17049429073577535 -0.15720841465512542 -0.13131509467454047 0.13481133646175114 0.0446670406680068 0.0588132161660281 
-0.12213197104340852 0.7706701309857604 -0.19465235959984045 -0.11972432674173077 -0.18448376283687296 -0.024635205928880504 -0.13291640717043496 0.007873902337847441 
-0.12316737485131221 0.16109534979979398 -0.08736678305739465 0.032057317050733905 0.058187238036396326 0.19595096479349186 -0.10103299570018337 -0.13572371607022723 
IIp_1IIp_4
-0.056678199053859714 -0.12511639510975991 0.2784832072655091 -0.17657872447020234 0.009660771416549096 0.008707161600949026 0.1210971487122385 -0.05957497036118002 
-0.0985290236436632 0.3911892616504908 -0.12135068729054707 -0.06613182435999428 0.07826474643499402 -0.07956245373264532 -0.04999488986664952 -0.05388512919060357 
0.040248693332218866 -0.12243446854436525 -0.07178252468725584 0.015647898513043008 -0.06046099308115305 -0.03937470830656003 -0.03634100461702904 0.2744971073895786 
-0.056262297257935266 -0.12482735321442663 0.27834135687052763 -0.17610666607825257 0.007466349907336695 0.009164228932948836 0.12131723918926443 -0.05909285834907261 
-0.09853623204855119 0.3913824310339091 -0.1213189592563395 -0.06670997411185461 0.07855625724545802 -0.07933762131475557 -0.05005774924078801 -0.053978152305806555 
0.03994618383116387 -0.1199703501018352 -0.07217058794802707 0.01576235977020546 -0.06113573968527453 -0.039868871446334615 -0.03655012476403019 0.2739871303433819 
II_0Ip_3
0.01739679097600563 -0.08218836162843911 0.0534298452221068 -0.03860643009156039 0.06752800960084536 -0.02786774587452727 -0.023023511986740675 0.03333140378166445 
-0.048602825632836986 0.015863448143500603 -0.011936399088579297 -0.06420165708006272 -0.03052425287004956 0.10268007447148332 0.06187151799802662 -0.025149905941129598 
0.021807877936691755 0.0740139928631157 -0.0017516574169111998 -0.03177554476413439 -0.0066658520398353615 -0.05071600389349182 0.05226072556389655 -0.05717353824903257 
-0.018221337284705295 -0.059271094829589595 -0.006172770226018162 -0.059805164937049786 -0.014006266740131756 0.159511222022551 -0.01267826907332155 0.010643681067985267 
-0.038567051435420524 0.13767328610029 -0.05872421375722248 -0.0630923875510749 -0.03867818162538716 0.08795242257489314 -0.006413234930627765 -0.020150639374808696 
0.0006816143964975611 0.024721852803425023 -0.018364833314248742 0.0889239970605965 -0.02857009465151155 -0.030424981578951155 0.027347801663281376 -0.06431535637866596 
I_1Ip_4
-0.12297818662826919 0.16056652930040527 -0.08732279037178907 0.03324471046749942 0.05762079209107263 0.1955187688266816 -0.10090613808136382 -0.1357436856033442 
0.1585693529181263 -0.07672698459313296 -0.09445842434788758 0.238340381869777 -0.030536521121324586 -0.1159177561769547 -0.08682378344905725 0.007553734899829541 
-0.15115565378538745 -0.15242846354081638 -0.02803376470165246 0.4619077623714511 -0.05439547913350783 -0.032773162630290134 -0.044415607101855395 0.0012943685234800349 
-0.05423358728224075 0.8554747721363518 -0.24317476774705105 -0.11038280646098511 -0.033342434644278406 -0.15144745412808466 -0.15934867064905353 -0.1035450512228002 
-0.02291051925088548 -0.09454371547563285 0.1710761609903966 -0.1558994344829863 -0.1413559671282967 0.1366964607632692 0.04629078298763584 0.060646231596487035 
-0.1252159684489425 0.7714386611578531 -0.19385873481531485 -0.12005488448793454 -0.18319272217294752 -0.02428189240832122 -0.13275292784381978 0.007918469022382765 
other
-1.3053944055764812 0.8457765603054421 2.212108376265338 -0.5428919553955652 -1.9593914511681048 0.6276050811234488 -1.868714481547332 1.990902275994065 
-1.3210120954950784 0.8459652146680314 2.209549512708534 -0.5291426470739597 -1.95368764763292 0.6246737335818604 -1.8702311300046983 1.9938850592451316 
-1.2979216107346105 0.7911966828676906 2.214542188495386 -0.5359355303930856 -1.9427648959524817 0.6358416078830329 -1.867344224285699 2.0023857821260127 
-1.2965889187441442 0.8518961650492165 2.2091051149240144 -0.5328975192205383 -2.0058518172805107 0.6372821260722454 -1.8640547185545873 2.00110956775372 
-1.3211647120843604 0.8500550033624601 2.2102212597193462 -0.5413832530934315 -1.947515770932472 0.6294338931086847 -1.8715619907895678 1.9919155707183844 
-1.3043263520835222 0.8433670815338635 2.2063261000639 -0.5335121528033926 -1.9570506537862642 0.6253791692393353 -1.87177172308476 1.9915885309228556 
Ip_0IIp_3
0.0019040697418852494 -0.03971737814230043 0.010043834927633558 -0.0400356979464325 -0.021376233373862942 0.0957056680651194 -0.008371875306814321 0.0018476120344481759 
-0.030485502099026368 0.035405343010368885 -0.008356454804393315 -0.022010265503539024 -0.04175265355897311 0.048080667588716736 0.04767750497266115 -0.02855863960563482 
-0.026771670123175606 -0.06066111514497736 0.10948931110914005 -0.0749949063776442 0.008386157723732445 0.04497407576281742 0.04327134097420329 -0.0436931939239685 
-0.011870653279988886 0.22988313185813838 -0.047370233586064285 -0.012027619567740106 -0.051204656385235615 -0.037479877786501956 -0.029840197141116638 -0.04008989411097995 
-0.007094025512650418 -0.042075236986611496 -0.0155667480789167 0.07304091955099931 -0.024220881528949613 0.0018664520964054199 -0.010872989701257144 0.02492251016098501 
0.011147860972397417 -0.04078123150801902 0.06266617996073062 -0.018051564674076846 0.01708664959968641 -0.01240231646203889 -0.00793881404762207 -0.011726763841527075 
Ip_1Ip_4
-0.025294112705687197 -0.05929867139998205 -0.020615043766467733 -0.006069947325505164 0.10329711620944317 -0.028161383642791814 0.07892612986630893 -0.04278408723544522 
-0.02568357146356491 -0.05670013107999246 -0.041437305773726195 -0.0647426179830908 0.06896623980514802 0.13908342757246878 -0.025150999128296197 0.0056649580504622675 
-0.04296317944632561 0.27497850702014626 -0.05263687748893562 -0.07277923596856838 -0.06564684719806843 0.023565692080017013 -0.03507000250474031 -0.029448056492250074 
-0.02500664040682008 -0.0590988849625453 -0.020713091092766894 -0.005743659455487044 0.10178032690509738 -0.02784545762864257 0.07907825692136404 -0.042450850279546974 
-0.02568855392986725 -0.05656661194809613 -0.041415375281818656 -0.06514223645023019 0.06916773276253708 0.13923883226820552 -0.025194447675334703 0.005600660254710206 
-0.04317227472449037 0.27668171147863413 -0.05290510772688186 -0.07270012007870033 -0.06611323363669272 0.023224125356351325 -0.03521454684190149 -0.029800553825200294 
IIp_1Ip_4
-0.02691978417915808 -0.05956443244659909 0.10935164769404838 -0.07508561935846862 0.008131260619808681 0.04480921752194372 0.04318899771432002 -0.0439112875658747 
-0.012125065696957375 0.2297662319392309 -0.0474121531002949 -0.012109014813423212 -0.05016815547461909 -0.037688506076305965 -0.0299960937579468 -0.04026724301904698 
-0.006738962362513539 -0.04243455364907513 -0.015605543761986876 0.07309468062874265 -0.0242959413061507 0.0018718035849087226 -0.01086395233033084 0.024972469196532034 
0.011172798195085133 -0.04069723072978891 0.06267760022865845 -0.018139807178356712 0.01688070357274864 -0.01230848843563572 -0.007908807400353185 -0.011676768252554863 
0.0018250693885768937 -0.03969097678289137 0.009945247872413516 -0.039979526179371325 -0.021237895005969436 0.09571494050244293 -0.00844131993208124 0.0018644601366577416 
-0.03016614952408231 0.035393868813460516 -0.008423702050930557 -0.022189071994639924 -0.04177706039034034 0.048127919324737645 0.04763733778664989 -0.028603141964628535 
II_1Ip_4
0.0006515884827597761 0.02479458900505168 -0.018254622206848144 0.08868353585671157 -0.02858782673328696 -0.030360547351181075 0.027400996765501583 -0.06432771381835702 
0.017095243271247763 -0.08218175642276272 0.05332303173162163 -0.03830895698692385 0.06768853384027894 -0.02792454866419059 -0.023088233938493654 0.03339668716871011 
-0.04800487117901968 0.014803931187982214 -0.011872412358815377 -0.06443395055851532 -0.030317392827144962 0.10292445008757524 0.06190663035702991 -0.025006384708280333 
0.0217628835480215 0.0757162273896392 -0.001937566474570628 -0.031752264674496836 -0.007997095967519966 -0.05076718040560547 0.05227593115518798 -0.05730093457025029 
-0.018780869449865546 -0.05936252497816071 -0.006179592592784689 -0.06003420963391605 -0.012380608648841945 0.15926633407362983 -0.012903723095770111 0.010375194325549264 
-0.03808871231714118 0.13750566096363367 -0.05883879689581784 -0.06292323094287774 -0.03892673534520565 0.08785631443656002 -0.006425321345256034 -0.020159178553305998 
I_2II_5
-0.8111195625395483 1.3541657843773025 -0.6150505230862302 -0.7984307971567702 -0.45593034470276245 1.5623645045796166 0.4594518274353075 -0.6954508888951048 
0.2943961981145609 0.2511636495222588 -0.014580946106451212 1.2612053682146673 -0.5151246661816267 0.06718690020879726 -0.2819394082549575 -1.062307095513986 
0.38072142767824724 -0.6870883278525383 -0.32482516616850676 0.007883827008699449 0.17441183527713172 -0.7350989275076186 0.23512006553002318 0.9488752660291938 
-0.37565167115639897 -0.9122303796183351 0.18960232049976275 -0.4919748308479796 0.686268895573513 0.3103834693960519 0.1990653545629756 0.3945368415910624 
0.17369941538221279 0.29637686278807573 0.13112589887808365 -0.19959402486721708 0.4099730688280787 -0.16966344451265486 0.027096336886886986 -0.6690141133830598 
0.8298061171656499 -0.8542935396251319 0.3048089655042796 -0.597901664731408 0.8638722087024777 -0.6586130651992844 0.31262011724618194 -0.2002991390672582 
I_1II_4
0.28809180664541717 0.25126936827478685 -0.015429250612006404 1.2659573235730328 -0.513085111228099 0.06627628516363054 -0.2824732572979063 -1.0606071645156983 
0.3876798377783657 -0.7060085455595219 -0.3230817014211714 0.005645892643095248 0.17830908440605228 -0.731154109074524 0.23609734555088507 0.9525121956700159 
-0.37602089708530717 -0.8916599328144964 0.18777916276311551 -0.4908695018907213 0.6646392610937624 0.311059804999597 0.20020771564924783 0.3948643872853087 
0.1643718537319831 0.2958342641484669 0.1315232525332774 -0.20245148276558983 0.4298218347054291 -0.1721902984210695 0.024529844170402517 -0.6714392681001222 
0.8345985200206992 -0.8565305977885441 0.30348120699472003 -0.5951714728850727 0.8607414128567532 -0.6598963480176421 0.3125134169384074 -0.19973613812569388 
-0.8123769847778018 1.3550189688118375 -0.6130623629887657 -0.8016032746200379 -0.45665521037471 1.563219659374529 0.4604743725217231 -0.6950151679369719 
II_2I_5
-0.3613890497193943 -0.9107656841326237 0.19094223455244858 -0.4899630767384893 0.6668767644473513 0.31242669851799276 0.20254929942120956 0.38932281364716076 
0.1791393527448987 0.29720789172582746 0.1328008205789449 -0.20024390494792443 0.41089304411735894 -0.17039639638623616 0.027950584460718117 -0.6773513922930944 
0.8415400333101323 -0.8568788427557397 0.305235629379083 -0.5959628949110974 0.8617104957170514 -0.6605254042248779 0.31345977424150867 -0.20857879076638844 
-0.7997286485295602 1.3536347112330258 -0.6127311642771611 -0.7996784990137578 -0.46017049377540375 1.5612517875987735 0.4614160975444788 -0.7039937907689625 
0.2998859078751985 0.25066088774603135 -0.013125099275076766 1.2645474808420192 -0.5162175068215727 0.06490153156054669 -0.2806511309817371 -1.0700020709443498 
0.39454410321294925 -0.7066878090969878 -0.32171901362639854 0.00903226784966703 0.17690909432400495 -0.7335991823022473 0.23740364963943683 0.9441168899927068 
IIp_0I_3
-0.25892157611179256 2.5942808830125514 -1.0793200385802355 0.1730583120237279 -0.7454932356128833 -0.18697600817712332 -0.4442650981883639 -0.05236323835593847 
-0.17490744666751454 -0.8514396612366505 -0.29318692724758294 0.07018126902552214 -0.12708923273936545 0.07074933857303298 -0.36907508725832094 1.6747677475481553 
0.11564983965318801 0.009986144727315665 -0.734868838766214 2.7318270031986165 -0.5625505298118849 -0.11351802800125918 -0.2692530151103979 -1.1772725758804594 
0.931497923846422 -0.6966972873653927 -0.4145193808176169 -0.03091329580192151 -0.13565114960269423 -0.5872665608104292 -0.09292025128092277 1.0264700018177768 
-0.10743455124345194 -0.6333437101077329 0.1178553227643462 0.5895260165070358 0.1631406515801405 0.0330528957330561 -0.12063409039866556 -0.04216253483298709 
0.549533936439974 0.38522256582008507 0.5459304343314205 -0.6732535043179559 1.1562703333575863 -0.7434868660835087 -0.3709164099795507 -0.8493004895676755 
I_0I_3
0.08522519911440107 -0.542473926632334 -0.1518161427154899 -0.11961338354205543 -0.12237427150174977 -0.3499799135446617 0.07869888077676816 1.1223335580410805 
-0.41707938019724644 -0.7256805549187988 -0.08765866992506992 -0.24779339340194526 0.1531317081525559 -0.07900073336868901 -0.17155987394986594 1.5756408976084428 
-0.31311162630055184 0.4703770658397585 -0.5044522040792273 2.512536673649377 -0.49438441111482456 -0.23803369664859853 -0.7935381113410538 -0.6393936899968328 
0.08526910455011963 -0.5424434133946648 -0.15183111741265626 -0.11956354983229053 -0.12260592963277274 -0.3499316623936302 0.07872211503151769 1.1223844530796965 
-0.41708014116550385 -0.7256601626383669 -0.08765532049673214 -0.24785442684054113 0.1531624820260811 -0.0789769985219586 -0.17156650981475538 1.5756310774529123 
-0.31314356127115067 0.4706371950217118 -0.5044931706893632 2.512548756961548 -0.49445564197784536 -0.23808586388703562 -0.7935601874932232 -0.6394475266593038 
Ip_2II_5
-0.04814832240711801 0.015865061106107158 -0.01199956786980427 -0.0645250642633249 -0.03056941935342822 0.10276489273350102 0.06183068942920593 -0.02521826937463022 
0.021500623668868044 0.07560296247476488 -0.0019746639376942133 -0.03182033938284027 -0.0069934039136352365 -0.05097209056913193 0.0521272537405674 -0.05747034208054819 
-0.01842969152102412 -0.05976626662543175 -0.00620857539043272 -0.05997839787218174 -0.012441621770724765 0.15927991627195198 -0.012889822377585312 0.01043445928551058 
-0.038055693560597355 0.13759288931328298 -0.05882472168410808 -0.0630017618684017 -0.03917876101632323 0.08795699915115077 -0.006387770718366919 -0.020101179616128114 
0.0005589486158425949 0.024824191248836214 -0.018345881338374313 0.08873612560797549 -0.028447143357259664 -0.03034970437056703 0.027334636299946823 -0.06431117270605244 
0.01740532694919388 -0.08219563261407817 0.05325813334919965 -0.03847576861862952 0.06766197835994342 -0.027881081501025338 -0.02312647159279775 0.03335351566740244 
I_0IIp_3
0.9317097263628382 -0.6965942872901092 -0.4153215057584869 -0.030384465452814115 -0.13550767482669984 -0.5871710239478433 -0.09333928657085383 1.0266085174702302 
-0.10530597554560313 -0.633287680418735 0.11742453730712467 0.5880318419597504 0.16313394892415953 0.033472157449612946 -0.12092402833162848 -0.042544801346306504 
0.5486114133829446 0.39288592756518487 0.5447559859599822 -0.6737072286711764 1.154625391493986 -0.7446791779071998 -0.37161360154439693 -0.8508787102867441 
-0.2600429201507979 2.5934573778143832 -1.0796674711701733 0.1720739894474509 -0.7383156833111151 -0.1883455713578964 -0.44538961939886806 -0.053770101864029474 
-0.17275576488954167 -0.8520028236274333 -0.29371941488509534 0.07054031645930471 -0.1280303546176587 0.07044791438182348 -0.36916353349542347 1.6746836606697373 
0.11569699141737147 0.009750932710120726 -0.7347993752220832 2.73100638062125 -0.5620326146739052 -0.11312633154627481 -0.26927988544392145 -1.1772160978571984 
IIp_0Ip_3
-0.01204336337022119 0.22976003778205503 -0.04730093088764585 -0.012232667341217847 -0.050283472058903884 -0.037673923459530405 -0.02992761951065181 -0.04029806115297314 
-0.007111435082805515 -0.04215742696029355 -0.015574902130459286 0.07330185491627607 -0.024344078719164712 0.0017662950389550104 -0.010842870000792926 0.024962562938222844 
0.011290951015361508 -0.041909438714215076 0.06284351812620131 -0.018094457186358857 0.017389537759824214 -0.012180760956549143 -0.007842307370647034 -0.011497042673747638 
0.0020972397880004274 -0.03958619419144946 0.009988347970409503 -0.03982546309668706 -0.02238554141144793 0.09591371697161402 -0.008265678089901604 0.002063572059127644 
-0.030509253099209547 0.035493089404057904 -0.008336696840108838 -0.02225794422006164 -0.04161940075024521 0.048178301732363656 0.0476523255698655 -0.028600421796141102 
-0.026894705926855805 -0.059621570250358205 0.10932525945559957 -0.07493710420491337 0.00809545292026859 0.04476090249624596 0.04318387896263275 -0.0439121134524008 
II_2IIp_5
0.21351834031533637 -0.6001706880189787 -0.14710199873406585 -0.02770208733228111 -0.15913839223750711 0.08352263772717232 -0.1882892078151747 0.8253613960896388 
0.10438541602628248 -0.37967310507140284 -0.014166507064141737 0.05085463871712331 0.2415307783563297 0.038714804768411666 0.554520535337027 -0.5961665610681841 
0.46384052118740876 -0.7915186165119414 0.21546917518330805 -0.24627904159626202 0.8995657950700521 -0.5602448783552759 0.13054759930725107 -0.11138055429140206 
-0.5391974000307166 0.4407514246555591 0.03782273498281512 -0.4448486864935064 -0.5037255486940746 1.1172900341677265 0.3162829568753775 -0.4243755154529237 
0.18332550088360608 -0.6455007679828203 0.631072293055586 -0.8637925480950718 0.47014898727567556 -0.02637823512132941 0.1538996456573272 0.09722512432497774 
-0.31165377303932834 2.211935866620318 -0.8058979582963026 0.059894088399679454 -0.424590069410348 -0.4278415628579226 0.0022483206810957057 -0.3040949120868876 
II_0IIp_3
0.456347471365349 -0.7841802426887479 0.2143720988925519 -0.2466534025068957 0.8988369627697939 -0.5605383365039461 0.1296535995200311 -0.1078381508544687 
-0.5471004615813999 0.4403205115637875 0.03738262183009276 -0.4454013124093567 -0.4962890853729577 1.1167671987722014 0.3149445116748842 -0.42062398447404037 
0.1789231147034593 -0.6465353580640758 0.630565786443799 -0.8633627434642206 0.47028330572336624 -0.025724987062829798 0.1535667053975099 0.1022841763181362 
-0.31819177704930107 2.212687950273226 -0.8059890476576538 0.059362612217604145 -0.4242017906574087 -0.42664705495781086 0.001992652863901389 -0.29901354502319055 
0.20674042561029676 -0.5997553417315076 -0.14791636446193193 -0.027162599186298753 -0.157556284972433 0.08431184368832396 -0.18905139815354638 0.8303897192025343 
0.09986532413365179 -0.3793844191502914 -0.014712927070590838 0.04975425506215225 0.24223641108733426 0.03981720502251608 0.5539493275575492 -0.5915251766418419 
II_2Ip_5
-0.037760606063913175 0.13753513248073754 -0.058713084146035995 -0.06311707400012476 -0.03902209161365842 0.08785883873591337 -0.006345185184493946 -0.020435930207479136 
0.0006777291082039151 0.02478129553554993 -0.01829375436847915 0.0889553943195217 -0.028520014350545117 -0.03046168994564408 0.027390592959686544 -0.06452955325784841 
0.017900871282466462 -0.08333018021231287 0.05343659996792552 -0.03844370623499572 0.06787154109126796 -0.02773820229070585 -0.023009624721626733 0.033312701117521236 
-0.04761888566267 0.01597017144894399 -0.011967859136333853 -0.0643743844466116 -0.03164924624651908 0.10292427721583904 0.061997289906580065 -0.02528136307850242 
0.021615342422908412 0.07566891240760738 -0.0019046590912791788 -0.03192684218945398 -0.00690201656557942 -0.050957389247130475 0.05214779086812456 -0.05774113860478845 
-0.018104602989509635 -0.05951235110783745 -0.006248771769088011 -0.059881839711589654 -0.012612260232888608 0.15914434811492634 -0.012890808970183933 0.010106286666019685 
IIp_2IIp_5
0.0403810175864962 -0.11984559017899525 -0.07254517584445759 0.015665868268737393 -0.06073173327718515 -0.03981936476052228 -0.03678865668326192 0.27368363488839 
-0.055213804080105705 -0.12511726722037164 0.27799593222182356 -0.17709416897139169 0.009817751930838283 0.008835307777862358 0.12080929955082911 -0.060033051209102684 
-0.0977745763945553 0.3946130648684607 -0.12203010599835418 -0.06687081377874217 0.07746754768290645 -0.0799959977380578 -0.050392092356376664 -0.05501702628369665 
0.03982897804463423 -0.12022924458262856 -0.07235689335134174 0.015039290309770042 -0.05781900855147892 -0.040426044613861845 -0.03708078969953363 0.2730437124430085 
-0.055204236137418754 -0.1253736670218224 0.2779538186036023 -0.17632677261182864 0.009430820458548263 0.008536880634348345 0.12089273477629128 -0.05990957870089777 
-0.09737304601399586 0.3913423629160658 -0.12151501742021906 -0.06702274180728103 0.07836316008435214 -0.07934007945164863 -0.050114520604337444 -0.05434011770164331 
Ip_2Ip_5
-0.04317545124104961 0.27675576548833253 -0.052656842516547446 -0.07303920072088801 -0.06624522456429062 0.023293034021386595 -0.03507684378915074 -0.029855236676244137 
-0.02592653592591332 -0.05929525732390164 -0.02066436351528138 -0.0055181403293031095 0.10348408961180278 -0.02828979472524874 0.07889953043755993 -0.04268952822936146 
-0.02482424158561556 -0.059031813580594616 -0.04119078148088018 -0.06492853966065498 0.06943147263479262 0.1395256106906833 -0.025005323910070033 0.006023616892556373 
-0.04280101306319754 0.2770159911513621 -0.052784551038118445 -0.0726142045177961 -0.06822087169936718 0.023704533708646565 -0.03487869538496101 -0.02942118915562893 
-0.025933025683853212 -0.059121346096106 -0.020635798629424502 -0.006038651040671646 0.10374653804987327 -0.028087377131161734 0.07884293787234288 -0.042773277340557865 
-0.025096592192294424 -0.05681335713522628 -0.04154015650586743 -0.06482548969803235 0.06882399536118998 0.13908071348771248 -0.02519359567911375 0.005564482361531198 
Ip_1I_4
-0.05424203419002797 0.8554779852535752 -0.24339476723244058 -0.1102743124715538 -0.03308319123457421 -0.15146077270097413 -0.15949337127988925 -0.10352953614053538 
-0.02232020232419197 -0.0945448217345802 0.17094725749495443 -0.15627702734834023 -0.1413826627500176 0.13679993550410927 0.04621120665597222 0.06056631450125044 
-0.12548434629917163 0.7734289907661774 -0.1941630381816223 -0.12019733764704733 -0.18360176906002298 -0.024577108650403127 -0.13293670864022944 0.007531317715266597 
-0.1232933452703364 0.1603565850283588 -0.0874381805936015 0.0330050793719008 0.059498337785453805 0.19516838050451485 -0.10121314705659787 -0.1360837097680667 
0.1591649857689897 -0.07687054591505893 -0.09461072606003282 0.23838915242671732 -0.030778194862970273 -0.11598008678107473 -0.08685700338629045 0.007542418809222378 
-0.1512009424002442 -0.15225532743380477 -0.028051886193257002 0.4616808983945621 -0.05430692609897987 -0.032703952377896923 -0.044445169754616404 0.0012833058645253107 
Ip_0II_3
-0.018473285704751072 -0.0594383154428964 -0.006280129266675905 -0.05998872768670919 -0.012490737700620551 0.15923083618087597 -0.012933210591559247 0.010373570212266325 
-0.03805086649682723 0.1375587093534936 -0.058854665366602055 -0.06307979725026233 -0.038872792380213086 0.08790991902345373 -0.006445274233384947 -0.02016523264919939 
0.0006267954431715289 0.024998609526171233 -0.018400487669333106 0.08873313307686512 -0.028527966635231317 -0.03039034996492578 0.02731141920881063 -0.06435115298492522 
0.01736809643955513 -0.08220042608160237 0.05324634163989947 -0.038536594393988724 0.0678655847843493 -0.02790278039063874 -0.02316031010137701 0.033320088103285773 
-0.04809051012780009 0.015852563699759386 -0.012049819257012356 -0.06449941450714786 -0.0305623821640831 0.10275825977248224 0.061805736115854784 -0.025214433531548983 
0.021590673483642412 0.07561347532869064 -0.001995622077289853 -0.0319049665506699 -0.00698592443078692 -0.05094663643846058 0.05211208852085831 -0.05748308783558604 
IIp_0II_3
-0.3183124411530878 2.2126406499860365 -0.8068449193510399 0.05970089756382272 -0.4227011291261751 -0.4267959043333697 0.0013644130445986662 -0.2990515666222876 
0.20911777443113413 -0.5998000477658475 -0.14844177361638977 -0.028561818049902106 -0.1577244733522961 0.08468144636380137 -0.18935856979146587 0.8300874617775756 
0.09884822319830658 -0.37188743207345154 -0.015856789164588315 0.049157072222939475 0.2407307286932424 0.03873202551408592 0.5532532431436054 -0.5929770715327084 
0.45516572122043303 -0.784964972637042 0.2138781286759168 -0.24751947495670906 0.9059362296809399 -0.5618532971360569 0.12846384509507597 -0.10910617994891962 
-0.5447047220302654 0.4397829744370981 0.03677626526306632 -0.4453255036644379 -0.49720100233236747 1.1165631887760463 0.314797712521693 -0.4206889129670742 
0.1786778031961231 -0.6453250514218888 0.6304119862188129 -0.8642519501493825 0.470499097509743 -0.025549413155120923 0.1534041470980651 0.10213338070275906 
Ip_2IIp_5
-0.006778435683944627 -0.04216071639281277 -0.01553148249271043 0.07301209075099123 -0.02445632308534561 0.0018298576690535292 -0.010817553240651277 0.024902562475203487 
0.010820561094300204 -0.04072919538202257 0.06272925325711477 -0.01796852261136108 0.017153736961479843 -0.012415207827542815 -0.007908893917993431 -0.011681731574158563 
0.0020505099517086752 -0.04078653238630923 0.010089022122965093 -0.0398980545113413 -0.021048319349968325 0.0958670296641588 -0.008346570140304542 0.0020729146491673114 
-0.030000456344295243 0.035521586887608037 -0.008366585493942855 -0.022088215780337365 -0.04277481337035149 0.048328904350424064 0.0477976021880257 -0.028418022436492184 
-0.027230113313545686 -0.05948507043872772 0.10940114782750229 -0.07510318221308021 0.008288313522998362 0.04484509700087902 0.0431865975537979 -0.04390278993967672 
-0.012025879580948652 0.22971360791610093 -0.047425916366842576 -0.012042479457260058 -0.05022698480229167 -0.037717116802666734 -0.02999486964547331 -0.04028036125960478 
Ip_1II_4
0.02159274650375392 0.07559898802318826 -0.0019041204959990383 -0.03193235069202219 -0.007075725188297714 -0.050954602539608075 0.05217043011556123 -0.05749536572606912 
-0.018712828941645134 -0.0594412359868207 -0.0062067179773518995 -0.059840641157539155 -0.012502151193710825 0.1591862758372039 -0.0128869261144127 0.010404225533858315 
-0.03799523961413112 0.13672267895731158 -0.05871447985113521 -0.0629855099298459 -0.03869733658270757 0.08802479938272018 -0.006360512684318137 -0.019994399677231132 
0.00078603409061494 0.024889027366175983 -0.018325059332244795 0.08884915836554078 -0.029273524569045837 -0.03021323955243562 0.027456677384278875 -0.06416907375229863 
0.017158004756690957 -0.0821190012398583 0.05331914214195747 -0.03853879227183289 0.0677804771150604 -0.027839952516290838 -0.02311747156205817 0.033357593575946906 
-0.04813293910671194 0.015825528381997998 -0.012032290617857573 -0.06441240467731196 -0.0305821398275711 0.10273103825612205 0.06181829140075268 -0.02521508380904835 
Ip_1IIp_4
0.011121593952327287 -0.04074894360620188 0.06309077270677373 -0.018407570395967503 0.01676973214825594 -0.012357595903330298 -0.007686934591335562 -0.011781054310805096 
0.0007781510251799436 -0.03971976041667283 0.010169056562813446 -0.039217109945464 -0.02123690003135813 0.09549544077377345 -0.008290032174707617 0.002021154206079501 
-0.02964151179937708 0.03146795419777088 -0.007821663113649064 -0.021954375891562242 -0.04094342398096328 0.04873071315648722 0.04799691421175248 -0.027834606780040464 
-0.02629404127480139 -0.05914568309284327 0.109533935811615 -0.07458503152582124 0.004448514812994239 0.04550406074037086 0.0437691032167014 -0.043230858688088035 
-0.013183716900049535 0.2300518625838222 -0.0471367019248791 -0.012287630402273738 -0.04969267971282311 -0.037542054839180765 -0.029947119754413002 -0.040261959049429974 
-0.006706707565256071 -0.04234971869336794 -0.015635140273139475 0.07351568085976562 -0.02456056365222325 0.0016702673294782802 -0.010844752620107973 0.024910934614664378 
II_1I_4
0.16726983841016266 0.29766328607220766 0.13507436842125692 -0.2015672278989212 0.41015880752959183 -0.16892327901568852 0.028919575190791157 -0.6685953687068201 
0.8225279796297286 -0.8552419773692816 0.30631460689903756 -0.5912702036522598 0.8631957837360699 -0.6605302548675309 0.31372219107913885 -0.1987181254601988 
-0.8088935281635633 1.3306314353316404 -0.6094079369263949 -0.7979516438563213 -0.45274642462283954 1.5659935935582607 0.462846897734669 -0.6904723930453555 
0.29178486589826264 0.2536509481923308 -0.012149308456969429 1.2677440069189414 -0.5369431882103068 0.07041707481514446 -0.2776627818996451 -1.0568416172556758 
0.3755955171644471 -0.7043506455005223 -0.3201876474068394 0.008441919790719269 0.1813207330752995 -0.7313582064338373 0.23718595216485755 0.9533523771394994 
-0.3731157443294176 -0.9113368400318594 0.19069173285027638 -0.4869990568878806 0.6672581416925797 0.3128890533165182 0.20218046833431036 0.39843224505108077 
