II_0I_3
0.8293237509625354 -0.8552068356456212 0.30507475254989797 -0.5958221466776548 0.8629247335268067 -0.659102609316706 0.3125837311687273 -0.19977537657254585 
-0.8125171033723333 1.354488317313032 -0.6129196487074781 -0.7994830259505858 -0.457816030826053 1.5624122527804098 0.46105468623353213 -0.6952194474629994 
0.28851664545167394 0.25154571400205944 -0.013008194425209117 1.2651067341260278 -0.5145067191064598 0.06382985024445165 -0.28073981634112494 -1.0607442139451984 
0.3822872382474655 -0.7058285468033019 -0.32180335783400954 0.009603196507327095 0.17884619236486868 -0.7346342508676525 0.23728426788507326 0.9542452604925993 
-0.3730100890629829 -0.9099838081415688 0.19096352361515123 -0.4924155972130975 0.6688974352546715 0.3142469170739031 0.202165895587564 0.39913572288606164 
0.16683147681223362 0.29816030373577235 0.13268577033028814 -0.20012628226217227 0.41233270161017244 -0.16885049287271212 0.027221322123737457 -0.6682547994772708 
IIp_1I_4
0.5486447532603124 0.3853257063978503 0.54429689690865 -0.6727068241175911 1.1567497043601662 -0.7447909450317877 -0.36933661436330667 -0.8481826774159477 
-0.25573343384526687 2.5913996973631597 -1.079862799770089 0.17263235898513343 -0.7440819730946365 -0.18650547029628903 -0.44700560295977576 -0.050842776375158244 
-0.17883058996165085 -0.8542753663492558 -0.29621615699570986 0.06845970987773439 -0.129579496064151 0.08910623566514227 -0.37274599765927247 1.6740816614820084 
0.11610147883384983 0.00773988640383324 -0.7357465180065433 2.7287560597037683 -0.5651790514125669 -0.094700195660977 -0.2726300032498788 -1.184341656607667 
0.9273580433504424 -0.6980502581525818 -0.4171210371554685 -0.009867513397140783 -0.13925628916967758 -0.5901766220667566 -0.09474172575580121 1.0218554023319077 
-0.10434481689530119 -0.6360242731875071 0.11667397121273314 0.5891347206068984 0.16368213373314594 0.032553933777561446 -0.11971744085208025 -0.04195822839756251 
IIp_2Ip_5
-0.03001114198814811 0.0353957014745865 -0.00834416422773809 -0.022245944504185933 -0.041801416016538286 0.04818703753353647 0.04756410213107643 -0.02874417440194115 
-0.026955502553407323 -0.059430431062843486 0.1093524648931116 -0.07505301814245677 0.008072883957214005 0.04477304218915913 0.043309064607342615 -0.044068503888285704 
-0.011748349009489935 0.22989719038623496 -0.047280373046467185 -0.012077017803382958 -0.05006539952685926 -0.03856936134655138 -0.02982446995938764 -0.04033221969326499 
-0.006677512096928932 -0.04208188396549049 -0.01559976861834168 0.07322241730997121 -0.024236409158994852 0.0009178606301220558 -0.010719605987014515 0.02517490188669342 
0.01144843381135805 -0.040664474877870095 0.06279089679486553 -0.019182885884164905 0.01727504451819903 -0.012226657201748398 -0.00785409832126752 -0.011586258839762748 
0.0018660548337650431 -0.039586128614937814 0.009985313747807393 -0.03995547397472797 -0.021308751859237803 0.09571692732105819 -0.008483699883154623 0.001765758428941851 
IIp_1II_4
0.1787870422630569 -0.6456894105275837 0.6303720358113327 -0.8634007480952102 0.47012722547663116 -0.025903795211796147 0.15355255890182945 0.102155091377831 
-0.31818521440954395 2.212483496827088 -0.8060585383166472 0.05924342660379452 -0.42335275108886267 -0.42677816614120356 0.0017544554123284433 -0.29910670888069324 
0.20684702560282128 -0.5999298463026843 -0.14810097527745608 -0.02720949645305693 -0.15775945988354953 0.08501555542548722 -0.18921096016335162 0.8303481570472068 
0.09987803719709781 -0.37940858657195803 -0.01475426056166301 0.04953592870899372 0.2421690103154147 0.0405964820689753 0.553803418091815 -0.5918200292478236 
0.4561928718387628 -0.7842326817802351 0.21417581185918602 -0.24576764272010515 0.8987945186327895 -0.5606602321994548 0.12952139848000763 -0.10802404411928619 
-0.5467164889306177 0.4402130600651556 0.03728169394257355 -0.44557733635105967 -0.49627951352648525 1.116789861879202 0.31494807555109955 -0.42065935262831616 
IIp_2I_5
-0.09256276829159363 -0.6340791315334453 0.1191559655174469 0.5888807268567084 0.16110255155504263 0.0321733877749897 -0.12091983148567242 -0.05375090039139978 
0.5620800575556757 0.3862633049488191 0.546556883962562 -0.6732775512044236 1.1535372530828603 -0.7454869807791761 -0.3685283026939429 -0.8611446648710758 
-0.24212368575354187 2.5953218019635056 -1.077118513955605 0.17382018970215304 -0.7458154658627895 -0.19996434057745377 -0.44128149143610074 -0.06283849407056584 
-0.16081418294967553 -0.8511338797676713 -0.2923020670420544 0.07187913208999702 -0.12718817053129605 0.05752152111268927 -0.3662692549131608 1.6683069019976355 
0.1328313901988054 0.009548385811946725 -0.7329060313843884 2.7186478724008163 -0.562359480363251 -0.11325762919692421 -0.2673485203954225 -1.1851559870661055 
0.9440827487156147 -0.6956555487092648 -0.4134824168681184 -0.030941467065663215 -0.13831198167538375 -0.5885257071446051 -0.09271335962801627 1.0155477323709987 
II_1II_4
1.38411380536407 -0.5880666285106054 1.3190006151114924 -0.6943020027378727 0.22242464611231483 -0.9555149622823516 1.1176232856644277 -1.8052787587195172 
0.4243637984332952 -2.0607193880337698 1.2728225109635722 0.016035574400826588 1.9247108133830806 -1.5310556101505337 -0.07200452669170142 0.02584682768363578 
-0.8857199450085274 0.1321017565054076 -1.3706785714922656 -1.2203393635200515 -0.7419965637882899 3.1070240021486226 1.727900028875008 -0.7482913437009622 
1.3891148059737493 -0.5950324828792013 1.321617708042901 -0.7084469959334693 0.2095544440367257 -0.8767054292832475 1.097902138716894 -1.8380041886790646 
0.3951092240157862 -2.054967656885657 1.2648434515035536 0.10018316925547827 1.9069879375708303 -1.5447978717978992 -0.06858856659864263 0.001230312920249326 
-0.8580865770025039 0.1325334522828189 -1.3634284816542228 -1.21456173836487 -0.730324087884206 3.0325339612704907 1.7460307571353904 -0.7446972857822749 
I_1IIp_4
0.1149128615486818 0.009491602301055248 -0.736182225603926 2.7322806243829683 -0.5619781238101976 -0.11452084226469043 -0.2678466062859406 -1.1761572902664073 
0.9342914563949423 -0.6991044821307943 -0.4150109287900248 -0.031172211899655418 -0.134957902454428 -0.586748938642997 -0.09522080960251225 1.027923817118471 
-0.11087906016482268 -0.635734119973301 0.11526300040140527 0.5879270111056784 0.16107481623552292 0.048888768561226044 -0.12380365742642442 -0.04273675874098708 
0.5498170308222348 0.3837889504533562 0.5450966783060079 -0.6758598914075705 1.1538748091154352 -0.7274068330508547 -0.37386326509641143 -0.8554474791499026 
-0.2626106517906979 2.593060776478741 -1.0815194816606377 0.19105243530207808 -0.7481502812571026 -0.18956529552254286 -0.44587206501158255 -0.05639543652906567 
-0.17231954865049992 -0.8537814162507775 -0.29420447280613876 0.06997952763124077 -0.12667641866832596 0.070275477121759 -0.3682729785381576 1.6749998301572429 
Ip_0Ip_3
-0.025214297100718663 -0.056687319397008086 -0.04167207379351016 -0.06504965295311836 0.06898605592710745 0.13907922068697073 -0.025101432923230884 0.0056594995534028315 
-0.042937880676551486 0.2765511749991595 -0.05295686904114731 -0.07293028725950229 -0.06591103626609277 0.023329479756369963 -0.03544463364085332 -0.029699947870914803 
-0.02555052042068194 -0.05950458299765349 -0.021041829458271395 -0.0061036719935631 0.10327528324261818 -0.026770896406825673 0.07852701273715629 -0.042830794702501576 
-0.02511810331915224 -0.056821306957789704 -0.04162173425438356 -0.06532173058143294 0.06873849878740537 0.14059511472336486 -0.025480767350268833 0.005030028952289533 
-0.043500589694112864 0.27666180901286 -0.05311034550755399 -0.07131171609980466 -0.06625193413366286 0.02306514863198397 -0.035378927966123117 -0.030173444242462228 
-0.025018995157541787 -0.059496279369526145 -0.020902374654635895 -0.005992539911133835 0.10349980223086273 -0.028203705414033903 0.07887575560872613 -0.04276166333275038 
II_1IIp_4
0.1022256764771237 -0.37982828493226684 -0.007999730612183337 0.047719675786741626 0.24033871478206412 0.045277435503467425 0.5473975994123542 -0.5951310864144727 
0.4418756618096877 -0.7722543442696598 0.21676781693777028 -0.24496725847312498 0.8930281009957122 -0.5623218843196452 0.14099595638490736 -0.1131240490693334 
-0.532749597069348 0.45206478710190345 0.049944931064918326 -0.4379566492726554 -0.4858484014219949 1.0411981583704921 0.3300739868662003 -0.4167272156316489 
0.17595477077822497 -0.6388940519759223 0.6344158466649784 -0.8505659725098119 0.4816275618424687 -0.10285177568992582 0.16757340866562806 0.1327402122195432 
-0.3022012713829136 2.2185043357460943 -0.7952020239525497 -0.0271141533938594 -0.41076225931073324 -0.41420592897112524 0.009690847689952958 -0.2787095464170817 
0.1921919692666067 -0.5885252589075223 -0.14294719902835987 -0.025573128330289813 -0.15941840501137433 0.08657876442858951 -0.19286440158471732 0.8305576591619233 
Ip_2I_5
-0.15048094066866108 -0.15249363792586024 -0.02610905009994961 0.46134324373023516 -0.05497082170478404 -0.03122008144049319 -0.04630852294672617 0.00023981105573779365 
-0.05841795198330949 0.8589036094810281 -0.24246178040104327 -0.1099202630946321 -0.034969703472669283 -0.151974808796069 -0.15607387610598492 -0.10508522562531966 
-0.018821116801888034 -0.0911638957111794 0.1747072466406246 -0.15370445278411218 -0.13835294559660222 0.11489523476551738 0.0506608940432345 0.061779035445848875 
-0.1260404374937536 0.7734027515667643 -0.19271193447732482 -0.11635768449627283 -0.1798679542271719 -0.04647733036797043 -0.12869345885252792 0.016746048351571553 
-0.1183296665298922 0.1622694344702 -0.08420803674207274 0.008348556039898012 0.0612740431528861 0.19914818934083173 -0.09865497957717413 -0.12984754015309666 
0.1543264902593397 -0.07347175742113383 -0.09301248197072091 0.23877660499679243 -0.031044592926847487 -0.11525213988843479 -0.08792229197785459 0.007600168928636203 
IIp_0IIp_3
-0.09763572189199175 0.39118975365085473 -0.12154771687620552 -0.06662019450659028 0.07823254320497519 -0.07947479454259619 -0.050051696205873415 -0.054092172831186 
0.04014901011393159 -0.11991903241514902 -0.07219086514891877 0.015459644206100779 -0.060986230173291786 -0.039772755636361984 -0.03663812305921709 0.27389835211199265 
-0.05659055013302887 -0.12517784656391595 0.27813113862253325 -0.17647300046548184 0.009826178433830463 0.009125947645668776 0.12084294094679744 -0.05968480848657223 
-0.09760541397060644 0.3911475379859092 -0.12153185632086773 -0.06670591841956273 0.07815454499971905 -0.07899717949829596 -0.05017121368187967 -0.05429050109276602 
0.03997171652619624 -0.11988417478784831 -0.0722392212130904 0.01596960988809073 -0.061093637383958684 -0.03985603884656536 -0.036617421072146494 0.2737491668885973 
-0.05642308165824165 -0.12517523032706346 0.27817507686012777 -0.17643798591082116 0.009896917973707488 0.008674510328247134 0.12095281989491168 -0.059663027160464885 
Ip_0I_3
-0.023299077100318394 -0.09446528569096231 0.1699108387465882 -0.15556193663097187 -0.14102972282046186 0.13575694057776858 0.047419377109954905 0.06126886580865704 
-0.12271796562561844 0.7693837419019132 -0.19428848523278333 -0.12034580342148624 -0.1821718860307511 -0.023970879578528344 -0.13472219771542543 0.008833475704703797 
-0.12541466525667244 0.1585391911501673 -0.08950927553888084 0.03193576676756669 0.05582365237494645 0.20857622915956855 -0.10352954214499908 -0.13642135650810275 
0.15908382681971794 -0.07790109728952122 -0.09515015336429665 0.236106447225867 -0.03252637696898214 -0.10261685834497611 -0.08925887466783354 0.002263086588622391 
-0.153950099780594 -0.15337346157533602 -0.029915823167021478 0.47681819416155347 -0.0565950701567195 -0.0349584211825672 -0.04577394746825922 -0.002251370829515186 
-0.0516911525247982 0.853517064373564 -0.24404770871113182 -0.11066186194449336 -0.03296807763266445 -0.15185696063203794 -0.15870380095733924 -0.10358750196819372 
II_2II_5
-0.8581285407826883 0.14290971593588717 -1.363040338679269 -1.2120718491622124 -0.7326045369116707 3.029101933736399 1.7477005402819359 -0.7538669244138445 
1.4122625957776689 -0.5976223683688973 1.3239551644194854 -0.6976620971215332 0.22272945689249785 -0.9509136434105913 1.104130651558186 -1.8168797597470663 
0.4164235580820547 -2.05828794314473 1.2666547002535011 0.011922938313144988 1.9098221740086891 -1.4817397635812601 -0.07097448548405036 0.006178821533703858 
-0.8544723744454517 0.13781707064090584 -1.3611270161605415 -1.2224130692408688 -0.7420137738251839 3.0867185556734156 1.7332826669057895 -0.7777920595300679 
1.3908749578865778 -0.5934173527274555 1.3181217780906633 -0.6361428877711083 0.2097724934835527 -0.9609604317090137 1.1066280154386807 -1.8348765727032281 
0.43662595310640284 -2.057972335989142 1.2719551463980252 0.016146884728299032 1.9183557689401602 -1.5361984611487196 -0.05771934646759889 0.008806390415000821 
I_1I_4
-0.3133061132660327 0.47068269320167977 -0.5049348837635654 2.512645603213088 -0.494313640361452 -0.23843068300505346 -0.7931340455095076 -0.6392089305036829 
0.08617371607130096 -0.5432546748842123 -0.1520091537658678 -0.11970451873820744 -0.1219615599483269 -0.34986267223010775 0.07793234215901976 1.1226865213327653 
-0.4179288699527484 -0.7264505139586442 -0.08850356611520308 -0.24834483755843634 0.15244380946269834 -0.07402349784041527 -0.1725658675904514 1.5753733435487385 
-0.31296284140729014 0.47020455253238336 -0.5047552448423136 2.5116746818939273 -0.4951970592082825 -0.23302114659386483 -0.7944877175646334 -0.6414552248061388 
0.08416566349821064 -0.5428598724043989 -0.15255684147632084 -0.11392857437008472 -0.12317806940326931 -0.3508059497999608 0.07816681582974036 1.1209968281208105 
-0.4160320980172061 -0.7264208820856138 -0.08800591534224583 -0.24794825769673975 0.1532450156246915 -0.07913654156785452 -0.1713213628839102 1.5756200419681465 
I_2Ip_5
-0.12442993069455029 0.7713809863225237 -0.19342314334517574 -0.1202005865316881 -0.18339066467864007 -0.024009716063345513 -0.1331381188581021 0.007211173852595664 
-0.12325653315889126 0.1612904197568252 -0.08716259593915628 0.0333380688275267 0.057176349037187955 0.19533182810102734 -0.1001605493850079 -0.13655698723855617 
0.160120470576128 -0.07601465777521559 -0.09365408454988965 0.23879261997476656 -0.029955258508242107 -0.12077122173687684 -0.08583802511712438 0.007320157134943921 
-0.15070922748853105 -0.15195416201815926 -0.027782525153864843 0.4627012455252266 -0.053761350079724705 -0.037729561461394896 -0.04350201023825171 0.0027375909156412224 
-0.052588346265957445 0.8558097686840396 -0.24248255798832646 -0.11587057066343508 -0.03255095948026084 -0.1507383446119085 -0.1588354436855628 -0.10274354598658485 
-0.023187515322917965 -0.09386552418926013 0.1713998937496127 -0.15581278473209162 -0.14155540713815368 0.13676503416809974 0.046078761509633026 0.060177541955442296 
II_0II_3
0.41156807089460673 -2.0495344099837967 1.2781478978038139 0.01674841389768186 1.9182282519733282 -1.5303795355263823 -0.06397697196925531 0.019198282899800082 
-0.8785807590103506 0.1485605915002833 -1.3575260881360545 -1.2123494520870886 -0.7345912548470158 3.033945557970079 1.7473997668263084 -0.7468583622128098 
1.3925771142963277 -0.5833775932836354 1.3309578781683473 -0.6928197489397347 0.2251533046993621 -0.9835104886227314 1.1180224768135023 -1.8070029431410726 
0.40927262340218556 -2.0463370992501027 1.276946658316248 0.023240932429914565 1.9241356443864799 -1.5665529254000643 -0.0549250120092984 0.034219178107873297 
-0.865152978312544 0.14592056046222812 -1.3538637186519404 -1.250972999767459 -0.7264564966258835 3.0402532236728526 1.7458318491965177 -0.7355594399631654 
1.3798934635203277 -0.5835757406279568 1.3276301040228862 -0.6954716652667372 0.21979566577427614 -0.9493197354517486 1.1097005152806212 -1.8086526072537492 
I_2IIp_5
-0.1658022283377358 -0.8519394919904231 -0.2920565734708336 0.06982228597505685 -0.12846497650097233 0.07043369793877126 -0.3695501390023779 1.667557425382549 
0.12265890686828856 0.010609158618917987 -0.7342735466746375 2.731891973124053 -0.5643559138521457 -0.11471629451640289 -0.26718995328192113 -1.1846243302797248 
0.9425142950858207 -0.6954230728082136 -0.4125700844227162 -0.02998071069746694 -0.1358773795910275 -0.5987612649307452 -0.0902948156172594 1.0203930329651345 
-0.09906162317945816 -0.6327803491017283 0.11861083153788006 0.5910971035936733 0.1637138522006952 0.021277090978173693 -0.11824292862945583 -0.04461397740102517 
0.560745423362822 0.3855864714762707 0.5475998540457916 -0.6854545602931282 1.1568949259454744 -0.742794089029444 -0.3694017020542626 -0.853176323460158 
-0.2520402197255529 2.5954238619481775 -1.0783964441096312 0.17303551717602994 -0.7469071355888669 -0.187696349542005 -0.44434026659034825 -0.05907896355823341 
I_2I_5
-0.4133587692647901 -0.7256950855830852 -0.0904933505712386 -0.24711513515695638 0.15338830312977372 -0.08187062180362076 -0.16853130481544462 1.5736759640634803 
-0.3022354807020376 0.46528174352861984 -0.5054868961875485 2.5117052319016486 -0.492479006613073 -0.2378480755169085 -0.7982660133387195 -0.6406715030631317 
0.08380401715580645 -0.5477642639545736 -0.1572089765185145 -0.12298605799872321 -0.12743587549869173 -0.3178930935810437 0.07235358244770346 1.1171306679412827 
-0.4111016314406071 -0.728839035083734 -0.08931215906445256 -0.2534992973778367 0.14757950161750416 -0.046300944513013725 -0.17743219289333012 1.558905758752934 
-0.31543915964366726 0.4678777140038919 -0.5090881428798714 2.5496841753095043 -0.500478000507234 -0.2440504699912541 -0.7967242633300654 -0.6517818529508661 
0.09627598526905498 -0.5475694235707841 -0.1539367409625231 -0.12037840059207301 -0.12216765241129317 -0.3515132232072582 0.08053665534362904 1.1187528001330505 
I_0II_3
0.38267109250945375 -0.7061082331886739 -0.3211081422082519 0.008949022743366728 0.17823507562263127 -0.7314759932111505 0.2360256900420903 0.9528114876856878 
-0.3753077922077599 -0.9087123207889776 0.1909180360619187 -0.4894189277228411 0.6677655187906469 0.3136205729103809 0.20331112200251295 0.39782379095342013 
0.16904148638045868 0.29923553417216964 0.134070611700543 -0.1992437186963543 0.4136715903082983 -0.17820208823796113 0.029204691591094567 -0.6677781072170181 
0.8288965427835409 -0.8543567995469662 0.30534552795856196 -0.5941822849918798 0.8644009065694869 -0.6687256842563714 0.31452352957019336 -0.19590173809815298 
-0.810070298697331 1.354826988723628 -0.6116710921405571 -0.8101334160979651 -0.4560736507207456 1.564014629053018 0.46164591213126915 -0.6925390722396457 
0.2862450745074318 0.2525509320023208 -0.012799172858994203 1.2650522822573969 -0.5150608729267021 0.06655905210191168 -0.28169688896685535 -1.060850406114798 
IIp_2II_5
-0.5459560841162062 0.44033251961155806 0.03638076080867706 -0.44531014289168963 -0.49617044427586626 1.1158823897646735 0.31591506286788074 -0.4210740617594985 
0.1821498804194019 -0.647477927337466 0.6300988945022583 -0.8636846880465364 0.47080527690991814 -0.025738449332508878 0.15189875605879796 0.1019482568235388 
-0.3191185723096762 2.210840897145893 -0.8078370208639303 0.05813095310452018 -0.4250752185458462 -0.41600674485127115 -0.0002699686526674274 -0.30066432501516854 
0.20864347516369952 -0.6008595072588961 -0.14853272168719883 -0.029023057268928638 -0.1594786810444511 0.09527294105083653 -0.19104300297410545 0.825020554013048 
0.09876589959010089 -0.38025672258637266 -0.016260616382422443 0.06212134109289225 0.24029699446370692 0.037885769191674606 0.5528658548321501 -0.5954185202011919 
0.4597348050669634 -0.7858682138217506 0.2135745722855338 -0.2468580921631305 0.8990167488946055 -0.5610153085617717 0.1302044219805614 -0.10878893368609122 
I_0Ip_3
0.15856020572720636 -0.07672057647904942 -0.09454946924902331 0.23835104307169086 -0.030512203709705237 -0.11598357382392513 -0.08674257244268868 0.007597146904619642 
-0.15097951028966733 -0.1525070356332395 -0.028077209003869667 0.46188166262066066 -0.05433526731905272 -0.032761446504463505 -0.044569139026729196 0.001347945156484085 
-0.05442698213799788 0.8553157864268615 -0.24334109112154306 -0.11048984003275447 -0.03340643057130992 -0.15048787743196718 -0.15955510704247655 -0.10360845808663513 
-0.022852168024376108 -0.09463660870920956 0.17101941475035515 -0.15606241995967945 -0.14151323359686646 0.13768457022967714 0.046108451634390334 0.06025199367663935 
-0.12542472937782473 0.7713663901836265 -0.19399834476977332 -0.11895204713199654 -0.18335151201641786 -0.02444082709222496 -0.13285446347472107 0.00765553368208423 
-0.1227877646094991 0.16042169119291724 -0.08739565333951033 0.033229036196063 0.05765054411198853 0.19548923895557357 -0.10086226862504115 -0.13574482388185571 
IIp_1IIp_4
-0.05666709387763194 -0.12510322401233176 0.2782201574980815 -0.17643057809055415 0.009901751634650086 0.008722160042715626 0.12090487474539732 -0.05954804794024939 
-0.09782734833016273 0.391228195078779 -0.12150469485398202 -0.06662309043680915 0.07822529316565653 -0.07942915031539195 -0.05006538992212502 -0.05400381438456019 
0.03993963764414763 -0.11980920084106546 -0.07214404402816413 0.015494156919784736 -0.06097069427543381 -0.03997522046538905 -0.03653734048280576 0.2740027055277344 
-0.056681711598896165 -0.1250828631033836 0.27821250784196805 -0.1763892328509092 0.009939370711718395 0.008491802984286064 0.1209625188555855 -0.059452392839915644 
-0.09774183839939497 0.3912113830026617 -0.12148137238780936 -0.06686905043288928 0.07827709641058575 -0.07938898224371006 -0.05007537463448213 -0.05393186131345465 
0.03985886643379133 -0.11981046267023823 -0.07216523574575912 0.015477269156547808 -0.06100481244756869 -0.039757489106618915 -0.036590335863814986 0.2739922002426884 
II_0Ip_3
0.017329219036393062 -0.08216508146081968 0.053058232436113226 -0.038454816093044256 0.0677365841565157 -0.02802846917064152 -0.022936546961977125 0.033460878056913654 
-0.04771933232604431 0.015514010471367986 -0.012108721320242162 -0.06455413994014587 -0.030364037206473342 0.10281766549476015 0.06147133418758866 -0.02505677936060814 
0.02117651098806919 0.07525607912760207 -0.0023683631012030443 -0.03210798624299504 -0.007305581527860452 -0.04871638786446917 0.05166551433055594 -0.05759978570951684 
-0.018389107668076384 -0.059640715739476005 -0.006376376172940118 -0.06038094212334515 -0.012850544122898384 0.16151016160263626 -0.013336826884362666 0.009464351108767604 
-0.0385848562873326 0.13738347089477845 -0.059163022235961454 -0.06048515191469536 -0.03924541713298035 0.08752668864120822 -0.006669115955605121 -0.020762596008473622 
0.0010912706777801014 0.0244663194760052 -0.01851911862722997 0.08870024314501083 -0.0284346944336826 -0.03042855047840166 0.027442147132928432 -0.06431761689203698 
I_1Ip_4
-0.12289386745385146 0.16054973979988146 -0.08709287502764257 0.033180355676499525 0.05755907570158889 0.1957110917401737 -0.10114304001939967 -0.13587048041662877 
0.15807776633544837 -0.07630428237766579 -0.09437491168054926 0.2383840749118651 -0.030745910735327175 -0.11597698153800272 -0.08642271135050303 0.007362956433913436 
-0.1506655846019767 -0.15193746527299795 -0.027598095954860142 0.46217228884885325 -0.05404069752246468 -0.035464486794346 -0.043885060371188944 0.001419101671264552 
-0.05434666050807111 0.8557078767941246 -0.24303777894625653 -0.10993640733684672 -0.0328637263405933 -0.15418988785781274 -0.1588608341617385 -0.10247258164010675 
-0.022317393415568307 -0.09433981028971566 0.17145455222169662 -0.1589585204687891 -0.140916757283747 0.137140192103416 0.04656703459676302 0.061370702536608354 
-0.12574157601640287 0.7718425651993583 -0.19368064039654342 -0.12000784420623278 -0.1832511874733783 -0.02419751879371306 -0.1328884771837265 0.00792467887377309 
other
-1.300674037866375 0.8451386269694616 2.219221003606414 -0.5434199426125323 -1.9579560871369674 0.6381689106860496 -1.8851388673990555 1.9846603937517313 
-1.3334861866803973 0.8693003930555555 2.2109854011889514 -0.5364538888772564 -1.9656428662660619 0.624128250466208 -1.850199271975681 1.9813681690827627 
-1.2778208223949594 0.8689523175165637 2.230708237758719 -0.5248289007432633 -1.9338269791476064 0.4803451131185885 -1.8428692112913911 1.999340245188099 
-1.3108603853354732 0.8593271101430611 2.2138903467954916 -0.5146085452826251 -1.931741263235207 0.4776447777050165 -1.8449696150949184 2.0513175743062435 
-1.273898659443105 0.8575849111783481 2.2272376431849588 -0.7078509165241694 -1.9295438162465508 0.6521193392629016 -1.8571571108472393 2.0315086094467425 
-1.3341061761089446 0.868073012841676 2.215940806187952 -0.5365971251424414 -1.9576022002831217 0.6320710372819293 -1.8797990004164291 1.9920196456396404 
Ip_0IIp_3
0.0018239934043196677 -0.039694469063943326 0.00969268229560414 -0.03990367022228704 -0.021204837799001213 0.09551834509076643 -0.00821982030918595 0.0019877766034153794 
-0.02967165277655078 0.03499633239233407 -0.008510472447123002 -0.022276787645404868 -0.04155917698335496 0.04820079792579993 0.04724077950217608 -0.028419819967654 
-0.02740622812623903 -0.05996808657548919 0.10888590695994814 -0.07533150276959548 0.007797304014548075 0.04741857413057711 0.04264696281151042 -0.04404293044502615 
-0.011946418452889868 0.22953217392214473 -0.047566834653018704 -0.012606107973158 -0.05056815369467186 -0.035016353187737964 -0.030493176474626793 -0.04133512948519817 
-0.007333009473878863 -0.042358483208013754 -0.01602219544751896 0.07605646533443115 -0.024790571668652277 0.0013953354995198915 -0.011159793348640819 0.024212252312949017 
0.01163882906237678 -0.04111650661647607 0.062488850592040436 -0.018228118619653143 0.01720493697665388 -0.012437046939876309 -0.007820208357920013 -0.011730736097554555 
Ip_1Ip_4
-0.025265262354707857 -0.05929389559446643 -0.020736994231509733 -0.005984848175269243 0.10344637227190834 -0.02810264497244098 0.07873490970386149 -0.042797636647001834 
-0.025327594066334867 -0.05656694851035047 -0.04152158424135701 -0.0650675953174577 0.06888647357439162 0.13915966820664016 -0.02509811389664314 0.005535694250704345 
-0.0430510151090271 0.2768977766133511 -0.05277430787488504 -0.07281770254206539 -0.06590601360307502 0.022476554539902393 -0.03507054214161802 -0.029754749880925614 
-0.02532199386684674 -0.059214874717850904 -0.02076668261807544 -0.005824386916303514 0.10359237225930212 -0.028996662856017753 0.07895862703079662 -0.0424263983142457 
-0.02499572923073756 -0.05663219633389501 -0.041431069533483 -0.06602216834682402 0.06908752244916205 0.13931556086596647 -0.025136864658020508 0.005814944788027179 
-0.0433644889268689 0.27689287944241014 -0.052856553127914624 -0.07288324410825166 -0.06603842654624084 0.023321571965490086 -0.035276217707765074 -0.02979552098997045 
IIp_1Ip_4
-0.02689259862202881 -0.05956832231382894 0.10939672743175599 -0.07509085821712759 0.00813603112449878 0.04487020175508276 0.043096666875039866 -0.04394784803339822 
-0.012207662634856127 0.22990085888218537 -0.04740156778569398 -0.012144146434684268 -0.05023684134084894 -0.03769362790665128 -0.029878995473065793 -0.0403380173057787 
-0.006617954647930624 -0.042022679234668514 -0.015506561274005253 0.0731612925545724 -0.02423665699167751 0.0009797208435452882 -0.010719259686465416 0.024962098436810642 
0.011096283078569967 -0.04065041765690056 0.0627072208552055 -0.018029686541257292 0.017273699180065046 -0.013223504408474756 -0.007793012479755763 -0.011380582027820508 
0.0020872317964252688 -0.0396448330927693 0.010046227433912626 -0.04094166908578836 -0.02112966123531153 0.09584713158754828 -0.008357601327370519 0.0020931739232501424 
-0.030337403665789832 0.03553465795779354 -0.008368074934416384 -0.02220275099984614 -0.041782182388172794 0.0481650519399539 0.047591420852236686 -0.028600718761431807 
II_1Ip_4
0.0006158723355885838 0.024808220597311952 -0.018476339365135833 0.08877718018559913 -0.0284560993833814 -0.030446390953811096 0.027433073079395347 -0.06425551649525126 
0.017628319842802487 -0.08236790030438058 0.053217718724817356 -0.038538128210598065 0.06777219407123182 -0.027839654645953456 -0.023310391908008207 0.03343784242953461 
-0.04837080735655779 0.015681270908976343 -0.012234505515719111 -0.06462592991715312 -0.030703515515492177 0.10396015792074145 0.06156906562246256 -0.025275736146099407 
0.021639321556790384 0.0754961770546418 -0.0020578527374008945 -0.03208603776698021 -0.007178394646230285 -0.04973745121052594 0.051891710255462985 -0.05796747250527537 
-0.01872851145495039 -0.05953277751640101 -0.006429834839619228 -0.05863509078838427 -0.012709491542041606 0.1590318371862704 -0.013043630313525803 0.010047499268709495 
-0.037873742687906484 0.1373797957350827 -0.05892190786046941 -0.0630666187969691 -0.038843212854914856 0.08786307495114107 -0.0063773817841307175 -0.020160006701309234 
I_2II_5
-0.8112936156808449 1.3540881736814494 -0.613384248204619 -0.799441060247175 -0.4576210647811041 1.5620429108270903 0.46111643457220375 -0.6955075301559732 
0.2898172362155662 0.2504132634059265 -0.013549035920573464 1.2647426766034449 -0.5146057649221543 0.0662793106955529 -0.28186723760219473 -1.0612304484723114 
0.38243653261284294 -0.7067903791829475 -0.3226671533249884 0.008714141928857057 0.17774056863271367 -0.7277476263114611 0.23596784010103083 0.952346075535672 
-0.3724658623802979 -0.9106226522079637 0.19039162840700097 -0.4904048879371747 0.6676915723430193 0.3183160053866547 0.20111620509401715 0.39597799129399425 
0.16724733664497024 0.2974003524780172 0.13189391272361395 -0.19505890609285026 0.4115260831452882 -0.16977801275929807 0.026920276461249566 -0.6701510425995785 
0.8310231354676886 -0.8559059734351495 0.3045734684431919 -0.5958728179383787 0.8629811233835206 -0.6595190503156497 0.31306310539335214 -0.2003429910033896 
I_1II_4
0.28799662059939296 0.2511785462353052 -0.013595457860382467 1.2649122458556645 -0.514793191686139 0.06613290464891956 -0.28105633421335713 -1.060775333577598 
0.38276526550943013 -0.7063662736358998 -0.3219984160770769 0.00914353189210899 0.17863021083665648 -0.7320942300686827 0.2365246717939718 0.9533952397445037 
-0.37390794878128264 -0.9104878152072905 0.1902767958607481 -0.4898223223233755 0.6682096726466318 0.31585393263767214 0.20150859508333877 0.3983690900840275 
0.16738635202051116 0.29761364621542546 0.13241688939296004 -0.20051931861301428 0.412082777384249 -0.16687330294377326 0.02696909791106086 -0.6690761413686074 
0.8288172807130395 -0.8553484555627516 0.3045687525939135 -0.5934581314494092 0.8626506293193766 -0.6596136688877428 0.31258699411930496 -0.2002034008582019 
-0.8116545199917627 1.3538016108641957 -0.6131342147104374 -0.7995776290192318 -0.45757851751571926 1.5624088399759797 0.46078695295723254 -0.6950525225530564 
II_2I_5
-0.36262987837570765 -0.9105054859407364 0.18730852348632596 -0.48888238920802046 0.6679975478701975 0.30958768654014224 0.20589806382256415 0.3912259317985575 
0.18702748465352062 0.2909731843307961 0.1314310538402792 -0.201311012534382 0.41396425700053896 -0.16940443536557062 0.02194322980103952 -0.6746237617240332 
0.8340094394643476 -0.8619192402555684 0.29846692909219175 -0.6000165512962513 0.8560147600897733 -0.6211302383180042 0.3054251577604405 -0.2108502565519978 
-0.7984098740305043 1.3499601423288239 -0.6148724193072425 -0.806538938615346 -0.4651585709490595 1.6013434516712697 0.4538796432285555 -0.720203434308136 
0.29176878156055364 0.24749137029043278 -0.018874569567522145 1.3097726025836918 -0.5229684356254993 0.05827794750351474 -0.28476249717685054 -1.080705199566671 
0.4022634281525563 -0.7125405578288069 -0.3243552735512629 0.00809146417940997 0.17788775729561027 -0.7347552477797394 0.23937929437145855 0.9440291351567874 
IIp_0I_3
-0.25949449754404347 2.5943943473866136 -1.080870514279599 0.1734893217365017 -0.745083849675851 -0.1882823670317163 -0.44264898827045873 -0.051503452309415894 
-0.17159790923104587 -0.8543111166157893 -0.29374777339060604 0.06990425497071266 -0.12566602357238627 0.07114611575115479 -0.37179531280400263 1.6760677648878375 
0.11233491139888901 0.0065476231847145985 -0.7378123231005206 2.730037169216083 -0.5649389152604456 -0.0952215187115287 -0.2728472675103988 -1.1780996792066645 
0.932282388540764 -0.6982697179961824 -0.41544430401552435 -0.03393278882791337 -0.13900014419225085 -0.5686201732523859 -0.0962181956204466 1.0192029353490981 
-0.11149327853439953 -0.6347212694676115 0.11529276073572295 0.6103017678117729 0.16016983339412844 0.030042274056807414 -0.12250897170889369 -0.04708311628746636 
0.5531059924946291 0.38247390442660867 0.5447210641417436 -0.6735614850232761 1.1566620451484142 -0.7440641652258467 -0.36999450251367827 -0.8493428534473426 
I_0I_3
0.08512251003359264 -0.5424513067544748 -0.15213757756070592 -0.11951288711879925 -0.12226392558349465 -0.35021559540706965 0.07896464470654302 1.122494137681544 
-0.4163724473164183 -0.7261977117822669 -0.08778368218936812 -0.2479168042991395 0.1533850383827458 -0.07890867570675197 -0.17206574227001756 1.5758600251787578 
-0.31376122967116293 0.4701407553260991 -0.5050419532314941 2.512187882011728 -0.4948950753832619 -0.2347907888814133 -0.7942218432515858 -0.63961774690873 
0.0853496776811304 -0.5427677267825158 -0.1520186975823982 -0.12015541550151854 -0.12284854729457424 -0.3466357165724729 0.07806882266712373 1.1210076033799659 
-0.417701319950717 -0.7259364426201131 -0.08814612648944875 -0.244094446997726 0.15257998668984554 -0.07953291023380793 -0.1719105741979856 1.5747418338029133 
-0.31250599942860524 0.47016036486418034 -0.5047126219674186 2.512450327393439 -0.49436485971250227 -0.23817445720981587 -0.7933982650897611 -0.6394544888440439 
Ip_2II_5
-0.047970018547569666 0.01583056221466884 -0.011532540726968177 -0.06465092113215404 -0.030683656275197885 0.10317090976272868 0.06131920906236929 -0.02548354435736637 
0.020511158237507893 0.07649572803365556 -0.001808842868099251 -0.03176040743970836 -0.007436961145329193 -0.0510881141769658 0.05296731807248997 -0.05787987871313466 
-0.01741777800250063 -0.05856074243026543 -0.005314657346334489 -0.05943133930521081 -0.011727732717953082 0.15357269043974361 -0.011785299773110186 0.01066485913587383 
-0.038321222780990344 0.13806712570294682 -0.058544635169890384 -0.06208008859956617 -0.03800906376492607 0.08213743813357582 -0.0053835418855443925 -0.017866011634651534 
0.0018599736059260014 0.025242449325319768 -0.017559586805654115 0.08228321531680288 -0.027540388454202466 -0.029418548424494262 0.02791527868869508 -0.06278239325188979 
0.016292679675776252 -0.08133455647747075 0.053633554732379865 -0.03839532103902848 0.0675474002617683 -0.027696113431647882 -0.023414568647946256 0.03336692492554364 
I_0IIp_3
0.9312562415911275 -0.696547447710911 -0.41572932883928104 -0.030480835780331027 -0.1358795237938263 -0.5881761861642616 -0.09161012510191598 1.0271672057868755 
-0.10482738575902423 -0.635513766404435 0.11744156002965754 0.5892010155306312 0.16429363769943536 0.03339204239842186 -0.12273266443954713 -0.04125443905732899 
0.5470312063014133 0.3830111340841549 0.5435963315733295 -0.6745971319744555 1.1542893043733604 -0.7295095760514261 -0.3737148952034656 -0.8501063731107975 
-0.2582919504713919 2.593012287318557 -1.0799892326323934 0.1706375639394143 -0.7476988299436761 -0.17271694149721223 -0.44682963939811227 -0.05812325730261005 
-0.17796930643206763 -0.8525403567503985 -0.29515483891350175 0.08630384637490914 -0.12944041214021437 0.0683716504102297 -0.37049668421591514 1.6709261016647317 
0.11857492516286754 0.0072772379029898355 -0.73570605588497 2.731576318722246 -0.562109821580994 -0.11386338795882556 -0.268487708036181 -1.1772615083223203 
IIp_0Ip_3
-0.012101390684777917 0.22977894120011577 -0.04759929793985879 -0.01211355100039954 -0.05012198489247847 -0.03781121337890267 -0.029841541502480255 -0.040189961800279894 
-0.006406965240431256 -0.04245632177511497 -0.015711208394760187 0.07303432798886944 -0.024205653441486064 0.0018744671995686879 -0.011177801471522147 0.02504915513470342 
0.010775199958535724 -0.04102397705153016 0.062343562586377396 -0.018366597618921895 0.016879541559524307 -0.010446183487599606 -0.008334608170096375 -0.011826937776668916 
0.001981789620831983 -0.03988335449466246 0.009823895072723505 -0.040295757727365496 -0.02156358654164343 0.09765232560042804 -0.008801569015837143 0.0010862574854782693 
-0.03057522396621039 0.0352582138427607 -0.008698505138733643 -0.02003623563581057 -0.0420826682125628 0.04782047245180998 0.04743640953330066 -0.02912246287406209 
-0.026541633958681 -0.05984855824976852 0.10919404808307373 -0.07510864230972751 0.008201918941794032 0.04475074298971565 0.04326648002679847 -0.04391435552305556 
II_2IIp_5
0.2131886841422061 -0.6000614460447189 -0.14883232854759088 -0.027006537726368886 -0.15819100456850602 0.08274144362533456 -0.18781957321200116 0.82598076232363 
0.10847975500222108 -0.3813731557622903 -0.014960722251981353 0.04927500689619066 0.24231575071067926 0.03934631285675081 0.552602935127335 -0.5956858825784069 
0.4608655642614964 -0.7861801921183439 0.21257850340738987 -0.24784777398166244 0.896601535438219 -0.5504202573339116 0.12771878465713637 -0.11331616433982673 
-0.5399019472440797 0.43902880704672664 0.03687079682867325 -0.4475615242031054 -0.4987660320524136 1.1271297141887298 0.31318812568818366 -0.4299879402409206 
0.18303689360993416 -0.646858918301204 0.6289913053473097 -0.851141572630974 0.46747659496567073 -0.02842429226662503 0.15266651758504507 0.09425347168634973 
-0.30965012971616196 2.2106591723435716 -0.8066455549584417 0.05888452637349756 -0.4239685519127849 -0.42788721586127754 0.00271489157612576 -0.30410713783541043 
II_0IIp_3
0.45637707969334973 -0.7841812840811999 0.21436026705290592 -0.24662657552171605 0.8988939019273349 -0.5604740633247818 0.12951958293750454 -0.10786890869077584 
-0.5470312229771496 0.44046365966781226 0.03735987622181685 -0.4455428134556456 -0.49636635928971323 1.1167909297881469 0.3150464297570283 -0.42072049971096115 
0.17897730442418722 -0.6455549029100229 0.6305865788069394 -0.8633293661066455 0.47023229528636384 -0.026747681040360887 0.15366899707110795 0.10216677446402758 
-0.3183591363807319 2.212679485137817 -0.805987298671976 0.05941164142098025 -0.42327318449298923 -0.427708265326473 0.0020317410881822333 -0.2987949827629642 
0.20717473306699283 -0.5997461931277589 -0.14785047282183325 -0.02815984354069667 -0.15750840665342156 0.0844330080930579 -0.18897143699776084 0.830628611976506 
0.09967504972789282 -0.3792089214841775 -0.01465610285206346 0.049678852593904005 0.24225962756059008 0.0398784744422521 0.5538946742837385 -0.5915216542728077 
II_2Ip_5
-0.03781108169484687 0.13755220365740956 -0.0589845943712999 -0.06300706671987534 -0.038871452690496716 0.08773899406241528 -0.006276883808140413 -0.020340118434443364 
0.0013218016382209835 0.024520615745839646 -0.018419056692368187 0.08870239677769508 -0.028400088488061626 -0.030361835979295905 0.02709421592216965 -0.06445804892382151 
0.017436991136540823 -0.08245543805330612 0.05298461076858334 -0.038688127465659285 0.06740520449373852 -0.026239406042981896 -0.02344872320374512 0.033004888366129796 
-0.04773582227879652 0.015700001532409094 -0.012116905675799055 -0.0647974079329188 -0.03083589420515266 0.10442391949231879 0.061514039031475336 -0.026151929962543112 
0.021587192870837768 0.07545652588624709 -0.002228044840960495 -0.029984315334421974 -0.0073187497347540036 -0.05127313230193264 0.05195776972918371 -0.05819724627400958 
-0.017798218343427742 -0.05970544408186158 -0.006363646195877134 -0.06004294307739072 -0.01251399144146575 0.15913960343176947 -0.01281987022380546 0.010104509931756017 
IIp_2IIp_5
0.04049663979533602 -0.11988971889425984 -0.07182742508265536 0.015362719902181434 -0.0611581648240475 -0.03954146742399322 -0.036892497917361974 0.2734499144441426 
-0.05693949794429913 -0.12451467257587696 0.27833685494370053 -0.17635229015225745 0.009546922433330064 0.008560486180654994 0.12152847953276874 -0.06016628241778345 
-0.0965899532026544 0.39177292729592333 -0.12085792422389183 -0.06624933044429157 0.07871751735113652 -0.0833488493393435 -0.04929931331537789 -0.05414507411970233 
0.040228974245109864 -0.11951688965745776 -0.07196749817492484 0.016119793871821997 -0.0604693207333855 -0.043759542695017695 -0.03583697482167606 0.27520145796401974 
-0.05537372293954458 -0.12482251902542921 0.27876391334778305 -0.18085607129974843 0.010495493264084544 0.009296004991776408 0.12134564915361794 -0.058848747492464104 
-0.0980689573511985 0.39174982190210594 -0.12124596642522219 -0.0665585628033388 0.07809277843820911 -0.07936196364945337 -0.05026971338781844 -0.05433743672185567 
Ip_2Ip_5
-0.043276300010831825 0.2767902807557547 -0.05320708387714329 -0.07281525960136605 -0.06593765210247923 0.023053314280240836 -0.034944647587514484 -0.029662651855177535 
-0.02461939128122751 -0.059816531088368846 -0.020919085820680642 -0.00603679097772115 0.103723383157459 -0.028086550802965123 0.07830411054510882 -0.04254914373141775 
-0.025760959025325075 -0.0572162586033154 -0.04210494143224414 -0.06542188254033801 0.06848500299761562 0.1425136402881379 -0.025889682920803393 0.005395081236769837 
-0.04304536725370976 0.2764686163369581 -0.05308623356466159 -0.0734684373416264 -0.06653196341759406 0.026692526541969214 -0.03585531710998489 -0.03117382418981719 
-0.025970288842405292 -0.05955093161419283 -0.02128753732539199 -0.0021510813771561397 0.10290498842132388 -0.028721131483533432 0.0784618503944326 -0.04368586817265153 
-0.024484924415649173 -0.05719632405343532 -0.041770151783924354 -0.06515508735061784 0.06902400653967339 0.13907389055456243 -0.02505245465554672 0.005561045164599879 
Ip_1I_4
-0.05452204067502879 0.8555233864058298 -0.24396083826103654 -0.1101660202490906 -0.03304590979687203 -0.15209248359834707 -0.15859825669523264 -0.10313783712640325 
-0.021203594212839585 -0.09593726224710113 0.17078098914321252 -0.15608759635794917 -0.1406793301067994 0.13690163891172286 0.04496233356831487 0.06126282130042262 
-0.12686030795117434 0.7700750397583116 -0.19532785822989454 -0.12094884831596145 -0.1844054141490719 -0.015474169532963773 -0.13451936730376537 0.007460925727881266 
-0.12264558339686601 0.159775130850677 -0.08779422498208377 0.03175243705926538 0.05628658160620012 0.2044849158262375 -0.10255115709268324 -0.13930809986804427 
0.15671323819368313 -0.07741447130445447 -0.09572442789226523 0.24838363751690867 -0.03200989277799231 -0.11737972267263783 -0.08773802627502215 0.005169665210467967 
-0.14944333113811 -0.15366841922153185 -0.028631115966013452 0.46172074140339225 -0.05420607999895797 -0.033051627735277915 -0.043979989687796164 0.0012598223451128318 
Ip_0II_3
-0.01843285497891638 -0.05944775924671318 -0.006143316434513574 -0.06003377208760385 -0.01254289422603052 0.15932399007698775 -0.013032214505080533 0.010308821401916943 
-0.03835600112594756 0.13776290957919946 -0.05879967539837152 -0.06301382747015702 -0.038972118222533 0.08786873980205988 -0.006241791337866644 -0.020248235826013115 
0.0008956216851812445 0.0250021072176509 -0.018153643148233926 0.08887705379466203 -0.02830745011745028 -0.031658542673934975 0.027589927222947053 -0.06424507398002091 
0.017350519058525703 -0.08206272888589487 0.05332533234542893 -0.03829162805486187 0.06787683309008263 -0.02918957584762223 -0.02288844485169816 0.03387969314528578 
-0.047870987424573706 0.01596826113863974 -0.011849157020806446 -0.06598831920418465 -0.03032125732473253 0.10298097293252115 0.06194308973258796 -0.02486260282862246 
0.02134028544483498 0.07579748187736286 -0.0019085866923537415 -0.03185602681082429 -0.007026514909284139 -0.05091526186366669 0.05204911833062028 -0.05748049537625845 
IIp_0II_3
-0.31829484980925943 2.212592649184897 -0.80594840594662 0.05923439474449285 -0.423434626017964 -0.4267258941021345 0.0017809407072063646 -0.2992042087494197 
0.20679811804713188 -0.5996634400762717 -0.14794701966846616 -0.027114921171159115 -0.157733803550783 0.0842609056883726 -0.18891814649859098 0.8303183072259961 
0.10003121482666764 -0.3791923034329223 -0.014554106346458718 0.04975778640563454 0.24241437918743314 0.0388823245288558 0.5541340252985162 -0.5914733204666411 
0.45631233263391047 -0.7840883901061175 0.21433163469075717 -0.24643885926970208 0.8990645317278619 -0.561525101206785 0.12977761896562245 -0.1074337674447742 
-0.5466530242606631 0.4403980090680822 0.03746920157861217 -0.4466690305293129 -0.49613447829520524 1.1169733992094193 0.3150115831482845 -0.4203956599120459 
0.17862048544603362 -0.6455494232844414 0.6305015116650763 -0.8633995040525592 0.47008587879441965 -0.02582187149434221 0.1534405469640682 0.10212237595948546 
Ip_2IIp_5
-0.006807919806400713 -0.04214828509468429 -0.015736981156169248 0.07310139217909523 -0.024328499423810036 0.0017582013609996954 -0.010803411643684292 0.02496550358438464 
0.011319328247851682 -0.0408841415670942 0.06262967696976207 -0.01819577685800937 0.017221889861785324 -0.012334318570630786 -0.008101734306261103 -0.01165492377776732 
0.0017198082730614465 -0.03986614179966605 0.009758023121396007 -0.04007098067900641 -0.02140968938765276 0.09670317220251257 -0.008645625125233947 0.0018114333946620987 
-0.03013344370280888 0.03531800956917505 -0.008477134786110048 -0.022389896894905798 -0.04191436726467697 0.04915511863311276 0.04744833096869592 -0.02900661652171758 
-0.027132026112885378 -0.05964077491723179 0.10917831201339316 -0.0739295164188591 0.007991002741954223 0.04464310633774064 0.04306696546525833 -0.044177069109271355 
-0.011849805346514636 0.22961787692615548 -0.047495912186625584 -0.012183159701981599 -0.05014741743586661 -0.03770385547883295 -0.029957007564988175 -0.04028071921049088 
Ip_1II_4
0.021555967615588065 0.07561148265073253 -0.0021030190536834195 -0.03185162637604415 -0.006965059419978134 -0.051041964393519934 0.052219613626844706 -0.057425394649326236 
-0.018240748795372186 -0.05963124007628086 -0.0062986173734642355 -0.06002678908457772 -0.01241481070343853 0.1592595457078285 -0.013103327346787378 0.010455987671595512 
-0.03833459887959286 0.13736934131862524 -0.05904533907235538 -0.06316429037100788 -0.03903914865648811 0.08911599973654388 -0.006681425492694374 -0.020220538581943535 
0.0006993618659712339 0.024691131235758983 -0.018434194180315874 0.08853968606129647 -0.028672140068285 -0.029121659091177414 0.02710303919460842 -0.06480522501726513 
0.017140090868949708 -0.08227447350703077 0.05308273866702805 -0.03712249294629722 0.06747560401095416 -0.02807041570250754 -0.023256125619640265 0.033025074227895565 
-0.047909758632067985 0.015685218734629264 -0.012116059101229997 -0.06453084825782913 -0.03051003396787611 0.10272794463362997 0.06186989959339 -0.02521636300246171 
Ip_1IIp_4
0.011152591382730698 -0.040731813701609845 0.06273094011648889 -0.018193968183572717 0.01712440797293971 -0.012302544515349106 -0.008018027274962905 -0.011761585796961573 
0.001758450172585738 -0.03958972248952748 0.009949796067830138 -0.03995396314759194 -0.02133186604554779 0.09568742030104241 -0.008329406609808741 0.0018092917505468853 
-0.03002730307343188 0.035527402214617754 -0.008296074477764367 -0.022142803742761345 -0.041655907518368805 0.0473685913927381 0.04778868202597483 -0.0285625868204445 
-0.026948402852717525 -0.0594935576915706 0.10936177664970911 -0.07493803711012374 0.00827526437306142 0.04402440791135205 0.04331376115901646 -0.04359521243847319 
-0.0118806146057387 0.2298270270579241 -0.047319124432117374 -0.013042863014116376 -0.05004173435539627 -0.037545264887948994 -0.029927379819300545 -0.040070045942549155 
-0.006927339469825178 -0.04203961274281976 -0.015597093481064667 0.07309171689158761 -0.02437205592766106 0.0018531795695676007 -0.01092845355309238 0.02491965871308994 
II_1I_4
0.16749024285043243 0.29775803166849785 0.13303173208654265 -0.2003239016076514 0.4122425565382824 -0.16851367005451118 0.026848671811572536 -0.6685336632905112 
0.8281503011857269 -0.8542879146692092 0.30504579461869447 -0.5956353532691632 0.8625414240630372 -0.6594133801540931 0.313659127660856 -0.20005999944027444 
-0.8109795608022873 1.3549920923719052 -0.6120444213225215 -0.7989597600550723 -0.45683380909661625 1.5567411182287991 0.4618345035730145 -0.6947501628828215 
0.2878435756956335 0.25168081544776494 -0.013115073197446352 1.2658343882669734 -0.5139721818974807 0.06044355079779025 -0.28016354960819967 -1.05855152550172 
0.383601294301965 -0.7056012386587943 -0.32111143499288675 0.0026430704472762342 0.17943155137734182 -0.7311879070146977 0.23742130401332434 0.954803360517419 
-0.3746527054121111 -0.9093195128771725 0.19099410235968864 -0.489501289628912 0.6683546858447293 0.3140132756649424 0.20162464571847402 0.3984867983237626 
