II_0I_3
0.8273986934638142 -0.8532930319290726 0.30305544691952563 -0.594945253671599 0.8626479335947765 -0.6594626730273022 0.31316270013583725 -0.19856381549263652 
-0.8086026383632917 1.3524515526292462 -0.6123796689619861 -0.7984964919923411 -0.4586024844638831 1.5614408314255004 0.4595438600449499 -0.6953549603126722 
0.28424400192295807 0.24956521917712218 -0.015279866167200947 1.2642847398556183 -0.5168197215983327 0.06239674988237961 -0.26506474961327686 -1.0633263734562086 
0.3826684830681112 -0.7094341325823607 -0.3239775933669501 0.006509461330949657 0.17585841286478696 -0.7363990111683003 0.23381618679639507 0.9709581930554576 
-0.3774021874402898 -0.9127009797518105 0.1883673087104662 -0.4726292509987571 0.6655421541567934 0.3127210776612508 0.20007711412861354 0.39602476353224914 
0.1706763631247828 0.29508025266668675 0.13263211846918202 -0.201124236986199 0.41203473306641875 -0.16861010811136834 0.027199604412727573 -0.6678887266427009 
IIp_1I_4
0.5500361645564332 0.38437093959459123 0.5467214316075766 -0.6735367825574954 1.1564281905429556 -0.7433926703180012 -0.3710863322583379 -0.8495409411679601 
-0.26076560943713306 2.5950209557242245 -1.0795327463527025 0.1725711484726501 -0.7450803940943954 -0.18648454480383828 -0.4437355741067802 -0.05199323539468246 
-0.1737234508536322 -0.8507197472480267 -0.2923329354585339 0.0705595088061229 -0.1261729241122488 0.07246550090475262 -0.3761940219145541 1.6761180698686846 
0.1152811424652685 0.010883061912317424 -0.733878935793683 2.73305635601118 -0.5612303006674886 -0.11151142967935963 -0.2678835350299864 -1.1847163592179537 
0.9329779093526908 -0.6955031680275419 -0.41350180145401344 -0.03832243505522106 -0.13488774212278928 -0.5866279837025455 -0.09203298561696503 1.0278982066124764 
-0.1094190353505513 -0.6320869616918542 0.11784702758262404 0.5899317372664027 0.16341146349248115 0.032972192434053776 -0.12057594900619321 -0.0420804747288155 
IIp_2Ip_5
-0.030038034779236552 0.03540057066141886 -0.00842161658374115 -0.0222236851503599 -0.04177866715131122 0.048123935416979166 0.0476401221570992 -0.02870262457035269 
-0.026788409549456046 -0.05956855080362356 0.10932324995718863 -0.07507249933933972 0.008141852437931365 0.04479423280532055 0.04317681674335219 -0.0440066922514544 
-0.01191106028143855 0.22976113081584912 -0.04742647798201867 -0.012165333561450973 -0.050186234561949365 -0.03768736685523076 -0.03000768797316917 -0.04037696959971792 
-0.006644386835733973 -0.042159660900393955 -0.0156452503837061 0.07307386567447985 -0.02436944961868383 0.0018161549089179706 -0.010882347779386145 0.024811074934613427 
0.011262295776047634 -0.04073219071857344 0.06266569909059254 -0.01818423353354165 0.017129002993150105 -0.012372778186052721 -0.007944461436102928 -0.011823333985821976 
0.002036887510584262 -0.03971647110143612 0.009926683372476696 -0.03997327843014726 -0.021288112441387615 0.09569007606812711 -0.008439393578724709 0.0017636086000538237 
IIp_1II_4
0.18072001644354352 -0.64765568289621 0.6322992108197993 -0.8642608325483001 0.4704594486244548 -0.02566069339969095 0.15310976151543298 0.10098877143816364 
-0.3218865113797259 2.2143049641639045 -0.8066757103482878 0.058184993156465824 -0.4223999883298906 -0.4257318515481687 0.003044812142463786 -0.2988407078496201 
0.21092711642838802 -0.5981622816268831 -0.14605322815918112 -0.026540828029453425 -0.15561749444121134 0.08829428040040829 -0.20577080167530717 0.8329232370978891 
0.09955192347130275 -0.3758440726075922 -0.012601897571990003 0.05242755247702908 0.24498285999501654 0.04425092550547681 0.5570526513964693 -0.6098199426673463 
0.4603485315938688 -0.7815650284059762 0.21660132586929537 -0.2641622933182527 0.9019613356216425 -0.5593826680750903 0.13149398205854712 -0.10529518535195322 
-0.5503383112226388 0.44312769256833606 0.037217513792084524 -0.44458315683026817 -0.4959297339487792 1.1164868740744576 0.31506086761839447 -0.42104174604939726 
IIp_2I_5
-0.07604010156838062 -0.6513395228342337 0.13460868802740986 0.5817363059513503 0.16449383735752443 0.03304804738494289 -0.12329714003849755 -0.06321011428107026 
0.5327713719267897 0.3995604110871028 0.5405197452389339 -0.683014072217237 1.1633380422915927 -0.73582300266694 -0.35980159341666 -0.8575509022429013 
-0.20938267016632928 2.608184559888608 -1.0619846785274063 0.17794376405908843 -0.7293406839981125 -0.15324761839730242 -0.591165626490354 -0.04100704635813747 
-0.16302570001780814 -0.8212330605663207 -0.27421716593291046 0.09441351832828454 -0.10502784189291534 0.10788356577521625 -0.34086377027818665 1.5020704545894983 
0.16576750107472607 0.03173433123063048 -0.7140159521293475 2.5763798693437567 -0.5373450759443377 -0.10492339067921734 -0.2517550701813876 -1.165842212711973 
0.9155510280875191 -0.6725511337493975 -0.4152303783376561 -0.022523473993705093 -0.13480820971864457 -0.5917415605518054 -0.09082486839124508 1.012128596649559 
II_1II_4
1.3818980355452537 -0.5839228386197735 1.3210474202901472 -0.6941811608648533 0.2197434967667799 -0.9507746246954891 1.112259701778759 -1.806070030197836 
0.41889145243135156 -2.053329179077744 1.2767068986077872 0.02012367956593121 1.9167083646644543 -1.5352593171458289 -0.06387798950994145 0.0200360904533447 
-0.8814929675084427 0.1394436382860095 -1.363141230519116 -1.2144654332905551 -0.7368011331903692 3.025307014895785 1.7816433004036398 -0.7504931890639719 
1.387086013464787 -0.596749744538336 1.3204561936347805 -0.7026580696047032 0.21421986409709612 -0.9606622856758168 1.1040555758982291 -1.765747547291077 
0.40113005885054404 -2.055453748670805 1.2697489594981828 0.05884782768067324 1.9119286837157092 -1.53547578246147 -0.06556185633314912 0.01483585770539429 
-0.864057241887073 0.13673876025286866 -1.3583524322007559 -1.2153674847945175 -0.732868607072143 3.0354921890977433 1.7420459733736344 -0.7436311567670448 
I_1IIp_4
0.11355748307873323 0.011291298871963295 -0.7365855172197556 2.732691007625361 -0.5627234782529222 -0.11357330391520348 -0.2688439411044246 -1.1758135490811292 
0.934722684029438 -0.6982703852313774 -0.41387050605437914 -0.029789675768174526 -0.13716525743548327 -0.5881518222824261 -0.09398589976440593 1.0265108625012334 
-0.11175658114067888 -0.6348867558019703 0.11602898542467574 0.5889373233618516 0.16127712684769263 0.029224258561506514 -0.10444904131847715 -0.04437531593578608 
0.5495105077833302 0.38181720041141587 0.5438783247193962 -0.6758596101370661 1.1536595012870507 -0.7477377932281782 -0.37394122678453895 -0.8313269040598962 
-0.2631222778037037 2.5917631350577697 -1.0815081712161452 0.19004604887716817 -0.7484616284986746 -0.18805836933638784 -0.446077325078935 -0.054581411993651616 
-0.17203475651639902 -0.8541441490571675 -0.29304515315126156 0.06935679408135206 -0.12739916580226684 0.07106951715875488 -0.3692108889364453 1.6754078022204721 
Ip_0Ip_3
-0.025256921827761118 -0.05660760925899583 -0.04163270817182139 -0.0650473265444621 0.06893448342332326 0.1391704001804153 -0.02520460004628908 0.005644282245379568 
-0.04304313216473304 0.27669332087148335 -0.052882151661505054 -0.07285165034924372 -0.06606496505501035 0.023248619281501615 -0.03528832329646757 -0.029811717625217147 
-0.025469224400620223 -0.05936336656840835 -0.020896854044197714 -0.005990688925330651 0.10337521195101837 -0.028342724715618568 0.07956079980775162 -0.04287315310431726 
-0.02515712623542033 -0.05685434675359242 -0.04164408096776329 -0.06521038778757397 0.06882823119893014 0.13898020180263215 -0.025362414056770782 0.006419922799067872 
-0.043384789130162055 0.27665245279456835 -0.053015994107499194 -0.07210675525544252 -0.06615690667436482 0.023244455369398072 -0.03532071404471184 -0.02991174895053372 
-0.025133831961965288 -0.05941539741929037 -0.020804737043673204 -0.006008040727045134 0.10345085775742129 -0.028146803393621796 0.07879910830346452 -0.042741155515220036 
II_1IIp_4
0.0952475429291648 -0.37461559423399104 -0.01920339934600196 0.051687775082273534 0.24143458283318295 0.03939197292696765 0.5548542369586922 -0.5887971171484582 
0.46493108715534326 -0.7882870299109014 0.2158259753105006 -0.24401469480131072 0.8964835206917277 -0.5631014923792278 0.12675337424550098 -0.10859074031392678 
-0.5563631328227481 0.43633656391743875 0.032689750679404536 -0.4469962457154913 -0.5012147707085055 1.1071471508898065 0.3551723717225124 -0.42677168795398435 
0.17952933582543157 -0.6541256058248748 0.6253428689873834 -0.8700882472652172 0.46359601960896674 -0.036453982960838544 0.14598742748547291 0.1462121841389392 
-0.32796391827171023 2.206307846942955 -0.8116270490876 0.10157389664541609 -0.4307464531336252 -0.42958059314334024 -0.0027064121535722635 -0.30525731778914456 
0.21536679918295096 -0.6065768132017928 -0.1477068693715289 -0.02949530659330441 -0.15854232333903823 0.08506745449942806 -0.18942466358664886 0.8313117224049247 
Ip_2I_5
-0.15182450030110103 -0.15167708436688956 -0.028687513889734163 0.4621928958147912 -0.05453209898273262 -0.032850128334893626 -0.04429160293568866 0.0016700329959157397 
-0.05301711983675583 0.8548783864927855 -0.24295762834597032 -0.1100214578172183 -0.03362030060778947 -0.15182749391376413 -0.1597670589088889 -0.1036673270610705 
-0.024249104287739888 -0.09511959676045183 0.17040640220006123 -0.15610230838139036 -0.14206897001944158 0.13531065510295065 0.05205207989685314 0.05977084224949543 
-0.12511434311226027 0.7702355909836396 -0.19458809731108578 -0.12101770725609362 -0.18412090344935764 -0.025796394285687457 -0.1338274920802773 0.014229346513448623 
-0.12435760358505196 0.1596665347108251 -0.08813136894814606 0.039305496653875345 0.05657782166346399 0.19512013226681657 -0.1015654167213103 -0.13661559603886164 
0.15979062581544196 -0.07769444674704676 -0.09442413447397653 0.23798838104122913 -0.03066370590252386 -0.11580159888471078 -0.08687832631545248 0.007683205466623062 
IIp_0IIp_3
-0.09805393428493411 0.39163058349938207 -0.12192996426591148 -0.06644116459043632 0.07814190355290965 -0.07948645751739761 -0.05000377769601939 -0.05385718869599189 
0.04087057705529758 -0.12023581796588063 -0.07203142547952768 0.01571208998760515 -0.061248725714380364 -0.040023635538621934 -0.03683895915307795 0.2737958968075089 
-0.05740068735490044 -0.12548386797754507 0.2777687113207422 -0.1765635138250204 0.009425147132336381 0.007780761422439464 0.12470927764635985 -0.060235828364542825 
-0.09755445216168189 0.3903956495233438 -0.1219868857001779 -0.06725729458159027 0.07761010565114274 -0.08043841027710083 -0.0507936450153148 -0.049975067437341744 
0.039160566197195844 -0.12044036481378657 -0.07270131387382693 0.019440328622218176 -0.06170889829499137 -0.04004447613520651 -0.037001076530668996 0.2732952348283722 
-0.05572203077872928 -0.1257442850885398 0.27822976169317487 -0.1766503604936776 0.009803758322665982 0.008761357815509385 0.12089697210480739 -0.05957517357487763 
Ip_0I_3
-0.023879894549853307 -0.09353136655755719 0.17010441384614927 -0.15546055097566763 -0.14154716483275342 0.13659507806772578 0.04648653740417986 0.06123294759791346 
-0.12336955859910928 0.7705571592495514 -0.1935262780264122 -0.11950585201826665 -0.18371271305075978 -0.02483069868924228 -0.1333660429042434 0.007753984040442526 
-0.12502415467192 0.15970881391741357 -0.08833004862235745 0.032940394198971545 0.0565690098675746 0.19343791082206474 -0.09224296727826617 -0.13705895823112638 
0.15874562960137473 -0.07854211977843079 -0.09555983936220615 0.23689030498829086 -0.03193930407896684 -0.11819652340579397 -0.08844187401596458 0.0170437260504819 
-0.15324090053562495 -0.15370812484521532 -0.029249291973042768 0.4710130344756159 -0.05599061677823772 -0.033384036026830204 -0.045406668184001416 -3.339613149462467e-05 
-0.052440554886008656 0.8540112959335978 -0.2431202397413485 -0.11089997638200984 -0.03346233658826318 -0.15129191641608994 -0.15943764447798728 -0.10335862743872368 
II_2II_5
-0.8575489372834336 0.14368025514194882 -1.3593994788285855 -1.212952340363686 -0.7341604634331225 3.032787011193826 1.7433422853783043 -0.7557483317986232 
1.404160759513989 -0.5902547601263674 1.3260565395870787 -0.695910456701197 0.2180417963883866 -0.9527621144104403 1.1114307791506797 -1.820762543400664 
0.42405518554651656 -2.05101574812623 1.2743827291136638 0.01690255977739402 1.9159707085720539 -1.5368635060157705 -0.05092264457942092 0.007490715700517812 
-0.8562993256700828 0.14059067942693113 -1.3595418856975572 -1.2149941462009757 -0.7354909231292983 3.030405401986143 1.74136618387401 -0.7460359845829418 
1.3998826295707814 -0.5907664983951522 1.324380603094873 -0.6865830952649641 0.21689052995758734 -0.9528142537178225 1.1110251915455207 -1.822015106795376 
0.42825487289111625 -2.0516672634287696 1.2755361916150099 0.016685285522475595 1.9169179235330926 -1.534410235751936 -0.06046032582330604 0.009143551425104332 
I_1I_4
-0.31328894884986463 0.4707932978128164 -0.5046293701731834 2.5125793445830436 -0.49446657037054986 -0.23808841406493786 -0.7935358337073116 -0.6393635052241821 
0.08548250760457718 -0.5425962182350245 -0.15179935162993607 -0.11951910661356682 -0.1224213721648546 -0.3500569670385041 0.07859472368982184 1.1223157843843952 
-0.41728926548579187 -0.7257999978954469 -0.08781555275784496 -0.24788891500581317 0.15298127987639112 -0.07927720552949866 -0.1703573743220123 1.5754470311168174 
-0.31312854929595446 0.4703967213390956 -0.5046476494515058 2.5123172593539285 -0.4946373475463443 -0.2383941162935256 -0.7937894851594063 -0.6381168329417661 
0.0849333688737879 -0.5426619047166779 -0.15201447404343188 -0.11832185092322096 -0.12256914817809117 -0.35006365961543506 0.07854266265700957 1.1221550059409091 
-0.4167501956095038 -0.7258836260902902 -0.08766749485778241 -0.2479168042257173 0.1531028639399934 -0.07896230492146866 -0.17158162656286444 1.5756591883269941 
I_2Ip_5
-0.12420141582362966 0.7710226944231675 -0.19347870590822824 -0.12024466197225878 -0.18319821665840072 -0.024315180103011483 -0.13279951959533973 0.007215005640987394 
-0.12304718999713316 0.1608746248391305 -0.08744710116040197 0.03302151414380273 0.057749123805321455 0.19565557277164733 -0.10064762279322877 -0.13615892160840637 
0.16000992112191734 -0.0764294926823123 -0.09407019778773182 0.23842949971045785 -0.03021148282859447 -0.11519254065746727 -0.09011034945554484 0.007574642577445543 
-0.15058779600707234 -0.1516904965132301 -0.027615020407021195 0.46243690489858097 -0.05395413710591293 -0.03198599412242024 -0.04377564251949898 -0.002827818222548637 
-0.05281517874245586 0.85595388415636 -0.2427075992387834 -0.11388870130067094 -0.032747294026669385 -0.151305562813138 -0.15895435358464433 -0.10353519444840995 
-0.022941661129707264 -0.09402345168472992 0.17105920345428346 -0.15571748592960769 -0.14137132155035279 0.13655536083166864 0.046348823424992705 0.06009053258397535 
II_0II_3
0.40864805078122085 -2.0473930094366595 1.2733699148454949 0.018427124545742066 1.9187353446060218 -1.5329481963089255 -0.060732872892561025 0.021893643850438047 
-0.8687282163734535 0.14165173361185424 -1.3579872191825713 -1.2120114911916833 -0.7329995572224758 3.0336827024174027 1.7412372930679878 -0.7448452451231676 
1.3825081394672287 -0.590156725171204 1.3235288886759575 -0.6967424687228707 0.21856181619708587 -0.954269467194343 1.1277917183496027 -1.8112219016097706 
0.4108190917815562 -2.05276075368713 1.2731225010502183 0.0148797469913126 1.916423840359431 -1.537085938934734 -0.06416609753793084 0.038767609963838295 
-0.8761609221930536 0.14076265355790887 -1.3608989453523908 -1.1958063888275035 -0.7349997359938721 3.0335921170144875 1.7405326362704565 -0.7470214144659982 
1.389804561268109 -0.5912886500162149 1.3255328828443997 -0.6971199550619205 0.2202074815363717 -0.9500072226100428 1.111221212114718 -1.8083503100768665 
I_2IIp_5
-0.16549283372402226 -0.8525301623892956 -0.29236953526931003 0.06981093313611479 -0.12807591948494923 0.06973976033117754 -0.3687637373883956 1.667681494782779 
0.12348502656634405 0.009516754330885231 -0.7348362097201715 2.731302792316455 -0.5631944081148303 -0.11411014548214524 -0.268385987070234 -1.183777822820917 
0.9418672465355297 -0.6965080262960611 -0.4136856274814489 -0.0308432827423086 -0.1366516584289911 -0.5868533643878254 -0.09802098435770273 1.0206956971451966 
-0.0987630038916585 -0.6325556793913034 0.1187646843925065 0.5902306815764256 0.16301204762188437 0.03350929693127234 -0.11916519066372638 -0.055032836574511884 
0.5598358923601439 0.3856379331108524 0.5468658339152526 -0.679284426472663 1.1561503376012296 -0.7441645974871935 -0.36985807663354453 -0.8551828964004381 
-0.25114191950719505 2.5947885032566456 -1.0791371527134217 0.17314589522658247 -0.7465381570235349 -0.1881260779718795 -0.44375925449182363 -0.05923183676398234 
I_2I_5
-0.4139177048063434 -0.7242778772325696 -0.08913946911363531 -0.24725489913338744 0.1522592699864927 -0.07968711356912338 -0.17103973392561486 1.5730575277920837 
-0.3055278424200841 0.4690112535991726 -0.5038818266731754 2.5133022363319006 -0.49585760015756974 -0.23949972530234187 -0.7943256668128797 -0.6432208285559327 
0.08662259448514655 -0.5440686154103201 -0.1533623492775514 -0.12019750117576523 -0.12461963693933455 -0.3538487571259202 0.0927514260372936 1.1167228394003064 
-0.41208623706552755 -0.7288060507785087 -0.08934818483164814 -0.2502474301570899 0.15030930890638922 -0.08317767046268791 -0.1739359667355724 1.587292231130448 
-0.31179799619618115 0.46826123485807875 -0.5063381287635161 2.5269726931253644 -0.49754493028797336 -0.23957614221224116 -0.7949201080017921 -0.6450566225126596 
0.09277778047169159 -0.5450234955053842 -0.15167180051818085 -0.12051594474807158 -0.12323137067513146 -0.35025317166597847 0.0787727183162272 1.1191452843254053 
I_0II_3
0.3819685245861518 -0.7056264215905256 -0.32233299898342427 0.009368223663475663 0.1783977597446801 -0.732182771901196 0.23691005012471633 0.9534976343501739 
-0.372765443841323 -0.910542216877002 0.1907509098678907 -0.4893884474296118 0.6682706794061632 0.3136104530346174 0.20165855395753737 0.3984055118794731 
0.16646140698275752 0.29743879778874993 0.1321083816946552 -0.20030496007200935 0.4119503675587656 -0.16978807565178108 0.030940547787890783 -0.6688064660884441 
0.8293111135031996 -0.8559442407741916 0.3044023322854632 -0.5963549933736987 0.8624058848020765 -0.6602253125365184 0.31212541977867525 -0.1957202036964115 
-0.8129095494589695 1.3535404998551563 -0.6134997008099597 -0.795756350853485 -0.4582807419789583 1.5622212068485202 0.46027739774651544 -0.6955927613379927 
0.28880871211859116 0.2505617374398076 -0.013392229173274895 1.2646497935621954 -0.5149238846219644 0.06634747231037953 -0.28126282837686795 -1.0607887732575538 
IIp_2II_5
-0.5473722222162968 0.44206944235029255 0.03563633841823055 -0.4448156982131085 -0.49677460290334197 1.1164914306223486 0.3153186773802433 -0.42055336543022104 
0.1833378803433134 -0.647325891254638 0.6310492921825832 -0.8624583920217708 0.4690235046064507 -0.026976175625168436 0.15245989368720989 0.10088988807937585 
-0.3207113003202631 2.211015153741529 -0.8077870072014597 0.05868250590147296 -0.4254445802609631 -0.4306352366389269 0.01731372865322308 -0.3024332638621579 
0.20850558496473942 -0.6030994505742294 -0.14990480627545746 -0.029713783962453146 -0.16030261291139414 0.08008545151454385 -0.19187426495651502 0.8463038821986625 
0.09741272859786702 -0.3818077543928815 -0.016832205543589933 0.0658079993916478 0.23932110667899903 0.03864148039745868 0.5522500093952782 -0.5947933645247814 
0.460800715346802 -0.7868200233582143 0.21440614269841926 -0.24753408572581617 0.8984243123246972 -0.5603838576559496 0.12951712251493455 -0.10841032615065158 
I_0Ip_3
0.15866873445092153 -0.07680689946951653 -0.09438704876464338 0.23829173239316995 -0.030522855109999456 -0.1159059862264195 -0.08684222799821525 0.007504550723773151 
-0.15131108697884696 -0.15228402285696277 -0.028071389087852415 0.4618588589433026 -0.054369805572966036 -0.032740972905593066 -0.044374321518544146 0.001292739977522992 
-0.05408447123423091 0.8555343699915252 -0.24310019492419313 -0.11036770289310895 -0.033188702724298566 -0.15129692477426035 -0.16004204981085038 -0.10345432362777326 
-0.022901085557133143 -0.09440629955394775 0.17115689544533003 -0.15578409384067993 -0.141254722553977 0.13687357031965272 0.04641672186836571 0.059899013872600784 
-0.12505401963516585 0.7715489315412668 -0.19376424954460902 -0.12078003187129757 -0.18306452143938204 -0.024231684199800863 -0.13267634711496826 0.008021922266000913 
-0.12312006675793653 0.16068147103276642 -0.0873355289129755 0.03328910878999466 0.05764287537851404 0.19550548850163016 -0.10090505189095887 -0.1357582961402426 
IIp_1IIp_4
-0.05655722180622364 -0.12522152424841945 0.27831498212717676 -0.17647647451003556 0.009928590463898709 0.00871862149678123 0.120900009330761 -0.05960698285378727 
-0.09800413669909451 0.39129895170956447 -0.12155076190064719 -0.0666931944752158 0.0783033462243256 -0.07935928731014388 -0.05002526309179471 -0.053969654455652424 
0.040140762147823326 -0.11974112728659904 -0.07206183125428096 0.01550920079972114 -0.060875400762281984 -0.039519258946862326 -0.03759882665679903 0.27414648195798663 
-0.056691939500592106 -0.12488844434397339 0.2783303346773627 -0.1762563522162712 0.010072024200208694 0.00897537719415511 0.12111304819463888 -0.06065404820558614 
-0.09754292155368569 0.39135412101086514 -0.12137008312205332 -0.0676987554139814 0.07842746155536162 -0.07935366629387741 -0.04998153764433021 -0.05383461853675063 
0.039688003714704136 -0.11967088895143937 -0.07218618333863316 0.015532624626999163 -0.06097751778351897 -0.039783740254546694 -0.03657059163344436 0.2739682936188089 
II_0Ip_3
0.017301117276488514 -0.08207838224667717 0.05316108579839157 -0.03846891333066605 0.0676610188080672 -0.027877667758857912 -0.023110649233038957 0.033412390685772654 
-0.04796426563840338 0.015778985507751288 -0.012002057656835772 -0.06445035085029088 -0.03059038186126194 0.10271007062743866 0.0617479516995225 -0.025229951827501686 
0.021390994088753106 0.07551845171688223 -0.0020941772528201073 -0.03191351269560604 -0.0071014586491414825 -0.05116129983364023 0.05297516330068389 -0.05761416067471856 
-0.018458247657012847 -0.05961969753334125 -0.006367515572132619 -0.06014304297879272 -0.012648803846384284 0.15900415458842196 -0.013080312512959515 0.0113134655121583 
-0.03831364652959826 0.13742377305384867 -0.058961941992080255 -0.06213719427333948 -0.0390279002280464 0.08783980472874743 -0.006535189817131405 -0.02028770494157168 
0.0008326599323553606 0.02465599849937954 -0.018364358090443504 0.08869605663371112 -0.02850569476111903 -0.030343859407238525 0.02732195008258722 -0.0642927528889399 
I_1Ip_4
-0.122769043630159 0.1603522889862686 -0.08712713869583305 0.03315707534606956 0.057666313473031854 0.19553962041276096 -0.1009526853925814 -0.13586643049878497 
0.1582010506244236 -0.07654012084465808 -0.09453324073183911 0.2382085169550763 -0.030426684769189177 -0.11579737706133837 -0.08669760218384907 0.007585458010255602 
-0.15073415804022375 -0.1521726780959507 -0.02783448208177588 0.4619678325694852 -0.054187692008102084 -0.03234551068261896 -0.04625073372564164 0.0015574220664864597 
-0.05427812070991707 0.8558497232843469 -0.24294748184839765 -0.11008917110544991 -0.03297628970790321 -0.1509791808827133 -0.1590193854733006 -0.1055600935546611 
-0.022451214272163452 -0.09426345347911365 0.17132455887516235 -0.1578185508395953 -0.1410318836256267 0.13682043723342735 0.046497219262471155 0.06092288684623459 
-0.12559797353912558 0.771749360316956 -0.19387133849752458 -0.11995609524214254 -0.18314866172400285 -0.024314451291187686 -0.13273741371123532 0.00787657369114428 
other
-1.288674104993817 0.8290093724746515 2.2223512587646 -0.5469637981580545 -1.9511190534223999 0.6292605562050577 -1.8757014732589263 1.9818372423859232 
-1.336298970187359 0.8609350606217755 2.200559911987744 -0.5489916899987607 -1.945384971002078 0.6368595968795243 -1.8621264208988868 1.9944474825938543 
-1.2709728298494654 0.8604809148827012 2.2229038805255827 -0.5344607785810274 -1.9364096899441026 0.6625116659833997 -2.0178228914192586 2.013769728407411 
-1.307897991102863 0.876539061731055 2.2245420302026275 -0.5155528841942574 -1.930651409395647 0.6658989674346137 -1.8453013474479478 1.832423572780683 
-1.2704846948556225 0.8688075852365528 2.2263423326191294 -0.6924827811915452 -1.9276740162548587 0.637661702176993 -1.8558869062899266 2.01371677857022 
-1.3355803529882382 0.870503753840038 2.205159141651746 -0.531118255615044 -1.950981539591513 0.6247708290229435 -1.8710962637137138 1.988342687394846 
Ip_0IIp_3
0.0016026534521355184 -0.0393997227744164 0.009628730261035598 -0.03983704034334555 -0.021327588816782102 0.09567533221921917 -0.008385321373860014 0.002042957375663832 
-0.029605585420604964 0.03513679252370196 -0.008322811955441019 -0.02204972424721235 -0.04192274600478815 0.04797035364191573 0.04744675150366584 -0.028653030041011017 
-0.027545540926335155 -0.05982550918635421 0.1090154262846285 -0.07516353764991844 0.007833771327793986 0.04417232293183086 0.04582324596096721 -0.04431017874240826 
-0.011997551997703047 0.2292112391163399 -0.04776521254950511 -0.01260198189851389 -0.05059977787894965 -0.03837224982714433 -0.030501480763051342 -0.03737298420094319 
-0.007411727018402704 -0.04256924174305207 -0.016016903662779636 0.07586414095766243 -0.02483757482097517 0.0016462583672091475 -0.01119094334707375 0.024515991267655846 
0.011680800272246628 -0.04117236046219168 0.06268041523979072 -0.018329664420073916 0.017085948099375414 -0.012306206122003553 -0.007975101718769756 -0.011663830888822111 
Ip_1Ip_4
-0.025040202448313963 -0.05954622683639697 -0.02056529344761439 -0.006074280761331287 0.10351352922064365 -0.028136470178451535 0.07875603278476337 -0.042907088333009186 
-0.02563827989598597 -0.05647220121203989 -0.0416327697397301 -0.06522641804164422 0.06908294778817872 0.13931868290512386 -0.02506678333986683 0.005634821535576005 
-0.04268618431152196 0.27698761103950464 -0.052658246635974175 -0.07282204968529041 -0.06575132890919289 0.023823348216965346 -0.03742893750880861 -0.029464212204187816 
-0.025330222040515965 -0.05882917405032117 -0.020532242552762123 -0.0056004025659792366 0.10382231266532062 -0.02758372777133194 0.0792146618069675 -0.045161205491149645 
-0.024645378191134108 -0.056353433010549514 -0.041243805350583716 -0.06739118470284047 0.06935014266461126 0.13933078380140554 -0.024972651410835333 0.00592552620004946 
-0.043660880447705296 0.2771388197831186 -0.05292595119389339 -0.07277162298482927 -0.06597116593220044 0.02325397415376352 -0.035215358189529214 -0.029847815187668953 
IIp_1Ip_4
-0.026800468044029788 -0.059684907637318686 0.10943708380766544 -0.0751213844700586 0.00817970021851203 0.04482105738472954 0.04314660455611021 -0.04397768581556696 
-0.01226652035692375 0.22987298663908656 -0.047469425380741115 -0.01222938020077497 -0.050107813858767024 -0.037607404850333016 -0.029933724801829927 -0.04025871718898492 
-0.006531227422668489 -0.04205178818934367 -0.015528567389122408 0.07311281220392599 -0.024227141566285738 0.0020793119767222178 -0.01192915822622706 0.02507575861309536 
0.011109811922796321 -0.04050918604407837 0.06279400827837262 -0.018002020056326073 0.017312332227541107 -0.012084113986663382 -0.007757672301195166 -0.012863160040879843 
0.002154806524748369 -0.03954880572449697 0.0100688326897771 -0.04106309434932391 -0.021082432206411855 0.09577750348652993 -0.008327567601298169 0.00202075718038416 
-0.03038754598926754 0.03558226413841385 -0.008431665197493004 -0.02215940587830912 -0.041739573285509354 0.04811901804901137 0.04764344922168598 -0.02862654105827879 
II_1Ip_4
0.0006291738014900773 0.02482544691306348 -0.01839381347897363 0.08875718275443757 -0.028491250493989026 -0.030363034825312805 0.0273344740918162 -0.06429817876215131 
0.017444737975758785 -0.08220111111466173 0.053265175503588696 -0.03849862453167193 0.0676662867430269 -0.027881349201476394 -0.023145182182992403 0.033350066807835324 
-0.048197820284657814 0.015845897063582342 -0.012059543242134272 -0.06451325704684606 -0.030564261274719458 0.10271396037971595 0.06202083491334982 -0.02524581050749437 
0.02159797536820799 0.07555925651561475 -0.002021790920342668 -0.031917980369040054 -0.007030608206017533 -0.05101050737285357 0.05207483232017725 -0.05725117733556518 
-0.01852439991568921 -0.05947256428891206 -0.0062880580055788915 -0.05977756179445147 -0.012548210447726901 0.1592161775852849 -0.012943997071935916 0.010338613939024877 
-0.03806340503336738 0.13752266765375964 -0.058840935197859254 -0.06305434363778152 -0.03887569199712607 0.08790348204336565 -0.0064393529164339346 -0.020152420913929235 
I_2II_5
-0.8140541708142766 1.3570395309392478 -0.6158139286866906 -0.7982783116229728 -0.45826988627865417 1.5620761604792182 0.46130378568514585 -0.6940031796897796 
0.2943668086502011 0.24853038506308295 -0.01242682291337835 1.2664721733261652 -0.516490231853399 0.06455730595929306 -0.28298195086915917 -1.0620276673585647 
0.37728450561869825 -0.7086046236604061 -0.3248423772395386 0.008262524550190985 0.17526146117384744 -0.7383392385684485 0.26225239730631617 0.9487253508133084 
-0.3721822413641563 -0.9155337253178331 0.18741672875596127 -0.4938444892125669 0.6642711256144037 0.30705068185340867 0.19722458907708784 0.4255973305934576 
0.16212992433584328 0.293785515140395 0.1290125198294646 -0.17352021957219602 0.40765308800120226 -0.17078494695274116 0.0245039669665833 -0.6727798477465298 
0.8354283406323747 -0.8594964709862397 0.3050443067207749 -0.5972673363774651 0.8623191106614222 -0.6588884386314957 0.3126097825714557 -0.19974929459499738 
I_1II_4
0.2887820920666647 0.2504239168037785 -0.012712415543860748 1.264542435681244 -0.514712202111328 0.06634953411362743 -0.2813741190353151 -1.0612992419716716 
0.3810331218121999 -0.7054035702748314 -0.32217461350037585 0.008780933003279904 0.17885511882448452 -0.7317395961794187 0.2372745503391963 0.953374055970506 
-0.3720409263659036 -0.9095496008721291 0.19134099371774252 -0.4893946919835511 0.6692597052749915 0.31535582074898594 0.1955956067489569 0.39943309273081884 
0.16719742203442955 0.2991177172167697 0.1333221685861218 -0.19913054762843516 0.4134114718578803 -0.16726121903757557 0.028521368398528694 -0.6751783814316068 
0.8307591637715271 -0.8542040586477494 0.30573483062216267 -0.6023984901331318 0.8641387179449452 -0.6588412619192712 0.31351271829294275 -0.19870161994268418 
-0.8133639301305096 1.3551631681236083 -0.6130428384650377 -0.7991658009449533 -0.457486713274997 1.5623470228392526 0.46074226117817213 -0.6951931693163415 
II_2I_5
-0.3622827638978101 -0.9098396969067952 0.18994911281101892 -0.48950322997153056 0.6668170247385984 0.31233725934066275 0.20265320333141074 0.38986909054935104 
0.18112505526132794 0.2964102747623068 0.13303301289735325 -0.19995116602314378 0.4104097724140249 -0.17083627260385267 0.02735369396239105 -0.6775443706679469 
0.8395425684703612 -0.8565511966311112 0.30416382087254157 -0.5963163941805617 0.8605241949271335 -0.6625716020934527 0.3211921093130058 -0.2099835006893259 
-0.7997637690906253 1.3518773118536158 -0.6137819383282446 -0.8011116134070692 -0.460398997925288 1.5589941652615413 0.4597887128486316 -0.6956038712027426 
0.29832931316819816 0.24935698279976096 -0.014295287754248334 1.272816000370365 -0.5177789033254944 0.06432277158632972 -0.2815573902463827 -1.0711934865956825 
0.3961557258210122 -0.7079486640894617 -0.321669790575605 0.008450001698049391 0.1767948989126774 -0.7334020244672896 0.2373209222597787 0.9442989304361471 
IIp_0I_3
-0.26152501167126685 2.596950127212551 -1.081790813752128 0.17416837937949314 -0.7460296137258464 -0.18723564648690744 -0.4437070131295183 -0.05083040781575809 
-0.17023025844010028 -0.8537655615773916 -0.2922752634232747 0.07176191833051891 -0.12845961420385696 0.0692675879988868 -0.37065876511779694 1.6743599564295697 
0.11035891254881816 0.0071212333211276195 -0.737399002808075 2.7310574964857297 -0.5652041143510478 -0.11889062594406039 -0.24643376498673358 -1.1806101342585227 
0.9320016431121609 -0.7013995737940437 -0.4173665268313684 -0.03460856461125863 -0.1399088235540405 -0.5931533176208241 -0.09706871222130274 1.0515038755093433 
-0.11306080278284393 -0.6368563180856286 0.11473881339245674 0.6134306032581651 0.15906677179203949 0.031498619755784274 -0.12320924867704627 -0.04560843865467265 
0.5542845131967996 0.38136996041726123 0.5460862851372159 -0.6745192122165056 1.1557385060098029 -0.7430685345933329 -0.3711132228818984 -0.8487782950685704 
I_0I_3
0.08377023803452648 -0.5409776500784366 -0.1532648949264605 -0.11895608875367646 -0.1226157373926703 -0.350125160733188 0.07896968328130713 1.123199610563679 
-0.41428734062522626 -0.7269800258626061 -0.08718702686442005 -0.24702713097061027 0.1523598349286228 -0.07979659209389192 -0.17246988294846297 1.5753881644339918 
-0.3161534352438294 0.46939043512223866 -0.505961468695712 2.512064755788198 -0.4959964518919819 -0.24113084793691728 -0.7808326892987831 -0.6413802978351385 
0.08545311635376952 -0.5451384468628655 -0.1534566772598711 -0.12170583174265949 -0.12440749552865031 -0.35333252408870774 0.07630842570350524 1.1362794334271629 
-0.42004878845905363 -0.7276691945821823 -0.08944404588847216 -0.23446577657656797 0.15080940014338093 -0.07986680919760636 -0.17301609633025153 1.5737013108907387 
-0.3104976277101013 0.46851302572232023 -0.5044080764138785 2.511772147966767 -0.49472081752315383 -0.23782697712386136 -0.7936772858120839 -0.6391543891000478 
Ip_2II_5
-0.0484596608254477 0.016187218548015924 -0.012339192310095858 -0.06436831794610091 -0.03059567483230383 0.10273374884853399 0.061870723319708096 -0.025028844801878104 
0.022175735791080207 0.07532506485459657 -0.0018902413807957217 -0.031707423172622734 -0.007161196550336029 -0.05112833838052018 0.05192164846429585 -0.05753524962531466 
-0.01911760769754922 -0.05970951135430988 -0.00657305986338941 -0.06009763424600821 -0.01284283457963362 0.15857592909005325 -0.010191724572418917 0.00995644322345601 
-0.03805882289770619 0.1369869404760676 -0.05918756171486232 -0.06349380435742469 -0.039312333224101985 0.08718088765379059 -0.006945796409054452 -0.01716950952598432 
2.8184765434295873e-07 0.02437424996778628 -0.018749141733062476 0.0916138503642587 -0.02898394869805969 -0.03054934539244958 0.027019901549665472 -0.06472584790515604 
0.017967598215793995 -0.08263756940710243 0.053275468151029584 -0.03867214193964784 0.06761920422846414 -0.027814742539945873 -0.023154627148773463 0.033416810439575347 
I_0IIp_3
0.9281443481349868 -0.6929893761812951 -0.41794781876558573 -0.02927588498251237 -0.13689220653797518 -0.5875249768550379 -0.09211686008066972 1.028602775256226 
-0.10088676085141894 -0.6364772836623244 0.11909507472805657 0.5915021623637894 0.16132433651744707 0.031083506473300146 -0.12281465884169221 -0.04282637672978868 
0.5423122630075767 0.3821115207336553 0.5423529708456131 -0.6742942306404014 1.1524302205553314 -0.750982029314476 -0.33983451152070304 -0.854096203672943 
-0.2582660266511378 2.5877658293641215 -1.083183083386762 0.16787339655549097 -0.7505896898366858 -0.19517007817264592 -0.4500086508382363 -0.018421697023220333 
-0.1824192827673832 -0.856300770877081 -0.2974631141964183 0.10295087400098775 -0.13275827397229906 0.06855555213599479 -0.3725739129043931 1.6700089285767499 
0.12230301423255026 0.0041525485822125575 -0.7345635864288871 2.730045146068488 -0.5631182062707489 -0.11283325329747677 -0.26947017803879697 -1.1765154848448074 
IIp_0Ip_3
-0.012050257111030336 0.22977583621936012 -0.047438174115879986 -0.012158691242021022 -0.050172728953038224 -0.037674890368533054 -0.030005201009929813 -0.0402758934180233 
-0.006756305366891799 -0.04216284261676735 -0.01564531568555682 0.07308072948456304 -0.02435928858597386 0.0018243938157018764 -0.010895071834508153 0.024913700789296236 
0.011113567650931834 -0.04073477360168841 0.06265354827188008 -0.018177054514264587 0.01713420596259376 -0.012377023149752683 -0.007873061538036316 -0.011739409081833841 
0.0019109829610751332 -0.03972775806168302 0.009914624862741148 -0.039983663057874055 -0.021284932936509512 0.09568460317769538 -0.008459971862288262 0.001946114916540717 
-0.03018619023627565 0.03539534152580686 -0.008435431304411151 -0.02213829807833099 -0.04177708075073113 0.04813342513407831 0.04762544167292587 -0.028617207962561668 
-0.026899410516901624 -0.05957615647671624 0.10932181478127614 -0.07507370207134748 0.008155696138612736 0.0448102985352074 0.04316968343407159 -0.043908223824023304 
II_2IIp_5
0.21434968718395012 -0.6009726676399734 -0.14706726328330683 -0.027646622234607354 -0.15831983851808876 0.08360393483164108 -0.18892365548326834 0.8249764251365522 
0.10486977970037328 -0.37892609385303133 -0.01487790002648092 0.04904966838327146 0.2419015451540074 0.03954588683677547 0.5547491990852053 -0.5963120852794616 
0.4645872597930453 -0.7837812251247814 0.21521950721317054 -0.24649821235663108 0.8989802331245539 -0.5595797582166929 0.12273462813819383 -0.11166243257819124 
-0.5404408012567062 0.4415079071403003 0.038349969584247655 -0.4445251634999103 -0.4959494952160192 1.1179376153988463 0.3165498308444624 -0.43342986298996344 
0.187072422140213 -0.6448895071535534 0.6315453228764993 -0.8711007494129508 0.47060219697808997 -0.02611713691833275 0.15460617132150983 0.09828128016533857 
-0.3132705014608587 2.213487051996011 -0.8059699857257195 0.059529323434432437 -0.424064463712923 -0.42769648455686 0.0022322560644156097 -0.30424719602899813 
II_0IIp_3
0.45485852535415217 -0.7826448782625129 0.21282755959548316 -0.2459470859569082 0.8986430179053796 -0.5606871087973752 0.1298932563368619 -0.10694328618183893 
-0.5440807576692291 0.43899103986462784 0.03783076401293789 -0.4447239404245071 -0.4970844770228801 1.1159821466425555 0.31399049258878314 -0.42090526799076844 
0.17573282256846198 -0.6469846924420164 0.6289344054172704 -0.8638838666043029 0.46851592371955647 -0.028980759574117106 0.16652568527761932 0.10014048163148587 
-0.31809237792211936 2.2098687719000862 -0.8076839459883837 0.057099947851384655 -0.42551844751821777 -0.43022855705982477 -0.0005642967698307447 -0.2848810944849839 
0.20386261731260216 -0.601853220941811 -0.14978975592410218 -0.013434510369727775 -0.1600339515615673 0.08338192969941204 -0.1905443541222238 0.8284112459027699 
0.10256486944307214 -0.38153184521922423 -0.014627673406719641 0.04889635236966202 0.2419942620255113 0.04010502567828607 0.5538230129250524 -0.5912240038158927 
II_2Ip_5
-0.03766600877197957 0.1374463413219698 -0.05874602684819894 -0.06309070997020691 -0.03889728771270236 0.08786801049851505 -0.006439695149006887 -0.02047462336766405 
0.0008295964192761194 0.02486650623563913 -0.018395260656329418 0.08868640793932078 -0.028481094761614645 -0.030349614652903433 0.027403059996271552 -0.06455960051925466 
0.017939722943083092 -0.08211602334355976 0.05335645590081744 -0.03849138623034096 0.06773481772391926 -0.027713906039912195 -0.023924385481683012 0.03321470452715957 
-0.04781332426926923 0.016019803240906197 -0.011926549088738435 -0.06437946713086759 -0.030450554289696005 0.1029376884800212 0.06197591116732839 -0.02636350810915123 
0.022137099161626497 0.07571349916044971 -0.0018763759441229517 -0.032742521355751564 -0.0068919126770056105 -0.05093918571465442 0.05222252089970967 -0.05762312352997428 
-0.01829344628033154 -0.05932014535464379 -0.006258056509301588 -0.05996095935069167 -0.012535049183257655 0.1591744874688147 -0.012896497035873297 0.010089666244933487 
IIp_2IIp_5
0.040067357263118095 -0.11954883087163988 -0.07247113688368671 0.015597578222976503 -0.06111535147843287 -0.039849851197507134 -0.036496572260798804 0.27381680720499446 
-0.055625074619003234 -0.1253996039161509 0.27831289250906877 -0.1762629431426347 0.009685586391073805 0.00848039412840777 0.1207550360325885 -0.05994628738331183 
-0.0979473860324099 0.39090554823451773 -0.12181371349474453 -0.06673440949393623 0.07785403220426701 -0.08012557018618363 -0.047383529929132105 -0.05475497130065796 
0.04042317860709863 -0.12042857380220019 -0.0725116866055537 0.0150161831006327 -0.061494193953868556 -0.0405280038168312 -0.03705925836682515 0.2765823548373057 
-0.056843253074749286 -0.12554531910984246 0.27783567705403994 -0.1736070184970629 0.009357768400300915 0.008465547692931117 0.12063954676780145 -0.06030294923360446 
-0.09675154375704374 0.3907200321527151 -0.12148527018229974 -0.06679627737058495 0.07812374744778397 -0.07942701239985751 -0.050099342203265916 -0.054284333686006936 
Ip_2Ip_5
-0.04310249294009109 0.2766980465099732 -0.052843354297571324 -0.0729313059957147 -0.06601071426264382 0.023299763359248514 -0.03524718496212282 -0.029862757409607456 
-0.02538693315935258 -0.05922862237596746 -0.02083241929444 -0.006003319701304996 0.1034998311828388 -0.02812690634394496 0.07884996949629904 -0.04277159980389543 
-0.024995654763327997 -0.0566381241078485 -0.04147849555819595 -0.06506461263330927 0.06901995793522048 0.13931996773301966 -0.025823222738481325 0.005660184133163554 
-0.04318220253344629 0.2768951228023454 -0.052834270520320206 -0.0728010643181442 -0.06592584757279035 0.023451680242272996 -0.03512113439929994 -0.030482283699528077 
-0.02511404197124186 -0.05919597987423806 -0.02072551550550455 -0.006598288713099479 0.10357326758337398 -0.028123580508213963 0.07887584091320783 -0.04269170192388086 
-0.025263542294799265 -0.056596565579511364 -0.041552072040717 -0.06505075325319737 0.06895953746644161 0.13916347977063115 -0.02521483795336563 0.005554753884154945 
Ip_1I_4
-0.05433554458364948 0.8555593727634628 -0.24326663816114338 -0.11035231370949417 -0.03328857202492465 -0.15146963479091652 -0.15934214120160498 -0.10350452828779955 
-0.022720930471186365 -0.09462959678468731 0.17110084706788953 -0.15584639030383468 -0.14141266731728644 0.13664379884890954 0.046233985272572276 0.060630953687089276 
-0.1254032974099494 0.7713643540473082 -0.19394981277345874 -0.12009130238860642 -0.18328506249869697 -0.024468026022107757 -0.13196579122619653 0.007798938274251541 
-0.1229639794945546 0.16040192706798714 -0.0874306240179956 0.03311862078248267 0.05750043997533838 0.19531124779372064 -0.1010579834338594 -0.13487964867159155 
0.15840211603298607 -0.07684995053467271 -0.09457252614567559 0.2391542593433196 -0.030680778746341578 -0.11596827783914897 -0.08691620377889264 0.007431361666838702 
-0.1510016313984104 -0.15248598915652947 -0.028039887736288748 0.46185653510402375 -0.054428327901590266 -0.032769052556824406 -0.044429548705751776 0.0012979023518827995 
Ip_0II_3
-0.01847598933612427 -0.059436999225267746 -0.0062609014627484595 -0.05999941989703227 -0.012509997383006975 0.15923061313901565 -0.012919448307121701 0.01037214247225033 
-0.03810316020693169 0.1375561700158681 -0.058841574997133175 -0.06304058635372436 -0.03887228440110027 0.08789803834130505 -0.006438913719226055 -0.020157688678678082 
0.0006485425346601288 0.024798500142665606 -0.018372555872564138 0.088745766867263 -0.028489318740408276 -0.030365575801563453 0.027350320163809304 -0.06431567929329744 
0.01739989930464848 -0.08218378050587513 0.053254420760765565 -0.03851568443471695 0.06767576264708276 -0.027873289357970028 -0.02313405241938878 0.033376724004871815 
-0.04815270611477879 0.015863663931173746 -0.012037968285203057 -0.06448398570189139 -0.030542119255841296 0.10276344235723597 0.061806407589418536 -0.02521673451922762 
0.021598488879686743 0.0756002009011325 -0.0019948170341408133 -0.031884062838446664 -0.006996756785651686 -0.05095425383244465 0.052114164264787266 -0.057482963554505044 
IIp_0II_3
-0.32025318761559857 2.2145788421796526 -0.8079141100283902 0.060108456361783344 -0.4237640514183312 -0.42698780150706855 0.002247815336150377 -0.29801596329499885 
0.2105782086907371 -0.6015382974565947 -0.14733163379604347 -0.026051543915814816 -0.15867756791294108 0.08321020920172184 -0.1902553210173111 0.8300659462024811 
0.0958698837297779 -0.3810122082604639 -0.016659477453595823 0.049059683540672555 0.24022050386199764 0.03580313148982341 0.5708030060609678 -0.5940845229686461 
0.456650200782815 -0.787707045948427 0.21214696677764233 -0.24939674981787613 0.8961892087515689 -0.5649793137755834 0.12645501696229342 -0.08935828374034296 
-0.5508967666455319 0.43768735011929627 0.034987947851296844 -0.42783880151847287 -0.4993695155471789 1.1156455110377848 0.3129966639192522 -0.4232123892093174 
0.18232132556161137 -0.6485257793989909 0.6305509696562461 -0.8644077675679901 0.46973817888140007 -0.0255230313967871 0.15333827054377347 0.10250783371932774 
Ip_2IIp_5
-0.006684134315045073 -0.04224963591187306 -0.015558242236708444 0.07303506784011168 -0.02433712719007583 0.0018390137373675921 -0.010908089895692325 0.024863147971635507 
0.010956009610910571 -0.040644285812910005 0.06263145228073799 -0.018226186581650317 0.017193073530964963 -0.012306368274033882 -0.007894232640890855 -0.01170946211346623 
0.0020968398336586457 -0.0396311693587562 0.010017654079916508 -0.03994183789528568 -0.02117306441156942 0.0958997178098357 -0.009254227905675877 0.0019860878478607648 
-0.030185560405519257 0.03557706944230374 -0.008322325941669994 -0.022086378627708098 -0.04163159348383743 0.0483522064107401 0.047784817444030056 -0.029488234838017116 
-0.02672570993299748 -0.0594365088223043 0.10943355152352087 -0.07591893093201516 0.008305218917978563 0.04486513969691143 0.04326202719208283 -0.04378478764300993 
-0.012213328119611393 0.22990262530767508 -0.047434992626524966 -0.012115153270806995 -0.05015288317478646 -0.037689317995995064 -0.02999990381612166 -0.0402970463028209 
Ip_1II_4
0.021727142375843708 0.07546712357545822 -0.0018653286331659906 -0.03194141583190946 -0.0069718685341578004 -0.05094138909440313 0.052087933112013235 -0.057562196969160116 
-0.01872152736943529 -0.05932066249773542 -0.0063032358132989 -0.060075241452237804 -0.01243927316642819 0.1593048854136002 -0.012837774008520254 0.010392828893673108 
-0.03783305157551333 0.13767341125880553 -0.05870832078008143 -0.0630004922334222 -0.03872897003160993 0.08817853017258238 -0.007600416501699321 -0.019980690308130787 
0.0006326425407211428 0.025044093988905346 -0.018223026503587602 0.08893913227295068 -0.02829868005580927 -0.03005435078900789 0.02754635067479402 -0.06558616212875064 
0.017677947052024506 -0.08199773363815145 0.053418579927846106 -0.03973454225334195 0.06789102976362127 -0.027787396687091907 -0.022998161115578623 0.03353027695009691 
-0.04838991282629764 0.01606217650731687 -0.012042955466290847 -0.06443755005384035 -0.030512819538101397 0.10274223437460145 0.06181916543365188 -0.02524033843067731 
Ip_1IIp_4
0.01096111714543065 -0.04055508227030132 0.0624994116520313 -0.018100512653454588 0.017113458742090082 -0.012374538705339283 -0.00791811686618294 -0.01162573704443408 
0.0022178332206555774 -0.039860633260277036 0.009980603060827058 -0.039876562243592054 -0.021360275405760146 0.0956124560471557 -0.008548924576026832 0.0018355031566995909 
-0.030516464622521493 0.035262882075914735 -0.008593280560203358 -0.02227243188116779 -0.04194112084688863 0.04778803316822705 0.04909720818078916 -0.028824825513590384 
-0.026893162790895375 -0.05986925995074509 0.10913610536717039 -0.07531137844899283 0.007921203580628044 0.04442390335348839 0.04289760307991553 -0.042305014190702796 
-0.012395213556155187 0.22953822609090274 -0.04763276034138694 -0.01062485219943756 -0.050437249852670875 -0.037774788857898284 -0.030173257758583056 -0.04050010352415447 
-0.006471941483357914 -0.042400367225136876 -0.015638491542680603 0.07299004928374188 -0.024386240685173397 0.0018582678232900356 -0.010902820423765044 0.024951544252871983 
II_1I_4
0.16530901489674615 0.2998501351046293 0.13057172248533505 -0.19929535945314228 0.41202188366515985 -0.16912447750922213 0.027741952228067194 -0.6670748714142339 
0.8329782815348505 -0.8569787489351375 0.30552924360152084 -0.5946337178118376 0.8619295766709715 -0.6603926588134446 0.3115590661579191 -0.19999104240984428 
-0.8161806023513819 1.3523694659171266 -0.6150178503723185 -0.8001594931950222 -0.4597637915160144 1.5582677976715866 0.47819071635552174 -0.6977062424977156 
0.28837264861729117 0.2474997023013654 -0.015631405684886177 1.2619610676529152 -0.517676440828944 0.0616675490031131 -0.2844923277893185 -1.0417007932723714 
0.3781889072741774 -0.7087839226018713 -0.3243637361988545 0.02758499844316005 0.17528340918889773 -0.7333527019613536 0.2348408695817002 0.950602176265942 
-0.36988710613603953 -0.9131143966451899 0.19073114930616622 -0.49064553672032307 0.6681036925863799 0.31418013585119936 0.20175584717812942 0.39887621457472366 
