II_0I_3
0.8341559123865223 -0.855738771956935 0.3026239740001593 -0.5945397689819752 0.859784856908133 -0.6594328816124989 0.3130479211936179 -0.19990124194285577 
-0.8148235577724734 1.3513424254140411 -0.6152719440358365 -0.8017261904188427 -0.43897101430793917 1.559558014538946 0.45881450929367495 -0.6989222427017563 
0.2854716752417366 0.2480959408371459 -0.016125655206046256 1.2629381879776564 -0.5190381890562087 0.06399664949836231 -0.26183504817355474 -1.063503561115724 
0.3873170664740093 -0.7059881687281825 -0.32175000406493265 0.007460010497677808 0.17851480259712962 -0.7328579851478645 0.23616277776309685 0.9511415006035611 
-0.3734803287746797 -0.910414915881235 0.1892552196961593 -0.4897253794766393 0.6684539167883949 0.314026953503007 0.20229054584395387 0.3995939882991978 
0.16857048674027605 0.29871029033193325 0.1327320020144055 -0.2021452048358407 0.41373687431409933 -0.16811185660491787 0.026004342154439416 -0.6694969341124941 
IIp_1I_4
0.5558583225363807 0.3844674399601427 0.5429073578581919 -0.671528974993678 1.1519483024124346 -0.7436830443884108 -0.37058314488074856 -0.8493862585053444 
-0.26299792861125765 2.590561478788631 -1.0823306265516939 0.1700683334045185 -0.7202903073945823 -0.19087534293360955 -0.44676892901640514 -0.05736667767887724 
-0.17890531933032539 -0.8555756362526067 -0.29681731107437176 0.0677065776292413 -0.13271300921823267 0.06767066841958139 -0.3428429312519535 1.671476961073431 
0.12208390742519881 0.009472085230517627 -0.7345345746508583 2.7295406050823607 -0.5623272141057519 -0.11435696269680538 -0.27011158423061976 -1.1797662620516203 
0.9313413140102579 -0.6969413840201107 -0.4163275147538754 -0.030973665155373975 -0.13623281154390374 -0.5868675074658445 -0.09233126588611511 1.0283328348049616 
-0.10623100619202182 -0.6320461752805618 0.11817790324728057 0.5868528023808269 0.1650763836229781 0.03421002551592308 -0.12245144645395313 -0.04358848684336219 
IIp_2Ip_5
-0.02998856344174143 0.03539575024502097 -0.008445214855886382 -0.022210869232026174 -0.041811581052879576 0.048122276963278345 0.04764285681312544 -0.028704655438399115 
-0.026815382885630394 -0.05959747565784407 0.1093002589039099 -0.07509448248229969 0.008332340018403583 0.044764009585095806 0.0431571972481836 -0.0440464647297736 
-0.011939121301426114 0.22972905797665974 -0.04745496995707547 -0.012185242823844953 -0.050229959761141946 -0.037712308934011174 -0.029802537406851605 -0.04040491779137112 
-0.006593742974897324 -0.0421604397155342 -0.015644231028176074 0.07305508641868723 -0.0243701048125258 0.0018070677801290272 -0.010890402479543032 0.0247967668118487 
0.01126122676264968 -0.0407356891118809 0.06265087893128284 -0.018178299633633713 0.017127437481192047 -0.012371320654121559 -0.007941351417646889 -0.011812882358226376 
0.0020511731012695365 -0.039708223877107936 0.009928868274369371 -0.03999381164608679 -0.021274473062846317 0.09569852469034837 -0.008453165517646622 0.0017511080373322288 
IIp_1II_4
0.18083616528532073 -0.6459201444203736 0.6295152398987096 -0.8629161754966324 0.4687865541317745 -0.025915100551702135 0.15359342700982664 0.1020200341393962 
-0.3194706070462117 2.2114597213825244 -0.8069721122619997 0.058355292475278105 -0.41571042642817174 -0.42799729801004077 0.001092465552200999 -0.3007570356556361 
0.20591533162443995 -0.6010831617626031 -0.14909704249133843 -0.027929311795998953 -0.15938904775811727 0.08334238578808836 -0.18105898362496345 0.8292998300151071 
0.10188824178361336 -0.37931780655459635 -0.014640574659460738 0.04894748507431311 0.24229761500620636 0.03955565073364966 0.5536650149004381 -0.5923956262829544 
0.45637025694721356 -0.7842745632422579 0.21372029620992863 -0.24664719016173697 0.8989028392606679 -0.5604609786022604 0.12975314514440753 -0.10736380555936566 
-0.5463395122715073 0.44070018239282666 0.03741669682505367 -0.4463746125163586 -0.49574051147490766 1.1171475956455057 0.31435823593461104 -0.4211680745319238 
IIp_2I_5
-0.08576876034222827 -0.6348041744414323 0.1149020199789677 0.5909460689851704 0.15672853679988627 0.031138825285518642 -0.1195764025029884 -0.05356611376301327 
0.5601982281332195 0.380466082599934 0.5428778181154863 -0.676710892372869 1.1815792917199635 -0.7494612126710962 -0.3729533693719822 -0.8659959461601099 
-0.24799728204356156 2.5891003185750034 -1.0829450799243217 0.16988645686818382 -0.7534800045047247 -0.19200651126252152 -0.41530034671555116 -0.06725755098395482 
-0.15319866709229626 -0.8520601284061488 -0.29263033712818176 0.06744687062736336 -0.12884602957607855 0.06796445118210274 -0.3693393322470946 1.6606631726356318 
0.13050150454064685 0.008318088633300951 -0.7364988229036141 2.731377981168345 -0.5642957426888372 -0.11486244536777064 -0.26796551093028137 -1.1865750524534533 
0.9481242099819567 -0.6960067083413833 -0.41392848384567366 -0.034040773754881834 -0.13608771304855852 -0.587684301904991 -0.09409773086057807 1.0137215017653374 
II_1II_4
1.327820775109202 -0.5819974399840415 1.3520657518140535 -0.7107066091479158 0.2587760934437894 -0.9484822341503548 1.1083569041868786 -1.8058332412737117 
0.4436303639618528 -2.016394997894713 1.3023025290949013 0.043728735708011744 1.6965368367297615 -1.4980215631567069 -0.03878287546509024 0.06700097101347653 
-0.8413519928485264 0.17994952755457244 -1.326298181895651 -1.1901342161556543 -0.6819820338948638 3.0619380417994844 1.5110115131662645 -0.7131326577137518 
1.3274825098367324 -0.5892525361882314 1.3232489276105242 -0.6755533010891129 0.22007318031092035 -0.9417823145600853 1.1193085693578775 -1.7835250352789374 
0.40990896583041836 -2.046458805351352 1.291397149569948 0.018860914175996973 1.9194874538571374 -1.5349983742680453 -0.0656151586466616 0.007417854816284438 
-0.8872631176031264 0.13240747325376878 -1.361112209427109 -1.189585661956117 -0.7480787611165342 3.025030199270104 1.7583831961051999 -0.729781118523537 
I_1IIp_4
0.12001589077800032 0.008876294283968762 -0.736876984457332 2.733020301922553 -0.5653892315577639 -0.11353372757330282 -0.26897479510328215 -1.1771377482924872 
0.9286669847067982 -0.6992073789586128 -0.4166241379261087 -0.03288638832355538 -0.11867856104128416 -0.5898541230170662 -0.09459851456834636 1.0231821191156305 
-0.11036400268702333 -0.6361649498261044 0.11535253018685113 0.5877097811016931 0.15931936159694018 0.030970273374707417 -0.10243600086886104 -0.04438699288164277 
0.553855253833953 0.3852646491939266 0.5460978645253374 -0.6747988184868751 1.156317360089815 -0.7441462138735704 -0.3715491082357297 -0.8510409870479493 
-0.259197648571735 2.594067824839236 -1.0805333842239142 0.17293030638039114 -0.745543242497525 -0.18676230010880285 -0.4438842990397688 -0.051077256772684584 
-0.17422324249615684 -0.8505661941160135 -0.29295828667741886 0.06845823230255459 -0.12577926184168148 0.07151733248050376 -0.37032358898120615 1.6738750093266237 
Ip_0Ip_3
-0.025093183918449297 -0.056704886386068715 -0.04158378752820887 -0.06506610711856334 0.06889982864007423 0.13917657345498136 -0.025217766571022943 0.005589329427197946 
-0.043247824878092256 0.2767268820903712 -0.05294696063999346 -0.07293473993541172 -0.0657251024858152 0.02325074961042151 -0.035264514261780316 -0.02985848949887326 
-0.025331848971514852 -0.05933704726928301 -0.0208525685330361 -0.005994120564459118 0.10340129327536433 -0.02819747357893678 0.07911179177949645 -0.04280002613725734 
-0.025092736684032828 -0.05669529412454157 -0.04154568761786789 -0.06511258475530764 0.06895099935584151 0.1391677152152555 -0.02523224621872957 0.005559834829040789 
-0.04320324042842116 0.27676663068873836 -0.05293254218841791 -0.07290186116408173 -0.06601987468100645 0.023299638175698606 -0.03522903819477834 -0.029779712206385252 
-0.0252711479822106 -0.0592741899608404 -0.02080653947311033 -0.005994845830585772 0.10348868248122711 -0.028148676199948583 0.07878473148709517 -0.0427780145214169 
II_1IIp_4
0.07969375965881823 -0.37709410517679837 -0.005545450215475426 0.044652795139129696 0.25543096858880704 0.040486169975619796 0.5529032778560227 -0.5905274158248838 
0.46774293023893426 -0.7728429040431827 0.2236086424181114 -0.23761057994917642 0.8223216345305486 -0.5485817890465711 0.13728031062555587 -0.09191824477904764 
-0.5362323302672359 0.452926456240137 0.04845412143132281 -0.43766899030823586 -0.4790789305075913 1.126177167091081 0.2352726763950489 -0.40985017006840574 
0.15853696158377628 -0.64594250604833 0.6296891314648189 -0.8563279573982515 0.46993809810645737 -0.022910392200306343 0.15622215224205704 0.11079451224744315 
-0.3185375451277144 2.2135841014165227 -0.8004598990264057 0.0596932185621329 -0.42326964727695965 -0.4275655441840208 0.00031278065963026114 -0.30375746501740003 
0.2018091557399982 -0.6035751557894549 -0.14883749003468835 -0.01905386588592242 -0.16318996785778273 0.08094587308580536 -0.18356218366050067 0.8354636343983978 
Ip_2I_5
-0.15106017315158163 -0.1523654438033901 -0.028093224944112392 0.46192893171020505 -0.054479878896343856 -0.03278771521370687 -0.04441706744304404 0.0012745717413091343 
-0.05430511323568218 0.8554075177934216 -0.2432276447100597 -0.11043907979719701 -0.03287098392400604 -0.15152324696480066 -0.15940026701359927 -0.10364118214755899 
-0.02294454244737528 -0.09461511814650028 0.1710123611111592 -0.15593838653474523 -0.14145518748382166 0.13664493085153634 0.046706609484705765 0.06058933316537947 
-0.1251111507393269 0.7714436641408057 -0.19385507028524637 -0.12010036498791345 -0.1831879111387282 -0.024294261714002386 -0.13276809030739997 0.007873185032802257 
-0.12297694642958258 0.16056179003874263 -0.08736010786393433 0.03324686894191317 0.05762716751436664 0.19552279616000487 -0.10090303196700097 -0.13571853639366901 
0.15861785533876258 -0.076707141678209 -0.09445857266825107 0.2382837614722669 -0.030508222483203368 -0.11589629026443257 -0.08685554359100703 0.00752415387373665 
IIp_0IIp_3
-0.09726519410414021 0.3911471398508079 -0.1216711120499561 -0.06654280818436879 0.0779885336191671 -0.07945459054419346 -0.05007125935612515 -0.054130709229636885 
0.03986347655528244 -0.12005053888678031 -0.07234155515670344 0.015309953411606259 -0.059664646890299225 -0.03999471696507643 -0.03670806250046975 0.27358609043093085 
-0.05669688968014341 -0.1253328936725934 0.27800734708614566 -0.17656863744000645 0.009581974564987036 0.008522050179875184 0.12234037138322822 -0.059853322421635095 
-0.09726313343745527 0.3911913369236782 -0.12149556382248677 -0.06675695742144137 0.07822430657423583 -0.07949540555556259 -0.0501379754312273 -0.054266607828027044 
0.0400689027893053 -0.1198673942045052 -0.07227512104740288 0.015461444844638033 -0.06102283214225979 -0.03976945919187349 -0.03654460383058934 0.2739490627822198 
-0.05641720526680791 -0.12504327385524144 0.27821942947180517 -0.1765719791585787 0.009984626960777091 0.008746887805629591 0.12083341627418125 -0.059751902231645164 
Ip_0I_3
-0.02317184349037331 -0.0945175613985293 0.17119932724769982 -0.15596735147710553 -0.14118044497301674 0.13670287617102483 0.04627509467338323 0.06065990324689474 
-0.12505735504368268 0.7716014418585642 -0.19372804723412473 -0.11993699911673734 -0.18426398592710183 -0.024111026887294225 -0.13264593138036496 0.008141903732640867 
-0.12282888009507927 0.1607438749499718 -0.08717477497992648 0.033359939703234795 0.05786958806246527 0.19565022368593593 -0.10202906060680501 -0.13559091071766288 
0.15830618643998237 -0.07673030932246824 -0.09447356650834618 0.23842562251576596 -0.030539575581514686 -0.11587248470436673 -0.0867883740963244 0.007672501255836537 
-0.15116868732056932 -0.15233984050707697 -0.02796696044783116 0.4619088051703903 -0.05440906005321037 -0.032795201323294 -0.04444427962754255 0.0012152241092944235 
-0.05431809177309079 0.8554140871461694 -0.2431908582118455 -0.11027854603125699 -0.033349664365289695 -0.15150750004488361 -0.1592828069519052 -0.10348661976502739 
II_2II_5
-0.8504050079970814 0.14189393268183895 -1.3611042744885269 -1.2119220857105915 -0.7379175691473685 3.0327038691419017 1.743439331659739 -0.7566881961316356 
1.3987183527012137 -0.5926983077540197 1.3228878055251696 -0.6992234385470533 0.24165333895804486 -0.9557569116170053 1.1097873463764567 -1.825368185648128 
0.4230898040865875 -2.053871288591597 1.272126256139128 0.01486494667550238 1.9119463428189296 -1.5374113033262824 -0.0364200515739554 0.005675293760907618 
-0.8503699870007668 0.14264506122843265 -1.358120835166995 -1.2155615485761135 -0.7339106115419733 3.0320102186743316 1.7423054930276463 -0.7589977906422825 
1.4022095682667592 -0.5895857668046269 1.3240168521505415 -0.696648844063099 0.2185710022876436 -0.951928659359781 1.1125653238595559 -1.8191994763354045 
0.42784303622351594 -2.0489492044220583 1.2757305928952032 0.014808154220121359 1.9187894138540826 -1.533590191468478 -0.06203072959018498 0.007398928268678796 
I_1I_4
-0.31124079505631996 0.4704378141179624 -0.5053628214057585 2.512992603150999 -0.49568681680234106 -0.23813471598491057 -0.7934652129209818 -0.6395400550940724 
0.08414450712772714 -0.5435458417300014 -0.1527295626647153 -0.12044903325263305 -0.11509218636759332 -0.351112365376173 0.07795260472809155 1.1208318775327364 
-0.4180095711783029 -0.7268738592406709 -0.08872944061266402 -0.24859341850911312 0.1514984858352683 -0.07987307639019997 -0.16402662138376328 1.5746075014751704 
-0.31122976619860016 0.47067436048718064 -0.5044232728538919 2.5118464588211986 -0.4944249405550605 -0.23835316128253334 -0.793822282841987 -0.640267395569769 
0.08524396522701505 -0.5425656363282582 -0.15237400184862285 -0.11963823864422046 -0.12236130554362198 -0.349906767248111 0.0788274489723834 1.1227745354093235 
-0.41651267719473467 -0.7253237901576532 -0.08759435824128299 -0.24861130366156364 0.15365351457467938 -0.07866972692474954 -0.1720919690697066 1.5751503106737033 
I_2Ip_5
-0.12498179390523728 0.7714565024647903 -0.19366528941994635 -0.12017759142161019 -0.18300581605302688 -0.024340326098547253 -0.13274491365867117 0.007459228095277462 
-0.12211393792148036 0.16076207702305884 -0.08713408243306853 0.033413732988330336 0.05602278327310495 0.1956828767617638 -0.10072855922956077 -0.13590489046062046 
0.1594396075347757 -0.07650636048418262 -0.09423045107487082 0.2384687568115723 -0.030273163464809617 -0.11580128728345083 -0.0883839471044809 0.007286845063760979 
-0.15093252640576918 -0.15238928336175053 -0.028049126514224913 0.46202942158155463 -0.05449344501887929 -0.03279990839195878 -0.04433852503866225 0.0009733931497914052 
-0.0536125820626815 0.8554558182628929 -0.24305675103943664 -0.11039793414261191 -0.0333482492079994 -0.15155010132328928 -0.15936144393436005 -0.10412875655033266 
-0.022354892318110983 -0.09465468412584356 0.171064481620199 -0.15575061799892903 -0.14155427813130528 0.13655334754053214 0.04642878476275712 0.060267858650946464 
II_0II_3
0.4201790846073758 -2.050398273940327 1.270808695323459 0.01999828434522419 1.9127823894515175 -1.5330649064632944 -0.0606095491941948 0.020304275860542523 
-0.877685906603413 0.13790149733848076 -1.3630849557845346 -1.2173744761108884 -0.6953239179474773 3.029002001450153 1.7387177117135302 -0.7521519540468322 
1.3812952139172656 -0.5945671954577677 1.3200945443173697 -0.6999377111877442 0.21232222206476145 -0.9548120391533508 1.1495087564020678 -1.8139037909127005 
0.42023484260260235 -2.0492023793200924 1.2755587198672376 0.014203784753758412 1.919161988605069 -1.5341692884822984 -0.06241476818676612 0.01662710015045599 
-0.8721274360508113 0.14285706851002625 -1.3612873662924805 -1.213275385878978 -0.7320740086565456 3.0350970783770617 1.7431406142081947 -0.7423305642117581 
1.388862979466593 -0.5867305954484439 1.3258331185650325 -0.7000281321814562 0.22321728372667823 -0.9487283306688284 1.1087332164929282 -1.811159539952379 
I_2IIp_5
-0.1650299091860102 -0.8519948492492765 -0.2934969629302853 0.07036764265524312 -0.12891407812207228 0.06964100450995932 -0.36857957599134195 1.6680067283099833 
0.12405638873441559 0.00832328026271604 -0.7351318958270191 2.7311708200899214 -0.5593378218169774 -0.11512210978734828 -0.26920296739185884 -1.184755694255561 
0.9399613148049075 -0.6977536333694371 -0.4149413670655279 -0.031475396360822236 -0.13827986101760542 -0.5887126444699053 -0.08805045566530353 1.0192520431284517 
-0.09755233662065489 -0.6337165613213998 0.11809604578888294 0.5889132994278178 0.16211421367118248 0.03187127599131409 -0.12035987309703855 -0.049366063840785665 
0.5585048798604895 0.3847076414062629 0.5457814498136068 -0.6734138657981453 1.1551206770118858 -0.7445103810771814 -0.37040982091879626 -0.8557805802995625 
-0.24969072446423848 2.594052664712333 -1.0790522304359031 0.17237453610276987 -0.7463582953992267 -0.18783407634993904 -0.44411084127363254 -0.059381032882669355 
I_2I_5
-0.4115716187310045 -0.7259896230002654 -0.08794191705624359 -0.24776324572768177 0.15205313036601234 -0.07955306729618275 -0.17131524701409773 1.572081588458706 
-0.30891196443097374 0.46999760668156787 -0.5047663078757418 2.512071315593068 -0.4921240591424494 -0.2390698018759347 -0.7936375779042173 -0.6435592110378116 
0.08949111112021409 -0.5431736057905202 -0.15218601008238614 -0.12000247235261016 -0.1235781926684273 -0.3508769623340951 0.08190798552624738 1.118418146575509 
-0.4115672165846301 -0.7258952059855177 -0.08756689811166819 -0.24822072696884234 0.15255680577226413 -0.07964025930474196 -0.1714577707667148 1.5717912719470186 
-0.308473117906491 0.47038885372785216 -0.5046243864795312 2.5123949426564893 -0.4950255136743949 -0.23858858976903752 -0.7932883855553986 -0.6427838029910699 
0.09008859339144638 -0.5425548987835885 -0.15173294420006395 -0.12000961117548452 -0.12271801721197538 -0.35039664777628965 0.07868871796059519 1.1186348077931088 
I_0II_3
0.3913901877179675 -0.7070538763454717 -0.3260315071120754 0.011425618922231864 0.17259472650328253 -0.7324255640806449 0.23729168180365878 0.9528087325842625 
-0.37862543061912335 -0.9152409348172975 0.18644303091158154 -0.49363978318459595 0.7027280482134209 0.30849449506796484 0.19847799589649584 0.39136257853398776 
0.16255960607563422 0.2921604580294083 0.12755030843856513 -0.20370533652918357 0.4046929687777652 -0.1731112137019164 0.06294479215456675 -0.6730915832445651 
0.8383094329010667 -0.8550800801483418 0.3051916861405321 -0.5989294383540372 0.8630637327375372 -0.6605929049688024 0.3115738211390362 -0.2035362494531398 
-0.811953719783291 1.3536620060462818 -0.6154921299506407 -0.7997299823370493 -0.4576880363182724 1.5628142461560013 0.46137948659028694 -0.6929918703964668 
0.29037300234563973 0.2528459574720332 -0.013032711562384093 1.2612476753052464 -0.5123721501266215 0.06776958992451351 -0.2836901779963752 -1.063141185357746 
IIp_2II_5
-0.5396906253991597 0.43960165882353186 0.034657672310064454 -0.44411955426976446 -0.5003148168625243 1.116480478064213 0.3152735808292201 -0.42188839348674706 
0.17670950787780124 -0.6490836385506303 0.6277179859847568 -0.8660902063853695 0.4924573489260691 -0.02950917541503871 0.15128971525122115 0.09650846230567685 
-0.32020055531489694 2.2088357771683205 -0.8092811003288863 0.05691169660496089 -0.4286229334994734 -0.42969194044438264 0.025320271161666724 -0.30327121533645557 
0.21418680627925307 -0.5998032429116048 -0.14773765413832077 -0.029247932268864785 -0.15776297523117722 0.08327466952852966 -0.18980936291192999 0.8268996916506807 
0.10115978724611363 -0.379692254050966 -0.016332049912665323 0.04950428218905024 0.24208465582189959 0.03993246526093009 0.5544534756646066 -0.5911103622185896 
0.4591161832049443 -0.7831311721451306 0.21455440827787886 -0.2490066052420283 0.9003874287260227 -0.5597027850650323 0.12803842698638151 -0.11025588474918502 
I_0Ip_3
0.1584046085129535 -0.07670605513141167 -0.0943783765167301 0.23827983011443524 -0.030415734482365335 -0.11590790293648837 -0.08683630848467974 0.007559938923323107 
-0.15106047943123052 -0.1522490089128208 -0.027959063872699495 0.46198576762308274 -0.055118415745970706 -0.032673966881285585 -0.04435153673816059 0.0014267039603968665 
-0.054147309699527475 0.8555832565842008 -0.24307607364227143 -0.1103190978059838 -0.03311300404868004 -0.15137415496195658 -0.1600955356157067 -0.10345808080758966 
-0.02307613091936305 -0.09455142046494283 0.1710636947284008 -0.15583156618719032 -0.1413666138709862 0.1367211242363796 0.04631488302756888 0.06072602944999025 
-0.12521925525981023 0.7714514626167971 -0.19380750265417712 -0.12005922769807424 -0.18318750911904141 -0.024285976380361254 -0.1327681148457125 0.007876123341859031 
-0.12302584573094066 0.16053223294712052 -0.08733885046769037 0.03332378184278309 0.057576814169730775 0.19548793727163208 -0.1008603442452713 -0.1356957257863673 
IIp_1IIp_4
-0.056209686276113065 -0.12515363598880141 0.2779902698003877 -0.1763098713205857 0.009604428388448815 0.008692378864007146 0.12094701903499847 -0.05956090250220534 
-0.09804921263819068 0.39093397966034243 -0.12172639455417027 -0.06683469979100445 0.080005125370366 -0.079699430575444 -0.05027412786221804 -0.05435523960811857 
0.0396555427004531 -0.12013218914380044 -0.07243538801410929 0.015291184174206902 -0.061396277160558003 -0.039979505894027566 -0.0347462771954794 0.27374291053191957 
-0.05620700595403269 -0.1250961485794149 0.27821860647883934 -0.17658841657383104 0.009911099747104796 0.008639290523232998 0.12086024101848328 -0.05973766665985474 
-0.09778201344981423 0.3911721970948753 -0.12163998329253199 -0.06663765393591668 0.0782385253104742 -0.07940643637990745 -0.05006151614724395 -0.05388311919875022 
0.04001932996777985 -0.11975547883427322 -0.07215953112737983 0.015286837579972746 -0.06087254466865366 -0.039687058186657194 -0.03670638313955622 0.27387482840797917 
II_0Ip_3
0.017708389971482465 -0.08221390949045704 0.053116518900176185 -0.038435531521590655 0.06747760058323442 -0.027877576279861233 -0.023114320759741198 0.03333882859623176 
-0.048322349398654124 0.015693243138590593 -0.012178030627740533 -0.06464350244599629 -0.029364685806915206 0.10258166104885674 0.061691024613333215 -0.025457360520830672 
0.021431344227485355 0.07541053798753804 -0.00216540533652454 -0.032003799572443474 -0.007260128282692741 -0.05109815719321825 0.053334650189369406 -0.057649042019220845 
-0.018162983176193737 -0.05943561920279088 -0.006247138152757239 -0.0601091244717569 -0.012506953196551809 0.15918578569513678 -0.012961793964907882 0.010237826469360323 
-0.03810431245503577 0.13754318351278258 -0.058927787107818826 -0.06304856454852156 -0.03887318218421352 0.0879111543066634 -0.006413673040864739 -0.020086818482330213 
0.0007327077065751634 0.024858144147374212 -0.018357017839233214 0.08862266218528168 -0.02840203355016165 -0.03030946905218101 0.02724534925571236 -0.06439034285295718 
I_1Ip_4
-0.1234764159265113 0.16062254514763016 -0.0871041919632266 0.03312533350174182 0.05795303683597854 0.19553446153918574 -0.10093678317878227 -0.1357179859552902 
0.15887247193750548 -0.07644663174379623 -0.09423244028939738 0.23854842176406868 -0.0324309465880856 -0.11561814836902533 -0.0866367757226697 0.007944049010126804 
-0.15090295534251813 -0.15204204275881147 -0.027770185709825375 0.4620978677367428 -0.05398533371757842 -0.03255284598802375 -0.04639150020782741 0.0015469959893097856 
-0.05474669400839025 0.8554607108831129 -0.24319729722629332 -0.11021666106778233 -0.033276227259274 -0.1513879341811304 -0.15929247088973986 -0.1033434262482523 
-0.022894148666923783 -0.09452476731427388 0.17120842901026193 -0.15588633055573586 -0.1413615769857074 0.13667492333509432 0.04625127160347992 0.06053219957415473 
-0.1253452288813167 0.7713494262472113 -0.19388021432281793 -0.1198634133817307 -0.18332556833294592 -0.02436139082256567 -0.13261774788098787 0.008044137378617044 
other
-1.3122153526400462 0.8468556404730693 2.209287925617824 -0.5413585971729906 -1.9496627326388216 0.6278193942479177 -1.8727538132319368 1.9920275353458976 
-1.3013906702727525 0.8499722453129788 2.209342027467063 -0.536555172608612 -1.9804535171778839 0.6317037445702857 -1.8697622079789782 1.9971435506974409 
-1.3016537154633472 0.8504084821262001 2.209958125058146 -0.5369324908038945 -1.9482673411148759 0.6308146269082746 -1.8997213547460718 1.9953936680480304 
-1.3122552966073486 0.8459989243006695 2.2058850983292766 -0.537207527813766 -1.9542329562009448 0.6286105525335004 -1.871460588660831 1.9946617941250828 
-1.3053726529150673 0.8464221683266364 2.2080542685252755 -0.5394916829307946 -1.9541264507832172 0.6273373473218701 -1.8729306912507948 1.9901076937157516 
-1.3070751188460188 0.8447944908467027 2.205847119552566 -0.536867714922946 -1.9560723561834497 0.6264563737961252 -1.8705105330647012 1.9934277388258825 
Ip_0IIp_3
0.0021842727240939637 -0.03974227186614254 0.009797828834834862 -0.0399014995614588 -0.021453420695945965 0.09569683138431048 -0.008431273108408296 0.001849532288407176 
-0.030328434647684664 0.03525124879765363 -0.00855343752644148 -0.02234448958518905 -0.04070481456652237 0.047974161575772126 0.047528058852680154 -0.02882229289995139 
-0.027066037374976624 -0.059736894104289576 0.10916763479452606 -0.07517802577617469 0.007920130704363058 0.04467989211637041 0.04426981617038264 -0.04405651653000686 
-0.0117650330130589 0.2297702680652968 -0.0474192024891351 -0.012260458281802203 -0.05016828606929922 -0.037714183466654685 -0.03004487775839668 -0.04039822698642222 
-0.00677365210648668 -0.042168293887087156 -0.015725346884842912 0.07306979738304793 -0.02435605166839563 0.001840422113642477 -0.010868292949386541 0.02498141799951309 
0.011199827850283483 -0.0406749640417485 0.0626743451901763 -0.01828578064018858 0.01722057594326925 -0.012311760710238796 -0.008027318379917029 -0.01179492521208495 
Ip_1Ip_4
-0.025108892459439328 -0.059308948318518205 -0.020892699287393342 -0.005918552098841672 0.10334860736457936 -0.028167235290322726 0.07881523224927318 -0.042767512159191196 
-0.025273568567577405 -0.05679864833367557 -0.041632847069679034 -0.06516660250445253 0.06964244937580008 0.13907097419347167 -0.02529117205556503 0.005449414961355162 
-0.043300082714958395 0.2766565262763199 -0.05301164045608961 -0.07297151621232242 -0.06617491250312006 0.02321205815287432 -0.03451539655449576 -0.029895035986589907 
-0.025107840463758933 -0.059286385170504226 -0.020803079763397344 -0.006027877911729335 0.1034689723509181 -0.028188071854334987 0.07878117287444318 -0.04283689006096723 
-0.02516869595475362 -0.05670515072639353 -0.04159893164183347 -0.06508926426926571 0.06894907914093115 0.13918597105036204 -0.025207724399139913 0.005634716799991691 
-0.0431573003905622 0.276804380746365 -0.05290336979623773 -0.07297322220073979 -0.0659693535149746 0.023326840519290157 -0.035284715626726415 -0.0298432597353522 
IIp_1Ip_4
-0.027047924912028433 -0.05954851496438398 0.1093797417113366 -0.075100994910611 0.008241776427938184 0.044813251021296505 0.04316360112105184 -0.04390093549455497 
-0.011972244025501557 0.22983915375148675 -0.047370005559217915 -0.012105156404977951 -0.050659405452856916 -0.037597280383425656 -0.029958115817255177 -0.04017694610769621 
-0.0067087681486312665 -0.04207426138721521 -0.015577394249901838 0.07312615716125037 -0.024244248775341353 0.0018895490576242848 -0.011397909452993916 0.024986875795341108 
0.010999016636117047 -0.04072845043201587 0.06265771769015765 -0.018128936483708807 0.017143111708821466 -0.012339081902027264 -0.00793391055131321 -0.011669466666275066 
0.001904607673040534 -0.03970493668244616 0.009960019030273227 -0.03996787133774029 -0.02127095300633872 0.09570068348355228 -0.008455487271956155 0.0018339381114567332 
-0.03020413204442669 0.03538373621441224 -0.008430121168852348 -0.022168747135957064 -0.041797693622385584 0.04811795138239754 0.04766925276565802 -0.02857024639055382 
II_1Ip_4
0.00021495274801943215 0.024849461081557455 -0.018170692604768002 0.08863757408465306 -0.02820073235155989 -0.03034680438993641 0.02730711093107509 -0.06429086949875933 
0.017647383920918067 -0.08193293468358047 0.05345994703166848 -0.03831663739551593 0.06601292840946482 -0.027607755830121105 -0.02296307026955191 0.033700138816233814 
-0.047916583387242355 0.01614107006194363 -0.011793123559458593 -0.06433400187688704 -0.030163819120687548 0.10296859061433554 0.06007637543473926 -0.024978508165993268 
0.021153186425798127 0.07559826731225153 -0.0020112257591613047 -0.031728588987532426 -0.007000008385580289 -0.05089068293417592 0.05217379819273519 -0.05729474586387577 
-0.018478244227375613 -0.05941799366463863 -0.006137334706760393 -0.05999102062135899 -0.012506515722309729 0.1592140965099228 -0.012953678159479324 0.010270690591708417 
-0.03822012415691927 0.13747651169779537 -0.05886104520845447 -0.06286610686499575 -0.03899136490110052 0.08782674478953006 -0.00631776856046485 -0.02004684679469051 
I_2II_5
-0.809333430610595 1.3538563765862546 -0.6138122034428043 -0.799104647449625 -0.45892324447088806 1.5623084298078023 0.4608207598504719 -0.6958120402575797 
0.2879280386363002 0.2500998493499042 -0.014242801476934996 1.2640285221002674 -0.5080443649191521 0.06509427928864998 -0.2818824120691936 -1.0629811109094387 
0.3823169824298999 -0.7072291624478055 -0.32292046864043533 0.008454346834347048 0.17680847685383816 -0.7330910882068989 0.24405624700146586 0.9516046661694932 
-0.370806343567598 -0.9101956921819215 0.19069582236708496 -0.4902801336198596 0.6683922328099695 0.31346975530530463 0.20170748315567233 0.3970168757301196 
0.16822573163545484 0.297662772957697 0.1320353180068441 -0.200236546796146 0.41226585874672717 -0.16895955184460448 0.027525908448748918 -0.6685194911517784 
0.8306100857587899 -0.8548950616067066 0.3049502886752197 -0.5965091451371621 0.8633755723699214 -0.6590813159707414 0.3123405394866087 -0.20079096358094486 
I_1II_4
0.29604796022454216 0.2502744655257467 -0.017050708179186223 1.2668450214351812 -0.520056444800237 0.06602585959817892 -0.2808198892008918 -1.0612662646009023 
0.3778642291680644 -0.7105397714540805 -0.32562882584207364 0.005623215108942191 0.20882794914481217 -0.7368801350291987 0.23378353132169793 0.9469498075762981 
-0.3777436157770893 -0.9151699679658575 0.18620455512334944 -0.49274776706411594 0.6616647132127849 0.31012801852984095 0.23347326635041488 0.3941907975912783 
0.17534447654445406 0.29789325552787005 0.13281928748878138 -0.2029872513963289 0.4124571782781671 -0.1700902530014805 0.0262612853987123 -0.6716979788387023 
0.8293309809667329 -0.855581565603767 0.3026481595516186 -0.5959313040374452 0.8629320688975225 -0.6589730575915824 0.3134105528441125 -0.19783583503181063 
-0.809997984158481 1.355592098157894 -0.6126598964355598 -0.8027388906081369 -0.4554332324741144 1.5637927854642335 0.45850525770115863 -0.6970601376363234 
II_2I_5
-0.3566089483332209 -0.9112925567532545 0.18864845829035085 -0.48871067465360035 0.6638642555994038 0.31227612203327804 0.20272095295747616 0.38910239085364445 
0.1767541669213021 0.2945238453248982 0.13052109414552862 -0.20258672222482915 0.4290404296639789 -0.17317190224175438 0.026085706297299074 -0.6811666178861846 
0.8388724973789559 -0.85876350332231 0.3024298691280829 -0.5979084776616772 0.8573996783479287 -0.6629110488406451 0.3322367971228908 -0.21135581216383867 
-0.7950979307481759 1.3535767781300998 -0.6126134335862664 -0.8014951094440176 -0.4590914477260091 1.5603600694987703 0.4606005554728156 -0.7062394815923987 
0.30025509426988745 0.2503475247960072 -0.014528565106245818 1.2644796365976598 -0.5163845519179996 0.06504726232558368 -0.28030003323288866 -1.068916367730368 
0.3957511527058563 -0.7057421258962562 -0.32151918622113174 0.006993221227369659 0.17827819264754757 -0.7327632567589986 0.23608678256711318 0.9429152197198793 
IIp_0I_3
-0.25132141006665015 2.593429466520839 -1.082711761527448 0.17491046996322204 -0.7505104915435454 -0.18721539553876326 -0.4438332109445321 -0.05274766685193757 
-0.17937923956749266 -0.8557146025257828 -0.29666662103064795 0.0669068885080082 -0.09819916005049083 0.06620780102752188 -0.3719483274329015 1.6687932610674656 
0.11172439156342732 0.0046216149964483574 -0.7389701020054269 2.728891683470708 -0.5689163223582351 -0.11695788377938215 -0.23916440302364034 -1.1812289788568595 
0.9392400836808805 -0.6965388717917458 -0.41420433011463753 -0.03351246560075325 -0.1361625774959028 -0.5882677543476651 -0.09385790831207647 1.02330382397285 
-0.10753123508018161 -0.6336710143099463 0.11579855636751618 0.5893429558783492 0.1631619957854695 0.033363723975861195 -0.12003950710493505 -0.040425475512397294 
0.551496095473756 0.386609828097315 0.5462562725271358 -0.6762330273069611 1.158324311401294 -0.7422528807699255 -0.3729842877365941 -0.8512163116849234 
I_0I_3
0.08736090505372505 -0.5427105991645799 -0.15281732234541176 -0.11906671369999579 -0.1237413157628332 -0.3500471876112071 0.07879030612136734 1.122231927404769 
-0.4182080271711165 -0.7268804498831171 -0.08866379515635864 -0.24879838322491654 0.16124317531401763 -0.08025272190023292 -0.17238457332297347 1.573944775346736 
-0.31427418804678586 0.4693155624071939 -0.5056724495846615 2.511682054757296 -0.49626519837205835 -0.23906684617758892 -0.7851270300063043 -0.6405919049679106 
0.08737323813908009 -0.5424460797908025 -0.15176666663119184 -0.1203483963621761 -0.12233021520057284 -0.3502914653546098 0.07839101057459723 1.1214185746245688 
-0.41697855166170605 -0.7257843294066637 -0.08826618717497471 -0.24789170736810814 0.1531144398870907 -0.07890455467712047 -0.17140627358276742 1.5761171639843696 
-0.3126002775144879 0.4710489363083373 -0.5044031370233995 2.511662054579272 -0.49385532476418453 -0.23772119353541415 -0.794146152665138 -0.6399849053782745 
Ip_2II_5
-0.048251676402121246 0.015878485678719925 -0.011987820663181499 -0.06453151928380645 -0.030470556787968863 0.10276814503060272 0.06180341029838571 -0.025208467870276592 
0.021652927903279984 0.07566209579979057 -0.0019468663629460202 -0.0318364887286251 -0.007391188548978913 -0.05089301403572831 0.052153959692341635 -0.057401425719063946 
-0.018418838090539052 -0.05937444508551444 -0.006201250077462917 -0.059959767110983955 -0.012420798155943885 0.15927913041791159 -0.01333049296505561 0.010426461067739872 
-0.03821208227185882 0.1375569995786307 -0.05884622390852301 -0.06300535459689702 -0.03887191365149772 0.08791451550533483 -0.0064233647450079555 -0.02011257590974308 
0.0006523257690770107 0.024805625117320228 -0.01834143455855297 0.08874874011343142 -0.02848607227267535 -0.030364585747984625 0.027321655496287685 -0.06433625391648462 
0.01737285347475982 -0.08219883237461421 0.05325260877571102 -0.03847059510571717 0.06765058686209935 -0.02788505608688046 -0.02310183661305096 0.03338027106687337 
I_0IIp_3
0.9376644124789273 -0.6973032124473232 -0.4171997499743454 -0.029357882053208766 -0.14013297657163515 -0.5873585120552888 -0.09251573565418963 1.0262036562633274 
-0.11088329999348426 -0.63665970953432 0.11514069820843079 0.5868416482564304 0.18588046378941328 0.02952140576410033 -0.12289489507164866 -0.04694631142015282 
0.5464997620902178 0.38145560266764433 0.5426407401115787 -0.6755245742872587 1.1511279362455875 -0.7462962339959137 -0.34732543563058665 -0.8525777972068834 
-0.2528187059202112 2.5943461163171335 -1.0790303841431044 0.1709201063537076 -0.7455135074712234 -0.18785851045073315 -0.4450285159531117 -0.05501659872707836 
-0.17491812782699623 -0.8517375771229198 -0.29479772580999286 0.070167402559816 -0.12713787867859078 0.07093293177449174 -0.3685867321149018 1.676077707213139 
0.11736556872148515 0.010482783036157944 -0.7345192978447839 2.729473037642235 -0.5607982255566296 -0.1124497679208421 -0.27082104686737307 -1.1787330512068412 
IIp_0Ip_3
-0.012143363748430648 0.22977804718320405 -0.047383044284248416 -0.012187974504027164 -0.05010451674494087 -0.037670785151459246 -0.030012222219433875 -0.0402761405297913 
-0.0067152784924520625 -0.04209749644637808 -0.015601093609842397 0.0731212308494272 -0.024742310630917762 0.0018898942841741781 -0.010850659910398875 0.024995713956383232 
0.0111858056598948 -0.04066323476779466 0.06271886368114306 -0.018134314623556698 0.017230908689035727 -0.012310861559941474 -0.008354331498833889 -0.011672835580104372 
0.0018069601382382484 -0.03971265552872164 0.009920723217865492 -0.039934824236813556 -0.021273158910623487 0.09572006351406266 -0.008431581145736179 0.0019044729513889623 
-0.030168562507053368 0.035412535729602956 -0.008396359991011286 -0.022218206101157816 -0.04176213583339387 0.048134930787765325 0.047626454771003565 -0.028628656855228068 
-0.026941871003420752 -0.05958206730983498 0.1093169405331447 -0.07502821086084331 0.00812940895045461 0.04479188071852764 0.04319823542596449 -0.04388431645379203 
II_2IIp_5
0.2165384163175022 -0.6004668715235013 -0.1492344737121521 -0.02653849672917612 -0.16043283630034486 0.08342744142545276 -0.1886062182134159 0.8253130387289389 
0.10469694819670296 -0.3813490386061916 -0.015994868081539132 0.048168428016782075 0.252898715215989 0.03730541712382568 0.5530964976134108 -0.5988220994772012 
0.4613098790280351 -0.7863715366750791 0.21273355719520934 -0.2479313494763067 0.8955354899932914 -0.5626975111251692 0.14178490016360715 -0.11436342910991522 
-0.5372874360246052 0.44004430117378024 0.03755489727329383 -0.4467703624598262 -0.49708318362333964 1.1156116333918142 0.31480679465039535 -0.42687664437781886 
0.18538857219029278 -0.6461562361741422 0.6297180409691885 -0.8636341675097532 0.4692754712819225 -0.02649792858512014 0.15402417512207472 0.0978820727034702 
-0.31100624327210147 2.212844716118432 -0.805793441826795 0.05790330777560768 -0.42339631669394845 -0.42705888799932945 0.001347036420261654 -0.30484017051225654 
II_0IIp_3
0.4602055946704442 -0.7846057779200449 0.2125260478340187 -0.24564545267757482 0.8964007739465067 -0.5606598695641791 0.12979544843606597 -0.10801676473229592 
-0.5490397169900377 0.43815400546872607 0.035545618228613546 -0.4472828864608566 -0.4816411797205109 1.1145243554065059 0.31344123676839575 -0.42370143269509153 
0.17677665222147454 -0.64810572036962 0.6283086736170077 -0.8649297802364943 0.46681409817964364 -0.027643151781054094 0.1687269082286436 0.10005232013471485 
-0.3144463375154751 2.21264639768879 -0.8058913673903007 0.05790239610779689 -0.42337715238781887 -0.4273581220735733 0.0013418724300564527 -0.3008176868527238 
0.20702419572867267 -0.6000047114636158 -0.14904550175128328 -0.02721892037328584 -0.15768514748568202 0.08443111047147264 -0.18876726408445535 0.8312662389544617 
0.10084045353175503 -0.3786235554626674 -0.014551473279012355 0.04811395123834547 0.24333888726516217 0.040489922200193464 0.552886993626074 -0.5924951791197819 
II_2Ip_5
-0.03794818518682429 0.13756263123280674 -0.05875012290785783 -0.06309698861172193 -0.03879065968474109 0.08786473611064442 -0.006431034167647853 -0.020410376783822376 
0.0011094706475039073 0.024890313281566177 -0.018276446164321225 0.08882307624439005 -0.02925029842655861 -0.030288775159594605 0.027418067397967823 -0.06442540782050406 
0.01784837146853973 -0.08207772976896716 0.053367648553819064 -0.03844602955291774 0.06779772420035227 -0.027820375365720455 -0.023862878684989066 0.033193269149463855 
-0.04798947428132849 0.01584776382791587 -0.01203611369004584 -0.06444700870711291 -0.030583233611933047 0.10275193728714717 0.06185061697968104 -0.025394487803990347 
0.0219411031391023 0.0755961416098473 -0.0019365221466427572 -0.03188675914273731 -0.007038263926300841 -0.051002485164720626 0.052115921614178225 -0.057789135982204094 
-0.018173369465322775 -0.059491564035762765 -0.006260654839640552 -0.059932452887933516 -0.012604855281795597 0.1591588750061592 -0.012852016298630782 0.010156037802670086 
IIp_2IIp_5
0.040656406893934904 -0.1198962574033942 -0.07229909504213206 0.015531918293887776 -0.061242333021970644 -0.039828005487421124 -0.03654324799151721 0.2736206137578555 
-0.0563578698942653 -0.12528288845220634 0.2780793901932831 -0.17656153787441853 0.010917285978955554 0.008484880435120114 0.12083792913000949 -0.06011718951595118 
-0.09746033741590499 0.390996111961486 -0.12165870622561517 -0.06674869768746843 0.07794254766522518 -0.07961011247436305 -0.048963758278782736 -0.054497047542904735 
0.04065803178596058 -0.1198614068025744 -0.0721606704631901 0.015363055763019396 -0.06105641959804713 -0.03986018924027868 -0.036595855441574156 0.27351345399590216 
-0.05619588569001364 -0.12513847386095348 0.27813177530547395 -0.17644208273597453 0.00984631975854963 0.008662502350448131 0.1209668207620364 -0.05983097588902798 
-0.09723979860606562 0.3912244851091461 -0.12149147346365184 -0.06675133272397983 0.07826005009265503 -0.07943282185670276 -0.05015203360057338 -0.05441707494906286 
Ip_2Ip_5
-0.04286238415439496 0.2767343680348256 -0.05305116614347842 -0.07282416468715562 -0.066225008911084 0.023283150104445597 -0.035217597401446775 -0.029837196840353207 
-0.025433093915791474 -0.05946395385073148 -0.020952293610613692 -0.006102428548503735 0.1046377595085463 -0.028348614513625785 0.07868957888355198 -0.04302695395243591 
-0.0253009275780889 -0.056891067355886976 -0.041718549095456005 -0.06520711036185442 0.06868231446601833 0.1390316297321511 -0.023999202258830964 0.005402912452254807 
-0.042860599112320354 0.2767726535262801 -0.05289909837670666 -0.07300967038394604 -0.06602077177771963 0.023247794306611287 -0.035275389865129965 -0.029954918315973317 
-0.025255144476581875 -0.05930530569336576 -0.020894745398559768 -0.005971199858679451 0.10346123838272542 -0.028153486103604197 0.07883117413194976 -0.04271253098358972 
-0.02505865236547341 -0.05664018564964261 -0.04153483379842322 -0.06521000510881031 0.06903111007335413 0.13922639419159646 -0.02530459452313063 0.005490767180316584 
Ip_1I_4
-0.055248227276601024 0.8555787210695958 -0.242722593815281 -0.1106411138974207 -0.032617794768395214 -0.15142905979237667 -0.15941160211174915 -0.10350832940334272 
-0.02232206184216942 -0.093985341343242 0.1715346589091194 -0.15544966888040976 -0.1451755685276388 0.13728879113336623 0.046671872442064194 0.06143731810758486 
-0.12468859834288393 0.7720694042226882 -0.19330559325008576 -0.11967055672960554 -0.18233224624744512 -0.023812961331159344 -0.13671571167707278 0.008456263358357304 
-0.12398661969077203 0.16055459098415856 -0.08736812823738077 0.03360193861659172 0.05761942706128823 0.19566506985858553 -0.10077519871719123 -0.1353110798740357 
0.15858020387333618 -0.07667780842845719 -0.09418573966938423 0.23834766552950504 -0.030530214937743345 -0.11595207897867389 -0.0869039463417397 0.007321918952345884 
-0.1514231296624678 -0.15254067401535842 -0.028087926062747622 0.4623047850604057 -0.05468621864905913 -0.032950447085794365 -0.04414877425057145 0.001532384665802648 
Ip_0II_3
-0.018228596170817603 -0.059466760955936566 -0.006370075475421628 -0.05993958725688322 -0.01266942475039263 0.15922313077791284 -0.012907318268648266 0.010358632100308036 
-0.0382460742118933 0.13742051706353806 -0.05895576228001273 -0.06315123679832069 -0.037939917919475076 0.08775400542574566 -0.00653085335968932 -0.02035067791941958 
0.0005242309413780252 0.024647325917771055 -0.018505397870048804 0.08865055025903944 -0.028696097566773302 -0.03047446059597474 0.028297770107529898 -0.06444392119232244 
0.01764597624175988 -0.08217643357290447 0.053266127013087805 -0.038598469307888586 0.06768117569171746 -0.027903598086246758 -0.02316342435923348 0.03324864637924653 
-0.04814517895537085 0.015854915915715403 -0.012102864267312082 -0.06451097836724835 -0.030540056853322638 0.10277423360226239 0.061827620222677626 -0.025157691296808317 
0.021657088367694498 0.07564936576364117 -0.0019845192333424497 -0.03198109964650329 -0.0069290588291004256 -0.0509140795977725 0.0520474647537147 -0.05754516157784918 
IIp_0II_3
-0.3138777257425803 2.212102701832182 -0.8080578939005642 0.06036417413882717 -0.42631139458323164 -0.42693551811753827 0.0020934658065389997 -0.2993778094231731 
0.2044694962899002 -0.6023167447140949 -0.1500371119997911 -0.029120191638415095 -0.14075759934377263 0.08164553704371208 -0.190759505807201 0.8268761201636962 
0.09750548831148483 -0.3821238735467442 -0.01717020348354374 0.04791868752283867 0.2384814274930579 0.03778486012650673 0.5715119794889238 -0.5939083659120518 
0.46082217159514716 -0.7841207196633131 0.21444567340187257 -0.24816832395277363 0.8989545059917529 -0.561187297095365 0.12899412366031873 -0.10974013394082344 
-0.5468128082933349 0.4401049433369934 0.036100362945988014 -0.44565796414155584 -0.49632745970367986 1.1169819993609214 0.31525374427503616 -0.41964281777573925 
0.17995176724167333 -0.6448646965687342 0.6306264836070817 -0.8652028275359372 0.47132898552673214 -0.025114776040729887 0.15227522120282722 0.10099984256814161 
Ip_2IIp_5
-0.006724885803913939 -0.04216045773161613 -0.015671896319196483 0.07308863231023112 -0.02438784516816412 0.0018281604301994049 -0.01088706367674435 0.024915355958929474 
0.011099159582018868 -0.04075593087298432 0.06263856608326004 -0.01819725390049591 0.017340647449584017 -0.012388514064507772 -0.007971055220189814 -0.011765619056817654 
0.001878705580829669 -0.03974355019989595 0.009895917025753986 -0.03999088472980592 -0.021316006101158132 0.09568157848003081 -0.008241329503683798 0.0018355694479403972 
-0.030119117515879573 0.035408359812931875 -0.0084227241107439 -0.022238508104509693 -0.041761958513259416 0.048131708321106734 0.047627134108325385 -0.02862489399757928 
-0.02691875755904233 -0.05956539099318111 0.10930692700274242 -0.07507015400065788 0.008157501701791778 0.04481117476816768 0.04317419536375171 -0.04389549628349908 
-0.012031679945902924 0.22977647918272365 -0.04742732696361904 -0.012183270672934973 -0.05015645063469565 -0.037665016591559304 -0.030021254842638116 -0.04029147953048273 
Ip_1II_4
0.02191210712123278 0.07556820352066716 -0.002139595312352618 -0.03180387058755845 -0.007203719057056074 -0.050964670059601966 0.052130696635074816 -0.05749915225994096 
-0.018653339072941335 -0.059618169272340676 -0.0064057240853872925 -0.06014230243659643 -0.011301463564192515 0.15904226329211815 -0.013041100531441353 0.010119835670508927 
-0.038275184235089195 0.13735948158882302 -0.05901781722527083 -0.06316641094372545 -0.03914260047107785 0.08775164280831899 -0.005181353531152074 -0.020327757989889308 
0.0009731771684686198 0.024804463619253894 -0.01835837783790625 0.0886346509914818 -0.02848410792963507 -0.03040700060334983 0.027286551950025065 -0.06444935735782546 
0.017402877968644065 -0.08219499272389395 0.0531691103494364 -0.038519106382982 0.06767689537936968 -0.027855700998319598 -0.02310572340222791 0.03342663980950959 
-0.04806614553705082 0.015926180825248895 -0.01202155571839055 -0.06463317682830337 -0.030451106196327155 0.1028175186455015 0.06172197285952489 -0.025293688049807715 
Ip_1IIp_4
0.011458687700448023 -0.04076371413172885 0.06251221721997799 -0.018092131033729336 0.016928702943059433 -0.01236825230441342 -0.00793436552720822 -0.01174114486649534 
0.0017192494844088682 -0.03989693033759329 0.009771589743974567 -0.04011800781575227 -0.02001668666534014 0.0955096659448445 -0.008571487196810898 0.001602606842066036 
-0.030345261994897243 0.035201180084162155 -0.008606925909326145 -0.022349665433758693 -0.04204453897609624 0.04798578602166998 0.048939174534402524 -0.028779748325671917 
-0.02658708893392823 -0.0595587936534983 0.10933348026400751 -0.07518524998821212 0.008160652275830212 0.044761007518683324 0.0431254309360761 -0.04404943841871009 
-0.012041472880230457 0.22975069346470614 -0.04752087903434835 -0.01216965338669715 -0.05017293369010026 -0.03766095763726699 -0.029981711057080734 -0.04020308577831499 
-0.006691789935477554 -0.04209309277883784 -0.015634306872941622 0.07294334975921078 -0.02426347103726626 0.0018844864685285318 -0.010979883227027686 0.024834707623616042 
II_1I_4
0.1515677619371709 0.2995510475792925 0.13968498324122727 -0.2040877951990151 0.4226603136098815 -0.16842891740467128 0.02653485931067061 -0.6674822530720508 
0.8381456864563732 -0.8463402389225005 0.3121426013368261 -0.5887357229973472 0.8031659857389788 -0.6499400418644428 0.31879612477262553 -0.18723439453166052 
-0.8037485782297619 1.3639463605498063 -0.6043124254375543 -0.7933713167788334 -0.44417829724028224 1.5697842064955136 0.39848723296187505 -0.6866071823106944 
0.2722264559465995 0.2509716110191337 -0.014000645218638027 1.2703991236138419 -0.5149779583003601 0.06857433087350194 -0.279096206406081 -1.054096711524141 
0.3822138877263407 -0.7052791904911274 -0.3175783642613457 0.009526050403948275 0.1785827347571813 -0.7327432151383877 0.2356162433358507 0.9496618536593847 
-0.3775732972561287 -0.9131107441987331 0.18994230423981406 -0.4833075592291567 0.6641677874481999 0.3112324758464857 0.20620970124647944 0.402439331896333 
