II_0I_3
0.8356466930506716 -0.8563978145518363 0.3050030389607273 -0.6004195528890937 0.8622820236340613 -0.6589748503624071 0.3122220246060086 -0.19936156245371225 
-0.8159180611342615 1.377182813462297 -0.6165466755693229 -0.8033254368799936 -0.4608799845201746 1.5601929060356634 0.45831059782335587 -0.6990161592073674 
0.2849115602659874 0.24833428750222833 0.012801855812971228 1.261829781885407 -0.5188543677957798 0.06167150194534402 -0.2852250541845115 -1.0654695654268094 
0.3881248956675517 -0.7072489978019687 -0.3237875238453617 0.01038183292564889 0.17707710046781963 -0.7346773885771203 0.23812056067454787 0.9520095204834197 
-0.3728734815276365 -0.9110625808801445 0.19129833503290228 -0.4894677192884083 0.6683765343600636 0.3136021328274445 0.20174178476142382 0.3983849947128524 
0.16718843770424593 0.29700846831958944 0.13250708598676916 -0.19828610959067314 0.41252956935700913 -0.1689119158389871 0.026464500043165796 -0.6685000359782577 
IIp_1I_4
0.5534236536650142 0.3844155018162934 0.5460225717670013 -0.6762379385604879 1.1558151198683133 -0.7432747584473782 -0.37130099006793943 -0.8488631600417338 
-0.26178702204075793 2.609448624989246 -1.0815879509669066 0.17054118432421989 -0.7476483163773467 -0.18843356312726278 -0.44579865411318276 -0.054734302680649875 
-0.17747335193084593 -0.8532845859268637 -0.2759384007632943 0.06831548737388068 -0.12967645504815478 0.06772987766425392 -0.371688850145149 1.6720162787674513 
0.11918106575737944 0.008602102716100277 -0.7359991590744046 2.7326601788738256 -0.5633001192486609 -0.11505361585872306 -0.26836319251961266 -1.1777272606420066 
0.9317038502119389 -0.6971998179319179 -0.4140418473746325 -0.03073098259398244 -0.13625989860248933 -0.5872768848250729 -0.09295444071049719 1.0267600218165989 
-0.10801482344855574 -0.6338002552672329 0.11788480747848643 0.5907555662817261 0.16334681858436387 0.03311939141678323 -0.12121750297374068 -0.04207400207650158 
IIp_2Ip_5
-0.030352961460682934 0.03546059027034365 -0.00842951212770181 -0.021994581533555026 -0.04174417164848993 0.048108965365697205 0.04766842529971662 -0.02871675416479568 
-0.02659703752448232 -0.06070223386064653 0.10949760243796638 -0.07488604874949725 0.008301214002564837 0.04490558819583748 0.0432929378610921 -0.043812022362741516 
-0.011758085706555262 0.22989945788359056 -0.04871429109278583 -0.01201679321301129 -0.04999022898095007 -0.03746286513058342 -0.029804929397097012 -0.04015226436173343 
-0.0069262974032219225 -0.042102135171984974 -0.015555015924249958 0.0730141127115799 -0.024301989869201627 0.001938870120976617 -0.010947024639438653 0.024879480175495152 
0.011228370387102346 -0.04068966136017536 0.06263112322244144 -0.018184678360296164 0.017133260198023345 -0.012361592877809769 -0.007936835769178165 -0.011819985440438266 
0.002044258586817629 -0.039678990637219524 0.009927504505022234 -0.04006648576888353 -0.02129512633263415 0.09568957440085608 -0.008396262844641848 0.0017755280903094803 
IIp_1II_4
0.18256627093421987 -0.6464023525824724 0.6305225398317962 -0.8661547474266205 0.46969431670615375 -0.025673204160775103 0.1531526551826192 0.10229452151324331 
-0.3205963808076246 2.226145399930427 -0.808116018484609 0.057035131488695844 -0.4253199451571323 -0.4281319084828209 0.00047075525059947737 -0.30148703372976254 
0.20513573178944952 -0.6014779859663837 -0.13259058222485012 -0.028914728229700228 -0.16001159713294613 0.0815803868043243 -0.1914086538495454 0.8276874288035999 
0.10322244312201229 -0.38004728476043514 -0.015804723565995653 0.05036153264931886 0.24146101331324613 0.038363027414374584 0.5546981521988116 -0.5922541603707605 
0.4567354375389426 -0.7846964934894719 0.2146829630872939 -0.24651437223536357 0.8988514778984202 -0.5606776464342019 0.12949690344613965 -0.10787826981520698 
-0.5469311562241707 0.4398608046574509 0.03732111241466171 -0.4444524719118068 -0.49621443944370064 1.1168196246315087 0.3143948977125339 -0.42079837183248575 
IIp_2I_5
-0.08756586605398035 -0.6350156868652037 0.11827597449933475 0.58527356273737 0.16080224165967147 0.0316176770819312 -0.1204234772557874 -0.052964425802594764 
0.5610035370374115 0.4037837126801685 0.5432204643064527 -0.6766901742300248 1.1516943565904894 -0.7471249210023452 -0.3722145681085167 -0.8636724072849369 
-0.24686091463419862 2.5912028141221253 -1.0570776968095623 0.1701515276839746 -0.7507264699752974 -0.19253656756947835 -0.4468831873605769 -0.06726950544889897 
-0.15558440210182106 -0.8531518772433073 -0.29444693989345117 0.0709607664078608 -0.13007388345647478 0.06688722770988217 -0.36728966868847485 1.6626987772604422 
0.13097686885249651 0.007925312267385161 -0.7339487226069322 2.731658950158212 -0.5643392916606126 -0.11533394534661505 -0.26865870558255817 -1.1882804660811195 
0.9461872804063189 -0.6979972815519598 -0.4142461942825294 -0.029593621449513444 -0.13793246681975677 -0.5888572864244171 -0.09288217229694405 1.0153217424085428 
II_1II_4
1.3865335187115941 -0.5885588653582071 1.3254253029662766 -0.6962657534537711 0.220551687898604 -0.9503198622438569 1.1113549254744435 -1.8087209539960607 
0.4104357779805223 -2.0487851595679896 1.2751181452865126 0.017512046053927584 1.9190048047069594 -1.532813737951879 -0.06116110068910024 0.02068922417035644 
-0.8723022298430289 0.14326314031960566 -1.3580085145208007 -1.2131379637253763 -0.7321000574610177 3.03462125244235 1.7423045393937115 -0.7446401665959818 
1.3865183117311919 -0.5885587175725792 1.3253788163134799 -0.6961297371913748 0.2205356433017105 -0.9503858162939254 1.111398267014939 -1.8087567673019456 
0.4105409681927023 -2.0493419616145245 1.2752164585530588 0.017603609336096334 1.9190778216209765 -1.5327663508616924 -0.06110989180857209 0.020779346568657386 
-0.8722319210331507 0.1433106472774858 -1.3586179626533763 -1.213023631598302 -0.7320036639553424 3.0347285528900745 1.7423768945784772 -0.744538915504026 
I_1IIp_4
0.1182394266664015 0.008856518782089026 -0.734716397619724 2.7298142545193986 -0.5626954044265526 -0.11325439251485225 -0.26946537976604845 -1.1767786256397916 
0.929559787362382 -0.6864074758684648 -0.4160607335893093 -0.03250701642777685 -0.13762632673704442 -0.5881283424263446 -0.09389291634194936 1.0250630240158995 
-0.10932747019067303 -0.6345363269267927 0.1294927626255862 0.5881733683930326 0.1614814002196145 0.031073514812386103 -0.12240667840849964 -0.04395057052761045 
0.5517626197007205 0.3846769091454566 0.5451061945119967 -0.6726493573701214 1.155660814790587 -0.7445956157194845 -0.3703528240964779 -0.8496087409640506 
-0.2589548637003274 2.593900397193334 -1.0789559428613724 0.1730967240820978 -0.7455605418086598 -0.18704328513027002 -0.44431459715377103 -0.0521678906156411 
-0.17545990790808919 -0.8517732513912114 -0.29316153773585957 0.07114198621349603 -0.12698179696781264 0.07076005094820546 -0.36945512719585805 1.6749295840326446 
Ip_0Ip_3
-0.024676738947219952 -0.05678936897627917 -0.0415373181893597 -0.06544497273519914 0.06889589655308057 0.13920242606036098 -0.02526600306825923 0.005616079302724587 
-0.043502661833892876 0.2785515289632779 -0.05318481276476621 -0.07319262557600395 -0.06627049208710728 0.023120957666415563 -0.0354182872320601 -0.03010360713492593 
-0.025533982787260132 -0.05950712292880503 -0.018786564757791797 -0.006197683269912301 0.10315802450094759 -0.028516941083628043 0.07849761745802686 -0.0431133471313311 
-0.02472725419675538 -0.05678887805625076 -0.041691739696514046 -0.06499314764612094 0.06884259887045613 0.1389833368555851 -0.025122029142282596 0.005497113011332597 
-0.04315323613718625 0.27670191826017554 -0.05285823122304803 -0.07288846644353443 -0.06602794113527043 0.023278370288044754 -0.03524817921111387 -0.029804234396895446 
-0.025300427738538946 -0.059349312123127614 -0.020811057654244455 -0.005817889536875399 0.10347822889453202 -0.02816050550718503 0.07873797024914761 -0.042777006583721286 
II_1IIp_4
0.10131726561304796 -0.37961935364409166 -0.014682362176159522 0.04859218737551473 0.24211877520865685 0.03992080839679707 0.5538082830359512 -0.5914556038085161 
0.4554620288198088 -0.7788854291404294 0.21346777551405696 -0.247472121973104 0.8981709625422369 -0.5610603041561473 0.1290527569283581 -0.10873566854287721 
-0.5475812534818377 0.4396733858309456 0.04333972951460128 -0.4462568720010195 -0.4972155247593114 1.1157563699889959 0.31399576264246937 -0.4217115977274966 
0.18012685631125314 -0.64596922961369 0.6300117765488676 -0.8631456993625448 0.4697884151452574 -0.026432457848437747 0.15378541959076103 0.10183491922660576 
-0.3181743475039572 2.212395426890995 -0.8058773583170706 0.05929409549108659 -0.42343530005559904 -0.42684980822504576 0.0018256301985194868 -0.2991783384722711 
0.2069556564844032 -0.5999964357146172 -0.14798251447668415 -0.026702521256913695 -0.15762627789081274 0.0842867089845854 -0.18926587568033992 0.830331259545536 
Ip_2I_5
-0.14528307236742427 -0.1534628477039535 -0.02791130110073538 0.45761909884052643 -0.055059572456719885 -0.03250550634670977 -0.04494962436295827 0.00155282549792948 
-0.05780220887055161 0.8766820247364688 -0.24643871585889165 -0.11387519945668952 -0.03626357619074843 -0.15355370465945575 -0.1615432075803954 -0.1072054121187338 
-0.025782814688340528 -0.0971516401572965 0.19517017900014869 -0.15868289307269237 -0.1450504651720101 0.13246022055529724 0.04261802572475016 0.0564193878108041 
-0.11993635597144688 0.7703390337223082 -0.1955644184884034 -0.1189650783328354 -0.18447218733448886 -0.02660959124715318 -0.13156601193676884 0.006774609591263765 
-0.12237273540559306 0.15975106678645745 -0.08670085796753715 0.03338883202903299 0.05752540979061481 0.19530067561032854 -0.10106813732425034 -0.1358242535180274 
0.15847876675922326 -0.07744962266731499 -0.09447759909617795 0.24006403662272552 -0.030408595407346656 -0.11590194002449658 -0.08763546782111577 0.007330421633857843 
IIp_0IIp_3
-0.09704691832319354 0.3910785159398902 -0.1214957113388884 -0.06705017199243084 0.0781578949707091 -0.07941609144591592 -0.05014113218186512 -0.05408638562701536 
0.03971746582088773 -0.11777612741328827 -0.07249511663301797 0.015128634975068056 -0.061312783936123445 -0.03998769098083795 -0.036785482790734556 0.2735111009567676 
-0.05679167683732203 -0.12536420711273824 0.28056001796492475 -0.1767012517885618 0.009526461282689124 0.008273951063368024 0.12057189149035476 -0.06007518606191903 
-0.09710573544153937 0.391079087539724 -0.12167551106587993 -0.06652409224329216 0.07809583814359877 -0.07967118660681631 -0.049973497031156486 -0.054224903292739865 
0.0401243174705525 -0.11992971019992933 -0.07211486343397736 0.015482780780528869 -0.061030371234881746 -0.039804408567995136 -0.03658741856818866 0.27385967375345593 
-0.05651973846035298 -0.12518046107685882 0.27820281217758797 -0.17625904130364753 0.00989928928862922 0.008688964623066186 0.12085174477665965 -0.059683570024802915 
Ip_0I_3
-0.017841398960482632 -0.09550083837828922 0.17118550181830322 -0.1595725473502657 -0.1419215152086311 0.13693325649064808 0.04583734766312494 0.06088019392569726 
-0.12826910906856392 0.7896457048976304 -0.19665609999869632 -0.12305194367079358 -0.18575566372976512 -0.026074780172582128 -0.13462701373853445 0.004788905482917949 
-0.12546113458254132 0.15833390291386223 -0.06665266211551481 0.03085880107236156 0.054465681215160544 0.19188606787854096 -0.10406153100664095 -0.13936912537359514 
0.16312198917413656 -0.0776735171865476 -0.09592638719740942 0.23926833298861083 -0.03163837210725094 -0.11791360994757114 -0.08580758963909779 0.00656915391344044 
-0.1506463206039691 -0.1530537246573077 -0.027504596226466834 0.46202257330337754 -0.05449896757859804 -0.032971518342773905 -0.04455718780157771 0.0012097419074669834 
-0.054341554307127296 0.8548466651461895 -0.24319127401833676 -0.1089007661266523 -0.03316168198137133 -0.1514504979350521 -0.16005395911473877 -0.10374693165996196 
II_2II_5
-0.8647278310183911 0.14412770217038218 -1.358533827029032 -1.2074138887183852 -0.7330512468660033 3.0325032777319993 1.7438676903221308 -0.7567718765846767 
1.407139639234738 -0.6190769378812213 1.3302708399588101 -0.6916276543224725 0.2228134962568848 -0.9492215177477668 1.1151637920493385 -1.815461657555436 
0.43034979623791786 -2.0464258091890706 1.2416348911895954 0.021150759810619403 1.9223000612253955 -1.5286497811612778 -0.05522049575805579 0.014860577637899136 
-0.8638830086277361 0.1441194919700902 -1.3559512653627055 -1.214970259443188 -0.7321598907691824 3.0361673488338283 1.7414598551084781 -0.7547822717081519 
1.4012958068144434 -0.5881438522588505 1.3248090556100423 -0.6967144439202071 0.2187570484079666 -0.9518541031301101 1.1123188874619865 -1.820468398984787 
0.42644379682342165 -2.049065053847315 1.2754927251628803 0.014799049125398409 1.916944928974918 -1.534610847557592 -0.05924018133760539 0.009235582635644132 
I_1I_4
-0.31361429496256876 0.4707383303212608 -0.5045046853095662 2.5128561655463955 -0.4943899140618246 -0.23809657239923943 -0.7935218112049134 -0.6394672179250849 
0.08550444184767644 -0.5441459205894532 -0.15158875810810232 -0.119322348379992 -0.12211203714867389 -0.3498146037241435 0.07885265407862146 1.122626572021831 
-0.41677455508904476 -0.7254745685041143 -0.08957685179342578 -0.24762592825581006 0.1534202398116948 -0.0786519339033198 -0.1712811180954294 1.5759647158261612 
-0.3135668285501006 0.47073786903066805 -0.5043595838795307 2.5124316102644166 -0.4943398331494248 -0.23789070627670064 -0.7936570956151884 -0.6393554318188152 
0.08517610566421788 -0.5424079427467325 -0.1518956288906822 -0.11960815005305726 -0.12233994898972997 -0.3499625157407829 0.07869281289078715 1.1223452678613857 
-0.41699401397229163 -0.7256228546719784 -0.08767454673438015 -0.2479827996187218 0.1531193612863407 -0.07898685688620583 -0.171506964444782 1.575648675040926 
I_2Ip_5
-0.1253347488110672 0.7715539724703077 -0.1938651761190202 -0.1195283670015688 -0.1831846394560909 -0.024388748155633223 -0.13265664902192822 0.007404356098407321 
-0.12188473345730932 0.1578150414231637 -0.08690178993028425 0.033681341859332074 0.057932600008530684 0.19571312612639166 -0.10060160747403478 -0.1357539785547396 
0.1595990664142975 -0.07642366530433534 -0.09754330355853866 0.23866882666195005 -0.03014348450945508 -0.11544482160583075 -0.08632626454798403 0.0076136464481626415 
-0.15120598282027614 -0.1522428115601351 -0.027815471584903773 0.4617472690817289 -0.0543254331735312 -0.032559543571477695 -0.04454532950593158 0.0009473031344471165 
-0.05368599694102343 0.8555408405139879 -0.24324863674112351 -0.11042449831216704 -0.03333789407972439 -0.1515067834953444 -0.15931038628316505 -0.10402664465914703 
-0.022237430767531013 -0.09448707766058029 0.17108345231978758 -0.1561345710430781 -0.14146055936638824 0.1366183350040612 0.04642289661526705 0.06019495489884075 
II_0II_3
0.41541205755913047 -2.050242675198445 1.2753117670042282 0.014041911070307143 1.9185416998789693 -1.53252918453108 -0.06154378314719958 0.021008207354081296 
-0.8751834921566984 0.16095121446154045 -1.3613254267872754 -1.2159608660415873 -0.7344918416703415 3.0329896626207056 1.7405838945294478 -0.747563144944903 
1.3839810256461165 -0.5906926003511961 1.3454401374375158 -0.6984715329298945 0.21750679564224365 -0.953843652901981 1.10831843306096 -1.812238605610732 
0.41491226077088883 -2.050237818046095 1.2737839239461266 0.018512258748285187 1.9180143737578075 -1.5346968483934598 -0.06011930823136437 0.019831157435366762 
-0.8717262818574859 0.14265120609165496 -1.3580942360643786 -1.2129515221517662 -0.732092047789765 3.034547099700096 1.7422669396156198 -0.7446011575383379 
1.3862918142577991 -0.5891312236450996 1.3254098484241328 -0.6947138619324504 0.2206748910015 -0.9503170870016437 1.110696478389204 -1.808910859491881 
I_2IIp_5
-0.16618032591633328 -0.8518629424835747 -0.2929957085090577 0.07012708449766837 -0.1281886456899891 0.06967358554603403 -0.3686321970149208 1.668059149564411 
0.12470851105562043 0.008776967466820095 -0.734595278326982 2.73169084590995 -0.5635098174629398 -0.11445069735889846 -0.2687649251285191 -1.1838556061463448 
0.9405662211701539 -0.6970427407843798 -0.4145218361145598 -0.031021102607791867 -0.13730773377771566 -0.5881663260762241 -0.09238379647957873 1.019877314654312 
-0.09870439236474732 -0.6337214789563956 0.11806850883590025 0.589293096906328 0.16211498981355446 0.03205071882967536 -0.120219529767874 -0.04888191329907393 
0.5584884865505347 0.38476803288397154 0.5460818385966905 -0.6733911956447688 1.155129157955456 -0.7445508473283132 -0.37049359610981053 -0.856031876903899 
-0.24997327493839794 2.5938524576157143 -1.0790991462864814 0.1728035478571866 -0.7466623061674711 -0.18801700426595253 -0.44380309561083414 -0.0591011781929365 
I_2I_5
-0.4091896388402522 -0.7264974265692665 -0.08752360517574398 -0.250242074691151 0.15220373316996913 -0.07938000376935875 -0.17163617471890188 1.5722651905942093 
-0.31038214117511226 0.4817651022738441 -0.5061559484553562 2.51054966259394 -0.49661913301647986 -0.23973639824237644 -0.794513918403747 -0.6449072255661465 
0.08834621532653915 -0.5440880097709779 -0.13888476858268403 -0.12119298083501968 -0.12489694453074002 -0.3527856904659029 0.07693436542411157 1.1165678134290256 
-0.40951123101949993 -0.7264943012547996 -0.08850668948121694 -0.24736564794168484 0.15186442735515768 -0.08077477812870992 -0.17071960221793775 1.5715078226853982 
-0.3081576134870987 0.46999003747257306 -0.5040768521301988 2.512486012490641 -0.4950749955556122 -0.23873427178607023 -0.793430969994268 -0.6430013470029983 
0.08983308271430318 -0.543083348378585 -0.15177317531791767 -0.11877512295216193 -0.12285844665716443 -0.3505165362032515 0.07846450886835542 1.1187090379244624 
I_0II_3
0.3864315514336817 -0.706812652489183 -0.3218399158681384 0.006236624830892143 0.1780266078567815 -0.7319496542367833 0.23646528275145012 0.9534421557142644 
-0.375981870740893 -0.8955622124510065 0.18836749092308072 -0.49201888109871283 0.6664274857381138 0.31239772134714794 0.2004088262275391 0.3959614400549443 
0.1653169879176374 0.29600223602349296 0.1491223932479347 -0.20209571724113257 0.4098511988190833 -0.17184093358934588 0.024815367948209203 -0.6711715331247596 
0.8328843106736484 -0.8559510800535014 0.3036826737432804 -0.59500293046058 0.8621036091341944 -0.6608836311145803 0.3136136210456489 -0.2004465729734898 
-0.8116316655686443 1.353540459402682 -0.6125661784798712 -0.7994397757998005 -0.45769600456543913 1.562319767753592 0.4605775811818665 -0.6951041839165509 
0.2879827616243503 0.25066775504869143 -0.013426535596792489 1.2660576281011207 -0.5147563546881456 0.0662856168292145 -0.28178767667614407 -1.0610231946370445 
IIp_2II_5
-0.5478930745891822 0.44069229718144937 0.037299983553076 -0.44393018023881553 -0.49619981032853755 1.1165588996046318 0.31517342052799774 -0.4217015357011632 
0.181435857817854 -0.6539783718532536 0.6317222700797358 -0.862097784098122 0.47111345964682444 -0.025184949569990643 0.15439334423672862 0.10259617373371573 
-0.3159564145013481 2.2135477380938573 -0.8153553705197967 0.060310666700316644 -0.42213573424977385 -0.42529924143795256 0.003345884603658461 -0.2984575286796112 
0.20618340450483083 -0.5994485062658013 -0.14729626138920832 -0.027590147758462663 -0.15731550441146477 0.08504222494305443 -0.18946688713214313 0.8298916775062051 
0.10086276780940606 -0.37908651106460034 -0.014938498473375809 0.0495776253651195 0.24216554747953212 0.03979074967193994 0.5540583566260976 -0.5924300374142208 
0.4576393597430013 -0.7839553480285291 0.21430778613596785 -0.2473058525321524 0.8987123957890197 -0.5606880364334774 0.1299684280525153 -0.10867873273267176 
I_0Ip_3
0.15733542202274697 -0.07649012653511203 -0.09449164429420526 0.23924019068559413 -0.030398786306234195 -0.11597327990352553 -0.08671424800618432 0.007492472335775403 
-0.15040670488153368 -0.1568809413884895 -0.027349554151934182 0.4626460218057478 -0.05377263423267145 -0.03233773682328881 -0.0439566108589078 0.0020581605326679114 
-0.05362790247306041 0.8560222230012413 -0.24832160248941426 -0.10979750429129524 -0.03248555441699255 -0.15055717398045898 -0.15857652490234725 -0.10265596044595819 
-0.024015841485825633 -0.09431367825514543 0.17143453742689738 -0.15613140409811574 -0.14109116936524493 0.13719133596560018 0.046036176073714956 0.06089004373795766 
-0.12534646942542313 0.7716164709485853 -0.19399344014807135 -0.1200930452121213 -0.18316693156236225 -0.024232324439430613 -0.13272028245874254 0.007936022300321505 
-0.12295415790544184 0.1607211923923394 -0.08732782005989126 0.032878264207429474 0.0576004603778602 0.19551624028764153 -0.10073857628948063 -0.13569560300937528 
IIp_1IIp_4
-0.05550677298687337 -0.12532189856148437 0.27822795261477584 -0.17727491027898612 0.009778523988781334 0.008762318913810617 0.12081858926543579 -0.05948380295526499 
-0.0984924653318979 0.3954034072780017 -0.12215832550396036 -0.06731863892083395 0.07764830427562078 -0.07983937349824957 -0.050530328702707884 -0.05471257959499245 
0.039326128558826945 -0.12035828715451288 -0.06739858006798818 0.014920266194575593 -0.06173098419349288 -0.040603765467522174 -0.037308067220446856 0.27315328934885624 
-0.05562613362365194 -0.12532073858432152 0.2778630756793278 -0.17620730928867095 0.009652588842545932 0.008244641039061392 0.12115877999348523 -0.05976490405716835 
-0.09766682012363131 0.3910330297452715 -0.12138665791463127 -0.06659995242284808 0.07822141905518269 -0.0794674289675879 -0.05012838667697814 -0.054005202693498046 
0.03987798724791083 -0.11998540176909521 -0.07218218034375024 0.015817666926248416 -0.06097438493420282 -0.03976155687039542 -0.03674014639428374 0.27394801613676567 
II_0Ip_3
0.017547829258277445 -0.08220741512736426 0.05326041110454658 -0.038620250205138186 0.0676627554386053 -0.027860817095560573 -0.023143490990711963 0.033360977616728134 
-0.04823742365948005 0.016401719581584318 -0.012117279134992004 -0.06459351339300504 -0.030613769959929673 0.10271210653228205 0.06175371681308963 -0.02530555677891045 
0.02152123178786299 0.07553806224779824 -0.0013874149640376585 -0.03195308175897774 -0.007089211321027069 -0.05106138720133559 0.05202178909481484 -0.0575899878847511 
-0.01834049641099637 -0.05946723993071699 -0.006301591583126164 -0.059972776308494916 -0.012541916891135672 0.1591720920690317 -0.012889974421417639 0.010341903476544219 
-0.03809230491730404 0.13753771209966276 -0.058826484451470484 -0.06303839349471672 -0.03887361926122999 0.08789385588447722 -0.006441411596829104 -0.020159354261930367 
0.0006505966632249133 0.02478232424831067 -0.01837054045518149 0.08879031620833565 -0.02848355284908466 -0.030360317281995647 0.027309268938309095 -0.06431809547145159 
I_1Ip_4
-0.12381558609829825 0.16072486531863697 -0.0873499862098542 0.033859012024872716 0.05772023642486002 0.19547905839218668 -0.10083610865615496 -0.13578149119532879 
0.15909714877382455 -0.07974728987061441 -0.09399894495719169 0.23882199093906098 -0.03011126719716451 -0.11561577145039 -0.08651591239200221 0.008070046153314985 
-0.15075369266272143 -0.15198314274356653 -0.03147634038018997 0.4622993410396463 -0.05388632174965615 -0.032181620373262144 -0.04389975483167262 0.001881531702916921 
-0.054997320352791534 0.855623936673672 -0.24293599839778207 -0.11054834287308644 -0.033089296599730304 -0.15112881289421498 -0.15952914633561638 -0.10339501921732283 
-0.02297508229736855 -0.09443296691562342 0.1709808979706962 -0.15591694801567854 -0.14135044877744024 0.1367250138171128 0.04631199313517184 0.06065754108354939 
-0.12520134966826504 0.7715452708141938 -0.19385691726950266 -0.12031067398819621 -0.18320711058542316 -0.02428054780286988 -0.1326386400535118 0.007949968556507925 
other
-1.3315874937157668 0.8510407141857085 2.205543290462297 -0.5204984290412946 -1.9512763669989759 0.6263553173513022 -1.8700426381972504 1.9904656059550465 
-1.2894058156572787 0.7512801540580031 2.2207092168823155 -0.52407521327093 -1.940806165621943 0.6369547951443455 -1.8626423242545893 2.007985352731478 
-1.2923678303070556 0.8577139691390752 2.098448197687233 -0.5271915477974985 -1.9377055033355524 0.6465208454530533 -1.8559909041997065 2.0105727733701597 
-1.3288986998424408 0.8510145838007183 2.213762741152502 -0.5445478902241091 -1.9484394715301998 0.6380168595081279 -1.8777059916248178 1.9967978687583479 
-1.3080048264934308 0.8497300672602328 2.2033261403354683 -0.5402648039449752 -1.9537165148720663 0.6285761352951467 -1.8716967268201963 1.99205052924509 
-1.304799351296563 0.8493141149974277 2.2062066300939436 -0.5474069693415604 -1.9547491410620752 0.6275487171519216 -1.8687842511389308 1.9926702506033627 
Ip_0IIp_3
0.0006334225989144959 -0.03947128489304356 0.009895479035368747 -0.03904400322771554 -0.02113155268305825 0.09564526902527416 -0.008331554199224427 0.0018042243431513547 
-0.02940171191863934 0.030818428409589763 -0.007719454242350617 -0.02146682846885586 -0.04111525707050911 0.04859202435145451 0.04810640908013844 -0.027813610140322038 
-0.02629328663679067 -0.05899988487474339 0.10410797187560956 -0.07446640584481505 0.008955096927403438 0.04572504859617346 0.043964464107920424 -0.0429930041504087 
-0.013187330880018548 0.2300055121431859 -0.047060607663120854 -0.012400097003312543 -0.04989301453270507 -0.037169391469778434 -0.03026408333571163 -0.04003098725794981 
-0.006907526967122385 -0.04197819782024852 -0.015784672722105313 0.07304557103097209 -0.024331946267914115 0.0018769659842720412 -0.01085576389521279 0.024935570657427266 
0.011152609796518635 -0.04057050828286864 0.06266563355558144 -0.018550146804528517 0.017116382067147842 -0.01236040653289346 -0.007776403859526578 -0.011677159939891863 
Ip_1Ip_4
-0.02592104470406093 -0.05916983876419196 -0.020824179293299376 -0.005505032053912769 0.1035368913169155 -0.02819136644342118 0.07886232176236745 -0.04278775182008915 
-0.024789692229757267 -0.05896835490849489 -0.041199430158237814 -0.06471229820680428 0.06927073572999988 0.1394031752299818 -0.024987934697825964 0.005983799240810634 
-0.04289412284998843 0.27704913987925434 -0.05549214908745883 -0.07260183645653888 -0.06562463422621115 0.023750106093670693 -0.03484177641832041 -0.029344726932887057 
-0.02585660410269003 -0.05917046501433249 -0.020627188980914063 -0.006081410092726734 0.10360488137440527 -0.02791188172859964 0.07867865907717707 -0.042635990531546895 
-0.02523544281467605 -0.05660886886971038 -0.041616039224527765 -0.0651003037612913 0.06896132165523738 0.13920236925374893 -0.025204935767109492 0.0056018995283995815 
-0.04319206115448383 0.2768478259528912 -0.05290957172862537 -0.07308632652210582 -0.06603310817970745 0.02329541324125847 -0.03514838637369906 -0.029773785234256202 
IIp_1Ip_4
-0.026122538949190748 -0.05971309464078601 0.10933936174032634 -0.07564922752699577 0.008070019886979208 0.04484697263569485 0.04309881864211336 -0.043870311787995005 
-0.012526688959411217 0.2326402893095217 -0.04787106172189559 -0.012634318573396109 -0.050575824467239995 -0.03795706812709687 -0.030302838643170307 -0.04077248881678963 
-0.007168543811192031 -0.04250718322695039 -0.012384252692917605 0.07269846698774768 -0.024853283002172415 0.0012563570343299925 -0.011387017598193381 0.024345456309367946 
0.011843649827692697 -0.04087630390601072 0.06243150095238938 -0.018025451088002527 0.016970372950968496 -0.012673529373514502 -0.007790474379503293 -0.01187976498432805 
0.001987948924736661 -0.03982172923262934 0.010009784515175476 -0.03995172028359642 -0.021285728723977673 0.09567605913698989 -0.008466845553963676 0.0018522312172371816 
-0.03018628233621342 0.035309824366516813 -0.008426610434048708 -0.0219849250394344 -0.041744978854671114 0.048140852823574394 0.04752460620500168 -0.02863248673038183 
II_1Ip_4
0.00036019275676270893 0.0248558341074424 -0.018376849076276312 0.0889600249880065 -0.028454466958617385 -0.03037451677917336 0.02735593223594996 -0.06432615127385233 
0.01757682084977763 -0.08323694990214259 0.053419529544427115 -0.038338637141420696 0.06782822310332141 -0.02776351653224057 -0.023021379513681325 0.03353590959142664 
-0.04800350848010526 0.015996618249730907 -0.01323637146088448 -0.06436683972364173 -0.030354649220953336 0.10297590802214261 0.06199177005067319 -0.025002927436113626 
0.021330951326029777 0.07565866753871357 -0.001909947240060981 -0.0319375909145048 -0.006932331200422303 -0.050838478046083255 0.05205514340170455 -0.057426414864759356 
-0.01850380003372234 -0.05939875674200186 -0.006290004520618554 -0.06000742352798812 -0.012504454429010116 0.15924171975468213 -0.012912092825276103 0.010374812323785437 
-0.03810198226128151 0.1375943090576164 -0.05884164379518841 -0.06312854583390273 -0.038877445180877254 0.08789876430866952 -0.006397141975383565 -0.02014631431895043 
I_2II_5
-0.8127677983758731 1.354363892614474 -0.613021476695553 -0.79838014477207 -0.45755848017052364 1.5622891341737484 0.46087199456206174 -0.6957971213225284 
0.28993295691170085 0.2452963550097027 -0.01250583314206226 1.265796581830006 -0.5141345563182963 0.06674800457179797 -0.2805895630513803 -1.0605439458112327 
0.3840706875744299 -0.7053771002413988 -0.32853492904628673 0.009931654452111475 0.17937423663052712 -0.7310833376094702 0.23787819166103846 0.9537405965731832 
-0.37408597907508523 -0.9099151099837287 0.19109668021545917 -0.48994178712162595 0.6687293057134047 0.3143751974874099 0.20162790715460394 0.3981137856066384 
0.16804034430627937 0.2979757349684645 0.13236532265404272 -0.20023574989675308 0.41230664678416057 -0.1689691534652555 0.02742897090351745 -0.6689121162523066 
0.8301739171148115 -0.85503576298155 0.30487680173732623 -0.5962571260602406 0.8628411014591597 -0.6593857649173752 0.3130591207401986 -0.200272287097863 
I_1II_4
0.29165020525720214 0.25048865579735624 -0.013334798181174473 1.2622461580137134 -0.5152407471278942 0.0664476803309101 -0.2815523514925374 -1.0607048025938364 
0.3802088993195383 -0.6931005786638408 -0.3239217465850703 0.00706125093624137 0.17664750343557897 -0.733419186659109 0.23549592868607092 0.9510279295264469 
-0.3752982423360099 -0.9117633392191055 0.2053213790452085 -0.49131994702451026 0.666238741004576 0.31125544873330685 0.19967169677145036 0.3958942630262949 
0.17053335410684656 0.2971214297001082 0.13148203171975145 -0.19950663938141294 0.411606397125511 -0.17034727613996137 0.02806925596777567 -0.6689585530971176 
0.8296163049712484 -0.8556890702054039 0.3052418963325398 -0.5956740713774679 0.8629250361948761 -0.6594113584135596 0.3126996915655665 -0.19970842907234 
-0.8121169583600804 1.3536612880603374 -0.6130090268933563 -0.7984752781851615 -0.45754692905590916 1.5624772024106532 0.46019212028873724 -0.6951824182580716 
II_2I_5
-0.3755623350623021 -0.9080867551216799 0.19049962966468328 -0.4795756460868474 0.6685443990158568 0.31175460893209317 0.2037454676584695 0.3886806309944609 
0.18802573829380131 0.2460888039031804 0.14058762048341844 -0.19206154460836924 0.4180919195100078 -0.16529397615868419 0.033167732353610695 -0.6686062937773442 
0.8483651035237882 -0.849504465032454 0.24699485708358282 -0.589324435311541 0.8703618141870253 -0.6504891145634889 0.3222055656924206 -0.19860932558996167 
-0.8126290288626545 1.3561765512744253 -0.6086812040313302 -0.8024602200955414 -0.4560392985557651 1.5666734909590398 0.45838627265522625 -0.7014265633363848 
0.2987461532140645 0.2525470792853723 -0.014725336184092361 1.2642458985722718 -0.5161043720361873 0.06539022367509013 -0.28028967016610035 -1.069809976357562 
0.3947944118022763 -0.704891491647651 -0.32168770504556177 0.004721189428667907 0.17665704522246847 -0.7335830120260987 0.23933983002205422 0.9446497322359799 
IIp_0I_3
-0.2568872603361659 2.5938936855377093 -1.079207239811218 0.1715399787036567 -0.7457757443477401 -0.18687947598776092 -0.44440644805452595 -0.052277495693651845 
-0.17631309678960483 -0.8441006177688699 -0.29427688201252233 0.06909303584991654 -0.1281188776421507 0.06999253335576275 -0.36980631443528583 1.6735302194401884 
0.11473074663644453 0.008474262770906512 -0.7264368997040588 2.730904388055653 -0.5636985743812973 -0.11489109653383178 -0.2704670814977635 -1.1786157453390225 
0.9334221442051687 -0.6970142919449851 -0.41507644269638044 -0.030458223047680512 -0.13667085805642107 -0.5879651463142328 -0.09241634462162299 1.0261791624683383 
-0.10740183983882197 -0.6335817684333072 0.11811876669122391 0.58955493632123 0.16317936549887746 0.032997849289667404 -0.12067908950066537 -0.04218822002823037 
0.5495060301244912 0.38494221283641955 0.5459274608344973 -0.6725839090083772 1.1562827858051778 -0.7435075306818508 -0.37118924903418804 -0.849377800874004 
I_0I_3
0.08423548166879588 -0.5422856917456689 -0.15186843383501755 -0.11887613626684246 -0.12223909324401477 -0.35002687407117145 0.07876924184176164 1.1222915056484921 
-0.41640234973831713 -0.729250985621386 -0.08712694055313241 -0.2472594304802723 0.15363283210182024 -0.07863382257501102 -0.1712031997726865 1.5762438966392271 
-0.3126612998609084 0.47108880835133177 -0.5085506285410277 2.512987122529004 -0.4938209555802514 -0.2373621418699974 -0.79294528972804 -0.6387356152925592 
0.08433676165149692 -0.5422866760100699 -0.15155882816749477 -0.11978201790706343 -0.12213223465332604 -0.34958761362922597 0.07848058293524392 1.1225300257791704 
-0.4171029268664737 -0.725542629404859 -0.0877817165491815 -0.24786925091859682 0.15314653229367564 -0.07894942524372003 -0.17154425593974443 1.5756436726287044 
-0.313129563434224 0.47077240734784426 -0.5044916442342066 2.5122256593471577 -0.49446294578487476 -0.23807677337798192 -0.7934271823586746 -0.6394099574980606 
Ip_2II_5
-0.047692345368811166 0.015781023925924894 -0.012024731063497777 -0.06483732611825951 -0.03058856203797859 0.10278646211761698 0.06176794502174441 -0.025192466476347805 
0.02131883457011524 0.07724607801827477 -0.0022473279166847085 -0.032152509885156354 -0.007227899640198409 -0.05111669365811139 0.051945335767164716 -0.05776581725522072 
-0.018697664075252116 -0.05964090324596263 -0.004392889998574685 -0.06021613030323206 -0.012794876401548194 0.15890308668571318 -0.013204161971692243 0.010043539310553188 
-0.03769873233086782 0.13747286409242224 -0.05897439695587974 -0.06295689942188533 -0.038970390797979836 0.08771891674889605 -0.0063455010682916275 -0.020245860265880763 
0.0007002820809848976 0.024737382965369654 -0.018321396774655583 0.08875731727256087 -0.02849472906182357 -0.030377499096722244 0.027317503936505994 -0.06431886132179082 
0.017390859724136277 -0.0822354099225578 0.053255910320972155 -0.03837771480208631 0.06768905998631664 -0.027866932110475397 -0.023192811486741204 0.033337038289637515 
I_0IIp_3
0.9402887672072687 -0.6982575179854406 -0.41428902646393706 -0.03709724642716327 -0.13718668221486674 -0.5867631858492961 -0.09359254374898597 1.02689743546879 
-0.11270484660664332 -0.6023170166980767 0.11314102182142365 0.5844166353746365 0.1588326986132209 0.03000433170801099 -0.12380885471862461 -0.0475639694939614 
0.545419368107768 0.38138612511305364 0.5811346085123453 -0.6772566092184814 1.1508426929327435 -0.7497073281047834 -0.3762675735878321 -0.8555512837620395 
-0.25110767299939174 2.5926610235873 -1.0817428139123328 0.17462376163469778 -0.7474384792396456 -0.19039208749634107 -0.44248447793394147 -0.054119253634181776 
-0.17409682574324797 -0.8526375659587342 -0.2922269315402533 0.07049992330324976 -0.12724610014217463 0.07038637178281733 -0.3692755318462937 1.6745966601408253 
0.11566994652236551 0.008314099565219982 -0.734794734985003 2.7344044542404218 -0.5622482015092662 -0.11342077081432424 -0.2703732637976014 -1.1775515292191965 
IIp_0Ip_3
-0.011853911842877499 0.22973132673517221 -0.047425200310713206 -0.012299096334117167 -0.050191749540211696 -0.03766511422847803 -0.030023769254634798 -0.04027248522328358 
-0.006886271798196335 -0.04147897336936712 -0.01575217121077614 0.07296473520856697 -0.024449874706427135 0.0017626845955666583 -0.010959107223088535 0.024798978503764967 
0.01103981081674863 -0.04080995300929726 0.0634303381170348 -0.018263025515086975 0.017026335514884965 -0.012493152208859375 -0.008068155356175291 -0.01186219835926846 
0.002077832040324791 -0.039746548934156675 0.009870176120685855 -0.03993573742241382 -0.02131318381805273 0.09563092168604308 -0.008407574777976663 0.0018241151051391032 
-0.03014820311830629 0.03538155518403187 -0.008404506691893064 -0.02221595248994141 -0.0417661102887961 0.04813188125379898 0.04762931013964083 -0.02860797398805653 
-0.026919244901279168 -0.05958606618689761 0.10932082402387447 -0.07501375455049136 0.008161508069103809 0.04480915467982194 0.04314461755596811 -0.04391703868982001 
II_2IIp_5
0.20928598053463027 -0.5993310042157917 -0.14796261375602662 -0.02419503216491419 -0.15800245510307795 0.0833209653232876 -0.1883805489370724 0.8252647083117618 
0.10896355645145286 -0.39496515780316044 -0.012250749017671286 0.052023667160214594 0.24362692408248568 0.04059988980721147 0.5558182638286207 -0.593816394507458 
0.46498381949032014 -0.7826128505315658 0.19700509427414867 -0.24474339900991823 0.900763993088183 -0.558245210262016 0.1325496324036662 -0.10970107945902619 
-0.5441231066379887 0.4408033133463967 0.03867380058849455 -0.4465044385969838 -0.49618260844955214 1.1177321790955925 0.31435761954470687 -0.42475675888665265 
0.18492014175088572 -0.6454205315139053 0.6300953247679596 -0.8636701991038206 0.4693703277611092 -0.026455496520481785 0.15390583664688084 0.09725459620918951 
-0.3116976121417559 2.212805287819021 -0.8059110856158969 0.05785540236746212 -0.4243145788016018 -0.4275655323491052 0.0027516218876554445 -0.3039235031552977 
II_0IIp_3
0.4592903455584291 -0.7847301372001474 0.2143476065732341 -0.2487454544368407 0.8985926369360513 -0.5603989429640454 0.12933356487070444 -0.10768961934451027 
-0.5486380833669998 0.4509303062260859 0.03570037668755321 -0.44730387742039257 -0.49779238204662857 1.115765505418493 0.31381967369185904 -0.4224815191829524 
0.17736302070764684 -0.6469954134881497 0.6424872604057749 -0.8648124970874337 0.468265653652388 -0.027968229104001114 0.15165336824642436 0.10000683666356187 
-0.3156847218843815 2.2120471856774877 -0.8068872145665799 0.0598083614270974 -0.4240514589156165 -0.42796083286138303 0.0024586801530771013 -0.29972999902316966 
0.20728625554307717 -0.6002241578840738 -0.1476638481521509 -0.02706604137308703 -0.1577095896547858 0.0841747118159536 -0.18914270748334625 0.8303453771850572 
0.09979440346299527 -0.3797041884671155 -0.014723019186142276 0.0505293376446043 0.2423447899632744 0.039857180702808824 0.553535344999131 -0.591633849119506 
II_2Ip_5
-0.03841679204626102 0.1376655799662934 -0.05885133300813067 -0.06257065880396784 -0.038841755376714276 0.08782756494475646 -0.006362313945619036 -0.02045029172965351 
0.0014002564179532353 0.022410232998741775 -0.017999443802517247 0.08912821048737993 -0.028195381702611377 -0.03016703500544645 0.0275900718111092 -0.0641669112040682 
0.01807220927810136 -0.08190508129083154 0.05056682991802564 -0.038208574966483826 0.06804814628349116 -0.027434770935831344 -0.02270326174644241 0.03356450345974175 
-0.04838966956376923 0.015973538286687804 -0.011838280111782567 -0.0646365508495204 -0.030438048961994695 0.10298504214066428 0.06169203366778203 -0.02534806460776049 
0.021875376502868443 0.07567815701682068 -0.0020594302705893327 -0.03190646803657353 -0.007028114695797849 -0.050970844364709486 0.05214807763114026 -0.057736753782568054 
-0.018112184294252286 -0.05937535285904169 -0.00625095572159037 -0.06020288835611545 -0.012567227736196339 0.15918893803763473 -0.012813272344465798 0.01013294327366775 
IIp_2IIp_5
0.039796272231825344 -0.11975573716765771 -0.07218428465546013 0.015883512180548107 -0.060994983863156244 -0.0398465849792106 -0.03650584681655877 0.27360765306894685 
-0.05584888501666768 -0.1272121694178896 0.2785303330489118 -0.17609329970119206 0.010142626665455257 0.008857698621173967 0.12115997081670675 -0.059536275015929334 
-0.09702727228350877 0.3914280946224187 -0.12387471080389562 -0.06636442570276123 0.07854547103478027 -0.0790628324423287 -0.04971397864616645 -0.05393034577716678 
0.039855475562683554 -0.11975631252075276 -0.07200330430452591 0.015353978019533827 -0.06093251955054476 -0.039589814779888266 -0.03667458271451791 0.27374708028707956 
-0.05625840818745943 -0.12504444550131236 0.27814758298288206 -0.17644977094394523 0.009858359549975835 0.00867321271603337 0.12096060603965862 -0.05988713665570925 
-0.09730099629691129 0.39124314204990146 -0.12150202683135299 -0.06680953988653403 0.07817019491806095 -0.07948057111696796 -0.04999566954079174 -0.05432453329342815 
Ip_2Ip_5
-0.04385332416894807 0.27689741703257637 -0.05292608781033728 -0.07240439937465894 -0.06594820620623343 0.023260557209248828 -0.03517238529150574 -0.02985357138863958 
-0.024846112603363422 -0.0617493888334842 -0.0204313976760404 -0.005560785440377834 0.10381015761454233 -0.027922673555884566 0.07906044386224811 -0.042360243367413314 
-0.024802535227164618 -0.05639614429638441 -0.04434153701653382 -0.06476316593601746 0.06937349972172524 0.1396659778721021 -0.024794635220019522 0.006058540102470915 
-0.04378357761266657 0.27689673921772673 -0.05271287757285893 -0.0730282356289082 -0.06587461793624974 0.02356305433057636 -0.035371170522542 -0.029689314273788226 
-0.0253285657096136 -0.05919562579422608 -0.020882309789057366 -0.005980738865767196 0.10347526678872945 -0.028140013634105534 0.07882557520815443 -0.04277358820366013 
-0.02512500538275972 -0.056614034148679986 -0.04154631360913749 -0.06528754828117701 0.06893139255607683 0.13917384620373285 -0.025126491038912097 0.005594153700615704 
Ip_1I_4
-0.055289159838548804 0.8556636435552923 -0.24320256443981803 -0.10963199214684435 -0.03315695026608041 -0.15151012545064452 -0.1592665160880077 -0.1036063353209707 
-0.022257858667084122 -0.09831314154173872 0.17164897809727975 -0.1552790664921913 -0.1408342754134113 0.13706531637510266 0.04667698305380816 0.061293064587500265 
-0.12470385413739735 0.7719041039504497 -0.19813475490901916 -0.11956897039142471 -0.18253493162447268 -0.023527709443538953 -0.13210235979581184 0.008668476353607027 
-0.12391500673739356 0.16076270222477929 -0.08702834159066344 0.03305430498236721 0.05785560023769345 0.19593228377285307 -0.1011218929385555 -0.13553964994930293 
0.15848336661394483 -0.07658206806707304 -0.09457485440286457 0.23830129262640373 -0.030519000472850076 -0.11587507307936434 -0.08679888500993807 0.007565221790819589 
-0.1511458372620492 -0.15222543052717052 -0.028042633639241244 0.46159436323121994 -0.05443384101376527 -0.032786489305393615 -0.0442790081475571 0.0013188766641794576 
Ip_0II_3
-0.01808023754607808 -0.05951359938807014 -0.006249643239226762 -0.06028691859885136 -0.012552933434105245 0.15924949871898142 -0.012955168451857813 0.010389001939276964 
-0.038345415497957586 0.13897700226304086 -0.05906036804986273 -0.06327484736477192 -0.0390710900877596 0.08775938468296775 -0.006583449147114949 -0.020401216798135214 
0.0004598953727523208 0.024626507896761775 -0.01675856328000337 0.08856020585381172 -0.028733249896868714 -0.03064373851464271 0.027084124695779276 -0.06459518212705848 
0.017752682329267418 -0.08225323613711606 0.053142987896602496 -0.03843882476065531 0.06759328129228702 -0.02802371038368355 -0.0230507725145141 0.03327759227729713 
-0.04810727951350716 0.015812332257594704 -0.011992963778150517 -0.06449636150291291 -0.030545207693834165 0.10275028757654575 0.06179825599049264 -0.025219063335707132 
0.021586696764543795 0.07555533487562464 -0.00199592837931056 -0.03176662932282379 -0.006987703953942108 -0.05095386517845817 0.0520602669732287 -0.05749817177829163 
IIp_0II_3
-0.3189248414628735 2.2127119172497096 -0.8060481154525025 0.059695845931906286 -0.42334364406435726 -0.42682385062149386 0.0019184985173359666 -0.29918581008903783 
0.20734608499798754 -0.6019784377734841 -0.14764664335139485 -0.02678088365310027 -0.15735344444004 0.0844970831216595 -0.1888417079470351 0.8307579490393275 
0.10014534953149842 -0.37907752887935253 -0.017171965452451653 0.04994425629154565 0.24265610892994732 0.04028276740129864 0.5543139340934491 -0.5910929219154385 
0.45581069130050084 -0.7840630777686282 0.21445446529259946 -0.24671549257947575 0.8990477232857034 -0.5603008442887926 0.129476082986152 -0.1077095482315038 
-0.5469213369779489 0.44040548849466044 0.03726617534373151 -0.44557644907748256 -0.4962861016722235 1.1168343004727947 0.3149272963905837 -0.4206493729701584 
0.17882144490151428 -0.6456204420302804 0.6304385148260623 -0.8635966614673846 0.4700953271287435 -0.025852485818890655 0.15357166919878187 0.10214263326191159 
Ip_2IIp_5
-0.00694767966346009 -0.04212242993040378 -0.015652271459052524 0.07320037839024396 -0.024335254309082198 0.001821677426428284 -0.01087439029895262 0.02490996984400717 
0.011231830870945871 -0.041343910029999105 0.062757304873751 -0.01807287978153309 0.017231208369045885 -0.012296971446934426 -0.007887852133766023 -0.011618730721687584 
0.001990131799475973 -0.03963552932665306 0.00922350900979143 -0.03988961434142983 -0.021164656176489507 0.09582873643152491 -0.008338794501298284 0.001986217104986345 
-0.030324709596684075 0.035439813154856156 -0.008375039692325755 -0.022252259868447415 -0.041725068064350584 0.04820704035596661 0.04759959701649537 -0.02856937330512919 
-0.02693690778956497 -0.059539134138729875 0.1093028990302774 -0.07507310392913577 0.008160841979249557 0.044815542715316195 0.043174780628565106 -0.043904918495871845 
-0.01204169369854145 0.22978786104407636 -0.04742910643071815 -0.012213090868577843 -0.050174377970783765 -0.037673921457007147 -0.029983621429424172 -0.04027204918803535 
Ip_1II_4
0.02139994295356179 0.07564029548235271 -0.001999378346237258 -0.03174140785721928 -0.006974888250205122 -0.050963864764857876 0.052131754991723976 -0.0574924542086301 
-0.018356183810355458 -0.06013994583955604 -0.006150956714817069 -0.05988544578748226 -0.012410782549433926 0.15929996123182114 -0.012847829940933173 0.010491183410657225 
-0.03801200845654748 0.1376442146303919 -0.059638130997010784 -0.06294992743543765 -0.038749343567788676 0.08803915111626454 -0.006316218165044299 -0.020017737123970234 
0.0004790445826768937 0.02483697749701161 -0.01831386111986214 0.08871024195029462 -0.028444417457835703 -0.030283655309268305 0.027290436866661587 -0.064274767009133 
0.0173795425172448 -0.08215251292782073 0.053236230720152274 -0.0385168743819635 0.067682489284912 -0.02786064644517502 -0.023125018792480873 0.03335679002462499 
-0.04814406112379605 0.01589075941166183 -0.012034618163966258 -0.0645630901232383 -0.030542599784933493 0.10276448129384377 0.061835457819193876 -0.02520632932835639 
Ip_1IIp_4
0.011098098176196905 -0.04072115522387803 0.06266180079759635 -0.018152136567291255 0.017147537417101413 -0.012359283932348523 -0.007948635987331218 -0.011726224680332178 
0.0019242726086722514 -0.039820441258733776 0.009941229080334556 -0.03995270862640594 -0.02125644615671301 0.09571637299299347 -0.008434344594417734 0.0018820659540662345 
-0.030156215010764067 0.03542112071327624 -0.008548709134999014 -0.022205978172509844 -0.04174342247895706 0.04816104670320189 0.04765304519706417 -0.028580887815855476 
-0.02694648870795879 -0.05955718406585171 0.10933000417510026 -0.07507469442048441 0.008164467995608446 0.044821198396682194 0.043164100121510486 -0.043901403494438815 
-0.012048067384611113 0.22977103858883868 -0.04743277268897814 -0.01216326133518934 -0.05017011031281703 -0.03767245474331386 -0.030006335288143896 -0.040278036835308124 
-0.006776006262386969 -0.04215096938302852 -0.015648301852062244 0.07306684200018138 -0.024354779295638646 0.0018297279217413846 -0.01088555849648704 0.024919045367470992 
II_1I_4
0.1664435945596999 0.29795823084176415 0.13250316557200081 -0.1995457654544312 0.41248522481675215 -0.16896587008755395 0.02742199599563194 -0.6683005762413992 
0.829770878300454 -0.8583167430257417 0.3053376363503922 -0.595246148675853 0.8634283342930877 -0.6589698846397017 0.3131171448782728 -0.19912121749154243 
-0.8116222450724838 1.3544858562283038 -0.6165507398418539 -0.7991255575268614 -0.45708243765780543 1.5630937402430674 0.461226644858906 -0.694425261221329 
0.287281864857331 0.2513281642587033 -0.013165266083969092 1.2646987511709693 -0.5146558448158312 0.06662085603543688 -0.2814056258964948 -1.060702899522142 
0.3822904810178311 -0.7059284609644619 -0.32202497885227627 0.009166546536671955 0.17848841842497842 -0.7321096157700251 0.23685149153999635 0.9532661180591391 
-0.37351552265011073 -0.9100684780368861 0.1906150185290339 -0.4898757447395416 0.6684690915012671 0.3138376529287582 0.20203171584288884 0.39850626661773886 
