II_0I_3
0.830924289862116 -0.8557707718898071 0.3042001244428052 -0.5957293562461738 0.8630089481569261 -0.659709788510076 0.3126103709664803 -0.19953381678881155 
-0.8133002686103035 1.3533039085016567 -0.613937987826107 -0.8002044857842837 -0.45811636818387774 1.5691136131271084 0.45953478436056355 -0.6963931955687791 
0.2868161116167686 0.2502919983537786 -0.014406567725378648 1.2636695819144388 -0.5161797169515832 0.06518424729322239 -0.28266780392237084 -1.0527078505814769 
0.38400525749501196 -0.7057012089425138 -0.32192512964972636 0.007411436579158667 0.17834731907211074 -0.7318413746775067 0.23717712079731526 0.9525265793220988 
-0.3736733042649143 -0.9103041899338616 0.19057140472783207 -0.48911355595811656 0.6680150985180126 0.31384835164963004 0.20233750543913295 0.3983186898200364 
0.16704610440039694 0.29774286802203404 0.13259683617896312 -0.20064848096932075 0.4131306398158199 -0.16897537973478857 0.02727392126183381 -0.6681665089721733 
IIp_1I_4
0.5422064900257775 0.38763189205055515 0.548675352303856 -0.6733031666689278 1.1561891034935765 -0.741669373183565 -0.3701502399162638 -0.8495800581046355 
-0.25401188796388974 2.5976323247510935 -1.0753372845643066 0.1758250383800704 -0.7434581028460945 -0.21472102407434995 -0.4394260623973024 -0.0465030012778893 
-0.17020465357774373 -0.8477720925938982 -0.2890143374056986 0.07528604126563573 -0.1214617739099118 0.07532606196054477 -0.36305589354440315 1.6408966478066358 
0.10861049252800915 0.007937285697896956 -0.7348102062692574 2.739301362753817 -0.5618563900417931 -0.11464471376748221 -0.27067015699370917 -1.1738676739077587 
0.9318622402484087 -0.6960765844215597 -0.41431851499341593 -0.03294736090002724 -0.1342089234294934 -0.5871585418832743 -0.09461933445308875 1.0274670198208349 
-0.10683006752534507 -0.633066665052762 0.1175859750488649 0.5914862241873979 0.16015634952862207 0.03332253477113468 -0.12034530903663981 -0.04230904192461625 
IIp_2Ip_5
-0.0306484444316416 0.03561202410223973 -0.00818349565520286 -0.02223424195242127 -0.041786570259081245 0.04828069676871779 0.04770755723310404 -0.028747525805116872 
-0.026332079828706646 -0.05927901693868425 0.10966435242765715 -0.07482911214533293 0.008319883685812823 0.042379236841158546 0.04359463836329225 -0.043517902404927776 
-0.011460590134295389 0.23007797721543471 -0.04706742530260338 -0.011732726787637973 -0.04970193116938255 -0.03729164629147271 -0.029478685061981653 -0.043344972467672924 
-0.007235076266412979 -0.042287338572941244 -0.01564864713468967 0.07371811987979648 -0.024324735912801383 0.0017052293999582763 -0.011010344315615643 0.025082792922752582 
0.011312045232702666 -0.040686269056761176 0.0626798448831454 -0.018361168934832844 0.017299671962311605 -0.012376495044447672 -0.008099660055979141 -0.011767968986528179 
0.002134290145990284 -0.03969871183618039 0.009899855017500604 -0.03980226612168556 -0.021557556505892347 0.09570859527894882 -0.008413862391376375 0.001729656412365754 
IIp_1II_4
0.17713646655647608 -0.645115791930816 0.6310927510001604 -0.8634494324199705 0.47008712271642256 -0.025420739932950943 0.15367394622318226 0.10199567778486253 
-0.31707650534940923 2.213395552241455 -0.8050987974164663 0.05992621602769958 -0.4229199156152247 -0.4334237569407828 0.003013045913665943 -0.29781583885230223 
0.20822451120342092 -0.5989446012128322 -0.14699112998315506 -0.025947671577576884 -0.15632662427080482 0.08537446615286012 -0.18763035263612485 0.8222414023239485 
0.09822855262421744 -0.37968943071199746 -0.014722759493274064 0.05143192771576125 0.24240620226399337 0.03955158694248162 0.5535917714847078 -0.5907978508261201 
0.4564898767610241 -0.7840466039182478 0.21432202626276853 -0.24710853947580483 0.8993887705633741 -0.5605473260797587 0.12917317848564192 -0.10767138260214945 
-0.5465960746697036 0.44037416292856 0.03725661958995389 -0.4450916857055942 -0.4970358062601738 1.1168625541618424 0.31498154781834303 -0.42075131786044473 
IIp_2I_5
-0.09784509575829002 -0.6323037822885008 0.12008500184655412 0.589082154599533 0.16132944917886607 0.03263176635336942 -0.11940008742796147 -0.05357940650298461 
0.5679161747378795 0.3868309936624283 0.5489410788914468 -0.6715577071653928 1.1558580257962503 -0.764738886660539 -0.36684739209874373 -0.8564022871749014 
-0.24057436308276667 2.5961367610298147 -1.0760915931119293 0.17618455117266074 -0.7434525683485385 -0.18547356984625019 -0.4393210684740362 -0.08740814932948945 
-0.16516401721093182 -0.8531689895485655 -0.29291620228276355 0.07517851554636971 -0.12853627037067117 0.06812495695035371 -0.36939473174041915 1.6658767386510855 
0.1308412918524289 0.009047123347908715 -0.7344000262394803 2.7300449305479884 -0.562856641349659 -0.115161870767561 -0.26976431356431063 -1.1877504938257835 
0.9470652692122404 -0.6971871618259189 -0.4144502048149292 -0.029789055544635658 -0.14022627899645113 -0.5887193966377876 -0.09193963784131474 1.0152464664384997 
II_1II_4
1.385778808773506 -0.5883214108112467 1.3256593685219618 -0.6961683198837534 0.22056036205077556 -0.9501710022178105 1.111435132790833 -1.8087729392250442 
0.4109778816543426 -2.0490328450916713 1.2755393618049062 0.017841597593759258 1.9192577896028453 -1.5351611065275377 -0.060690109188143396 0.021267430137272874 
-0.8717797225789978 0.1436445413225144 -1.3582599048680404 -1.2126372755144337 -0.7315246688214601 3.0351232232467207 1.7429165678462903 -0.7474827606298878 
1.385797535033533 -0.5886563642975033 1.3254193815113842 -0.6955159546528438 0.22061360106459632 -0.9504354316193063 1.111242245971319 -1.8084650130097766 
0.41057671285921177 -2.049274654972447 1.2752155183559049 0.017417217739921855 1.919251279048589 -1.532764074820485 -0.06125945026035966 0.0208374520385616 
-0.8721336464768877 0.143347683247805 -1.358644309663198 -1.2128971678280476 -0.7322746160908578 3.034746534338975 1.7424227734082163 -0.7445672509338156 
I_1IIp_4
0.11566717206661051 0.009300905167930697 -0.7348821929359844 2.7318803044590463 -0.5623800072149487 -0.11345514945047612 -0.2692402548994465 -1.176890777190223 
0.931078401379951 -0.6967401134809286 -0.41463657327235176 -0.030933863874439374 -0.13626239298627676 -0.5860965615891935 -0.09301978426392954 1.0266108880741238 
-0.10812662322521922 -0.6334186260868364 0.11774251205650821 0.589330350365925 0.163049116987032 0.0329423548304443 -0.12086139411133554 -0.04065769081737099 
0.5494719297691819 0.38526145252960237 0.5459279922146859 -0.6734516621979899 1.1562589944492059 -0.7434276658822372 -0.37087063866292086 -0.8491704022202655 
-0.25926795359793847 2.5942731009248314 -1.079265547222048 0.17310755192935015 -0.7455841520180465 -0.18693695204305905 -0.44417352227479856 -0.052152525693337386 
-0.17544675027371917 -0.8514334252493627 -0.2931431422114605 0.0702328898540592 -0.12692941306422037 0.07074655686215799 -0.3690767953627909 1.675050079442294 
Ip_0Ip_3
-0.02529609069980791 -0.056652888498031614 -0.04149939768585319 -0.06508758507906491 0.06894874728564912 0.13921129250793343 -0.025207899781617728 0.005583821950667926 
-0.04311042734086767 0.2768301472201396 -0.05284097535365711 -0.07285018880394918 -0.06598261127361993 0.02279971535212642 -0.03514890739187251 -0.02969675240688043 
-0.025197985505746517 -0.059223280647247474 -0.02073577950491381 -0.005874711843297621 0.10356727987297663 -0.02807972180807245 0.07891337205069654 -0.043369172614085016 
-0.02529221351284249 -0.056722239095661875 -0.04154908590615429 -0.06495251582199174 0.06895977018148458 0.13915654360164 -0.025247836121351615 0.00564757667444232 
-0.043193487517390244 0.27678008158282086 -0.05290802566857511 -0.07293805472472038 -0.06598395925441895 0.023296009876516765 -0.035266786874306684 -0.02978577741881755 
-0.025271263840836777 -0.05928474376291652 -0.02081536877129952 -0.005928521366078473 0.1034120066980676 -0.02815771353502694 0.07881113415573247 -0.04276552957756608 
II_1IIp_4
0.0986851373234184 -0.37894010526932903 -0.014259191602458672 0.049639505565403204 0.24226565526483215 0.04015104337935047 0.5540683296689276 -0.591610374328275 
0.4572184210475997 -0.783620816090693 0.21493213573662912 -0.24613918401931345 0.8992579782302614 -0.5651535544253857 0.13039665690650418 -0.10689163739399517 
-0.5459956115114764 0.4409292115000728 0.03801814779919006 -0.44473488126977845 -0.49536930089192704 1.1175715083573436 0.3159096646545058 -0.4263287386348512 
0.17768077005727734 -0.6459354780709682 0.6304321556417588 -0.8621860016111362 0.4701959614744992 -0.026059941431906316 0.1532469710315447 0.10262556290763253 
-0.31822714283563774 2.212688638009067 -0.8060056571438178 0.05890766291374682 -0.4230812051244377 -0.42680164862667547 0.0015695787042258943 -0.2990502258886215 
0.20716710030560093 -0.5997801151417517 -0.14803025649291707 -0.026808272145244755 -0.15817307219175816 0.08431890890654863 -0.18901530081974546 0.8303210075741632 
Ip_2I_5
-0.15140300969036272 -0.15227166824766636 -0.027952234762501263 0.46189847362928016 -0.054414048265658925 -0.032723342822985384 -0.044396304247993505 0.0012621344072292113 
-0.05406838709490094 0.8555798172513396 -0.24304613318185866 -0.11029742478779626 -0.03320256104745616 -0.15240050520125234 -0.1591972215362085 -0.10336758439956929 
-0.02271294419921672 -0.09442553832217516 0.17121066085706946 -0.1557285772177296 -0.14117621068947403 0.1368486198843604 0.04649295704506248 0.059491032643467986 
-0.12544726430487782 0.7713932098207013 -0.1938599795209987 -0.11981203236684432 -0.18317097810878505 -0.024321357000130987 -0.13280311944249956 0.008021520925724609 
-0.12295807101062713 0.16058522919648593 -0.08732505386357442 0.03317753908093193 0.05769480652765229 0.19551749700479892 -0.100971273071484 -0.1357206738636297 
0.15862813594516836 -0.076719473537734 -0.09447352841490485 0.23839279468216057 -0.030642007270992044 -0.11590660858980001 -0.08681677531505623 0.007537462500539523 
IIp_0IIp_3
-0.0981465241857588 0.3913682095224603 -0.12130327190681671 -0.06664081219964293 0.07821461222293967 -0.0793084034140712 -0.050031710529177306 -0.054152099508458444 
0.040456566998490234 -0.1196002423301574 -0.07188317491614236 0.01567817699273859 -0.06086681975793268 -0.041860688851202525 -0.036212156436877085 0.274288338299999 
-0.05611983129122021 -0.12483660920210204 0.27851383871449964 -0.17605649289929057 0.010304136122092095 0.009029681984193006 0.12138023304705618 -0.06221495647591109 
-0.09813031530227058 0.39107828392631594 -0.1215109973970149 -0.0660761446083548 0.07826069430112649 -0.07953728549778283 -0.05019866752010334 -0.05388556790014715 
0.04010932743577493 -0.11980954564168703 -0.07216348400051063 0.015310846640399488 -0.060872455096848195 -0.039785890783448796 -0.036704960830693065 0.27391616227640353 
-0.05642617710093206 -0.1250935605631176 0.2781811095630161 -0.17628144781675553 0.00965500447283808 0.008703631471223825 0.12095281953276851 -0.059691379558970935 
Ip_0I_3
-0.023118826573932116 -0.09446967315391912 0.17116068890095446 -0.15590116801808923 -0.141367968492943 0.13675311457109826 0.04631501918382098 0.0606288135827541 
-0.12504572861218977 0.7715518172587079 -0.19373043725064343 -0.11997160479907444 -0.18312150701616012 -0.025189510111615184 -0.13259602393288494 0.008102994466607494 
-0.12280757045607987 0.1606866950467195 -0.08719521545990644 0.033412386646104415 0.05781086168758069 0.19566861283509332 -0.10071416381304647 -0.13686160648457907 
0.15836794225258127 -0.07677444846609828 -0.09446403060264158 0.23856947168280052 -0.03051991375348258 -0.11595493868895786 -0.08687454078929649 0.007650458363601056 
-0.15114634232217092 -0.15233595784382972 -0.028039527027876845 0.46183333731801024 -0.05434620072407532 -0.03278561868574367 -0.044480740729471155 0.001301050015393429 
-0.05420924648157143 0.8554739728721521 -0.24318894111004546 -0.1103273508129594 -0.03337358036741211 -0.1514537100303895 -0.15935038850918326 -0.1035707555574567 
II_2II_5
-0.857623992496666 0.1429697336680034 -1.3578929631970496 -1.2134490237974516 -0.7339765659394444 3.033192185862202 1.7432551208745994 -0.7564744949657329 
1.4030081404512438 -0.5887392095673445 1.3263398887245876 -0.6960577044139694 0.21895142334348186 -0.9567378991182173 1.1128914848032991 -1.8196561242352078 
0.4271435419835636 -2.0494779783797075 1.2761544794298034 0.018059856081737526 1.9180451733377086 -1.5338409907394095 -0.05938545638644537 0.0033013746631648513 
-0.8575882793747528 0.14233093899875707 -1.3583506459184969 -1.2122048885729828 -0.7338750330425231 3.0326878887013184 1.7428872636129527 -0.7558872444005341 
1.4022430656046743 -0.5892003687092222 1.3257222821709242 -0.6968670454083741 0.2189390069714633 -0.9521664850655369 1.1118056861597394 -1.8204761417238746 
0.42646856856655535 -2.050044120734867 1.2754213754500376 0.017564211667512725 1.9166149379856572 -1.5345593796380237 -0.06032717894615635 0.008861585632451189 
I_1I_4
-0.3067167708129023 0.4684276818528579 -0.5070148071258099 2.512633191884543 -0.4943591566388992 -0.23972964118590978 -0.7942734218244527 -0.6389670761434633 
0.08042333259853879 -0.5455348820080875 -0.15544279544134448 -0.12216100874735139 -0.12423101366274263 -0.3244993185002302 0.07426628024836905 1.1171794055090118 
-0.42177318185264084 -0.7290304537517213 -0.09147281084238737 -0.25241340281657926 0.14801016054398808 -0.08317877956925462 -0.17708276789850944 1.606941236191835 
-0.3069155622462623 0.47198343107807306 -0.5044671888379645 2.5057079104443885 -0.49492432341237824 -0.2369225510128973 -0.7922258027143935 -0.6422359132941231 
0.08468200041744774 -0.5429679127655408 -0.15200498648993185 -0.11765594043609744 -0.1241618998886386 -0.34994536989855085 0.08031020622402185 1.1217439028325467 
-0.4180160493674356 -0.7258791121142522 -0.08739210379769889 -0.24965447678803768 0.15597133882399855 -0.07917998169035154 -0.17184081861051403 1.5759912035429582 
I_2Ip_5
-0.12409115763399908 0.7712427092500952 -0.1940396070658619 -0.12006908295309522 -0.18326160056003318 -0.02447878447291922 -0.13277823534567937 0.007475758784573791 
-0.12270586076388047 0.1603034857580349 -0.0875933470876661 0.03303966490082179 0.057405743515887675 0.19738152027313755 -0.10121717686566607 -0.13661402972882594 
0.15886525551838027 -0.0770121774634295 -0.09474071578038121 0.23796428155205915 -0.03100535126413063 -0.1163065943503115 -0.08721620799083561 0.009451509777328533 
-0.15005468141885073 -0.1522830378862709 -0.02803217796960774 0.4613704475606556 -0.05452678481300545 -0.03277093322706482 -0.0442913000029093 0.000588467756856596 
-0.05364954180595619 0.8553985153232196 -0.2431799102934269 -0.1102590226580067 -0.03348891974502046 -0.15153214631308573 -0.1592066359155846 -0.10408233859012589 
-0.022328813880457897 -0.09459493515517682 0.17110314520595188 -0.15604913786705105 -0.1412280461694489 0.13660510086005617 0.04629863368494488 0.060194053321889526 
II_0II_3
0.4211857160414037 -2.053005031574758 1.2710238335206405 0.017790548568766933 1.9192161503923046 -1.5355032395947403 -0.062282417225139323 0.0215744398574577 
-0.8801834182499824 0.1382543173097412 -1.364577503049442 -1.2173158263822785 -0.7351269545925934 3.076948520558544 1.735083220840211 -0.7530823564170912 
1.378480544654544 -0.5940826422822003 1.319130207515256 -0.7037260454878067 0.2120854770404359 -0.9572743475408081 1.1022350205804858 -1.7568482144993351 
0.42085632455975364 -2.047113261037001 1.2752451611284916 0.0063155635353051446 1.9182796858867899 -1.5308519748031197 -0.05888957335936117 0.016158074082233444 
-0.8731269325462115 0.142507708870028 -1.3588811560348284 -1.2098510624032237 -0.7350124351296872 3.0347851714552396 1.7450978261249381 -0.745519120335135 
1.3847060012574075 -0.5888609630668802 1.3258918175235386 -0.6991545872459933 0.22527691228218968 -0.9506484585800746 1.1109207743912566 -1.80813149655947 
I_2IIp_5
-0.177632443369469 -0.8478982706023771 -0.2884894621338144 0.06988790225327728 -0.1283401668932757 0.0726338676205535 -0.3673673259510525 1.6672058990716287 
0.13326042520002712 0.014417738149151834 -0.7281923046390447 2.736245806526709 -0.5601679483979217 -0.16000800135306636 -0.2608927607319081 -1.1746629547472993 
0.9490693917779962 -0.6910747844237649 -0.40754551409002804 -0.022879231908897017 -0.12818701088407847 -0.5807058242652944 -0.08256116879168923 0.963884142577014 
-0.10980595044173351 -0.6361119097092454 0.11800694270487971 0.6014737686660289 0.1629685853280236 0.029973371680771136 -0.12260083979657609 -0.043903968433537825 
0.5594617091892815 0.3856474006436444 0.5463710894309083 -0.6768595611246969 1.1583702514845302 -0.7446139586483194 -0.3734077136488832 -0.8549692173270714 
-0.24816327603697588 2.594202860483544 -1.0796061164498099 0.17605004632250548 -0.7517404689779884 -0.18767007397226046 -0.44332679758843574 -0.059746173770703154 
I_2I_5
-0.4149930872171682 -0.7249856416521724 -0.08655323105237074 -0.2480001020993359 0.15251650304769054 -0.07884492438889303 -0.17106094100607938 1.5719214243669068 
-0.3064968070082335 0.4716920474903963 -0.5029268095039742 2.513471151279218 -0.4942418714980558 -0.2491502419305199 -0.7915224435625594 -0.6408250252578044 
0.09186479840976582 -0.5413120398538815 -0.15019583903421702 -0.11781592135351475 -0.12081105124953605 -0.3487897058951997 0.08117518849886958 1.1058845704793199 
-0.41491091514762496 -0.7264554397710529 -0.08760630997625433 -0.24513748019249199 0.15275011937029906 -0.08000525814555919 -0.17190734116717574 1.5732726250243982 
-0.30825716229514805 0.47063096969094825 -0.5043478560425992 2.511608944326999 -0.4942704402439244 -0.2386319077922951 -0.7940207499571744 -0.6427117976798831 
0.09031175686776396 -0.5426146727782643 -0.1518826327754117 -0.11895634606605135 -0.12410186961635636 -0.35044264181062695 0.07900838574803921 1.1186780204288407 
I_0II_3
0.3865054767542096 -0.7074743824633392 -0.3235486825062302 0.009260845656150724 0.1785258540004583 -0.7332031523731153 0.23637301959429444 0.953561021331366 
-0.37661062837116127 -0.9121390161176962 0.18830618328959742 -0.4912639222079378 0.6672804707239187 0.33018012704148114 0.19908174607020254 0.39516503957337074 
0.164251038533902 0.2956460700633405 0.1300877805710878 -0.20310616604786583 0.4091066088020463 -0.171613685138057 0.023809453093364775 -0.6481810998801582 
0.8332451911505887 -0.8543365147499726 0.3048746270709087 -0.6001268331585264 0.8626776796318839 -0.6585394565099572 0.3136533056200909 -0.20144799905878963 
-0.8123961008500858 1.3537845931497987 -0.6131021655375715 -0.7982910968853555 -0.45878865253941314 1.5624920135020335 0.4617308924456552 -0.6954294832765195 
0.2874101323171632 0.25103783893781323 -0.013234659331514043 1.2637005605126304 -0.5130224408216765 0.06615302048723194 -0.2814038202774451 -1.0606406318190993 
IIp_2II_5
-0.564440169062228 0.4467683706843497 0.044728696304428286 -0.4459271637736374 -0.49669096307121435 1.1215105815307458 0.3170469706852183 -0.42299632328838044 
0.19410581799334398 -0.636791481626045 0.6409848008275073 -0.855944872794454 0.47546430559614516 -0.10056488315995571 0.16646505262334865 0.11628126053557408 
-0.30311785902655103 2.2223443402016616 -0.7949006762197813 0.07259813449195987 -0.4085826286480806 -0.4146700722792477 0.018053463354342016 -0.3917247018671883 
0.18998482151713159 -0.6037760863848094 -0.14803620519645608 -0.007233965609095416 -0.15639879395035367 0.08076730303400681 -0.1929209103468997 0.8376138369338114 
0.10268317584915103 -0.37795239773159583 -0.014228753953400163 0.04395087496399235 0.2474341039461998 0.039605679408639044 0.549227950223509 -0.5907206327064413 
0.4605610795601879 -0.7836524781663557 0.21347222747552752 -0.24133871038001112 0.8904456026605458 -0.5601155406191215 0.13044523467460453 -0.1098174152106325 
I_0Ip_3
0.1588009624027721 -0.07679945896663276 -0.09454542587715455 0.23832983248879702 -0.030534508015761748 -0.11596784224899535 -0.08684993500759305 0.007566375223545051 
-0.1513225543506753 -0.15245373327643758 -0.028162731530049032 0.46181894459892747 -0.05447254878843524 -0.031951875372197354 -0.04456671653185141 0.0011112152526715595 
-0.0544013173761393 0.8553573795622109 -0.243302868301194 -0.11054123466624477 -0.03343927910706856 -0.15159763774379892 -0.1595401325700121 -0.10253490979568446 
-0.022685196870681837 -0.09450558662918859 0.1710714818781688 -0.15611957225896314 -0.14138082978743138 0.13673160364554315 0.04633334636203655 0.06055475366040045 
-0.12523499897114387 0.7714261707418822 -0.19386418308814182 -0.11999981138510814 -0.18324806700397267 -0.02427774170801185 -0.13270053219318229 0.007899163610073772 
-0.1230111618257358 0.1605604387949034 -0.08732165530107212 0.03319004311281118 0.05772075162986389 0.19551242362930055 -0.10091998123472788 -0.13573085880442237 
IIp_1IIp_4
-0.05651746498166857 -0.1251558668701887 0.2781401614679717 -0.1764223624514089 0.009909168113229979 0.008666794361195915 0.12090591160011253 -0.059526341239215 
-0.0979035035988151 0.39112048984531533 -0.1215990128050565 -0.06668993938515845 0.07819601350483624 -0.07880525345779617 -0.05020446465870175 -0.05411432944344848 
0.039784334244476464 -0.11992340209072032 -0.07227152880553663 0.015361953275236226 -0.06112424121285985 -0.03986574634294263 -0.036713600718609136 0.274752231651331 
-0.05652229357551151 -0.12506949861664807 0.2782020424748431 -0.17659057579411017 0.009895440354611259 0.00873497787483468 0.12095564775283048 -0.05960574047064092 
-0.09780006162962039 0.391182840881979 -0.12151550929110067 -0.06658051241003653 0.07819769226101127 -0.07942333164016341 -0.050057659218321636 -0.05400345895257892 
0.03987559404654261 -0.11984685679583666 -0.07217240945888062 0.015428966893770463 -0.06093086619681464 -0.03976861654930317 -0.03658627509020905 0.27400046314988896 
II_0Ip_3
0.01789098741545069 -0.08234928135171121 0.053064477925224784 -0.038503480639999275 0.06768536296043946 -0.027994279842673393 -0.023184441759706485 0.03339065529238248 
-0.04851447548558699 0.015632939880794564 -0.012309866010959231 -0.06470155993995623 -0.030682196205954828 0.10471134150904517 0.061471553068600256 -0.02560773681504977 
0.02122977651681761 0.07534771707888857 -0.0022850217247268475 -0.03223178293275869 -0.00738737423138551 -0.051274951885420576 0.05169328251238078 -0.055091645333716834 
-0.0179973555502813 -0.05933762683877109 -0.006256540842569002 -0.060520707459966364 -0.012546478891954524 0.15931885272277033 -0.012817737825552802 0.010157594686008558 
-0.038148957849770376 0.13752042033667752 -0.0588545189786001 -0.06289362590984537 -0.0390095982411945 0.08790197786597073 -0.006312954132197275 -0.0202027430904828 
0.0005760208256918911 0.024785325861061355 -0.018348510506789966 0.0886083285556088 -0.028269704445214237 -0.03037543966297597 0.027309027012901246 -0.0642850476397905 
I_1Ip_4
-0.12374607764209142 0.1608323457136041 -0.08703000392022552 0.03323541832327566 0.05761812152759034 0.19571634462011925 -0.10082639549224957 -0.13579975312939432 
0.15916384556414742 -0.07636121512324591 -0.0940336770948895 0.23863215008823363 -0.030312396295300505 -0.11895559233168533 -0.0862997796213994 0.008166664812931925 
-0.1505962300924951 -0.15195368148012994 -0.0275919154862153 0.4624480020812353 -0.05379988415566145 -0.032283851969362315 -0.04376447620623953 -0.0024579626895814373 
-0.05498974568413811 0.8553077676695423 -0.24318202107648856 -0.10957898423575572 -0.03321432628526974 -0.15159817261324923 -0.15951972054649197 -0.10322479722611339 
-0.022824214300461804 -0.09448996132730322 0.17108959055805223 -0.156128797148246 -0.14114850323069905 0.13668986320917625 0.04609508227180046 0.06071693996797271 
-0.12509634010307413 0.7714661483781359 -0.1938928407089903 -0.1198473049580239 -0.18352805830268396 -0.024255697599170605 -0.13272154261123897 0.00787563590804866 
other
-1.2827669035777247 0.838297659066747 2.197313094341866 -0.5392379584702346 -1.9538875958396698 0.6218047518069566 -1.8748850591245998 1.9933620117980433 
-1.3221134785755904 0.8353575953256552 2.1935437992741798 -0.5486204507415225 -1.9607695763328066 0.7168456558385204 -1.8878585997585196 1.9736150549812146 
-1.3220077295321315 0.8343488770184136 2.192842441951275 -0.55563877887819 -1.9721048171306104 0.6129162565885802 -1.8917037953417977 2.1013475453402704 
-1.28346316263607 0.8507515287671268 2.2062360256831686 -0.5634934802260392 -1.9558670698994576 0.6316364730667768 -1.867713354941307 1.9819130401846987 
-1.307197664565157 0.8443483026125082 2.205584587873542 -0.5328416288440498 -1.9605275080986992 0.6277218767348814 -1.8666899903295084 1.9896020246215447 
-1.3088485230028153 0.8453863252893873 2.207134955456645 -0.5459757506105115 -1.9442211080491616 0.6269218865109598 -1.8733440772412022 1.99294629165158 
Ip_0IIp_3
0.0021902416294588504 -0.039809459351974864 0.009813063524082604 -0.039965561082730035 -0.02126822714359023 0.0956324640663253 -0.008476958163455527 0.001884436521479758 
-0.030383237206173724 0.035272394608620326 -0.008583579658341342 -0.02233361173129249 -0.04184559986247817 0.04926517071419373 0.04743909239558765 -0.02883062925924002 
-0.027130091862125574 -0.05971091840881513 0.10915343864605395 -0.0752708773483505 0.007931649069387071 0.044623927056660226 0.04292665220284341 -0.04252377935579166 
-0.011769455757207337 0.22982572290124575 -0.047428338979059105 -0.012463474878886969 -0.05019199151285222 -0.03762267236045041 -0.029948038327921412 -0.04040175108447927 
-0.006800526263448122 -0.042176590147240414 -0.01565540522942697 0.07316156583754087 -0.024434267810828036 0.001831306666593588 -0.010817705859747695 0.024891622806483132 
0.011083611559688615 -0.04073566920989292 0.06267502133175148 -0.018254114823583217 0.01726977265617614 -0.012366423170037909 -0.007963282816751528 -0.011708915527748495 
Ip_1Ip_4
-0.025228458533337605 -0.059310250174114745 -0.020834351838620844 -0.005962681535450181 0.10346822991383221 -0.02817759425226783 0.0787989619146649 -0.042753855494443854 
-0.025217299882478346 -0.05672603243791217 -0.04158354085007362 -0.06511027729859663 0.06893203270820812 0.1394268139850828 -0.025264676404900068 0.005542980180905886 
-0.04325044816366305 0.27673783036586214 -0.0529480556476425 -0.07294461595259451 -0.06606912308709972 0.02325590354344183 -0.03528860530024909 -0.029492885757033092 
-0.025230391816615988 -0.05927566985686207 -0.0208095757807115 -0.0060300311749266365 0.10346273356278353 -0.028150294782408613 0.07881887538833256 -0.042785645538675914 
-0.025175883552354908 -0.05670106818852327 -0.04155010752386606 -0.06506646467822984 0.06893270485236974 0.13917934644098276 -0.0252058981098634 0.005587370759380557 
-0.0432139093571166 0.2767684777446601 -0.0529083700188132 -0.07291778488798518 -0.06599169915964921 0.02329479259052373 -0.035237626376381184 -0.029793880534086218 
IIp_1Ip_4
-0.02716207756150161 -0.05947897046652104 0.10941634609925578 -0.07507337883059341 0.00815476966032226 0.04487165598572291 0.04319700872608339 -0.04392535361258233 
-0.011863796498344218 0.22988240901021856 -0.047293796054174816 -0.012065790602209043 -0.05009958105241909 -0.03863511653984275 -0.029840569271028957 -0.040083758991591605 
-0.00659656756795712 -0.04202825157577759 -0.015505087039915981 0.07324815806241566 -0.024160931576747733 0.001988012153682636 -0.010681718619068565 0.023736386163684814 
0.0108931085874773 -0.04077715296219644 0.06266147384295044 -0.017917191526283963 0.01716243465757784 -0.012401321346565554 -0.008001825653013116 -0.011619525600241942 
0.0019264098936345108 -0.03969252117292003 0.009930449186702646 -0.04004389402661173 -0.021203398195027087 0.09570430147438985 -0.008507085688013933 0.0018857385277031246 
-0.030132878598473092 0.03541524124129717 -0.008435343945880221 -0.02215206299452315 -0.041869635992641485 0.048146574049177264 0.04764433429006242 -0.0286162280487059 
II_1Ip_4
0.0006557462906665734 0.02479974192675776 -0.01837108557095445 0.08874654442802733 -0.02848676491464634 -0.030361213869408498 0.027329400031514153 -0.06431236832163979 
0.017397794341580276 -0.08218056054217843 0.05325573469657308 -0.0385131888703927 0.06767842419241744 -0.027858634388918682 -0.02313179830638776 0.03335222887678434 
-0.048149484103666026 0.015865681191936605 -0.012036470950398375 -0.06450735466593881 -0.03054020486855132 0.10276335573552964 0.061806760633469106 -0.025202282971855075 
0.021596440670075996 0.07560415253072497 -0.0019949469068507603 -0.03188531440496941 -0.006996477829538021 -0.050954239500408054 0.05211483291099518 -0.05748444746938968 
-0.018473822912888915 -0.0594396045839993 -0.006258655759249409 -0.0599997585532072 -0.012510219095816132 0.15923086128547737 -0.012919328366345637 0.010370527985786743 
-0.03810793123259509 0.13755820814204286 -0.058842265571809396 -0.06304256908003185 -0.038870007934462984 0.08789928364730626 -0.006437551846338649 -0.020157166123460125 
I_2II_5
-0.8064418309772492 1.3524315358421766 -0.614830308645398 -0.7994723473705719 -0.45767660373166413 1.561153905766117 0.46020736355750497 -0.6953717144278232 
0.2854413312306045 0.24888010190527582 -0.016034642946835584 1.2629627914571364 -0.5163347875043414 0.08482955841765763 -0.28442107577020354 -1.0653232767895637 
0.37978319724998705 -0.7085450448093097 -0.32469688581877204 0.005822204830714297 0.17461384026229732 -0.7353159526474113 0.2328340875997577 0.9755045533318127 
-0.3680708017098312 -0.9092423971297198 0.19064805345555869 -0.4946266282756317 0.6680230363560777 0.3145786240388669 0.2029334571009461 0.39575665616189454 
0.1678098384106145 0.29738880159664327 0.13242188820487663 -0.19877607924576232 0.410950416668922 -0.1690038942085959 0.02857915834122928 -0.6693701297668069 
0.8294013112271329 -0.8553801371109387 0.3050804508232843 -0.5971042078468454 0.8649571605163651 -0.6595246031739294 0.31263929646149713 -0.20006927090176638 
I_1II_4
0.289112658037577 0.2508018208177048 -0.013829005355327117 1.2648793524658266 -0.514831520223002 0.0660066395630719 -0.2813468191784698 -1.060793126123665 
0.38159411721165437 -0.7065498166495763 -0.3225207346391923 0.008767580625707741 0.1781651925007186 -0.7279721988829935 0.23610604376651706 0.9524098160593548 
-0.37431262812693505 -0.9107232480986558 0.18999152703357053 -0.4903671396173354 0.6676503199967327 0.31315328714853335 0.20101059543213864 0.4035972862334683 
0.16833050572825645 0.2980128796093025 0.1325273017551484 -0.2012912939232702 0.41231059748336535 -0.16873626836915348 0.027563214304488264 -0.6687169365853126 
0.8291581952356909 -0.8552722195777789 0.3048313265877691 -0.5954416765507966 0.8626907725143586 -0.6592726332563128 0.31306219218489 -0.19975595714238265 
-0.8122144018130181 1.3540698261587152 -0.612953752460338 -0.799831977540771 -0.45716037948390686 1.5624382293201577 0.46064151565257955 -0.6949890598262775 
II_2I_5
-0.3622046539146395 -0.9104770045222106 0.19114261536565286 -0.4899123336354825 0.6669712105774753 0.31263693900073797 0.2025654832811173 0.38927774384227215 
0.18006516230719394 0.2975994464384693 0.13318938405230343 -0.20012910946549456 0.41112253035603163 -0.17357536685120603 0.02846793771838539 -0.6767399845567779 
0.8419979081139966 -0.8553498926664452 0.3055492900971128 -0.5954569403118908 0.8621316922302495 -0.6601582318175347 0.3140586087640754 -0.21277243441989052 
-0.8006959745474828 1.3533485600361845 -0.6127941487117435 -0.7989486334926185 -0.45907041951207145 1.5609108286723032 0.4610784315469705 -0.7038286439874529 
0.30027363219172293 0.250644054294415 -0.013186882754465076 1.2643358385474415 -0.5161208521440652 0.06486033849721025 -0.2808750356532804 -1.0699310929764096 
0.39465328543799594 -0.7066078812375257 -0.3217587559343208 0.009138935540367621 0.17660578782115796 -0.7335298550161313 0.23742537378242393 0.9440731095973667 
IIp_0I_3
-0.2607438582746451 2.5949068011707914 -1.0785399987881974 0.17298955197302174 -0.7455745403736197 -0.1865074402501902 -0.4440230636164327 -0.05250745182952697 
-0.17372350757241853 -0.8505740102632975 -0.29213073797886974 0.07102401218677078 -0.12655076207571322 0.06350355092025846 -0.36780135825040083 1.6762528130293617 
0.11708244939345938 0.010323228242983661 -0.7337003459300128 2.7331613345219234 -0.5609742112103209 -0.1122392942412324 -0.26763633847801716 -1.1860168222947598 
0.9298300062205487 -0.6970097862200321 -0.4144939938925773 -0.028910264431917666 -0.1360900109675985 -0.5874848458628351 -0.09320596354403175 1.0273648586926836 
-0.10745788612881764 -0.6331591765530802 0.11794579565189442 0.5889570780077423 0.1637283090156391 0.03306358291589988 -0.12108614403716503 -0.04199155887160782 
0.5498316044634678 0.38524870046258264 0.5458522080598999 -0.6726731939875149 1.155433808079512 -0.7434566873558888 -0.37083298192681396 -0.8494034577923862 
I_0I_3
0.08269331703969983 -0.541597311769969 -0.15085369474521787 -0.11964241879998108 -0.12238050453649468 -0.349328458476201 0.07895999557716288 1.1221490757067134 
-0.4151114415204075 -0.7244744628574317 -0.08625985241024936 -0.24683653716419787 0.15387046367857743 -0.08901579516696309 -0.16983317088051897 1.5776607963209281 
-0.31127070469597473 0.4719696061454605 -0.5029994590158124 2.5143161521167423 -0.4924262116297958 -0.23642438021116768 -0.7913936620752721 -0.6517713406257594 
0.0827715658286045 -0.5429969348043292 -0.15185649472131732 -0.11691647194239306 -0.1221580421563317 -0.3504333924342927 0.07815400654645228 1.123435763682811 
-0.4167877491560388 -0.7254848798058101 -0.08761305149507115 -0.24860983358700334 0.15384325893938525 -0.07899965583205955 -0.17221219636289584 1.5758641072994708 
-0.31274959672098085 0.47072916705147044 -0.5046057172801728 2.513230176650711 -0.49555991083065765 -0.23799839718179955 -0.7934570114587416 -0.63958871022195 
Ip_2II_5
-0.048267863626091166 0.01590839603110949 -0.011988040004174756 -0.06450784903947766 -0.030539883133922287 0.10279576982577653 0.06182200896830783 -0.0252225390210936 
0.021683805977484018 0.07566084505835018 -0.0019278076786272752 -0.03183498757538863 -0.0069611502837243905 -0.05143034249520628 0.05219675576223557 -0.0573871187648242 
-0.018384570988009694 -0.0593768743634619 -0.006187710922558654 -0.059915187224238775 -0.01241399162522286 0.1593091241062012 -0.01281701560615563 0.009786226623565243 
-0.03822395809040051 0.1375334022276424 -0.058842870909703755 -0.06291477490667743 -0.03886201389021926 0.08787784706288308 -0.006462425337674907 -0.020105206155578065 
0.000663535848399599 0.024809798128421923 -0.01836720465332535 0.0887102633396246 -0.028452931989263092 -0.030361256700354586 0.027299230916060877 -0.06430143488910645 
0.01741844528164846 -0.08217573365780649 0.05325174101722246 -0.038478494196720586 0.06762605165826184 -0.027864224868613317 -0.0231251606380432 0.03334737540322718 
I_0IIp_3
0.9334198728891111 -0.6972329722091927 -0.4151598673572438 -0.03080971162385406 -0.13621745709677005 -0.5876138953583271 -0.09301280942560484 1.026626840165893 
-0.10879575515693805 -0.6341247729655285 0.11693897824788055 0.5888174613768206 0.1626978195157437 0.039887258310188786 -0.12180254650987857 -0.04361844281851403 
0.5483683925691285 0.3842898514918711 0.5449170567300224 -0.6744111697355173 1.1548543206106732 -0.7446466233540228 -0.37238129894190725 -0.8409905293781356 
-0.2571509691001672 2.5946295521333935 -1.079244607270735 0.17119539956060023 -0.7456933934780827 -0.1866791698789982 -0.4438610423262244 -0.053195769634091145 
-0.17512612710783051 -0.851578635913921 -0.29318982522007536 0.07081589867585407 -0.12758230240935134 0.07071411836793354 -0.3686096550172024 1.674556528619728 
0.11556211253908225 0.009316465001201386 -0.7346975419783578 2.7313814109484227 -0.5616747436511756 -0.11349002957776039 -0.2692643562081369 -1.177133317069654 
IIp_0Ip_3
-0.01203646687025883 0.22976498475691795 -0.04743137040062168 -0.012162538363012603 -0.05017102572587553 -0.037675249237412785 -0.03000751174960769 -0.04028082240927007 
-0.00677658348030464 -0.042157178034047456 -0.015651030823990518 0.07307376971564632 -0.02435598915320491 0.0018486121849447727 -0.010892887920442438 0.024911287511424192 
0.011128404678216835 -0.040729570505535787 0.06265968477257321 -0.018177721940473252 0.017139882404725984 -0.012361436726486583 -0.007955344902348619 -0.011703897780916045 
0.0019142962400502557 -0.03971039158548171 0.009924529620506762 -0.039975867244163715 -0.021272661626840786 0.09570604614304877 -0.008444405512405415 0.0018584539649350545 
-0.03016789726688209 0.035407173929058774 -0.008424699927620665 -0.022218936728481603 -0.041764215027018464 0.048138855250229255 0.04763554228483497 -0.028605822513609724 
-0.02691644207198524 -0.059563189069353255 0.10932150115839727 -0.07507049015087996 0.008159557770065037 0.044808631331010575 0.04317017885757524 -0.04390974782459343 
II_2IIp_5
0.2140452900878058 -0.6003092118892004 -0.14806771271919875 -0.027276569161348747 -0.15846384161036206 0.0833897400735471 -0.18881770692527014 0.8255000121363296 
0.10601310669018907 -0.3799029604919813 -0.0148906971556096 0.04930527200682214 0.24131775179582485 0.041128774095753065 0.5538898094575123 -0.5968610563966174 
0.4625140399455607 -0.7847587611487199 0.21408968021188263 -0.247118980416655 0.8976951889706797 -0.5616354976475587 0.1294593673825478 -0.11024503730431945 
-0.53981384458913 0.4401138749824395 0.03744544345862309 -0.4462570899880746 -0.4971472746329583 1.116142691632187 0.3153216666039897 -0.42580546746381626 
0.18531353469296943 -0.6460488718207563 0.6305372020967319 -0.863414064045642 0.4691512224476808 -0.026610103914302383 0.15392299550441524 0.09714808503740449 
-0.31185950232609017 2.2122678252612644 -0.8058988757843611 0.05896463580584478 -0.423994379647382 -0.42757252878007884 0.0021464905675843047 -0.304053665085425 
II_0IIp_3
0.46289727771686356 -0.786438381318146 0.21171494430812576 -0.2464865655883581 0.8990003043850173 -0.5622230188305314 0.1288744321936895 -0.10733899287388618 
-0.5517459046085167 0.43720506130268316 0.03366928100958093 -0.4481718806639142 -0.49821315641301395 1.1427475481657776 0.3104183126903953 -0.42590926147231867 
0.1739545006399464 -0.6491045288764427 0.6265721005001477 -0.8680688146243772 0.46489765783091924 -0.03011901943779456 0.14787879633959014 0.13398930762317832 
-0.31197927236161216 2.2139552717211566 -0.8060070537875712 0.05232730131264536 -0.42390162117220653 -0.42562283126321143 0.0032262553767172437 -0.3019980498197427 
0.20643204823074032 -0.600320660684982 -0.14814079367922153 -0.025160030549935895 -0.15950460295669192 0.0843187238041775 -0.18740533038043586 0.829780646210979 
0.09881910811093976 -0.37954557103561964 -0.014427099315634245 0.04781924103242501 0.24517308090390222 0.03965374364670656 0.5536648470019842 -0.5911573503453085 
II_2Ip_5
-0.03777437998778091 0.13754692188319273 -0.05883018900970385 -0.06305018379987311 -0.03891451391736343 0.08786281224560452 -0.006419552655105053 -0.020420914758132614 
0.0010140685256225508 0.024791239620030124 -0.018355364093492418 0.08874478301941333 -0.028525469394284776 -0.030463494743133313 0.027356613730999846 -0.06456237666467728 
0.01776010478582336 -0.08218805524874727 0.05327233484614955 -0.0385090829250613 0.06764834209009467 -0.02789818515345642 -0.02310056134376409 0.03301510294869911 
-0.0478140883593364 0.015846841709732013 -0.01202914700337557 -0.06449704165443672 -0.030580450565646608 0.102721467774054 0.06182164943728969 -0.025469231338012495 
0.021944423672270928 0.07558808908630209 -0.0019885509747372583 -0.03189558523165612 -0.007035146915904017 -0.050995327725093124 0.05212653071455744 -0.057744432625311974 
-0.018122237347326424 -0.05945573150980758 -0.006253274718150656 -0.060004026277933796 -0.012559788782360227 0.1591907355783069 -0.012903091715279758 0.010107414772236112 
IIp_2IIp_5
0.039220599426017286 -0.11946592789527365 -0.07171876960179371 0.015441402135047121 -0.061073497444736426 -0.03952214089020835 -0.036430298464207575 0.27354863273429386 
-0.05533738998437882 -0.12457514163503781 0.2788550387123392 -0.17597593614072485 0.010186177167565147 0.004079275853218876 0.12173728270654488 -0.058969306678528635 
-0.09645597611641397 0.3917732869103713 -0.12082206080458929 -0.0658188564375259 0.0791015178062841 -0.07872699619372214 -0.04908611028728998 -0.05996480487599631 
0.03925627270612614 -0.1201040099095134 -0.07217594172099853 0.016684149373487656 -0.06097207781971568 -0.040025875444677804 -0.036797745335016084 0.27413522814949803 
-0.056101611296942765 -0.12503578629844161 0.2782381211735741 -0.17678437421676066 0.010173774645989463 0.008645589926933865 0.12065269540403188 -0.059788409337880044 
-0.09713019651612353 0.3912077761580055 -0.12155434691523262 -0.06631394789812119 0.07767287805957236 -0.07944458363970204 -0.050026782238065746 -0.05441079700828143 
Ip_2Ip_5
-0.043507135358910744 0.2768848516986538 -0.052779032833481426 -0.07290693934597735 -0.06602765805209501 0.023379248131295605 -0.035196438337037214 -0.029846895900979727 
-0.02500790144937409 -0.05913039090666262 -0.020621585886715046 -0.005830759990923413 0.10356164257272293 -0.02949489279292011 0.07903771447503603 -0.04251382602074114 
-0.024889065744296675 -0.056522981231522405 -0.041349859659408565 -0.06484774139598608 0.06921343195455404 0.13939400552225586 -0.024932613095756496 0.003934823650240761 
-0.04349676217432108 0.2766993082738532 -0.05291197072992763 -0.07254556953222166 -0.06599816694578645 0.023232770668602493 -0.03530328565343198 -0.029676323905855867 
-0.025230124042083843 -0.05926433855995128 -0.020800975041001528 -0.0060658400683168525 0.1035580361298846 -0.02816708612742334 0.07872233488743328 -0.042752007178038516 
-0.025085117598495483 -0.05668742216452432 -0.04156279603726642 -0.06499170559359901 0.06879800775291321 0.13918534326672066 -0.025206144540674987 0.005549834914794975 
Ip_1I_4
-0.054563770297499065 0.855576848674589 -0.24305408803400635 -0.11039768246638006 -0.03327606905931632 -0.1513787563692292 -0.15932490951918274 -0.10358157292520474 
-0.022651381549398806 -0.09439759703495297 0.1712485669864541 -0.15577020484600534 -0.1412718751762961 0.1354332509738352 0.04650804564426447 0.060901195002244835 
-0.1249812696419938 0.7716081427176956 -0.1936711132525991 -0.1198372356055716 -0.18293550930102645 -0.02407141096556014 -0.1324810599653969 0.006369456016767828 
-0.12328653497302605 0.16050101433122435 -0.0873322535148579 0.03358610086108546 0.05765181099850364 0.19546176463834583 -0.10097733884771287 -0.135604563492268 
0.1586175733531795 -0.07670230100783894 -0.094455198038101 0.23823003103314927 -0.030447438570655995 -0.11591546610241239 -0.08690737416613258 0.007580173497848712 
-0.15111557694902897 -0.15234381256242885 -0.028059243107699666 0.46199220805046737 -0.05455163413422443 -0.032774789495118306 -0.04440913227165819 0.0012619804696121881 
Ip_0II_3
-0.018162453276854864 -0.05954695469890026 -0.006380518875305455 -0.0599949005198974 -0.012505600938024584 0.15915079640299737 -0.012954260259975892 0.010393892165879898 
-0.03833975689184904 0.13741014936733917 -0.05901634170444628 -0.06316592484000404 -0.03896211151833572 0.0891317909339656 -0.00665095793421127 -0.020406847411485587 
0.0004226884101166342 0.024638484833177543 -0.018553833282346617 0.08852557183578057 -0.028734407217122216 -0.030563415638333286 0.02706305190265236 -0.0627981408436021 
0.017701088688851105 -0.0821149978589028 0.053258337941202875 -0.03884166417685658 0.06765573133085993 -0.027812126687422174 -0.023065505491557402 0.033219136253441334 
-0.048173967826102365 0.01584292116382947 -0.012042791482505906 -0.0644118115147971 -0.030626086924934404 0.1027665332602461 0.06188758280743459 -0.025242379482685904 
0.021545179807818633 0.07559403395933653 -0.001981239988426238 -0.03197033908296412 -0.006858849178563159 -0.0509640422461347 0.05210128721592647 -0.05746603048640719 
IIp_0II_3
-0.31803682261335114 2.2124991886697525 -0.8061474904329189 0.05926441708516751 -0.42340607027124577 -0.4268696372517974 0.001832937432592942 -0.29913652260841944 
0.2067683363480775 -0.5999535226985628 -0.14814016837722163 -0.027250849171376018 -0.15774277162138114 0.08542625584886472 -0.18926213743591297 0.830154857102594 
0.09963651061757031 -0.3794930092626478 -0.014886009405343457 0.049455518270449444 0.24205095073991953 0.03966326705323332 0.5536925769049805 -0.5901198049213187 
0.4566284722145766 -0.7841157769158218 0.21428185642443007 -0.2469089322847349 0.8988952537083346 -0.5604867358140317 0.12965711490422654 -0.10795125223863822 
-0.5468839388819531 0.44030011226973953 0.03732325887563177 -0.44547517237519435 -0.49637787801153177 1.1168136132602542 0.31498437344809455 -0.4206843685803342 
0.17876460018153909 -0.6457030427675057 0.6304497494701569 -0.8635006323180601 0.47023585559813724 -0.02585998167506021 0.1534771350670882 0.10213631644428282 
Ip_2IIp_5
-0.0068288879778967615 -0.042136615835996497 -0.015627883037132688 0.07307485460821618 -0.02435478332838589 0.0018432448130386702 -0.01088394927781834 0.024914020035702106 
0.011167411646791274 -0.04070196608181457 0.06269173337910894 -0.018153344221091924 0.017159507600107572 -0.01256500839518097 -0.007915461889056553 -0.011682872039110639 
0.0019447457772038235 -0.03968398280432864 0.009955318006408488 -0.03993350421600408 -0.021230225801628838 0.0957396863928516 -0.008400770166074488 0.0016087328115779093 
-0.030221802081576293 0.03539688845035198 -0.008424861270154104 -0.02216495069951615 -0.04175846649693865 0.04812988487060122 0.04762326850747839 -0.0285799612798478 
-0.026914896550792763 -0.05955883473602539 0.10932251765334099 -0.0750848232238247 0.008172608064458034 0.04480892032512752 0.04315696449150488 -0.04390245602367847 
-0.012036713631909259 0.22976845819117636 -0.047431834697896295 -0.012147836484796322 -0.05019374255708785 -0.03767199975836642 -0.03000494783601037 -0.04028138322412397 
Ip_1II_4
0.020806331164987736 0.07587592224340599 -0.0016862679804953617 -0.03189692900322202 -0.007006335157159022 -0.05075197265405442 0.052201300658168116 -0.057542049271179285 
-0.0178857441710395 -0.05906437561558326 -0.005818117617706169 -0.059686482296427285 -0.01227896947399676 0.156110463348794 -0.012379351374303887 0.011002577200598168 
-0.037523379536137415 0.13796859939843864 -0.058377364794661254 -0.062482543733336955 -0.03824410937041182 0.08841282005421512 -0.005762442111491105 -0.023991579906319706 
-0.00011009066197430569 0.024637352541206147 -0.018373472354919308 0.08958051081846438 -0.02842761504257171 -0.03050169440509937 0.02716585226578291 -0.06397084316032788 
0.01746588720610331 -0.082118760047311 0.053276514317428754 -0.03874998413781466 0.06790123498115044 -0.027872054293867885 -0.023329788275941697 0.0334269502495968 
-0.04802368052153271 0.0158912917573364 -0.012069826934014089 -0.06428419583066014 -0.03088637091437127 0.1027886365396041 0.06184182523799 -0.02525767933398689 
Ip_1IIp_4
0.010799019628419892 -0.040613050589791644 0.06279153749666967 -0.018180073941663082 0.01714000473964117 -0.012273116401757366 -0.007914999665445998 -0.011749321266391931 
0.002151726571838984 -0.039554434029970345 0.010108589717767963 -0.03983938189426015 -0.02117544724903098 0.09440112038060784 -0.008219599970116542 0.0021274264733708993 
-0.029926894428528642 0.03557925670661938 -0.008230247638462142 -0.02198647468304965 -0.041500308878016826 0.04835390559625508 0.047916332215857435 -0.030205568890432674 
-0.027238487652918895 -0.059631087052523075 0.10931984563093017 -0.07472038393158802 0.008182601005772136 0.04475022152278347 0.04310173638746945 -0.043764445909804064 
-0.012017210550770228 0.2297922111170554 -0.04742138584802536 -0.012261922024508971 -0.05007777651452861 -0.03767533605834605 -0.0300905803943672 -0.04024799972592341 
-0.006724711719837905 -0.042144490399344765 -0.01566289510226058 0.07316839028710857 -0.02449960588298686 0.0018397236554668708 -0.010875896353938291 0.024899485515530766 
II_1I_4
0.16532285627195037 0.29848159149846654 0.13330158528749564 -0.2002123793617211 0.4123643681617883 -0.16841349777533396 0.02756367561582399 -0.6684081996954273 
0.8307298426999824 -0.8542450280606009 0.305968501041755 -0.5949672940112227 0.8635692791920863 -0.667149664811609 0.31415911934916035 -0.19806475541161989 
-0.8105749522222953 1.3551374903937206 -0.6118271519300625 -0.7981249364495776 -0.4560439408580133 1.5637652422028867 0.4623884762991892 -0.7047202274302602 
0.28613388954700575 0.2507539436881345 -0.013424846808761225 1.26696439094591 -0.5146956405626169 0.06592158838260144 -0.2816438415983486 -1.0600094835896499 
0.382547053713403 -0.7058955614769342 -0.32188301451573803 0.008587454462088688 0.179033658140555 -0.7321523581634614 0.2363248927572777 0.9534378750767055 
-0.37321902506928434 -0.9101134194376245 0.1905252712295806 -0.4890609228820818 0.6676101367636386 0.3138993436856968 0.20199599128025028 0.39836262442348036 
