II_0I_3
0.8345672040474696 -0.8568414350826031 0.30335362457135073 -0.5967204018432428 0.8631502059463375 -0.6613697015980463 0.3125642386104838 -0.1987037346589024 
-0.816621982765957 1.3504172200491842 -0.6184691061758998 -0.8031963459860022 -0.4582107747191516 1.5602551582220865 0.48390928128406185 -0.698083449897436 
0.28980011961674296 0.24648117869428093 -0.017253546566322428 1.26289260530094 -0.5203780040509227 0.08914689765980928 -0.2846163253772065 -1.066072925273155 
0.3769753163481758 -0.7084183428512207 -0.3246192967220723 0.00497145185859559 0.20090590656624846 -0.7337211419749963 0.23432147595973107 0.9495846308110711 
-0.3669267141162249 -0.9100363327454886 0.1904789061676582 -0.4920866344468775 0.665927959228853 0.31433380981669584 0.2003626533494377 0.39794635274442447 
0.16466316758356023 0.29957844694710684 0.13086227104919473 -0.20075344595138156 0.4121335404306693 -0.16670426604886715 0.02729853835083883 -0.6670782523592949 
IIp_1I_4
0.5536996315136362 0.3838187206003557 0.5446611467180197 -0.6739868120620933 1.1564153077136694 -0.7452344590528546 -0.3711190846946827 -0.8482544507371299 
-0.26309579991976334 2.5911910102208133 -1.0838626292184481 0.16994840411725556 -0.7460039492742252 -0.18880265942532953 -0.42469064857076716 -0.05468372792134718 
-0.17394118722982074 -0.8553685272516469 -0.29638434977078476 0.06864911045157265 -0.13170113826078617 0.09000466082718321 -0.371915838321326 1.670657269550513 
0.11085939347318528 0.007395621665578117 -0.7370427397788185 2.72832714494243 -0.5435007080521437 -0.1147180550889565 -0.27132187445723904 -1.1799987826982383 
0.9368314304596035 -0.6965002762699807 -0.41460471913829217 -0.03290731923043353 -0.13834162208950723 -0.5867049152648354 -0.09414693453228559 1.0263743560561995 
-0.11016301900821986 -0.631782536471615 0.11649736105669248 0.5890286777172843 0.163039356989164 0.03498005848663993 -0.12067831369257045 -0.0409215850789808 
IIp_2Ip_5
-0.02991131159017982 0.03536180943692116 -0.008458393072431247 -0.022246378325725354 -0.04177491075572386 0.048073743889748645 0.0476347322856034 -0.028679291867585097 
-0.026896574253941794 -0.05965753763875658 0.10919245891865689 -0.0751597797055253 0.008127422454289095 0.04474073607313117 0.043732829883784574 -0.04407955573158759 
-0.011870936723875139 0.22964822137370156 -0.04751919024667116 -0.012212727128997358 -0.05031963390798043 -0.03714097071171799 -0.030082141201468043 -0.0405026214521259 
-0.006773766841176272 -0.042217841138109544 -0.015710484469606583 0.07297174380660207 -0.02383299836858622 0.0017765515107311092 -0.010943661705683382 0.02473045720590733 
0.011418974562255407 -0.04072991173306969 0.06266156165527884 -0.018236331148766525 0.017066441912205625 -0.012361392754673742 -0.00798235838907503 -0.011836984104497808 
0.001974847093812406 -0.03967485249089924 0.009886936515959427 -0.039987485575840684 -0.021294396504300993 0.09574341413020641 -0.00844055069786581 0.0017920875286311466 
IIp_1II_4
0.18411953515453627 -0.6473410635570814 0.6289363659413423 -0.8643786463999732 0.4702707187522572 -0.02793846824525794 0.15325845384291992 0.10307310450886062 
-0.32288935140144687 2.208921167374695 -0.8114922768795262 0.055606365102580046 -0.4239939160932785 -0.42900574225583055 0.02504104970800343 -0.3021872955458779 
0.20872025515546974 -0.6044910940235035 -0.1518080961650264 -0.029099818343671598 -0.16318015187854532 0.10710660952364447 -0.1924430124779203 0.8251953082049571 
0.09445706408181959 -0.3817076273830364 -0.01739742541198257 0.04545323670664499 0.2646673936252904 0.038275088609243696 0.5514379432131106 -0.5951856734368238 
0.46294077710555365 -0.7840371755703918 0.21414695016025664 -0.24906548752909097 0.8963620583911787 -0.5600449828386845 0.1280503838699451 -0.10835252359256335 
-0.549501365105124 0.4421023325370248 0.03567314952047427 -0.4461376147252709 -0.49655216022019866 1.1190280666789196 0.3148655946872925 -0.4194780033705978 
IIp_2I_5
-0.09315343734507522 -0.6339333938899682 0.11822096485179233 0.5892129026652961 0.16138497517315764 0.031456899548567285 -0.1199336926560816 -0.05325521834725911 
0.564442154824739 0.3846487825163849 0.5464288424812236 -0.6733590209925675 1.1544416719615618 -0.7451225489505612 -0.37126033935344255 -0.8602195424986884 
-0.24430573942274295 2.5937783311644718 -1.0788297175010577 0.1727731222075075 -0.7471281682223467 -0.1897012737019113 -0.4433928434924326 -0.0631937110226182 
-0.16014818401416567 -0.8520429454664694 -0.29277619445442793 0.07014909715878331 -0.12990301383083402 0.06907756818310541 -0.36825876864815743 1.6639024410634227 
0.13013278621505386 0.008661330296418844 -0.7345159155454692 2.7316414734300962 -0.5641323267382187 -0.11515752304905187 -0.26844705167223276 -1.1881827729370813 
0.9464067587125133 -0.6974190158972938 -0.4141592020520804 -0.031148963733698357 -0.13803806067532123 -0.5889666918955025 -0.09214446520215444 1.0154696407354178 
II_1II_4
1.3772468570705971 -0.5856963222816443 1.3280046609763831 -0.6945067924111363 0.2202887748288445 -0.9467347311837335 1.1117654518315503 -1.8103678988279004 
0.4183807064990295 -2.0429917862255795 1.2845937629040676 0.023886942256202606 1.9200858093202953 -1.5289567493337433 -0.1009937309826979 0.025995045548831575 
-0.8752180102106071 0.15137469334600484 -1.3520272962718096 -1.2096875126041313 -0.722503537300392 2.9954487161561425 1.7482124540703297 -0.7355995071681741 
1.3956671157042497 -0.5844607755568733 1.33003724222375 -0.6889168299960696 0.18203883624765563 -0.947614209580176 1.1156739699908544 -1.8024253490352082 
0.3991806767212796 -2.0495594551755905 1.2754306383186576 0.021837192852708714 1.923477489864129 -1.5336100239408055 -0.05844386189690733 0.021687343247731597 
-0.8676825230051772 0.14026542792674704 -1.3557653802899632 -1.2120772519804994 -0.7315669885404614 3.030914391688804 1.7424759908180893 -0.7465636666165898 
I_1IIp_4
0.11847663751673218 0.008438587287955823 -0.7356480144387721 2.731321448453457 -0.5622895227237142 -0.11459470171977106 -0.2693450699265676 -1.1763593644480588 
0.9286340379700213 -0.6987421656430919 -0.41764579246552913 -0.032941633798533626 -0.13652425076272426 -0.5883983381602927 -0.07944968182960715 1.0250678246768774 
-0.10693126457715488 -0.6359853323313966 0.11568244799259099 0.5883791368122245 0.16006413096495478 0.04629932882695605 -0.12259223338157288 -0.044916214309570324 
0.5461046546259604 0.38384131999816684 0.5443772813488054 -0.6756089335944658 1.1692148940435851 -0.7443847955961537 -0.3723700981302811 -0.8511743227017288 
-0.2554370038142604 2.594372976889299 -1.0793364105552956 0.17160685844070633 -0.7469875697670593 -0.18665321329314039 -0.4451328595404478 -0.05243277835417918 
-0.17693255368413416 -0.8503968265276278 -0.2941121965213995 0.06997311639268967 -0.12719138671912822 0.07203489118083233 -0.3690923464429085 1.6757173023166756 
Ip_0Ip_3
-0.025021863419867615 -0.05674238919563079 -0.04159060315446795 -0.06511221360434757 0.06895489161298571 0.13912053796966603 -0.025228213778788342 0.005619853570361794 
-0.0433319220808718 0.27666738126100693 -0.0530640333281405 -0.07300253331849993 -0.0660357026277319 0.023234755901854587 -0.03458569620833895 -0.02988224959801238 
-0.025242370695440625 -0.05941960086941502 -0.020917116265467606 -0.0060188206537513025 0.10331273485649109 -0.027522096119848537 0.07871120705571667 -0.042903937307693464 
-0.025321713061072143 -0.05676250173856729 -0.04162369002748052 -0.06520320843011285 0.06957753381285525 0.13913485434199438 -0.025291837628566537 0.00549056273067848 
-0.04301937912727525 0.2767742914416502 -0.05291487366249115 -0.07296916697791912 -0.06609091326370832 0.023310503085918425 -0.035278333767398765 -0.029812127727577294 
-0.025365035267135582 -0.05923876142982326 -0.020856266785956663 -0.005979919870241805 0.10346027201408284 -0.02809941537985988 0.07880458665916242 -0.04272545993989194 
II_1IIp_4
0.08394037083949987 -0.3744076453480045 -0.010218973339932715 0.05253433733084657 0.24179420022201425 0.04610556535904664 0.5546312920929677 -0.5943791471557036 
0.4700252261507629 -0.7731552200458074 0.23063507947979775 -0.23565759098199265 0.9006674062944124 -0.5539151380691419 0.060148985093671906 -0.09874874793048398 
-0.5520636132060391 0.45433073715884026 0.04880467721344539 -0.4396772612495081 -0.47975033903446607 1.0484229675410441 0.3250359288965668 -0.4051030973114433 
0.194971276124274 -0.6386077846588136 0.6384727153449976 -0.8508129058746037 0.4030256567237015 -0.021128231037786247 0.16098588201165764 0.11309339136228931 
-0.33807791064150794 2.2121842938330847 -0.8056338367935708 0.06663644838684335 -0.4157540467481094 -0.42827393202483677 0.006499657016861526 -0.2975806730214892 
0.21489955438179398 -0.6051500007005773 -0.14301293551111532 -0.0254116837402737 -0.15689239378896613 0.07764349267134427 -0.1889272665684358 0.8268512332505515 
Ip_2I_5
-0.15155402715608307 -0.15223321768593667 -0.02793545794434837 0.4619728602135569 -0.05442289565561186 -0.03263174113909349 -0.044405614791865645 0.001210094159237809 
-0.05391165702365229 0.8557358271658899 -0.24277964005048402 -0.11012483430362412 -0.03322929143160266 -0.1512989904404202 -0.16105507495159707 -0.1033363389626004 
-0.023015915086961363 -0.09420722054702377 0.17135065710300587 -0.1557534246296301 -0.14096119415904476 0.13502477742189503 0.046536757389497786 0.06102556250975674 
-0.12482284423094918 0.7716153209385108 -0.19366285762062702 -0.11975554308096857 -0.1848261056194185 -0.024163587622230785 -0.13257080961011258 0.00818642684733441 
-0.12346016395658968 0.16055682977761387 -0.08732114268140061 0.0334291974476926 0.05781475512975923 0.19548267786807128 -0.10079803326035104 -0.1357041203238525 
0.1587839701321356 -0.07685700560876234 -0.09434186299163352 0.23836815976371561 -0.030518489904819653 -0.11607583685037617 -0.08682339393918596 0.007464459398921342 
IIp_0IIp_3
-0.09704197290714521 0.3910070347713595 -0.12167272738116695 -0.06673620889829877 0.07823901907681513 -0.07967134771913789 -0.050114814487925714 -0.05400898245330334 
0.03956658876002439 -0.12025169124255033 -0.07277263919867985 0.015070100097585908 -0.061084164808418655 -0.040024534539458444 -0.034040404760159196 0.27353674569058617 
-0.056319084584743474 -0.125620469275836 0.2777859480444005 -0.17664346108277462 0.009283542582665446 0.01118087061779383 0.12056171584521093 -0.060229062146814415 
-0.09821110193648248 0.3909286149417796 -0.12180173478480258 -0.06709100236033462 0.0806667327401003 -0.07961552745382032 -0.05036288711993798 -0.054513094024925164 
0.04078520966136332 -0.11983484300068528 -0.07219105806201255 0.015200197159723606 -0.06129943389119237 -0.03972919240912336 -0.036741033895228134 0.27381015443645135 
-0.05679735999982171 -0.12491536708628645 0.27802320326567403 -0.17649178494557438 0.009858797477824968 0.008929873406680566 0.12092580767723426 -0.05953316979553176 
Ip_0I_3
-0.022523497475682355 -0.09466247078603349 0.17096732506171655 -0.15596306676206315 -0.1413538721468104 0.136550322417196 0.04627376038304081 0.06071149930904958 
-0.12553139656503715 0.7711892618816494 -0.19423459578404975 -0.12031463005102165 -0.18322900607554596 -0.02443097924316013 -0.13115877649199612 0.0077101223313615005 
-0.12285853897026516 0.1602452196114937 -0.08759444911509894 0.03311398226183519 0.05724788680121455 0.19708944607734863 -0.10114368863339195 -0.13609985802970992 
0.15821959061221094 -0.07688957305484129 -0.09464762231535791 0.23803654234474025 -0.02899650478521845 -0.11602224007382118 -0.08699891059584236 0.007298717866192682 
-0.15071205236443022 -0.15234414886057507 -0.028054412970116144 0.4617332829689657 -0.05458685381435154 -0.032750434437383506 -0.04452894264720247 0.001243562125272869 
-0.0544272622103838 0.8555893528362881 -0.24329285822750546 -0.11043159453558242 -0.033289607276882446 -0.1513081394807459 -0.15936318530561136 -0.10347670579699998 
II_2II_5
-0.8538751116640757 0.14176598848026514 -1.3590787167715697 -1.2138967945405978 -0.7338825903585285 3.031875491604227 1.743014848490935 -0.7559231152343316 
1.399916682658394 -0.5910855540534297 1.3230281737359681 -0.6983023425280438 0.21832784043757997 -0.9532398071600517 1.1234175101563413 -1.822062503252785 
0.42713471688575055 -2.0523630785686846 1.2736021819070082 0.01628010121026618 1.9144286870495328 -1.5234478192755412 -0.06202586146606832 0.006391072241958505 
-0.859102260637568 0.14141537522793196 -1.3596555059028528 -1.2154830679408049 -0.7230283384619564 3.0321250627256173 1.7419057214647777 -0.758176986464806 
1.4053651086530914 -0.5892218351603521 1.3256284096091295 -0.6977206815577729 0.2173653773251838 -0.9519193392942438 1.1113430594695592 -1.820840099043974 
0.4249963585159703 -2.0492105829125973 1.274662944538986 0.016958241727598664 1.9170006384418228 -1.53351197598274 -0.06039801526754 0.009502390923192324 
I_1I_4
-0.31307767096954947 0.4706283235710818 -0.504514628715892 2.5125051345279625 -0.49443885860264813 -0.2381030942035464 -0.7935665491242475 -0.6394326564786059 
0.0851614881288067 -0.5425225631923813 -0.15192050812932567 -0.1196470486489593 -0.12235601726298638 -0.35000992517468094 0.07899714337342782 1.122297430903003 
-0.4169791167267372 -0.7257437591663328 -0.08772802086243392 -0.24787253403791573 0.15305404736918357 -0.07867403942428113 -0.1716169361407172 1.5755603589861982 
-0.3132239301522401 0.47061851317398673 -0.5045307676678831 2.512460749519665 -0.4941351492533998 -0.23809611103372935 -0.7935975832525375 -0.6394957213281734 
0.08531393879300991 -0.5424704150705373 -0.15184775176153512 -0.11963077337961094 -0.12238294763550048 -0.34997297758599877 0.07865929203226193 1.1223316346038759 
-0.4170389494475491 -0.7256555501936436 -0.08769834000216825 -0.24785355920460464 0.15312601231859402 -0.07895564137223814 -0.17157138789663323 1.5756474157991374 
I_2Ip_5
-0.12537730908836947 0.7716589577124501 -0.1936227036054225 -0.11993382819422466 -0.18329219166352959 -0.0240396255047804 -0.13268961474912316 0.007296315095779738 
-0.121655748396601 0.16108841984194983 -0.08650055095665599 0.03378296689951204 0.05763657849519156 0.19577648776324133 -0.10436110463370128 -0.13576704901195205 
0.15896714042306212 -0.07605564275345585 -0.09387720120080686 0.2386063369374472 -0.029787217352472743 -0.1194142834394095 -0.08628995782587119 0.007850825209780272 
-0.1497188989106797 -0.15202929793269854 -0.02763162456243457 0.4625197405770123 -0.057851007001844076 -0.03262187055261833 -0.04401738209700206 0.001350340481467337 
-0.0545979914386215 0.85541541744361 -0.24314774712446824 -0.11003697138089463 -0.03296747769502054 -0.15160883292215696 -0.15909830669020744 -0.10395809019023788 
-0.021855193469693487 -0.09484702225640702 0.17133039086117946 -0.15582525964615332 -0.14140569014469287 0.13628716382489722 0.04632602300622819 0.059989587825336886 
II_0II_3
0.42737610430863393 -2.0545481743568628 1.2704379613144268 0.014556192113909778 1.9195954482982398 -1.539384812835521 -0.06183836785634132 0.02380564899686664 
-0.8867137674646447 0.13165722414419187 -1.3759386950161274 -1.2246605231641707 -0.7338608652117571 3.027713518026325 1.8159503930099639 -0.7541472843128945 
1.391896407622331 -0.6033672364921523 1.3132694162997767 -0.7023902866104859 0.203043866005904 -0.8778954984208257 1.1006451748325379 -1.8252018432476211 
0.3934091734413838 -2.0568265207695515 1.2666898843693577 0.004248309327041416 1.9901282809428833 -1.5377630559161097 -0.06904566981376155 0.009159598413066983 
-0.8513089397101103 0.14376799639911697 -1.3590419062404417 -1.2208807881630388 -0.7401151193373371 3.0362941498205096 1.7374884945969498 -0.7462038873621466 
1.3780009798710877 -0.582881766773924 1.3201624379399017 -0.6979836105827599 0.21975685727123678 -0.9432941539440234 1.1112232049538942 -1.8049839487343995 
I_2IIp_5
-0.16497345838711697 -0.8522316656514053 -0.29332266762853665 0.06988370990167911 -0.12815828062759752 0.06921956746523086 -0.36868679375542096 1.6682695886780539 
0.12368289657194569 0.008140165038125544 -0.7358139087406866 2.7308649718753952 -0.5636610628033967 -0.11495030694150671 -0.26371628300356276 -1.184546471987526 
0.940923031314163 -0.6980850654421684 -0.41516903959623463 -0.03147231285174409 -0.13854370407365849 -0.5832110831159859 -0.09315124183442262 1.0187094155824061 
-0.09984167402925694 -0.6342470730687042 0.11746892332297204 0.5883821656207966 0.16699817707669304 0.03168784628446997 -0.12075701199728489 -0.04969135320627103 
0.559934090894348 0.3847918489592265 0.5460575765429875 -0.6739282178636727 1.1545699128613613 -0.7444447164748946 -0.3708329197323182 -0.8561475751887464 
-0.25055158036796343 2.594235834942569 -1.0794614979398347 0.17269146320347245 -0.7467171649860017 -0.18753254272638856 -0.4438194537400563 -0.05884505837704625 
I_2I_5
-0.41312321413430775 -0.7256597190914781 -0.08737204884416865 -0.24780997910224747 0.1525262355720151 -0.07921872524685962 -0.17132012105757488 1.5719775719042535 
-0.307802531123057 0.47097292950508085 -0.5036021055832747 2.5129544858480357 -0.4949333581660472 -0.23828906581809137 -0.7967930563623158 -0.6425072982901909 
0.08963472342509571 -0.54200193817629 -0.15119605958433138 -0.1194120116523558 -0.12210615856015263 -0.3539162957502291 0.07939913614737447 1.1195986041443684 
-0.4115318508062043 -0.725552977716175 -0.08719645004747446 -0.2473270509651491 0.1492217461618982 -0.07929470516140713 -0.17098245628408415 1.5726637448141008 
-0.309461260455326 0.4704055353258276 -0.5043937264143495 2.512777403858785 -0.4946403440374666 -0.23869107160544725 -0.7931170872764718 -0.6428794493884211 
0.09028572937748182 -0.5429616900415483 -0.15151900020804984 -0.11961846606055318 -0.12288916840855907 -0.3508523444452364 0.07890355150746711 1.1186513882768607 
I_0II_3
0.3862091383667705 -0.7072365287079961 -0.323014507226817 0.008495365216372086 0.17859036699043346 -0.7336471288891496 0.23666190671593715 0.9539413875276158 
-0.37682385000170543 -0.9128275079767751 0.1866764376658188 -0.49225434089630943 0.6680667024861789 0.312245207428522 0.21862843315102076 0.3962889181434957 
0.1685628539178692 0.2944230548251032 0.12976108399599368 -0.20159335070476675 0.4084070747109416 -0.15246382319437335 0.024907379448746377 -0.6720042729978525 
0.8253569221728908 -0.8568967670955493 0.30292320161650915 -0.5987936871784203 0.8791341199831791 -0.6604150716202403 0.3109910915804715 -0.20229980946721868 
-0.8072942341908825 1.354202215698963 -0.6130965883109459 -0.8013116496051913 -0.4594681025791822 1.5628258541642095 0.45957011065328673 -0.6954276058217782 
0.2861545639595702 0.25244943307487644 -0.014611810606094119 1.2644455334699163 -0.5150292857797096 0.0678757542116156 -0.281263595104444 -1.0600205932214852 
IIp_2II_5
-0.5462184262658614 0.4404502298354698 0.03752311887207585 -0.4454813265871523 -0.4964697412307775 1.1169051562949452 0.31499540668633347 -0.42170441759651434 
0.1805778047426223 -0.6453345087995095 0.6310812650555185 -0.8630312885771921 0.47002040880367085 -0.025744148576015313 0.15090264611972895 0.10152782122476216 
-0.31727641637730425 2.213072248737654 -0.8055760572056399 0.05945479560016244 -0.4229343912759518 -0.4295445374601795 0.0023080657300028422 -0.29950370773734686 
0.20884597681499387 -0.5996063958481149 -0.14765141254246342 -0.026684415845753717 -0.160367327460674 0.08431853794103769 -0.18872098889088784 0.8298660258259951 
0.10034530637537008 -0.37941858039669446 -0.014678994368972919 0.049912678571440446 0.24241732152445672 0.03964990884710386 0.5541739844204241 -0.5924016249715666 
0.4578973593688766 -0.78443864251542 0.21449124154124213 -0.24656646499218515 0.8987914094603279 -0.5609362929748035 0.12966013099227036 -0.10889874088492434 
I_0Ip_3
0.15798492540395082 -0.076538897747285 -0.09429183519654354 0.23843551618848563 -0.030555702101148854 -0.11567560914571474 -0.0868004022986464 0.007442004896233719 
-0.15064492787329126 -0.15193402812905937 -0.027422451483872998 0.46231952548713595 -0.05434436991548425 -0.03253218425247752 -0.04706700985030918 0.0016254460188175836 
-0.05444361927647759 0.8560002781920786 -0.24274187661383778 -0.11016790197105167 -0.03264195288707405 -0.15406483380718258 -0.15897450424480408 -0.102965589389018 
-0.022273496768401155 -0.0942792863050727 0.17137659258318955 -0.15541701223374282 -0.14391948538114568 0.1368738128881844 0.04657510792737551 0.06106376729001222 
-0.1259694549924382 0.7714265769347946 -0.1938437304875744 -0.11978231965697085 -0.18289728173843123 -0.02433516401677425 -0.1325772898566066 0.00797866381613958 
-0.12267662554107338 0.16036384275763144 -0.08714182235917647 0.0333147970324055 0.057657067563378774 0.19526590933818153 -0.10090594292448335 -0.13587722586554069 
IIp_1IIp_4
-0.05673267716774852 -0.1250835829827163 0.2782180484255074 -0.1764145066382417 0.00990537663699068 0.008730167149839782 0.12092572015420486 -0.059548545577764 
-0.09773623065138609 0.391235708231191 -0.12145105413306266 -0.06658710962676367 0.07824823597670852 -0.07939962749018005 -0.05035454480401937 -0.053955377501061164 
0.03988092421761635 -0.11979011758812795 -0.0721367866471522 0.015494704896209608 -0.06093859151010665 -0.040017277971344974 -0.03654220473243365 0.274049349333983 
-0.056613856174425874 -0.1250756130137134 0.2782311597139413 -0.17637844824726637 0.009658643093061551 0.008724494021280173 0.12095093228723477 -0.05949731167951202 
-0.09786008160563336 0.3911933430850713 -0.121510161422856 -0.06660033165938935 0.07827011421731545 -0.07942964371971667 -0.050080074298066705 -0.05398316459552088 
0.03992953233403696 -0.11986177857703782 -0.07216089938427281 0.015479289737812391 -0.0609970558508247 -0.039788504484569574 -0.036579208135761855 0.27397862435992126 
II_0Ip_3
0.01764308433333598 -0.08225500119394469 0.0531881975904213 -0.03855625779543219 0.0676865493214668 -0.027963589817031814 -0.02314078887534925 0.03339780643592698 
-0.04835711904793992 0.015698191459307658 -0.012285455112087123 -0.06467326644366957 -0.03056515059342428 0.10266348163388973 0.06287188094478374 -0.025352562840078127 
0.02167384981286291 0.07538922704699486 -0.002170607483617976 -0.03197293999032745 -0.007249596007650894 -0.049907740939819645 0.05195935922286887 -0.057721551660853646 
-0.018721026807849678 -0.0595479043602 -0.0063816101832232805 -0.06019344536131775 -0.011482645690812794 0.1591585474100947 -0.013034677813125386 0.010202762806273039 
-0.03780518747778365 0.13756462661425778 -0.0588485010519114 -0.06315484659445612 -0.038988230542472996 0.0879219870894552 -0.0065084059870050915 -0.020181442049493948 
0.0005322406755938577 0.024882196712462574 -0.01844619404732307 0.08872010835305875 -0.028498519837818287 -0.03025896478582956 0.027327560331523688 -0.06425842740113864 
I_1Ip_4
-0.12356240443092914 0.1607482068145155 -0.08716576236959925 0.03335469823827643 0.05761004036508086 0.19574847307199347 -0.10088575778545728 -0.13584749390282283 
0.1590930693588176 -0.0763220665765882 -0.09386239945861109 0.23872810267385974 -0.030472892430977346 -0.11567050647201711 -0.08937744131597578 0.00788413422024144 
-0.15135684021310455 -0.15183916713763165 -0.027623782009023923 0.46211885722116847 -0.05380331435980551 -0.03529619893769269 -0.04405063462298673 0.0018510800611301929 
-0.05365188405454386 0.8557271201710646 -0.24288366987286367 -0.10992897652002516 -0.03573584464847411 -0.151287176430509 -0.15908470210273853 -0.10315486653988178 
-0.023614378804596794 -0.09456435307436939 0.17108531635102808 -0.15562610913682923 -0.14108386089581285 0.1366396611035641 0.046459874351180784 0.06070385010588482 
-0.12492655570252291 0.7712464628526896 -0.1936765955481761 -0.11999990850797297 -0.1831606710682967 -0.024522749012895324 -0.13274875168528005 0.007788768675706908 
other
-1.3063763890529894 0.8464180842423373 2.206445972025841 -0.5394460971037395 -1.9542074214455503 0.6280247659542223 -1.8723514243133468 1.9914925096917149 
-1.3043744163519984 0.8468298405408456 2.2072483252146298 -0.5388999038768352 -1.9540560689038549 0.6280497314047512 -1.8770974596578178 1.9922999516431836 
-1.305651958568452 0.8470320312735593 2.2069181080798432 -0.5392423605535658 -1.953054909690552 0.622973986942921 -1.8717131317835547 1.9927382343024396 
-1.304206271745517 0.8465636457887211 2.206685433361937 -0.5387875355478974 -1.9587137020236958 0.6279211533324952 -1.8718909561368415 1.992428232968633 
-1.3066363996264025 0.8460560939634347 2.2061688042554746 -0.539141387819029 -1.9536564901150189 0.6275015223933202 -1.8720845980495284 1.9917924550048571 
-1.3047641919227155 0.845723232650082 2.2064777189968248 -0.539523899204471 -1.954122687987088 0.627152249465806 -1.8723889528140398 1.9914465308232299 
Ip_0IIp_3
0.0022693804154673486 -0.039823952252404454 0.00982173094295676 -0.040036288884329856 -0.02126073904249646 0.09556273653753096 -0.008461380565149943 0.001928512848045125 
-0.030483508440268696 0.0351559959396847 -0.00879821156131063 -0.022470348836661862 -0.04180238009665395 0.04798796212737442 0.04922048386191752 -0.028809992993463544 
-0.0268004324309459 -0.059882845203359736 0.10905912785646756 -0.07520346553564095 0.0077799111529413085 0.046371349203466944 0.04293894719254367 -0.04426259223518116 
-0.012414107643936677 0.22960497194145668 -0.04761308076868433 -0.012450503739603398 -0.04863832762695695 -0.03778146176827861 -0.030178382261810282 -0.04052910813170718 
-0.006325391777236365 -0.04214522062590081 -0.015657527895978317 0.07290727889610814 -0.02452898936302552 0.0018635609422759892 -0.010995592306298875 0.024881882130110927 
0.010947565258001722 -0.04060503030460337 0.06254905741369282 -0.018213573457649367 0.01712670278718305 -0.01220617067309228 -0.007954477886909804 -0.011644073137040141 
Ip_1Ip_4
-0.024742884457487804 -0.05945865728012995 -0.020964763082122095 -0.006062816362371927 0.10348418724024076 -0.0283769746897956 0.07878204084204349 -0.04266013221020398 
-0.025641796980947016 -0.0570759256432943 -0.0421120118664791 -0.06546245957082078 0.06889003643358806 0.13895082468632558 -0.02282908449172987 0.005280417433143679 
-0.04302476594079167 0.2762877906768773 -0.053306445983067975 -0.07310294550393556 -0.06658939498937404 0.02565285643784063 -0.03558381905399878 -0.030333275642069443 
-0.025847820633910456 -0.05953277134662433 -0.021086687133016365 -0.006398129335963156 0.10577860349828129 -0.028324219323182753 0.07854758902484757 -0.043136564749677996 
-0.024490086360954386 -0.05668196510435446 -0.04156236334926561 -0.06533950569082952 0.06868658703553378 0.13922995059630608 -0.025381431371905325 0.005538814245339182 
-0.0434767808983504 0.2769541781308094 -0.05308221762990169 -0.07295959738175112 -0.06604572536160595 0.023525453739434283 -0.03523971825202762 -0.02967559234586927 
IIp_1Ip_4
-0.02688823359111326 -0.05957250119715321 0.10931244335372126 -0.07507465323995717 0.008158810624848389 0.04479698650220436 0.04316886440958899 -0.04390171686203202 
-0.0120716575707897 0.22974531841919027 -0.04746146522457725 -0.012183916980803783 -0.05017405621055084 -0.037686511055915 -0.029871528366348092 -0.04029618300961313 
-0.006766420764939578 -0.042182045369736645 -0.0156707831019376 0.07306429732419106 -0.02438642795906414 0.0019633358117966764 -0.01090949282092868 0.02488753688081269 
0.011096823607195777 -0.04074070320951831 0.06264679848364554 -0.018198806627022772 0.01727519471159163 -0.01236707115561976 -0.00796598878265005 -0.011746247027771516 
0.0019445341129179898 -0.03971041404076118 0.009923664432639513 -0.039985046300731214 -0.02128679666530098 0.09570848488729737 -0.008454634521522866 0.0018602080952379388 
-0.03018657107822166 0.03541813832304557 -0.008434339586398245 -0.022223686844766884 -0.04176389108934419 0.04815221780386523 0.04763387594617267 -0.028595743474028656 
II_1Ip_4
0.0007756581237069492 0.024762628779816186 -0.018404723256063613 0.08872442160428418 -0.028483058308507822 -0.03040866769969981 0.027324343402565583 -0.0642906026458336 
0.017294453977900588 -0.08226412308140599 0.053131382858154656 -0.038596360645948694 0.0676656559320142 -0.02791873465895871 -0.022596626462840247 0.03328435208054237 
-0.048107776708292804 0.015759265019899632 -0.012123255840744354 -0.06455091760830778 -0.03066547964990919 0.10329031080426954 0.061730965322102406 -0.02533311133797224 
0.021470018166131824 0.07554922588161275 -0.0020566954330582723 -0.031979709608959586 -0.006480900727507035 -0.05099094362093653 0.05205675198549079 -0.05756774664243223 
-0.018321865991817406 -0.05943624015351584 -0.006261676322142872 -0.06005713996492515 -0.01256838256574098 0.1592422083389225 -0.01295552784773434 0.01035862450669276 
-0.0381683839186618 0.13759926018590674 -0.05888052194941862 -0.06305516226602184 -0.03887692033730386 0.08795037152361361 -0.006438506383586021 -0.02013013685398944 
I_2II_5
-0.8123382726471858 1.3544271643735601 -0.6126495032019988 -0.7993422778945535 -0.457772833264142 1.5628319293674648 0.4607787846135923 -0.6959349913355318 
0.2899756596382086 0.251943947869323 -0.012181978905420252 1.2656559580757316 -0.5148256149411284 0.06666691838414766 -0.2863659084631143 -1.0608689816568535 
0.3828880457636686 -0.7050475892263895 -0.3210613796712778 0.009605283953373874 0.1795955314566941 -0.7373438691696419 0.23762460100024715 0.9537393758856642 
-0.371431034636027 -0.9096898780727388 0.19122732949329205 -0.4887004881050077 0.6633763790371412 0.3140871979372178 0.20251290709789932 0.3986175872485803 
0.166734178376535 0.2977207739171381 0.13256821454376655 -0.19964747786074957 0.4128491714334259 -0.16913925568346444 0.027731354528289936 -0.6688169592533365 
0.8307332327376695 -0.8556318505021112 0.30524298340380057 -0.5956513212650631 0.862933509965019 -0.6598774958242397 0.3128472350822949 -0.2005962936016342 
I_1II_4
0.29197190339972856 0.24995214866024218 -0.014522206629570331 1.2641538729797048 -0.5147253544187523 0.06473964798309276 -0.28140067645099803 -1.0601693355205677 
0.3790168978532834 -0.7087583662311182 -0.32595342134992755 0.006495701915024797 0.17804290476805532 -0.7337702889528238 0.2539044545059678 0.9510221174861246 
-0.37225245749949676 -0.9136193899730161 0.18779155067838268 -0.4910666985470197 0.6644196122346558 0.33065508432991053 0.19942309528655316 0.39464920349063326 
0.16333651235223734 0.29605241245055175 0.1305470605570355 -0.20327661789077903 0.4288841601814203 -0.1700860976434653 0.025501041426335438 -0.6709584714310278 
0.8341036892128937 -0.8550891824903167 0.3047588469744393 -0.597573249196258 0.8611051864766437 -0.6589147156130986 0.31165586262589906 -0.20004643799407953 
-0.8139950036120362 1.3554139169394692 -0.6142212002013892 -0.7999599454124124 -0.4578137431986434 1.564102710430137 0.46065203360737556 -0.6941787685443532 
II_2I_5
-0.36164528599140744 -0.910679430410355 0.19089526896708894 -0.48985109649278996 0.6669737301773883 0.3125281026290624 0.20248648011085912 0.38929223100476334 
0.17967705063452608 0.2973890844901078 0.13299767392215095 -0.20027730744658223 0.4109116597632795 -0.17023008859647937 0.02678024521334971 -0.6772483179791952 
0.8413073042993122 -0.855548370141364 0.3052529550097352 -0.5959418806980742 0.8617496315194871 -0.6618006215308383 0.3135224636126749 -0.20854148208410334 
-0.7996415170196872 1.3536328690748163 -0.612660349008361 -0.7996094882824899 -0.46022023103198695 1.561133847534195 0.4613700321061207 -0.7040051633620217 
0.2998842954151923 0.2505743506395041 -0.013200594723603793 1.2647022006374533 -0.5162271294819593 0.06484071496761318 -0.280592738360174 -1.0699810990908403 
0.39465297226034474 -0.7067197383503024 -0.3216421483401399 0.00893706706619933 0.17697932948426068 -0.7336622511435615 0.23739327958023487 0.9440614894366316 
IIp_0I_3
-0.2578221664528849 2.5939361041834728 -1.0795646051085261 0.17282330375150035 -0.7455177141289837 -0.18740856553908142 -0.44427189717010934 -0.05217445952269646 
-0.17602843538023707 -0.8522032374075712 -0.29428016689891123 0.06954110118218172 -0.12720488654333698 0.07025860751165025 -0.36424736548114955 1.6741643830113897 
0.11609197733379852 0.008405791078971337 -0.7355689129850388 2.731461226154574 -0.5635678977640696 -0.1086959083806682 -0.26989701510440384 -1.1782292603249842 
0.9304771205067691 -0.6971226900637664 -0.4150421806527694 -0.03171015460675284 -0.1315868388328655 -0.587485406932453 -0.09334583489295517 1.0258159854603335 
-0.10624503204908128 -0.6332708011108807 0.11787305654838073 0.5889963395140179 0.16268529879274585 0.0331755721093847 -0.12094536021060737 -0.04226907359282756 
0.5489972496479864 0.3855612264248832 0.545589003916989 -0.6733044961117262 1.156185315427997 -0.7430523294181866 -0.37091890350778794 -0.8490570663799134 
I_0I_3
0.08525755529455759 -0.5424822832437671 -0.15185490525531412 -0.11960293133594144 -0.12234728454812326 -0.34999246503996884 0.07867912718567245 1.122343186939579 
-0.4170284446513863 -0.7257020472317577 -0.0877084370055647 -0.24786767392404427 0.15312577248441234 -0.07899940814472622 -0.17143150132293686 1.5756117397961096 
-0.313137986118754 0.4706226690670803 -0.5045170852792848 2.512506406016762 -0.49447446068029816 -0.23793772703801458 -0.7935836016323351 -0.6394782143260991 
0.08519328262832962 -0.5424865943605736 -0.15186199741524653 -0.11962243604534309 -0.1222138214100521 -0.34998939633079906 0.07866548943542827 1.1223154734929532 
-0.41696145117831884 -0.7256791310718343 -0.08767646468327005 -0.24786052186057916 0.15311393810385374 -0.07898317176224848 -0.17157996794207575 1.5756267703945754 
-0.31316427922731155 0.47066143193745824 -0.5045040422149887 2.5125147443857263 -0.49444283614244805 -0.23806147522038884 -0.793563585747323 -0.6394399577649853 
Ip_2II_5
-0.04809911081297347 0.015851802462759603 -0.01204884786773445 -0.06451449097923335 -0.030536866851566657 0.10274574791322896 0.06180663906561225 -0.02520487292969782 
0.021552368013817606 0.07556997367286772 -0.002044963906392908 -0.03191632163332801 -0.0070016555864795115 -0.05097490809960171 0.05232670223417864 -0.05751119469492874 
-0.01845771470489432 -0.059482259146540345 -0.006293683393711558 -0.06001845498315568 -0.01256015689595298 0.15943996356467494 -0.012950875950222691 0.010323181510096058 
-0.0381569814324109 0.1375366121900562 -0.05886693897284615 -0.06308046257453967 -0.03866591518339541 0.0878849120551059 -0.0064603768153339075 -0.020190849266314047 
0.0007138180404695034 0.024801813439826365 -0.01837139914882826 0.08872394550012142 -0.028510203508158548 -0.030356094569896828 0.02731548459253449 -0.06431736434559454 
0.017375325313023156 -0.08216314390611 0.05324185076608794 -0.03851753395184378 0.06767676299111393 -0.027847543603742118 -0.023130620973036888 0.033364903363762695 
I_0IIp_3
0.9289887463615826 -0.6957975238198297 -0.4137193161714987 -0.03035137941060393 -0.13632216371531716 -0.586106117333321 -0.09270490846079782 1.0260126625374557 
-0.10518221888782317 -0.6314288250320982 0.12068586408907704 0.5913671666473173 0.16350015056865924 0.034188705344099256 -0.13243939388479722 -0.04069144884448037 
0.5487606229276286 0.38757149159901805 0.5478870377344076 -0.6721860054992027 1.1590416894103408 -0.755162512719778 -0.36918162600034826 -0.846730697458536 
-0.25607065958774056 2.595478586831007 -1.0778842363432188 0.17516527975002932 -0.7569806996896722 -0.18618396461315653 -0.4429435138457737 -0.050580792492720426 
-0.17834265470935032 -0.8515164278408525 -0.29307903235019706 0.07155140437814868 -0.12579348280752972 0.07045329099830565 -0.3682574373058882 1.674984339631207 
0.11718074361728509 0.00846208270816299 -0.7339283589376988 2.732159393070018 -0.5623056655434727 -0.11456814622221188 -0.269168705967827 -1.1778313427184457 
IIp_0Ip_3
-0.012197812602255345 0.22981520442699846 -0.047385237489363005 -0.012134357217912256 -0.05017587063842078 -0.03761248366370031 -0.030000173418345228 -0.04030926939608599 
-0.0066384414022228186 -0.04204647224921655 -0.015487456565154217 0.07318336774901094 -0.0243373496841339 0.001894511554058855 -0.011572626476687118 0.02500446707427741 
0.011080822872165394 -0.04058925713892459 0.06277541054833977 -0.01811638928073353 0.017306492844721796 -0.013030925914785791 -0.007851598713222652 -0.01157455521784483 
0.002068544732085301 -0.039641698988673243 0.010003545981999666 -0.03984672826582079 -0.021932103954719333 0.09575163061980553 -0.008371680957464673 0.0019684908325034865 
-0.030361769254689093 0.035403470594620484 -0.008420639300236307 -0.022147842966926696 -0.04168754575432642 0.04812428714509803 0.04767989873964376 -0.028589859202671132 
-0.026837817547973146 -0.05961550032907505 0.10937013070893005 -0.07505216519579445 0.008164945016271533 0.04474346609895437 0.04317172981231023 -0.04394478856334969 
II_2IIp_5
0.21466476964802197 -0.6004831579184537 -0.14818659565317713 -0.027490673230224756 -0.15843572659893443 0.08307628208624677 -0.18881019261422685 0.8256652942741345 
0.10542220669247382 -0.38044357897861847 -0.015768859358232065 0.04873004447177157 0.24134363565523562 0.03861748442495019 0.5591944193810474 -0.597095352285472 
0.4632668092397338 -0.785489370859916 0.21357547694964577 -0.24717302049849876 0.8969251903949061 -0.5564241026153659 0.12917862339097494 -0.11385960601018864 
-0.541465006078804 0.43950200743937434 0.03687037734353929 -0.44661089067251075 -0.49232587836512504 1.1157137668392592 0.314680145966987 -0.4263645224642516 
0.18676517733607806 -0.6459796530593809 0.6305213677766712 -0.8640953713037813 0.4687505582801176 -0.0265074415170514 0.1534621239619041 0.09708323852374974 
-0.31234279654008634 2.2126640470663004 -0.8062756222017894 0.0589864554694572 -0.42427640743928896 -0.4270835756602102 0.0021583379999118623 -0.3038304386846687 
II_0IIp_3
0.45322155182493784 -0.7832054503964607 0.21516456218905564 -0.24603863672850573 0.898821333086632 -0.559309008981073 0.12973307803020756 -0.10838742903155071 
-0.5441713484471625 0.4424885506305549 0.04054511341095652 -0.4434106064107958 -0.4959524620118458 1.1181139782419378 0.30126016194429456 -0.41887338735069346 
0.177787107463234 -0.6429405357877983 0.6326924866158333 -0.8622627495184165 0.4733608522991852 -0.039294242804430786 0.1554794006619104 0.10517768106596685 
-0.3151485384186885 2.213991800068902 -0.8044549268435168 0.061737294595388494 -0.43659592599610564 -0.4258670366844638 0.0033383567736761767 -0.29700102348473856 
0.20310089227697747 -0.5998976938763615 -0.14790014080773894 -0.025685786719117917 -0.15615349369321876 0.08399313638131647 -0.18815315511141448 0.8306962415455226 
0.10140641337955793 -0.38039121786557833 -0.013739616145273444 0.04999924605733715 0.24243105234236717 0.038546017478146954 0.5539666447334264 -0.5922185399807897 
II_2Ip_5
-0.03763345723726102 0.1375026527819319 -0.05887173615260574 -0.06307251817869867 -0.038910487044464384 0.08780955147527424 -0.006426730339252374 -0.020397275304174796 
0.0008947148328009223 0.024697034527570074 -0.018492849211627426 0.08865238198581235 -0.02854384713421748 -0.030453321039136484 0.027892305279382648 -0.06464641924011874 
0.017789392497480516 -0.08230647752808352 0.0531727617077514 -0.03856655781379035 0.0675056259119583 -0.02737028619639594 -0.023193706505573536 0.03296924792606952 
-0.04792601828469905 0.015794337700692773 -0.012092313388115162 -0.06461289144457558 -0.030053762190856263 0.10268711875318134 0.06176592890200952 -0.02556240004701881 
0.022098531036836445 0.07559013975862713 -0.0019920923656355067 -0.0319488901956451 -0.007099823402397259 -0.05098360949379906 0.052094043432001816 -0.057758298769506354 
-0.01818700453818453 -0.05941424728886384 -0.006291658194789135 -0.060022015837898644 -0.012558868582690435 0.15924251297569578 -0.012904829552681435 0.0101361110193026 
IIp_2IIp_5
0.04074369438569951 -0.11997921140664354 -0.07227529072046651 0.015395444589812192 -0.06104753038961355 -0.039964044906600334 -0.03657373561168576 0.27370067405884346 
-0.05651570277106892 -0.12538004352295426 0.27783067552029406 -0.17668962424043372 0.009807719536689945 0.008498305621530498 0.12255414540205828 -0.06010547554566607 
-0.09719144974190962 0.3908474740746151 -0.12176929457620501 -0.06677487844537708 0.0777995022936306 -0.07789495845542221 -0.05030981284773401 -0.054706582300030816 
0.04000066220998159 -0.12002905060766704 -0.07235728051758947 0.015169957965578292 -0.059504613124216996 -0.03992856870850087 -0.03673139652248235 0.2733802893035739 
-0.05574121636555689 -0.12511511839644543 0.2782002955420176 -0.17660694191825424 0.009670906703420553 0.008686008347317042 0.12083777852430279 -0.05993171243644168 
-0.09749541449970556 0.3912955970796442 -0.12161850859896786 -0.06667848168560811 0.07816510171467038 -0.07932556475559309 -0.05007841670646302 -0.05426431254643327 
Ip_2Ip_5
-0.042371454800218006 0.27652070105273646 -0.05313666862858805 -0.07304544967069174 -0.06599893201869504 0.022978411247167974 -0.03526826117698546 -0.02967834600322938 
-0.02594605921107077 -0.05984431373248997 -0.021631594669116787 -0.006514922744616092 0.10337536998086798 -0.028498318429575613 0.0822993117817117 -0.04323947297566107 
-0.024876326038603104 -0.05740217722664261 -0.04212493830990092 -0.06538199211157769 0.06811433576784352 0.14261389998309928 -0.02572931449113506 0.004786512427463748 
-0.0439840355923724 0.2764125365064016 -0.05331460866435968 -0.07353481663346835 -0.06265038423355222 0.02305540419253518 -0.035610427996506024 -0.030373667577836702 
-0.024265214232529555 -0.059269354552504906 -0.02082941924926108 -0.006335479741981965 0.10307844912842833 -0.028090952745815745 0.07857433142430546 -0.042862360030146214 
-0.025536011777683044 -0.05642962910014512 -0.04179769195567051 -0.06517278507012796 0.06890778539659384 0.13950909736972655 -0.02522712227799124 0.0057463574152027295 
Ip_1I_4
-0.05445502625835056 0.8555318584545532 -0.2431195737448859 -0.11035413813619215 -0.033278421367801465 -0.15137826308337055 -0.15935093063242137 -0.10359550522761307 
-0.022708754756686763 -0.0944039655463854 0.17128602451079164 -0.1557528780034567 -0.14134198315783902 0.13678120622079704 0.04537486375909327 0.06076548697293894 
-0.1252858423150092 0.771626884027339 -0.19370784537057 -0.11998571815619083 -0.18297085424836776 -0.02517969383298248 -0.13262041863894075 0.008123488538018014 
-0.12276517981240444 0.16066029038686241 -0.0872250739551118 0.03341519703349075 0.056744278348248585 0.19558097663158783 -0.10081241112732839 -0.13559807750367384 
0.15833057944283702 -0.0767322833868231 -0.09445779090130871 0.2384232499375087 -0.030436342770991096 -0.11593324157929422 -0.08676568520466676 0.007571514461487692 
-0.1510614376622532 -0.15242392783981523 -0.027979799564721023 0.4619254251019836 -0.05440093744237924 -0.03287185746395179 -0.044420690098262446 0.0012332249695662246 
Ip_0II_3
-0.01812113318972254 -0.059548765359957005 -0.006358226390171314 -0.060064135440918105 -0.012498789200136692 0.15909228213241638 -0.012935239632125225 0.010434007080516828 
-0.038410569449080736 0.13731412039269703 -0.059204707735467973 -0.06328442802822491 -0.03890981825337627 0.08775261274007996 -0.004898799713464895 -0.02035840995258341 
0.000768716315361729 0.02449018344056217 -0.018624392004944087 0.08861611918811427 -0.02885338307973191 -0.028845424636584554 0.027105341084699756 -0.06465716030667437 
0.017041470604089386 -0.08233645381283898 0.05307900119815771 -0.038791567126428735 0.0691653535300132 -0.02797248892109884 -0.02329629354718666 0.03311097807488222 
-0.047710131152661026 0.015876077838271097 -0.012043974122901618 -0.06466914785630944 -0.030707969133619444 0.10279762873558732 0.06170606580040695 -0.025248550108318644 
0.021418804490511506 0.07572184334124114 -0.0021049795808503573 -0.0319210524396856 -0.007013273019718984 -0.05080753800161221 0.052111315110040704 -0.057405119899383544 
IIp_0II_3
-0.3161751966001107 2.2119319344526733 -0.8066421647484445 0.058870867419305056 -0.4233440255185218 -0.4276406362391691 0.0017713150459462395 -0.2987720938022023 
0.20513535981808134 -0.6013054928692768 -0.15018903801484146 -0.028615135042003245 -0.15789490365349715 0.08338868996677105 -0.17967895236309836 0.8291594721507242 
0.10055367130079738 -0.3812358786526064 -0.016266394877056663 0.04886503058887847 0.2400444291716159 0.049093409252759374 0.5525714769730324 -0.5936257437570264 
0.454164881097503 -0.7851331782616642 0.21319470231549031 -0.24830723539159935 0.9079825255773788 -0.5611766659232784 0.1285840397568674 -0.10930906917775396 
-0.5441902623774165 0.44037836055343943 0.03727624948185088 -0.44655916884403374 -0.49733114263964473 1.1170118790648622 0.31428493642605504 -0.42087085166065286 
0.17774026152080408 -0.6449732968031006 0.6297659318139188 -0.8636525399314616 0.4700049221508963 -0.02495391102606783 0.15347073659555932 0.10259789567863117 
Ip_2IIp_5
-0.006449591288226893 -0.042256119864931815 -0.01574079689818561 0.07301672095478556 -0.024344122755515726 0.001701247111558604 -0.010903935370201552 0.02497659811050613 
0.010847299752003835 -0.04095336066608389 0.062326365139146654 -0.018399156631613848 0.01710822174303946 -0.012493972847094085 -0.006524013930973896 -0.01191138255850219 
0.002012916917532542 -0.039999131823800764 0.009688621070578655 -0.04009159114809869 -0.02161191354668411 0.09711116735986852 -0.008653670610532597 0.0015436017812107833 
-0.030503267749578032 0.035262080783731505 -0.008589795945815284 -0.022479418003535694 -0.04038367413750799 0.04804218035574305 0.047480068438770916 -0.02882817374126213 
-0.026513335427691884 -0.05955434350335582 0.10931299047798884 -0.0752206608851974 0.008000517025793618 0.04483958663097306 0.04307495625825173 -0.04393971057676576 
-0.012207644417502956 0.2298764614462587 -0.047531592053281974 -0.01219797899416542 -0.050186380129677265 -0.03753710314208543 -0.03000995806797081 -0.04020580464072282 
Ip_1II_4
0.021610093117799385 0.07559873655752866 -0.001999452511261093 -0.03188572532964777 -0.006995816901447715 -0.05096090907884017 0.052113657833619514 -0.05748058368716211 
-0.01848730051148873 -0.05945044344902784 -0.006274949351547389 -0.060011404208384855 -0.012511313360999633 0.15922422695894414 -0.012850483628332708 0.010361667550736257 
-0.03810236196367999 0.137544274627708 -0.05885384006688137 -0.0630477988093522 -0.038887578339331604 0.08796772901996351 -0.00644757677255812 -0.020172847694610002 
0.0006372620988064417 0.024793460895893002 -0.01837820818105001 0.08873389880235859 -0.028419725394753362 -0.030365337513243232 0.0273221616509768 -0.06432351235844842 
0.017419278740057227 -0.0821790386729572 0.053256634716063726 -0.03851963750050628 0.06767145090591241 -0.027866369473795467 -0.023134836164715875 0.03335251744942598 
-0.04815567359270389 0.01587222541988881 -0.012040062921971692 -0.06450742691438165 -0.030539119591324864 0.10277151071997294 0.06180861676216374 -0.02521006988131979 
Ip_1IIp_4
0.01070009404445875 -0.04059401465417122 0.06278354078491949 -0.01809682236289158 0.01713110793446201 -0.012189486280837627 -0.007932733144510156 -0.011801686321671079 
0.0022741200017194073 -0.03941456356317069 0.010364698159777521 -0.03967598136125246 -0.021224724994120876 0.0958838916839376 -0.010315086111448237 0.0021076461844860015 
-0.03031120088085324 0.035784820474425855 -0.008115761447537301 -0.02206190058170066 -0.04131698144415465 0.046298257594066 0.04790669234336082 -0.028183926056917292 
-0.026484250973887298 -0.05937210452989281 0.10953754014526598 -0.07472967830556249 0.006352033203059905 0.04493634123715845 0.04337201983896506 -0.04361190061495916 
-0.012576679816681363 0.22975567819724912 -0.047418744333784464 -0.011963952816005805 -0.049964551217453836 -0.03771337794768514 -0.029882375175597813 -0.040235996889486224 
-0.006563489673515927 -0.0422982730573731 -0.015514696134491926 0.07312220375235334 -0.024333498438943613 0.0016510368203671625 -0.010886035354434715 0.02482275208577324 
II_1I_4
0.14999546181314702 0.303165696423951 0.13741672061311594 -0.19704909498516124 0.41186044444929787 -0.16211825687387987 0.028096963104638533 -0.6713679345415687 
0.8441307265015406 -0.8431977664443197 0.32265581027299645 -0.5838468677757378 0.8648926336130518 -0.6520701977931426 0.23721537738543183 -0.1897797157718882 
-0.8177120623438076 1.369347712191136 -0.6005127427937594 -0.7931314273215018 -0.4396182436700481 1.488042420608773 0.47170429917113055 -0.6781199558272143 
0.30564811663269015 0.25887762715485824 -0.004671329816469382 1.2785802758280196 -0.5878508166265235 0.07141754487727463 -0.27307207380572956 -1.048929344242582 
0.3608829695853797 -0.7064998466560253 -0.32149614740740173 0.017215685792490477 0.1868049795524705 -0.7337507973151547 0.24187248694146493 0.9549706695006384 
-0.3649171065149899 -0.9159797174090845 0.19601730537786682 -0.4877432462826826 0.6693216147673583 0.30661282149610036 0.20206160598070066 0.39462672257781894 
