II_0I_3
0.8338253600996042 -0.8554778334114982 0.3033485934711422 -0.598336381367462 0.8630172879912495 -0.6595117278070016 0.31317433855127264 -0.20003963753419235 
-0.8149342924942693 1.3502412070177143 -0.5908332839917841 -0.8021880133210144 -0.46023665148751075 1.5595927899600768 0.4566516864437967 -0.698293442115375 
0.28496758245740605 0.24830593598974113 -0.01644460637271 1.2628610863950824 -0.5178752971546101 0.08634068561502323 -0.2837383169003558 -1.0644170700250406 
0.38805356136126745 -0.7066770536477047 -0.32075119397639823 0.00937064183299673 0.17635770882921742 -0.7326108543207537 0.23524488434103114 0.9510123055741884 
-0.3735820383148934 -0.9098004416790622 0.1913433127650497 -0.48978800225744534 0.6676030246692781 0.31336537876574483 0.2036161897501282 0.3972425762997524 
0.16806157061083044 0.2967320353983729 0.13316921256499523 -0.20028878396822172 0.4127935724146189 -0.16960715836348697 0.027134203275970152 -0.6679946519314256 
IIp_1I_4
0.5515480758723219 0.3850621603563473 0.5451601434697874 -0.6744875107999667 1.1562935184095249 -0.7435926400997 -0.37073189187050554 -0.8492518553395463 
-0.2607126983334334 2.592330721782241 -1.0679937522366307 0.1716817200199026 -0.746838275221207 -0.18840054860958733 -0.4462891774323744 -0.05377798996376846 
-0.17697755575837348 -0.8528787261219837 -0.29469344140628645 0.06928947708841679 -0.12858374009878668 0.0809506607995844 -0.3703403641420423 1.6732336896350737 
0.11829201784527507 0.009070941539204798 -0.7341806670413281 2.7319689462402668 -0.563458472375227 -0.11362700637510653 -0.2700164439768519 -1.1780493158542058 
0.9312460046603177 -0.6964266346781348 -0.4141207353483788 -0.03091631127655115 -0.13663645214254191 -0.5873619871865376 -0.09197650177961143 1.0261926177383704 
-0.10755300382492379 -0.6338240191371028 0.11822365254851187 0.5894571342887079 0.16346022196070703 0.03276415327728737 -0.12074655552819101 -0.04178158358906131 
IIp_2Ip_5
-0.029850469053782615 0.035389560896748024 -0.008484420993902153 -0.022329351823436136 -0.04177758577097604 0.048114255723912466 0.047655856683844824 -0.028717845661841296 
-0.026905684680320622 -0.059728057390453095 0.11023530364354721 -0.0751811565566011 0.008034039921225236 0.044675459258208365 0.043010412557082905 -0.04414031675243747 
-0.012039833363081698 0.22964284203300642 -0.04755180237492442 -0.012247815600958542 -0.050311699262610615 -0.03686370226736878 -0.030104162465081203 -0.04052382669814756 
-0.006410881211402614 -0.04218690651255613 -0.01559751821349406 0.07308030862858421 -0.024457551401543563 0.0017951011080557602 -0.010948725309099084 0.024726172911454732 
0.01125864047975619 -0.04071782820357755 0.06269481711998985 -0.01818414129988722 0.017091383140664707 -0.012392737825122813 -0.00787514356200633 -0.011874989850065142 
0.0020691804237156163 -0.03976130767136139 0.009953313686231277 -0.03997827304551745 -0.02127164534179879 0.09566213758650068 -0.008448096718902684 0.0017746910808487234 
IIp_1II_4
0.1776825559729751 -0.6456235048451845 0.6308085727975625 -0.862784919410999 0.4701011193030717 -0.025793786614154858 0.15339595316603732 0.10221400962738018 
-0.3176146743646744 2.213549712999175 -0.8114931545837009 0.059912334134032685 -0.42276671402549787 -0.426086905493373 0.002858168455680287 -0.29835876711127096 
0.20774508061963232 -0.5991119950567699 -0.1472332136017251 -0.026643514899988244 -0.15691210021293475 0.07934310790671517 -0.1884466868304162 0.831259322071128 
0.09845318218989758 -0.37918803175579924 -0.015006569323971878 0.04961513484117767 0.24280147092584375 0.03996678699819996 0.5543296639397611 -0.5909716378139885 
0.45636123737642265 -0.7842677570577595 0.21410077606376057 -0.246562121997763 0.899134859579004 -0.5604216617813608 0.12917761497034339 -0.10752294715654427 
-0.5470446512114753 0.4405840486980952 0.037171232364972856 -0.4455346522806789 -0.496396009014093 1.116980111111072 0.31496304274989767 -0.42072312241543375 
IIp_2I_5
-0.08575213554788676 -0.6344553914914071 0.11579308219757119 0.5851373451232855 0.1614386760526661 0.03099862061707807 -0.11935111702558168 -0.05380907992545975 
0.5597231331003798 0.3784425939415346 0.5808750854281948 -0.6776718111300808 1.1503293040081708 -0.7497234991224454 -0.3765415085094156 -0.8654332977255224 
-0.2490676394606226 2.5890950840021003 -1.0837388561731618 0.1695567237340054 -0.75211624214558 -0.1572881283752404 -0.44746755962268103 -0.06897338194907052 
-0.15150912372330005 -0.8531315930056022 -0.29104747696404526 0.07024899831269912 -0.1322171792417054 0.06827329076862819 -0.3708481438802209 1.66023122772946 
0.13034796037237284 0.009253589735385363 -0.7333788007945733 2.7312684874053432 -0.5656310246812147 -0.11587735258637868 -0.26584988588087116 -1.190132973570501 
0.9474648615630608 -0.6990029355301326 -0.41322154529221133 -0.031349715777740865 -0.1374173754104895 -0.5899359031993476 -0.09247533586948661 1.0159379495098533 
II_1II_4
1.352945171328205 -0.5864367800668316 1.3364413638079082 -0.6773356310583103 0.22035116716425998 -0.9486217048276008 1.1086013463741005 -1.805944932722641 
0.43160168534295756 -2.0211203829210715 1.1133017558288394 0.036969467566797184 1.938151970171993 -1.511746858125884 -0.031642908456992754 0.044485270585708836 
-0.8496439027770835 0.16421494066301015 -1.3365016046705218 -1.1984642584234295 -0.7098741815440348 2.88819383858844 1.7607125496980371 -0.7186373815172281 
1.3449447556028435 -0.5839413070072953 1.3167966318061362 -0.6974978158209698 0.23601972116659561 -0.9469007190504222 1.12293340535342 -1.792354672048331 
0.41089096263831837 -2.052056744623436 1.2698657027214093 0.018829357396335414 1.9255442160611156 -1.529298794654594 -0.0735485737240443 0.029773874173811776 
-0.8777162361706732 0.15109107874926214 -1.3633380666620487 -1.212250168314364 -0.7349568349520398 3.039712081680508 1.7439320529314069 -0.7464739072601441 
I_1IIp_4
0.11602795231475731 0.009351502745343975 -0.7349849719008239 2.7315270135164202 -0.5623792828530253 -0.11342019015101518 -0.2691604498979559 -1.1769615737725292 
0.9308809963681397 -0.6971393859464684 -0.41149282559384404 -0.03118958616317141 -0.13653997592950307 -0.5875103651219348 -0.09338809136583738 1.026379233738045 
-0.10835319916990095 -0.6336708116222481 0.11748549641867356 0.5892434891251386 0.16284495585359735 0.03582544617682292 -0.12097904874625177 -0.042396328039297784 
0.5499889082537098 0.3851228512700086 0.5460866899859737 -0.6731530005960207 1.155992188297458 -0.7435374559056459 -0.3711386619762983 -0.8493615193294325 
-0.2592529333031812 2.594343700964258 -1.0791603255414757 0.1730067277995965 -0.7456309592906206 -0.1870024664821425 -0.4440085568952332 -0.052295187245145425 
-0.1753043634869475 -0.8515692058389874 -0.2930670996574801 0.07029047619131903 -0.1269890322982895 0.07066203579612648 -0.3690943670502277 1.6750715563408463 
Ip_0Ip_3
-0.025512668128761917 -0.05667482826625681 -0.04143584276879265 -0.06489281439075313 0.06894812624065721 0.1391964549194028 -0.025250050614533233 0.005621623008745505 
-0.04298846933847765 0.27705888282836705 -0.05456718977194925 -0.07270206478199279 -0.0658242536407722 0.023511631742894248 -0.03493362299730825 -0.0295549140399215 
-0.025060001317170656 -0.05907498659696278 -0.0205836133469526 -0.005814422394225488 0.10369382883752935 -0.02966039819663081 0.07899321330263659 -0.04249362028768109 
-0.02559450434107268 -0.056649302084913575 -0.041636788633798716 -0.06509905327745118 0.06910839980078859 0.139214058874225 -0.025103448055278553 0.005760637716864889 
-0.04320031921695385 0.2767424349399524 -0.05296569794566506 -0.07288761987777029 -0.06595321829420855 0.023332093072343473 -0.03536227583678112 -0.029705396839886683 
-0.025347153074471072 -0.059209230514590525 -0.020858123381889627 -0.005955438397286048 0.10343725850178265 -0.02811051884924303 0.0788215656854677 -0.04277835996970745 
II_1IIp_4
0.10019016961964528 -0.37936405200452245 -0.014827717128206887 0.04946908548328931 0.2422826969950501 0.03983394139288257 0.5539678386446129 -0.5915519630006063 
0.45613477680479064 -0.7844620658885779 0.21592563094678224 -0.24680037299469368 0.898723143950276 -0.5607519041754799 0.12929777891568944 -0.10806698756584784 
-0.5470891210843709 0.4401101207065515 0.03710568008934547 -0.44571058953587767 -0.49652142844369074 1.1183009446605887 0.3147252043120838 -0.4209208106966229 
0.1792310847479275 -0.645740741461501 0.630524671569598 -0.8634059113656126 0.46995143551883256 -0.025886092492947047 0.1533717353966676 0.10195381808573416 
-0.31832899895204786 2.2126266638985213 -0.8059802624972168 0.05924677274720999 -0.4234754192686412 -0.4268306031957027 0.001991198034429695 -0.29924935075970877 
0.2070393358356014 -0.5998950701545014 -0.14793092846856667 -0.027144194534863525 -0.1576283693297714 0.08423312151651692 -0.189079808459031 0.8304059135892345 
Ip_2I_5
-0.15138656949631105 -0.1523398396271512 -0.027972430738481397 0.46202702789665534 -0.05441245926444819 -0.032773128527822375 -0.04444076877410711 0.0012981685306511057 
-0.05410625487844713 0.8556531134346277 -0.24424811170149577 -0.11026406441947922 -0.03314605241294663 -0.1513218527568209 -0.15916544329848092 -0.10340133396633777 
-0.02273973055503741 -0.0944111788143647 0.1712166731684459 -0.1558006082226661 -0.1412188589322882 0.13572613634750233 0.04641061145846354 0.06081695555121017 
-0.1254909976361932 0.7714726764100219 -0.1939159542182156 -0.120072088005299 -0.18308674826765978 -0.02425623478726581 -0.1326773962278027 0.00802674273406389 
-0.12297564507277536 0.1605488817006437 -0.08736615634269247 0.03325726012904826 0.05767059302320519 0.1955416300779457 -0.10099333873864927 -0.13568322477632463 
0.15855452206374637 -0.07667555514525852 -0.09449424573098603 0.2383314753982776 -0.030556668139224356 -0.11588084944038758 -0.08681659998287178 0.007537920976407666 
IIp_0IIp_3
-0.09791933944862796 0.3912055629287421 -0.12141080484418171 -0.06646405559156873 0.07821936270962794 -0.07942818853109987 -0.050114210269545344 -0.054088326952221995 
0.04025257610939036 -0.11959916330472177 -0.07361622841148512 0.015641378750188152 -0.06085074805477125 -0.03959621143981868 -0.036310057218936945 0.27407845356859867 
-0.0563079391954949 -0.12492406520898139 0.2784009113704622 -0.17629906266207696 0.010083547059647075 0.007384669738060354 0.12109367824680545 -0.059431739348370136 
-0.09799048759675254 0.39122775531143295 -0.12158550655356261 -0.06664335903753069 0.07835870404395884 -0.0794128837074829 -0.04998675446081791 -0.053967467997649836 
0.040068394484637324 -0.11987428211369432 -0.0722238964031865 0.015480057727655348 -0.060962869522902634 -0.039752301800988474 -0.036682726663057254 0.27394762429086245 
-0.056557588039312524 -0.1250407764530008 0.2781622532007125 -0.17642166153608937 0.009860485608525699 0.008732130017844711 0.12094444834284578 -0.059679291141453664 
Ip_0I_3
-0.02194721735979963 -0.09460809632742702 0.1707602870186679 -0.15642709588106815 -0.14135893237990163 0.13664594418935502 0.04636756127417944 0.06056754946603416 
-0.12581080957507712 0.7706482058803231 -0.18929980894685652 -0.12060869030980255 -0.18372587071254157 -0.024870631688390137 -0.13358347964669035 0.0072510850009831155 
-0.12361407164030684 0.1599787840807124 -0.0879537219404458 0.03283790245704082 0.057004628576520264 0.1996452705080122 -0.10142692641521366 -0.13647186562294306 
0.15975774386495492 -0.07685606661710635 -0.09422017425258152 0.2383638211565361 -0.030972313068560978 -0.11601025035669195 -0.08715241897909487 0.007089658250905376 
-0.15117599471246174 -0.15227663961182794 -0.02789497933869522 0.46186809635002307 -0.05459305162752898 -0.03288188450527255 -0.044072100727945415 0.0010265541737526941 
-0.05409093565750956 0.855248264621501 -0.2430458742852308 -0.11041501314821402 -0.0331889441208168 -0.15160099337445163 -0.15940325873828518 -0.10350324529448958 
II_2II_5
-0.8529101446811078 0.14234752969819706 -1.3595183055195177 -1.2154310684339644 -0.7339387689862127 3.032713412242752 1.7434219693719024 -0.7566846236843184 
1.399903176477459 -0.5922900615711285 1.3429201641170827 -0.6985792624240257 0.21658387965220074 -0.9543962570451224 1.108963534894643 -1.823105174106632 
0.4238834223004315 -2.0523022422704362 1.2731191227896044 0.015685432594673174 1.914770495653639 -1.5190025936027542 -0.06232448200983923 0.006170844528253322 
-0.8520588793218162 0.14208200477453245 -1.357428054159547 -1.213285758733808 -0.7356059445080315 3.032530294811096 1.7418970004497871 -0.7581306633079337 
1.4021068520638975 -0.5889983509927319 1.3262613467333677 -0.6966491067993823 0.21792537798295036 -0.9525286846491395 1.1134224083386988 -1.8215398426800193 
0.42687039270342675 -2.050905828706966 1.275974593211887 0.017152289811166146 1.917439356211393 -1.5351245347783937 -0.060538992842034005 0.009132724374528467 
I_1I_4
-0.31431067454513995 0.4707234992089225 -0.5041117169518369 2.513171410595595 -0.49444860373556615 -0.23801539660479265 -0.7936594142188319 -0.6393491037434701 
0.08595525269220694 -0.5414936564221497 -0.15746424888306612 -0.11892496014232383 -0.12168619978492305 -0.3492504784228592 0.07970287524248255 1.1231614157155623 
-0.4162190822146696 -0.7249550732596542 -0.08690820854147915 -0.24733892226580598 0.15389757087113548 -0.08407106325589409 -0.17093517598420882 1.5765299546473253 
-0.31458831054332415 0.4708100988529887 -0.5047934421228785 2.5124717284184763 -0.49390486266251477 -0.23795567375777288 -0.7931620531268442 -0.6388774850528707 
0.08523653476948177 -0.5425672315908018 -0.15203105776229425 -0.11955447087863864 -0.1221237228483696 -0.34985957794784045 0.07824863566219242 1.1226508905919468 
-0.41719326787823474 -0.7254105066553868 -0.08783950613495545 -0.24781733051150845 0.1530271351645275 -0.07881297166225888 -0.1715175044691888 1.5755639521450795 
I_2Ip_5
-0.1257305126548162 0.7714837349432169 -0.1934689315586841 -0.11943035035735709 -0.183275289351993 -0.024294317032036442 -0.13281944454770855 0.007535110562033123 
-0.12161594022965125 0.1615063952019301 -0.09288923913869823 0.03390086104364497 0.05820493641784299 0.1961675313120291 -0.09986811426028687 -0.13540643034634203 
0.16000479636768264 -0.07603900885294476 -0.09369129326397525 0.23881384361538252 -0.02985484502406476 -0.12102865034080423 -0.08616717636175726 0.007962333858912863 
-0.1519541391451989 -0.15222645497496015 -0.02833093438087573 0.46184202124851065 -0.053958516024752046 -0.03274064227066911 -0.043995135344705734 0.001363800892497976 
-0.05359578696384903 0.8553420907690181 -0.24335133714633395 -0.1103642932429162 -0.03312868616720946 -0.15141566337825269 -0.15975854796632383 -0.10372777590238616 
-0.02244055380233685 -0.09431277251555412 0.1709192046177579 -0.15588352707639266 -0.1415455424436114 0.13679129523796454 0.04637195587844573 0.060099940103966805 
II_0II_3
0.41104520819288115 -2.0493538758658416 1.2750293300023068 0.017307651247857478 1.9190837820039583 -1.5327873320925063 -0.061062936158487284 0.02073817265607449 
-0.8725565399855835 0.14289076812805632 -1.3561022397855031 -1.213368490273432 -0.7323032209132404 3.034401768301946 1.7419395791385028 -0.7449016246012635 
1.3860339469746186 -0.5888553302607173 1.3250783114009563 -0.6963843769838588 0.22022421164755812 -0.9480502649020706 1.111083691835193 -1.8091301897252496 
0.41116950740513913 -2.0493926470176635 1.2753345422304614 0.017620902929537503 1.9188403460401013 -1.5328140703497566 -0.061285607541619956 0.020527026292138286 
-0.8722347658936334 0.14337141382282848 -1.3585347102844603 -1.2130866547450858 -0.7321073393555738 3.0346744656151494 1.7425906504506385 -0.7446730596069665 
1.3864700954265865 -0.5886514301429856 1.3254952586205526 -0.6961701908954153 0.22061391065501026 -0.9504043423463815 1.1113444036045117 -1.8086977049210498 
I_2IIp_5
-0.16757773545430737 -0.8517812677671546 -0.2925188973695459 0.07090597239376581 -0.1282031178360269 0.06974940272849392 -0.36875580701961286 1.6681814503191394 
0.1255904443552487 0.010161587763882271 -0.7416108126972163 2.73249967597793 -0.562709974436633 -0.11355991615929305 -0.2675100724950904 -1.1828609323004713 
0.9415185315639202 -0.6961614957854161 -0.4133772159601095 -0.030412553476791827 -0.13638119076781094 -0.5945261837956314 -0.09162196328373937 1.0209620714897607 
-0.10045195230977522 -0.6335320179373682 0.11768268842584302 0.589243877079526 0.16277199702821868 0.03218028829366869 -0.11971085901967338 -0.048184021562184376 
0.5585090245782465 0.38464350895266125 0.5458564726516931 -0.6733370223956798 1.155407420959074 -0.744403093444419 -0.3710320347254156 -0.8556442765774845 
-0.25021106045516983 2.5941818915859685 -1.079303063668254 0.17285252398050813 -0.7467886542830274 -0.18780173795769065 -0.4437432037844741 -0.05918669540878623 
I_2I_5
-0.4135814164808784 -0.7258264679749304 -0.0871840359745822 -0.2472503329823035 0.15254227212693205 -0.07946543877100228 -0.17145767083323737 1.572223090889464 
-0.3076947865743338 0.4714782987973249 -0.5104541326855879 2.513134032935232 -0.4943086467769895 -0.23783366631202066 -0.792247787869909 -0.6420733115059959 
0.09073560726572609 -0.5419177607938027 -0.15094024978025541 -0.11915916383818477 -0.12210139075837402 -0.3559901319896102 0.07958010635641635 1.1197929835322562 
-0.4138799161287318 -0.7257333605851045 -0.08791699108364198 -0.248002594521433 0.1531268739781455 -0.07940122790214735 -0.17092293430239675 1.5727301505419817 
-0.3084675143474028 0.470324047145877 -0.5046126508724703 2.5124572160450036 -0.4947790486020175 -0.2384885381395494 -0.7938113099092586 -0.642622201313004 
0.08968821399190789 -0.5424074188672969 -0.15194153205303076 -0.11967352326403248 -0.12303723752605651 -0.35033690799375 0.07895401734582298 1.1187543883638134 
I_0II_3
0.3878065207030088 -0.7063885041011351 -0.3237204757037367 0.006132564967762416 0.1785085206088837 -0.7324184811056792 0.23727739873545411 0.9528024558890605 
-0.37695240764981763 -0.9147516452240961 0.21688710764040656 -0.4927631112347382 0.665392951338851 0.31042907827279775 0.19713107165867172 0.3946269551997145 
0.16364497593742516 0.29440526470827977 0.12893373454406493 -0.2025468088345694 0.40879779781248127 -0.14514400404904987 0.024371994255999573 -0.6724629543742401 
0.8359720927304358 -0.855935944657791 0.30625713564022045 -0.5955418093072253 0.8604799726377693 -0.659834284055746 0.31091861329293924 -0.20231577628487887 
-0.812107886999775 1.3545463519957914 -0.6121343790453819 -0.7997354904523214 -0.45867440772224355 1.5619081361642146 0.4627049995533265 -0.6965073234844583 
0.28895040153100504 0.24990590500537296 -0.01265045092455956 1.2647278900360877 -0.5143661885362433 0.06546865542078174 -0.28147969871495376 -1.0605565138113402 
IIp_2II_5
-0.5415015242979311 0.440004870846431 0.03599715700191799 -0.4479047326329116 -0.49642455739754515 1.1164573724695943 0.31530923870279964 -0.42193782468317653 
0.17746595278521138 -0.6492211738216405 0.6503624850639201 -0.865829364081958 0.46760908521177286 -0.02857981511431954 0.14992481724594192 0.0982680127058456 
-0.31985490349400597 2.2099711090278653 -0.8087319182136637 0.05743537515703733 -0.4262854338775613 -0.408925446690955 -0.00032913463896012675 -0.3032796472581859 
0.21332527861665077 -0.6004404609615105 -0.14689698818133934 -0.026999657352019202 -0.1597126548527013 0.08371748023672342 -0.19042826646760525 0.8274352689588772 
0.10105251681997886 -0.37906650222423605 -0.014038381263900786 0.049480649435289216 0.24133115136151748 0.03928057971817216 0.5555272100113368 -0.5935672238561195 
0.4582705367228473 -0.785189833432583 0.21488249103111345 -0.24673260769711974 0.8991249097995305 -0.5612961669855283 0.12946623702621807 -0.10852556646888667 
I_0Ip_3
0.1586137613396193 -0.07672826269814029 -0.09447064659862761 0.23831313213821398 -0.030537035380126882 -0.115914939268341 -0.08682483354748195 0.00754882401375706 
-0.15118020268999754 -0.15237306538219636 -0.02793386706805303 0.46188939249747013 -0.05442414293197651 -0.032798843245713145 -0.044442756968048024 0.0012634857902816858 
-0.05426099011964795 0.8554524881005044 -0.24319401599949708 -0.11040203827887743 -0.03328723748037559 -0.1513598675218631 -0.15937263618871064 -0.10357570250876685 
-0.022860400637875342 -0.0945522828305534 0.17107653389268598 -0.1558961379915821 -0.14137566751135625 0.13669160757979165 0.046281689638008675 0.06063465786036494 
-0.12521754619916176 0.7714442448569627 -0.19385531710594228 -0.12006408088500475 -0.18319324839778722 -0.02428124502396421 -0.1327452242082812 0.007912416965567519 
-0.12297428400941854 0.1605616100665132 -0.0873276744826396 0.03324857886253935 0.05762992980557457 0.1955153364464269 -0.10091221326910216 -0.13574128341922553 
IIp_1IIp_4
-0.05733020019311142 -0.1250607579447694 0.2784177156159057 -0.176055654778327 0.009902920019681488 0.008740471185528896 0.12086883976793548 -0.05948333367263173 
-0.09737314798433015 0.39174850383367554 -0.12468994818992173 -0.06624741486922077 0.07861615231615948 -0.0790116317755286 -0.049518845335991914 -0.05352366799381402 
0.040343583667372715 -0.11943199508479392 -0.0717451295299904 0.015759585148001017 -0.06056539671428239 -0.04264058117634943 -0.03622016187692413 0.2745000955657423 
-0.057487259691888365 -0.1250117682720437 0.27803206168642886 -0.17645146703882886 0.010210515940056172 0.008774256575306855 0.1211501983969425 -0.05921653759561997 
-0.09777972882200833 0.39114117921081193 -0.12161637603174162 -0.06660353093980978 0.07836864423541298 -0.07935620116397683 -0.05034151293340341 -0.05381247355418702 
0.03979248397916135 -0.11968963509305132 -0.07227196731111639 0.015488948199704517 -0.06105780474743618 -0.039666063334405643 -0.036549586809485425 0.2739536251158971 
II_0Ip_3
0.017327684541986667 -0.08217495406538498 0.0532807106926594 -0.03847182279229308 0.06767863900856677 -0.027864184020619475 -0.023136146949029036 0.033360073583480566 
-0.04810247712506763 0.015927482847273966 -0.012382939696727453 -0.06446408766489069 -0.03049737829715805 0.1028100206252099 0.06187205537179567 -0.025162676059635476 
0.021642710900630486 0.0756485445935953 -0.0019474401393759443 -0.03185147651996482 -0.006948750620070261 -0.0512694872299495 0.05215369974880867 -0.05742780073337883 
-0.018562661577594796 -0.05942956472291117 -0.006277129790731325 -0.060003340160181634 -0.01247636516939727 0.159238210084014 -0.012895069769114476 0.010405921105436929 
-0.038106780039148504 0.1375524031321176 -0.058853830071699156 -0.06303927393340553 -0.03885714792339411 0.08790679206456738 -0.006464187399639789 -0.020137975828842043 
0.000641630852759691 0.024817222894242156 -0.01838031612940172 0.08874825903221777 -0.028493132480892237 -0.030349907602499806 0.027332954129623315 -0.06431671069562858 
I_1Ip_4
-0.12369743283404136 0.16061199699946213 -0.08709386377654448 0.03365404860912623 0.05762323467824155 0.19555544748727852 -0.10097068108818041 -0.13568275007434 
0.15904416384282383 -0.07612014593029827 -0.09794593551004957 0.23874276309693754 -0.030126905310217274 -0.11546170066972758 -0.08619290969853305 0.00806067017734035 
-0.15067984118006095 -0.1519043571783987 -0.027569438770141164 0.4622168688899761 -0.05393489347533017 -0.03593673072601323 -0.04402848566198916 0.0018368781037204785 
-0.05513694233613832 0.8555655850438564 -0.24336435843709042 -0.11042082886248791 -0.03293961049844632 -0.15138693910712922 -0.15911124315908187 -0.10320566264101905 
-0.02288104233819124 -0.09460797211725085 0.17095583568589534 -0.1558706147833126 -0.14122598737552136 0.13676844157378185 0.04602196946014052 0.0608393698945658 
-0.12533533787004242 0.771609348109672 -0.19396053581718087 -0.12004565130554715 -0.1832522635060413 -0.02417164882065617 -0.13272076571865485 0.007876854931407858 
other
-1.2949323666935626 0.8454349172979413 2.202725283668617 -0.545476000489132 -1.954107266025598 0.6270728929181824 -1.8715403836574926 1.9908229229798704 
-1.3118341284066073 0.8373408673444724 2.2563359544612 -0.5456457533251298 -1.960087363384995 0.6210865002821224 -1.8815327803748318 1.9843367034129515 
-1.3123020242588983 0.8396087512357746 2.1992849681633224 -0.5441680990910249 -1.9610364339430362 0.673032337475787 -1.87807657409844 1.9836570745241497 
-1.2924519592291481 0.8446612337526912 2.208815834655456 -0.5392250211277586 -1.9589650633742863 0.6265393273995415 -1.875983821009809 1.9866094689329048 
-1.3054130831825954 0.8469322167335349 2.2077956790766105 -0.5400216875002168 -1.956178520585484 0.6265282117967899 -1.8685405649091789 1.9888977485785215 
-1.303598623376924 0.8436776054254381 2.2076052058753204 -0.5398939869746836 -1.9532599379628026 0.6260564059695598 -1.872874035773562 1.992287366823154 
Ip_0IIp_3
0.0023800936830377156 -0.03974091457838064 0.009768205201295161 -0.04023751026044693 -0.021268771453602273 0.09568142010676518 -0.008406352635178622 0.0018238299361496143 
-0.030469943947348643 0.0350078694055064 -0.006129125801936648 -0.022494952922819635 -0.042032805553687935 0.04784129977697945 0.047216395692336544 -0.028938736648522895 
-0.027239530869821685 -0.05985900109653015 0.10900764814279669 -0.07527609698767292 0.007844047331152121 0.04688686918443089 0.04291052866174336 -0.04427446436566716 
-0.011457383964953988 0.22970176478463847 -0.04730723359168424 -0.012143538117320067 -0.0503897223650623 -0.037722156473570766 -0.030171122494415375 -0.04051060777715276 
-0.0067817622175508525 -0.0421159059243555 -0.015572735602344704 0.0730583595879739 -0.02444576573772703 0.0017807014686057206 -0.010713301151704109 0.024790409577092904 
0.011206183192632606 -0.04083692287154774 0.0627294203943653 -0.018185778514455256 0.017186024731544437 -0.012428512476443653 -0.007973110042949014 -0.011697304413629143 
Ip_1Ip_4
-0.025352299715853677 -0.05928479252139756 -0.020789645749060504 -0.005929310403029487 0.10346703576225735 -0.028158373790149925 0.07880079700240558 -0.04275341058496813 
-0.02513199433926461 -0.05664457307530606 -0.041845222832805666 -0.06504985077110463 0.0689852916227818 0.13921751825245637 -0.025167760163914928 0.0056365913069993424 
-0.04316267085443472 0.27680868677615905 -0.05287060278653501 -0.07287343517929475 -0.06597878064687383 0.02302817117846723 -0.035201439363328944 -0.029749929122351988 
-0.025366959622813524 -0.05928021983359366 -0.02082564262145825 -0.005966255452323861 0.10349574671340889 -0.02815522026754099 0.07882705896922547 -0.04272850788428496 
-0.025169944525755078 -0.05670126065270002 -0.041558336128198925 -0.06508309058478369 0.06896218926047626 0.13918535620413247 -0.025244547818074184 0.005609634244941462 
-0.043214110406085214 0.27678463870132375 -0.05291977773588807 -0.07289869638631159 -0.06602474192938333 0.023305812169843797 -0.0352321878308386 -0.029800936581677477 
IIp_1Ip_4
-0.026971139809931207 -0.0595596179291221 0.10933830669122396 -0.07503986353934684 0.008157524760693891 0.04481184299304161 0.04316592564405889 -0.04390297881063199 
-0.01201227929202078 0.22981055521093796 -0.04768050300234428 -0.012132515952284761 -0.05014107340024176 -0.03764100181074933 -0.0299614701483005 -0.040241711604455124 
-0.006741571490047802 -0.04212231310747139 -0.015614092662250296 0.07309842706888693 -0.024319807357331826 0.0016026325592687852 -0.010861329847824052 0.024958054836985027 
0.011064142494928129 -0.04071975073185928 0.06264911934500121 -0.01817626676686673 0.017168151631360467 -0.012352536959040088 -0.007933421506523876 -0.011699437507283833 
0.0019065283995549009 -0.03971546400260721 0.009916176759727448 -0.03996873486651857 -0.0212618268562638 0.09571096456046102 -0.008464872216784672 0.001877228222189903 
-0.03017961926562122 0.035419755565903654 -0.0084319599328549 -0.022219052791123618 -0.041766968321034756 0.048146976886253114 0.047636522478782285 -0.028605654620074018 
II_1Ip_4
0.0012676596848536232 0.024762080989126356 -0.018572585801336035 0.08840077183207452 -0.028482810172248418 -0.030391937649790108 0.02738048084437671 -0.0643636597267673 
0.017012393445228476 -0.08269746500185295 0.056230887509134804 -0.038868050168858984 0.06732878741791946 -0.028253844871426494 -0.023671396274950463 0.03291868794432311 
-0.04856261727726855 0.015483245868982113 -0.012441337535622835 -0.06477394503971826 -0.030944900877641422 0.10545650235852091 0.061472329001053407 -0.025689276497328148 
0.022355382297969927 0.07551936757253346 -0.0018365222913839438 -0.03185823203461704 -0.007280127972162982 -0.051017590359556914 0.05190191362765067 -0.05778419083984285 
-0.018480336904575394 -0.059389179881592126 -0.006160604906210667 -0.06002304056829069 -0.012628294198175464 0.15916725599280235 -0.012691363745890253 0.010205564211876506 
-0.03800677374839241 0.13741570018127489 -0.05875565971313554 -0.06305692931300072 -0.038816849603829154 0.08780780792935554 -0.0064656448201657005 -0.02012165091143215 
I_2II_5
-0.8116522206992409 1.3540905954783078 -0.6128199645747953 -0.799275130994188 -0.45773982679992564 1.5623912139098712 0.460685869476134 -0.6956805357833257 
0.28927128107820693 0.2515440684345464 -0.0158214108071653 1.2651295899287955 -0.5146709852298303 0.06648736098324518 -0.28074864158194185 -1.0611912628045865 
0.3836136020953938 -0.7057795632912272 -0.32158606804224826 0.009384923153137917 0.17869302222236336 -0.73443665688839 0.23714369806258379 0.9529670426797844 
-0.373255243377336 -0.9101494946894451 0.19049938828876548 -0.4896602483361235 0.6686078599091428 0.31378635303772867 0.20212698858999292 0.3980443965752938 
0.1682120391424758 0.2977107838062744 0.1324585965421437 -0.20017901054671755 0.41237513262393927 -0.16897728840909737 0.027199847102552573 -0.6688001002602877 
0.8300611292981068 -0.8551182164625928 0.30480224153117896 -0.5957676272683576 0.8628323141798777 -0.6593080103292692 0.31285997029077545 -0.20036180124470127 
I_1II_4
0.28561055347542386 0.2513189937988174 -0.012609387323053035 1.266239183918275 -0.5148608134488513 0.06640237180312718 -0.2814332990256535 -1.0606676031957574 
0.38392341434627325 -0.7039830335893579 -0.3337907247917727 0.010605873549452336 0.17987024968049797 -0.730602539098508 0.23898643642248293 0.9549903234764289 
-0.37187772959859805 -0.9086451326625343 0.19223280396600945 -0.48855004646610234 0.6701091890493692 0.3031062134103579 0.2032540973078256 0.40037060499369553 
0.16427492577003075 0.2981309843803664 0.13189111963404448 -0.2002750433155739 0.4135214586675903 -0.16867382442746595 0.028191445239232383 -0.6670610659465381 
0.829273620003793 -0.8553914793316317 0.3044665955051279 -0.5956692871119357 0.8634610420275011 -0.6590246704698964 0.3118841149684479 -0.19899993559631382 
-0.8124505203630185 1.3546709827816532 -0.6133459178529216 -0.7994761222339577 -0.45784148221989635 1.5628350340334143 0.46079812010193905 -0.6951900942408099 
II_2I_5
-0.3623930545426533 -0.9106965102983899 0.19115378780712827 -0.48933154247949556 0.6669750952154557 0.31247792251819084 0.20239202783847043 0.3894222739360859 
0.18008914726032965 0.29805860102263315 0.12786221579544804 -0.19987224920203145 0.4114569539864371 -0.169705423655031 0.028793310980706237 -0.6766825561887955 
0.8420711274051207 -0.8551473768631598 0.30573206266357766 -0.5955980780499499 0.8621469518378088 -0.6650989538094012 0.31390913724389496 -0.20801487043955205 
-0.8011502979417198 1.3536559533154155 -0.6130501854027637 -0.7998543468575253 -0.4586670220997256 1.5611602809618996 0.461596294518671 -0.7036906764882486 
0.30021576630902874 0.250498792837076 -0.013367573060414233 1.2646194854326052 -0.5161569026276992 0.06496884589636784 -0.2810422283436839 -1.0697361864406256 
0.39435947721745834 -0.706399703260513 -0.32186471746914913 0.00893368017364164 0.17687816493417813 -0.7334045945562742 0.23743722381719104 0.9440604691353212 
IIp_0I_3
-0.26056917301478133 2.5943805661475183 -1.0787109835022302 0.17394886671544263 -0.7455620305373277 -0.1868920060184593 -0.44436030304081814 -0.052234936739278356 
-0.17404470783084688 -0.8500523929059608 -0.3011207351321504 0.07125194482448365 -0.12614474060006775 0.0717514358194325 -0.36760021093443324 1.6759594067550596 
0.11684410677245131 0.010403134144195683 -0.7336862868549978 2.7325873306584327 -0.5613336332063216 -0.12064147777345254 -0.2682948889105644 -1.1758782848235314 
0.9295544819670452 -0.6964065593816214 -0.41491107201429006 -0.03090417772659751 -0.13546598518501757 -0.5869900206343115 -0.09225784902957102 1.0273811819970808 
-0.10759329230468014 -0.633434165628457 0.11763808435551763 0.5895671324816655 0.16353309973977573 0.03324377540982419 -0.12123744151839223 -0.041717192534741813 
0.5492745977816397 0.3855745017969204 0.5457000561989057 -0.6731449889379162 1.1560930426397698 -0.743266222821697 -0.37083386272621954 -0.8493971239297575 
I_0I_3
0.08489932272023347 -0.542451956466007 -0.15173835132546257 -0.11941348337752779 -0.1223503760147213 -0.34996328944745103 0.07865351008862062 1.1223646238184937 
-0.4167953492920523 -0.725404740151939 -0.0892556813596551 -0.2476567057893109 0.15331540570890356 -0.07878105292186233 -0.17128314081373702 1.5758612646193724 
-0.312927999435465 0.47085457579766593 -0.5042782534581414 2.512660717826994 -0.49422530105261564 -0.23950485674707683 -0.7933845675190013 -0.6391943154027626 
0.08482124422324569 -0.5424276023830235 -0.15193007025659025 -0.11961025228797631 -0.12219746181693407 -0.34994649382207915 0.07879338102384102 1.1224972553177985 
-0.4169974715517562 -0.7257066575415145 -0.08772772604874077 -0.24783374065723887 0.1531923627911674 -0.07895234762382553 -0.1716921109825164 1.5757176916147937 
-0.3132019658996471 0.4707264960260442 -0.504540158676361 2.5125261769272322 -0.4944700903179438 -0.23802614399894503 -0.7935483335054513 -0.6394659805481576 
Ip_2II_5
-0.04741107349201664 0.015820760118568512 -0.01227785956803698 -0.06492035413347098 -0.030533575169185128 0.10272730562106402 0.0618697093303998 -0.025274912706809795 
0.021129875544515737 0.07498239534378055 0.0015717206693598314 -0.03230956518500678 -0.007416455085607416 -0.05141760017937917 0.051465270426055774 -0.058005641533598405 
-0.01897118525810244 -0.05989955061789326 -0.006745819970921846 -0.06032217535837203 -0.012997153779790167 0.16245904477268147 -0.013323407208633167 0.009800247421401715 
-0.03719462764586535 0.13745717159663148 -0.05865235052995468 -0.06301238731880306 -0.0392114396791268 0.08782387381542137 -0.006692237990318165 -0.020518002247578482 
0.0006453725468896894 0.02486080751044609 -0.01825264622962246 0.08871942149901993 -0.028629194025484007 -0.0304368852705038 0.027603771959127655 -0.0645106479894484 
0.017520413551508532 -0.08235045589736865 0.05336102862370353 -0.03853026910244237 0.06774409266850917 -0.027977642855929668 -0.023164012527990205 0.03339684553908707 
I_0IIp_3
0.9339325900142523 -0.6967774597336046 -0.4152214955120853 -0.03209913281935901 -0.13622489695265255 -0.5872845589593352 -0.09263758141051401 1.0263125353605518 
-0.1089191419681232 -0.6351901750415954 0.1287287759976183 0.5882090386382375 0.16192691174990226 0.031656283558742004 -0.12259028013699573 -0.04382141279767451 
0.5481359984939332 0.3837907538689051 0.5444553306732897 -0.6741640905158733 1.154745676774247 -0.7337245947996217 -0.3721294766479054 -0.8511095978528032 
-0.25605000709272496 2.5939656673162177 -1.0786750444805746 0.1731093975163724 -0.746597199565047 -0.18721688759113292 -0.44499272851292127 -0.05354319758506757 
-0.17500540015378954 -0.8512629534844073 -0.2927904722445064 0.0702136850341936 -0.12752863726646338 0.07047340774490038 -0.36821419743760164 1.6741145678022291 
0.11620045972595378 0.008850777201262292 -0.7344578501812578 2.731811292844056 -0.5622387588295542 -0.11377131609622519 -0.2692946405548141 -1.177099964105078 
IIp_0Ip_3
-0.012118121619523536 0.22977147295755967 -0.04740415992969255 -0.012119399982667284 -0.05017158574601776 -0.0376700831035366 -0.030013329780886368 -0.04027479279443762 
-0.006724555729414937 -0.04209010020443317 -0.016020121562776407 0.07312018880930192 -0.0243107683158427 0.0018776266060952641 -0.010821890893887028 0.024969621290924227 
0.0111838755022152 -0.04067907420413353 0.06271334300686078 -0.01814073490732645 0.017194577750858298 -0.012694792411462355 -0.007909120073555794 -0.011668074663764063 
0.0018144183415705493 -0.039700858044810064 0.009904700941455917 -0.039973801585084956 -0.021236811283195864 0.0957130444283 -0.008418855906978058 0.0018981631083470718 
-0.030166649096467792 0.035401266286259565 -0.00843683145789837 -0.02221757979819471 -0.041748000632989495 0.048146780037578475 0.04760573625912569 -0.02858472159690789 
-0.02692827827553416 -0.05954521244885473 0.10931044620382625 -0.07506724683255879 0.008150636744320582 0.04482022347260365 0.04317390737448276 -0.04391447623808537 
II_2IIp_5
0.21252645119028038 -0.6000684313635359 -0.14753514397043513 -0.02672065707842399 -0.15847690986370846 0.08357338506818031 -0.18884396073841855 0.8255452667492766 
0.10703006086934298 -0.37881116577560187 -0.01946373530488114 0.050091997543903706 0.2420410459875079 0.03972062257895295 0.5551276565531216 -0.5957364824494585 
0.46357388959425383 -0.7838635438028646 0.215057560693785 -0.24631499575209667 0.8987693838460311 -0.5656995393545997 0.13045036717311884 -0.1119731224058056 
-0.54155698109858 0.44014502982234144 0.03718432094907027 -0.44575233272373005 -0.4966446796029057 1.1161533693263732 0.3155618596771232 -0.42509058634561053 
0.18536786469616712 -0.6460913389279165 0.630389757089053 -0.8635325004306749 0.46949044821994007 -0.02650890774691252 0.15341899152487598 0.09746568557404542 
-0.311943167663476 2.2125168219700093 -0.8060632984367049 0.05913392559519648 -0.42431036747160555 -0.42740736385822725 0.0022141805318018582 -0.30414073065749925 
II_0IIp_3
0.46151915974692814 -0.7844992980421444 0.21257688919749124 -0.24951369078332142 0.8989504592252026 -0.5608020389320921 0.13002494112488738 -0.10825642154521156 
-0.5501182883507613 0.4359620736826168 0.06236219566477565 -0.4485569889719872 -0.49924527587459616 1.1135630191076094 0.31035590477514086 -0.4243226400258162 
0.1753180458843096 -0.6489233796083576 0.6270175938234482 -0.8656774028766349 0.466686404355003 -0.003195020176135807 0.1506574565886879 0.09811630200432901 
-0.31191807290227885 2.2118892661391225 -0.8047008779797165 0.059466495704975475 -0.42579878237177654 -0.4273251637991238 7.663943766968562e-05 -0.30168950422220203 
0.20692710397437356 -0.5993932708194413 -0.14715405182230973 -0.02732595299279903 -0.1586577362680954 0.08374847974735934 -0.18714040807463575 0.8289958362508492 
0.10069879294687976 -0.38054291382493544 -0.013985902839621466 0.04953394660566303 0.24273659191283473 0.03908069810482508 0.5537024364771969 -0.5912236493826768 
II_2Ip_5
-0.037948829637126986 0.1375533962343557 -0.0587736817286852 -0.06294285947076239 -0.03891554726564175 0.08786846393073146 -0.006437024315680862 -0.020403917746450274 
0.0011221958388175964 0.02494413650897622 -0.01928490483888334 0.0888486723400964 -0.028421609303319786 -0.030281692826357506 0.027513383995081228 -0.0644401817139655 
0.017876888843583794 -0.08207746377735171 0.05338882970267981 -0.038437197957467126 0.06776169972693091 -0.028741802993285038 -0.02300987454225142 0.033238920996566106 
-0.04803452379707133 0.01587620096176333 -0.012078134721276534 -0.06452131345177065 -0.030493755680917983 0.1027437694738577 0.06189069256700367 -0.025382935351303402 
0.021945176486951982 0.07557132075115006 -0.002019279981308857 -0.03188384850069959 -0.007002820432169474 -0.050975554479412634 0.052059751422118376 -0.05769474526615315 
-0.01815592069139145 -0.0594120737594374 -0.006279427601436851 -0.06000379955104613 -0.012569618120095646 0.1592186050935367 -0.012895023693328332 0.010097258322788594 
IIp_2IIp_5
0.04129261946548206 -0.11992233102923147 -0.07247346459095941 0.014945588382532647 -0.06105284518276741 -0.03986593251267743 -0.036481793940698504 0.2735581594077573 
-0.0567771402334198 -0.12589851254418083 0.28265182080683005 -0.1769674912121292 0.009324981989584015 0.008075164114328839 0.12013674218576598 -0.06054556510552568 
-0.09793171750795375 0.3905989437207014 -0.1221102839909379 -0.06703922614449723 0.07757556056695163 -0.07545873760811757 -0.050577784074337634 -0.05505675496001191 
0.04151213806948677 -0.11999080281635358 -0.07193444458335041 0.015498806465793722 -0.06148276522937603 -0.03991315360822497 -0.036875042702739516 0.2731852644040656 
-0.05620887114698604 -0.12504966828828504 0.2783559566616225 -0.1764697556197447 0.00967091858541727 0.00855676116326889 0.12128656657671508 -0.0601419079315232 
-0.09716145760533158 0.3909590414887533 -0.12137393442175755 -0.06666096283946217 0.0782637884353141 -0.07961615571588544 -0.05011735409783073 -0.054292965241948404 
Ip_2Ip_5
-0.0427725013879734 0.2767438634612617 -0.05304202498967132 -0.07312548186756042 -0.06602079567032285 0.023272541808744933 -0.035200479860903314 -0.02985512149215561 
-0.02550983123222385 -0.059626631382867605 -0.018877857125475885 -0.006195619053015079 0.10323586673372069 -0.028415986002047172 0.07845589117961282 -0.04306583311766949 
-0.025407424129445667 -0.05694698446167991 -0.041811837056617736 -0.06526030425499521 0.06868225937912484 0.1409233414641779 -0.02543873298304112 0.005259682043078046 
-0.04267705813197944 0.2767140929989915 -0.052807667519979624 -0.07288495129661487 -0.06620771818323319 0.0232520108148382 -0.03537145827277559 -0.03001725040820361 
-0.02526275672033753 -0.05925756717513282 -0.0207456316739407 -0.005979211401288674 0.10338627455568719 -0.028206595136624147 0.07895581684312793 -0.04289032929099016 
-0.025072527169765473 -0.05679041958370433 -0.04149168377960399 -0.06509584128562475 0.06898149009318402 0.13911576108746462 -0.025238545229895364 0.005591765867697445 
Ip_1I_4
-0.05309669311787179 0.8553949146269746 -0.24355736056299268 -0.11103858860839529 -0.03326456421616522 -0.15151922497929202 -0.15926498774542105 -0.10365349539321123 
-0.023612932138765842 -0.09551792333720766 0.1766323645795292 -0.15656246285041547 -0.14202021235056647 0.13597206363458902 0.04527749069125958 0.059831611771062776 
-0.1259931714458157 0.7707248590081263 -0.1946187440912697 -0.12056490740040039 -0.18394913608791236 -0.019244918457845053 -0.13338297024971194 0.007028988728748119 
-0.12155445260048274 0.16040928293751375 -0.08703461360282858 0.03329518562349539 0.05709708560793385 0.1954010629363662 -0.10130845948257514 -0.13630509141793784 
0.15857821441920994 -0.07663285231198563 -0.09427979879925205 0.23828384691763255 -0.03075923777528068 -0.11603269928807661 -0.08639928998705777 0.007241816823804072 
-0.15097720607398724 -0.15262032658001226 -0.02788304782821643 0.4618746336609018 -0.05430968698798172 -0.03295560212907308 -0.04447521670668957 0.0013464526453338779 
Ip_0II_3
-0.01860329700491843 -0.059431305210714463 -0.006215867812621671 -0.0599274743637728 -0.012510404357385856 0.15923746119259838 -0.012930646963472313 0.010381534520286223 
-0.03802583777926906 0.13766763588357797 -0.05947016785190623 -0.06296680579684072 -0.03879708114215121 0.08798084035777279 -0.00632320458041457 -0.02006537909019482 
0.0007409993178386516 0.024881536146937062 -0.01828441429387008 0.08880313050759449 -0.02840096977706637 -0.030928836310993486 0.02740067822505872 -0.06421212381478593 
0.01723883666152814 -0.08216165622499015 0.05322358873262064 -0.03851745923035803 0.06773902234188971 -0.027854561832771355 -0.023085355666490996 0.03341758521802858 
-0.048146342722841816 0.01585628555076488 -0.012055785013158352 -0.0645009362489614 -0.030513288911930208 0.10277829667535258 0.06176050444898962 -0.025178733777698796 
0.021572908649686466 0.07563377025902486 -0.0020132613578912398 -0.031879682294158225 -0.007007742092753685 -0.05093533011425505 0.052120300485045665 -0.05749096353424255 
IIp_0II_3
-0.3169027393184376 2.2125097881531057 -0.8065032426072157 0.058458567239689466 -0.4234005158188801 -0.4268679675870597 0.0019824797679525437 -0.2992763698184459 
0.20608699428908678 -0.6010158915661057 -0.1410915990027183 -0.027959877337846044 -0.15846966017066752 0.08338980992481945 -0.19031759303653614 0.8293778168938092 
0.09888961349357782 -0.38023128202159134 -0.015656583773325138 0.04903909118666874 0.2413389504801758 0.04608494810885328 0.5531605827501873 -0.5926253202252928 
0.4581118124813593 -0.7843707701419328 0.21464757480338437 -0.24654655079801233 0.8982595975210464 -0.5606841430658511 0.12910514940463674 -0.10852267020788497 
-0.5468751827805849 0.4404387004539691 0.03755733856279646 -0.44561450627224186 -0.4965715224468276 1.1166647951622515 0.31544061652013056 -0.4210402391940317 
0.17904345745491193 -0.6460243174217231 0.6306378461217504 -0.8634543020760866 0.4702339246394821 -0.02606329613385174 0.15342395580418003 0.102202731611127 
Ip_2IIp_5
-0.006063056488462558 -0.04219937272838852 -0.015883506487424953 0.07267417360438252 -0.024349488904592997 0.001793403602861353 -0.010830682551614323 0.024858529953012243 
0.010678668416103192 -0.041328609504270246 0.06611704086478785 -0.01858748758648124 0.016737255089118528 -0.012806238631765453 -0.008580023263642064 -0.012230605383904459 
0.0014240457322641144 -0.040156883758252174 0.009452541964862391 -0.04028224154425359 -0.02174410901075881 0.09883230794301483 -0.008836388669520964 0.0013107273428329964 
-0.029286876177465913 0.03530979272658271 -0.008240598356370464 -0.02219172043304776 -0.042092098185015164 0.04806614389028587 0.047387369290138044 -0.028952012754796044 
-0.026927096470868998 -0.0595044968437687 0.10943505759858006 -0.0750952710073332 0.00801993817776021 0.04473532746918167 0.04343571262614768 -0.04409917154960777 
-0.01192786795571006 0.22960121148427123 -0.04732880497668164 -0.012179983380710658 -0.050107693358935085 -0.037779920998258054 -0.03003989083357711 -0.040237049979523765 
Ip_1II_4
0.022252534579807064 0.07556244373112649 -0.002211903524677136 -0.03225340992947648 -0.006992032614547547 -0.050988227531468824 0.05216882302326665 -0.0575382277334758 
-0.018888564013839187 -0.05999463572154116 -0.0030711932436333768 -0.060381798022344564 -0.012885037219993817 0.15881713315800253 -0.013499974940703397 0.009904070004061809 
-0.03855221393883723 0.13714708361182168 -0.0592777797940815 -0.06332941953080012 -0.03930677677745819 0.0907842707490502 -0.006798037585228882 -0.020667126733306108 
0.00146927763171803 0.02471018884978981 -0.018200362585308605 0.08877289068808039 -0.02879100091738862 -0.03042806905309066 0.027101966099902477 -0.064634890713207 
0.017392338373122332 -0.08212559952988206 0.05336206551990359 -0.038536463408896174 0.06755184799267576 -0.02793600716389764 -0.02288523581290187 0.03317705402939148 
-0.04803973027749048 0.015714074013411856 -0.01194216303329757 -0.06452179549320906 -0.030480276811715674 0.10266675199309686 0.06177853868870887 -0.02517539907928763 
Ip_1IIp_4
0.011559765393835426 -0.040753879342276596 0.06252033568209794 -0.01841699725344295 0.01714699687738363 -0.012379845929145246 -0.007915655754882024 -0.011760719673738037 
0.0016340745292428318 -0.040075025328593535 0.012012994730479558 -0.04022051202353258 -0.021517876412727566 0.09543451040670797 -0.008825666422394332 0.0015575005207348806 
-0.03046246956016328 0.035138286072614794 -0.008709945922100951 -0.022408707280965695 -0.0420479149720829 0.05002959358375676 0.04739787101354111 -0.028936712934075924 
-0.02638471106140713 -0.059622070511614715 0.1094324935140318 -0.07505175037821478 0.007958529703436142 0.04476500059101795 0.043021020499894334 -0.044118512357250096 
-0.012049663531421402 0.22980212596426117 -0.04736070796497197 -0.012178400294101987 -0.05025402316498925 -0.03771823900329977 -0.029846629128222512 -0.04039446287664909 
-0.00670579683161492 -0.04225482491260337 -0.01558748101367085 0.07306524460534801 -0.02431606234594332 0.0017654957748330215 -0.010909520302326805 0.02494294502578295 
II_1I_4
0.16154139677923665 0.2981560740822743 0.13442392706413758 -0.1969297935303057 0.4123522540161198 -0.16863060653629156 0.02686699882324036 -0.6677802506961444 
0.8328828169617715 -0.8503259983594735 0.2769271978028246 -0.5924177951177544 0.8662777410254072 -0.6556530027594865 0.3178783462948131 -0.19556930585891832 
-0.8081522942349966 1.3577056060233852 -0.609184792263939 -0.7970166883316349 -0.45380715563072055 1.5371904283215627 0.46384537765948564 -0.6905804815295773 
0.28091081828768677 0.25195737845476335 -0.014904528230361478 1.2646293146215208 -0.5121792672099441 0.06686854432774254 -0.2792354555821333 -1.0580468046651974 
0.3824426818905998 -0.7065205657824745 -0.322852496683363 0.00939919758691739 0.17958842916268963 -0.7315444880241084 0.23468180559446875 0.9548054362481565 
-0.3744786444386805 -0.9088358691419947 0.18979852005445896 -0.4894786791842286 0.6679791274028647 0.31469918618723997 0.20217732958045356 0.3981390295332809 
