II_0I_3
0.8325037923230553 -0.8542803897181906 0.3027988878404851 -0.596599385399127 0.8612792168069421 -0.6586771600325072 0.31268173339033783 -0.199706695217772 
-0.8141455249560159 1.3513814215808508 -0.59337664666714 -0.8016600817326505 -0.46119636372768685 1.5594117204555258 0.4585563264100415 -0.6989708513514528 
0.28559510418151607 0.24890811331208243 -0.015858343953214914 1.2636835998327147 -0.5173605304409395 0.06296779110914497 -0.2639898015868431 -1.0639459324518137 
0.3872596701737425 -0.7075257044803159 -0.32118756484044486 0.009756007322593985 0.17754151523572845 -0.7335965727048976 0.2363375329448631 0.9514151163432792 
-0.37361402401053834 -0.9110839980103487 0.19130482455532222 -0.48921492410681705 0.6669764972368648 0.31400501153790467 0.20265792430946544 0.39896868848621275 
0.1685750144119281 0.29756470400164553 0.13385026240654532 -0.20225110382108985 0.4130936037572408 -0.1689113318556961 0.026452464488200038 -0.6683736133870539 
IIp_1I_4
0.5524814967338741 0.38611953024935824 0.5438663412167852 -0.6740187445665483 1.154568309441737 -0.7428722790991974 -0.3710383034735625 -0.8491063505043853 
-0.26134522712272007 2.591569244147305 -1.0596156122301312 0.17090324350385638 -0.749085817783841 -0.189999718461308 -0.4463706066475172 -0.056055505399473696 
-0.17787332610387802 -0.8536852160060217 -0.29559885416261267 0.06912747443731715 -0.12956185116519386 0.06744130198685269 -0.3518075102157833 1.6719579812227716 
0.12029348082319305 0.007911746951160026 -0.7340354931950281 2.7324451432397248 -0.5633160552683248 -0.11484491260258398 -0.26970303766687426 -1.1787508722791775 
0.9311893382196315 -0.6975269300419098 -0.41379929576831853 -0.030425593647170002 -0.13769976332723638 -0.5869553025838967 -0.09209617912655037 1.0273137262639778 
-0.10666879158185456 -0.6335142516741525 0.11922391063633736 0.5874376585711881 0.16395960504684312 0.03312440683949103 -0.12153254504915142 -0.042029992791545345 
IIp_2Ip_5
-0.029653765204766105 0.035509020483907965 -0.00866571167896002 -0.02232266024525934 -0.04198077038142533 0.048194920362730306 0.04762682438070382 -0.028707857716280382 
-0.027034883728611122 -0.059890908731419716 0.11164338901015175 -0.07532317892097933 0.007719292413957539 0.044432261251551225 0.042924610864239335 -0.04447058215856316 
-0.012204023374464997 0.2294935896222819 -0.04771591790380916 -0.012304708922581823 -0.050484443681145054 -0.038080238093139235 -0.02796280966579082 -0.04074144798043309 
-0.006067355286234461 -0.04233567378306976 -0.015558070199132919 0.07314001281865265 -0.024480686682370925 0.0016424081799736652 -0.01094161732328057 0.02460098227541662 
0.011251003659521556 -0.04084069885288295 0.06274657354166334 -0.018129366674479352 0.016949093127876038 -0.012353660867344914 -0.007857103342069193 -0.011765840592585997 
0.002187793598700036 -0.03974479571138461 0.010083649308234265 -0.040218884746651966 -0.021205040828715303 0.09569179608133736 -0.00854488976597835 0.0017503720640843201 
IIp_1II_4
0.1784211847396737 -0.6458028415923254 0.6306827947363877 -0.8633192351370919 0.4703123958004081 -0.02592304525721786 0.1535028264429484 0.10212592026309733 
-0.3180749355011579 2.2129237323986795 -0.8083773232292251 0.059512858344507015 -0.422983406344465 -0.42643030000292265 0.0021190010059976027 -0.29868962666110443 
0.2072778563729392 -0.599546679017706 -0.14768736194755733 -0.0269953739766944 -0.15735800346982703 0.08467890347095042 -0.19112260185148297 0.830753260414596 
0.09926777858622331 -0.37916643109519127 -0.014804649835013199 0.04959240736904527 0.24239174126182092 0.04002495927576294 0.5539983257939411 -0.5913041313552911 
0.45635871102297204 -0.7840669990522753 0.21419803710814567 -0.2466518944830289 0.8990973846897106 -0.5605581633381043 0.1295081510947191 -0.10788522704594893 
-0.5470106397779771 0.4403498075547667 0.03717191615225058 -0.44531456844026496 -0.49638058975704474 1.1168104672232355 0.31501777767351385 -0.42064417062606124 
IIp_2I_5
-0.08896131139494726 -0.6329005646480355 0.11565400879621737 0.5881498980138745 0.15931726234144417 0.032094057052417094 -0.12008214356905367 -0.05327120659184945 
0.5616921240098339 0.3811802121844333 0.5700200077152211 -0.6761014874557592 1.150078493965195 -0.7489354187419016 -0.3728149036519003 -0.8651190280335878 
-0.24722210065813585 2.5908283345874126 -1.0819659361922738 0.17125621702793348 -0.7504293556305811 -0.19270512718881488 -0.42260306124088054 -0.06715897069541399 
-0.1544611646964572 -0.8539421876346771 -0.2919912189709066 0.07065275872744006 -0.13003817686897226 0.06724041503795415 -0.3689662865400922 1.661505860941181 
0.13032663394627425 0.007563408666613071 -0.7336814494708138 2.7320234970741426 -0.5660819292358239 -0.1149344060196113 -0.2676106171522782 -1.1876051378082455 
0.9478252666545369 -0.6976192646583271 -0.4126207949981222 -0.03369388172426807 -0.1371944686678808 -0.5888517082732352 -0.09322973760884218 1.0153845892685818 
II_1II_4
1.3467473565034727 -0.5996146019120049 1.3504738834913785 -0.6859338203977873 0.24135931432450067 -0.9576423496778785 1.1127528062194478 -1.8081425885486846 
0.43604562055520646 -2.016206128948063 1.0363784042350874 0.04345066754308205 1.9625396475624861 -1.495541143873204 -0.03519093157413629 0.06852386448746131 
-0.8422319798940006 0.17080312235345851 -1.3289001835561849 -1.1987439272476292 -0.7013914878691524 3.0750077304089425 1.5325729157679189 -0.7071161899517453 
1.3269941624633232 -0.5705549553468572 1.3163601423735447 -0.7030808788268538 0.23190831347504032 -0.9326213815015041 1.117341759356367 -1.7863471619908362 
0.4115236375873674 -2.0382582600416974 1.2667794003077293 0.012673974047630182 1.9374761523328248 -1.5347764220419862 -0.07017708965079227 0.014758607447861189 
-0.8876211533829065 0.1461294268642536 -1.3747719320545233 -1.1878236935746609 -0.7405738725050419 3.034564561637331 1.753251568500373 -0.74315490548219 
I_1IIp_4
0.11567167696030568 0.009463888111972983 -0.7349471795508422 2.731807799624234 -0.5625213501569026 -0.11334002890283541 -0.2692208990195058 -1.176913907065724 
0.9311019761598597 -0.6968368496744086 -0.4129062241240713 -0.031002416452813177 -0.13647524085151155 -0.5873682181516563 -0.09301436805855698 1.026501341141767 
-0.10813398977295711 -0.6334663271553588 0.11769787122743225 0.5894189049127567 0.16305167818475566 0.03284349627761135 -0.11924657871792854 -0.04216505495955003 
0.5496155844726353 0.3850885150239109 0.5459870774354136 -0.6731318599570616 1.1562031284602314 -0.7435915474925894 -0.3709640838821595 -0.8492068140609405 
-0.25925279264666823 2.594219572143574 -1.079203237181799 0.17306220801009647 -0.7456333629199019 -0.18692495020077324 -0.44417882252891383 -0.052088614669615334 
-0.17530381130814876 -0.8514440089932489 -0.2930472837547206 0.07013800452176701 -0.1269867959856308 0.07075544649493914 -0.369138006524816 1.6750264555460819 
Ip_0Ip_3
-0.02507416909509567 -0.056669279610656875 -0.04160951633730101 -0.06511021904803059 0.06889975639562679 0.13919681209305282 -0.02522511685997442 0.005591732462214299 
-0.043266150206645856 0.276689840385567 -0.05233003285606595 -0.07296309306869829 -0.06612508027298156 0.023206117949287466 -0.03529805565233815 -0.029913546276917405 
-0.02536401319320026 -0.05935547909792269 -0.020882145254576177 -0.005998651291481961 0.10339294065828453 -0.02825950525802548 0.07931640577751672 -0.04284955234029052 
-0.02502610619305834 -0.056739986704714834 -0.041526511766243564 -0.06506849732000626 0.06892275229828748 0.13913593179478245 -0.025236282568469236 0.00553870045879235 
-0.043206484024841396 0.2767434969950166 -0.0528906379153907 -0.07288820810561139 -0.0660640964991579 0.023301584096672642 -0.03521292834142486 -0.029782726203959147 
-0.025253573565216587 -0.05929544377361471 -0.020770531438995873 -0.006025222089153155 0.10348827810662264 -0.028161100106086828 0.07877945684360615 -0.0427618639769627 
II_1IIp_4
0.10247671745492669 -0.3786083832432199 -0.01637565469187621 0.048982922766868234 0.240902900571417 0.04033597599114726 0.5538479868598756 -0.5915624657084807 
0.45465801164806197 -0.7863696869640668 0.2301046036845101 -0.24831638593809574 0.896037385391507 -0.5630045051177077 0.12788005556012244 -0.11098947827114854 
-0.5488472013166674 0.4385019393843952 0.035361364924234306 -0.44651127154386583 -0.49832507441966184 1.1141432223238383 0.32881391211568006 -0.42313689146056016 
0.18274515748029047 -0.6468851608698258 0.6310374519654027 -0.8629607977457773 0.4693570478734304 -0.027024419213909714 0.1530934489876355 0.10063727152135682 
-0.31839141106150803 2.2118658494058616 -0.805476497098006 0.059585658368929866 -0.42462861439114025 -0.42666187772839953 0.0024658139954748196 -0.29875892148454025 
0.20800343570742488 -0.6000017594629007 -0.1469085317720808 -0.02880850551300969 -0.1570907098279847 0.08429460597469669 -0.18978339827456386 0.830294863163752 
Ip_2I_5
-0.15171434748633272 -0.1525070856461023 -0.027698456628087825 0.4620442239196679 -0.05412324609539931 -0.03288564720428637 -0.044403329725635605 0.00128788886563238 
-0.05389222460530333 0.8559252143401914 -0.24648444667048236 -0.11003418575012096 -0.03267047771269653 -0.15094547151930465 -0.15900133937047156 -0.10289706871068169 
-0.02247369772093006 -0.09416884398752659 0.17148193351360946 -0.15569880022690982 -0.14094127935804804 0.1372514896359893 0.043385372631594116 0.061163825513103114 
-0.12603934717419052 0.7716911755234911 -0.1939844140749751 -0.1201590650675421 -0.18303183785541496 -0.02403379411398436 -0.13267109958277024 0.00822838234807401 
-0.12296424444457436 0.16072007734873725 -0.08744748152768557 0.03318095665975282 0.057882524447644725 0.19549086547702038 -0.10103671571384051 -0.13582598224651232 
0.15837771522933955 -0.07668805942828397 -0.09468666724319576 0.2386754879901165 -0.030655763553093206 -0.11591603226262126 -0.08667649829267525 0.007569817559745021 
IIp_0IIp_3
-0.09740641832380978 0.39124721158378734 -0.12164502865234154 -0.06668703360782816 0.07810823339935384 -0.0794035732199256 -0.05009713299195147 -0.054116258185950415 
0.03992637384359226 -0.12003002950559162 -0.07087778945926682 0.015328555677474346 -0.06125667458356571 -0.03998548274765779 -0.036712993703562576 0.27360804047697657 
-0.05667190845471269 -0.1252592047131652 0.27804263564870507 -0.17650681945868088 0.009720239244084194 0.008468777325960335 0.12207178058923791 -0.05986550018137101 
-0.09729900465314084 0.3910891914025557 -0.12145952537904019 -0.06659379154867053 0.0781596259332128 -0.07953963192651156 -0.05012208674363771 -0.05423477708281361 
0.04005971917488137 -0.11991011470382036 -0.07213066110338053 0.015495912795155432 -0.06112038462369702 -0.039772129644419396 -0.036522746412222806 0.273900404516925 
-0.05642509177687855 -0.1251250344015584 0.27829207646686777 -0.17656620136826445 0.009933304723406339 0.008688698681429352 0.12087177698156948 -0.059669529306448255 
Ip_0I_3
-0.023360408211949884 -0.09468097332152298 0.17136860739426557 -0.15577544417984795 -0.14111771875995904 0.13660694316222466 0.046306113493026435 0.0606528804234181 
-0.12491372256810447 0.7718362853886725 -0.19669989312600766 -0.11975572995576843 -0.18267183392252426 -0.023836117398273467 -0.13244550992698254 0.008486521511513228 
-0.1226212273277709 0.16089376768423025 -0.08697741768085006 0.03341952764275266 0.057992086611150684 0.1959979082749414 -0.10340712271905565 -0.13529752248336227 
0.15788428200642612 -0.07651299060404239 -0.09457086235439847 0.2382437196254884 -0.0304022868766813 -0.11570315052429618 -0.08675567859868687 0.007816967324482062 
-0.15115383649538228 -0.15222206957357148 -0.02814538529574286 0.4618441152040439 -0.054192200204976136 -0.03280836739122226 -0.04453039998294799 0.001208143739787862 
-0.054428553504358046 0.8555001657795158 -0.24337096969317606 -0.11009170677637857 -0.03337392405671965 -0.15146259267761059 -0.15923092356332036 -0.10354149550512924 
II_2II_5
-0.8475387689137034 0.14506726938721276 -1.3639894585332746 -1.2157315387249747 -0.7386456523609407 3.0345428565235446 1.7428156535172792 -0.756520360886971 
1.3963966422622234 -0.5967495267259584 1.379495026306343 -0.7023418715939511 0.20882274361076983 -0.9605450843454801 1.1062604054967806 -1.8313383350149164 
0.4195288633801058 -2.056269242477623 1.2687776499845869 0.014012466714597252 1.91022850156361 -1.5436683134489386 -0.013106915186507376 0.00049698945903164 
-0.8430888131781505 0.13852077666922358 -1.3563043906070285 -1.2118686874388793 -0.7365165518547675 3.028906188314263 1.7417818643332263 -0.7614303862354139 
1.401920900190621 -0.5917816715490891 1.3275908009938162 -0.6954085663522727 0.21446899222031546 -0.9517062479116662 1.114142009581761 -1.8192262171718883 
0.4297540356990797 -2.050710807090761 1.2791115357312293 0.011552380695257611 1.9190554222578542 -1.534557366101309 -0.06282091255954332 0.008615711350577754 
I_1I_4
-0.3138810739164456 0.47044646455397476 -0.5040322068487124 2.5127067479614955 -0.494057722172224 -0.23820945578893638 -0.7935378664329088 -0.6394348873508997 
0.08569440152822237 -0.5418617189279374 -0.15624938851137807 -0.11912049036263335 -0.12154672172816103 -0.34929345392012023 0.07915825644081322 1.1232191154764983 
-0.4164497546951136 -0.7251732981740376 -0.08712775577905081 -0.24758159332037874 0.1536940004710827 -0.07824324058647743 -0.17543955988790957 1.5763212019683395 
-0.31424528838324667 0.4709822737839028 -0.5046612047722354 2.512390586092698 -0.4942319821539982 -0.23774811274881152 -0.7934532541357513 -0.6390330176758878 
0.08524225890584053 -0.542268321786877 -0.15200119574799065 -0.11968795894476586 -0.12200884889275909 -0.3500168840597551 0.07851317266917708 1.1222277778532062 
-0.4172866519377576 -0.7256282381108269 -0.08797355086370975 -0.24738024324600535 0.15297154559604073 -0.07898894212335093 -0.17137063018898216 1.575656710871982 
I_2Ip_5
-0.12545757499958823 0.7711663580825245 -0.1932934689206378 -0.11985151764614477 -0.18280760912232252 -0.024514904794044043 -0.1326936158648013 0.0074523332679215576 
-0.12177606382064228 0.1612692969177276 -0.0926063138261515 0.033806764020450394 0.05851085593894153 0.1962685180780823 -0.10030800563269117 -0.13516505167485632 
0.15989186028000457 -0.07614933891364963 -0.09379428020626579 0.23862854799102276 -0.029938530138493864 -0.11509628356543805 -0.09144172706175117 0.007899751612924544 
-0.151843229058558 -0.15198643435577508 -0.02823480959547011 0.4617348776227639 -0.054239032711291636 -0.032466587271589756 -0.0442607508471734 0.0012959662166195911 
-0.05358626277797906 0.8556810721088095 -0.2433542229917148 -0.11051562071704116 -0.03294384681507909 -0.15157937278548295 -0.1595313140505343 -0.10417043196946411 
-0.022592503075001897 -0.09451780037768165 0.17072400871362683 -0.15535286680200125 -0.1416336968784853 0.136616228608658 0.04655942249707371 0.060197207314120336 
II_0II_3
0.4166361927855277 -2.0476126652562168 1.2713385185816652 0.016023995616025074 1.91587523080519 -1.531633089413428 -0.061319368178672166 0.02069118504718864 
-0.8761632513796486 0.13822386700222403 -1.3218007266117664 -1.2170526880163517 -0.7387065985645597 3.0289904581307447 1.738402273432308 -0.7518933339821253 
1.3817604831263663 -0.5927662620214201 1.3208406762455223 -0.6983656250249365 0.21584839855477064 -0.9565364030157228 1.143714823427093 -1.8144960912993406 
0.4196813492452642 -2.0520925063530826 1.2765974999352414 0.018667389673442412 1.9173321990417822 -1.535490327018448 -0.06202680213896706 0.017331197602106444 
-0.8723829374381626 0.14162342807032863 -1.3573193915990474 -1.212308146612297 -0.7348428049813148 3.035038976689376 1.7437957467627854 -0.7436048708895477 
1.3887576874565766 -0.588962560044251 1.3279122744385332 -0.7000490904949782 0.22188876303763358 -0.9503016757909456 1.1096949568927903 -1.8089403554929493 
I_2IIp_5
-0.16719403840943378 -0.8521680934247184 -0.29232468205886575 0.07036676669062467 -0.1276377268101582 0.06948014279332064 -0.3685993203917727 1.6680769516066352 
0.12536298994870673 0.009829641349663623 -0.7410078385509347 2.7323547463074953 -0.5623711323569018 -0.11347180261526778 -0.26808906488658374 -1.1826075391884951 
0.941345653717576 -0.696328484262724 -0.4135373166286912 -0.030659979407686305 -0.1365179983903789 -0.5871224600704121 -0.09802410460423844 1.0208446896339969 
-0.1002511084436956 -0.6332494333250693 0.11781273728202946 0.5891165904709129 0.1624081586515317 0.032505869016809755 -0.12005042503590838 -0.04829238861930471 
0.5585199422597487 0.38505747120179673 0.5458615913560405 -0.673521835857399 1.1556203134638143 -0.7446064680400647 -0.3707374250787285 -0.8561935893064752 
-0.2503857912705352 2.593921660643708 -1.079531280808149 0.17349233776339898 -0.7468904022109424 -0.18802128880731117 -0.44351918624023834 -0.059066049060168484 
I_2I_5
-0.4118565961789759 -0.72577116817368 -0.08789676078978155 -0.24807566216927157 0.15230007363441128 -0.07944099527221729 -0.17137110406485348 1.5721122130134968 
-0.30878836100302115 0.4700274548691715 -0.5015385878731698 2.512100153321382 -0.4955433927403336 -0.23906577147186786 -0.7936590412517961 -0.6435324538428282 
0.08953182736371637 -0.543027772561639 -0.15212315659707848 -0.11987645287119882 -0.12329573279531486 -0.35100775448157345 0.08142269006189398 1.1183763518757277 
-0.41161880087263997 -0.7261209975510501 -0.08748608859634512 -0.24786924036210572 0.1524138478237601 -0.07974220573945502 -0.17142634735980375 1.5718498326542747 
-0.30849315748071465 0.4702929255197931 -0.5043122292095226 2.5124706530618544 -0.4952416703191544 -0.23859344456703394 -0.7932378666220414 -0.6428852103764406 
0.09007823684128255 -0.5427307426747011 -0.15157093772625144 -0.12000791415802552 -0.1228240426393746 -0.3505208866004738 0.07876608942390034 1.11881019753131 
I_0II_3
0.3856923227700525 -0.7051223505452899 -0.3240258425964787 0.008332694984876798 0.17673571357571313 -0.7315303668040808 0.23671265085019919 0.9532051777592296 
-0.37566482519073024 -0.9129425357250845 0.21057217713924847 -0.4917801265637519 0.664855978204626 0.3107287998371266 0.19974674845771775 0.39448378384141214 
0.164803305162209 0.29549868920592515 0.13003929424540694 -0.2013739504708134 0.40983102391747217 -0.17229109548736377 0.0448801813291617 -0.6713874479018291 
0.8342103749632198 -0.8566934340700786 0.3056146831281227 -0.5951807133144037 0.8620398410913271 -0.6607579745708371 0.3122962699180231 -0.20152904714958075 
-0.8121320084066291 1.3531778438868853 -0.6122963711489369 -0.7991242994446287 -0.45916281381040513 1.5626384345949624 0.46144381956288905 -0.6945446052249306 
0.289346278493775 0.2509315613540361 -0.012066445699049504 1.2627508139384844 -0.5141289511092371 0.06629115128787948 -0.2821377630723564 -1.0609866451883756 
IIp_2II_5
-0.539756966476619 0.44189972261098065 0.03365096326170296 -0.44710110521332697 -0.4995227181359227 1.1177477229481865 0.31476453284682815 -0.4216821518309434 
0.17628698505199647 -0.650646245738707 0.6657397802436 -0.8672669908930348 0.4635335139038623 -0.031494815055666404 0.14971859345870828 0.0941291790246582 
-0.3215097442980216 2.208480081086372 -0.8104031224632369 0.05711468198072384 -0.4280872437183982 -0.43289098358855505 0.03291995477217173 -0.3056236237592523 
0.21700440323266523 -0.6025318015571185 -0.146618688805381 -0.026141644317644118 -0.15948831451926998 0.08152305714147201 -0.18988890614122694 0.8261418949629896 
0.100949996181208 -0.3810371458464583 -0.013450193264240889 0.050359512253541606 0.23940820938588786 0.04000396832119908 0.5553375872611627 -0.5915719342908927 
0.45986981586602127 -0.7846492678846128 0.2166886365120234 -0.25036139845181754 0.9000278430286479 -0.5606592694836561 0.1280514181437195 -0.10896777773497758 
I_0Ip_3
0.15835311417693876 -0.07679327602916441 -0.09431286728163642 0.23838737345455965 -0.03041252928043464 -0.11595762674266297 -0.0868184352490113 0.0075542469504807025 
-0.15101270119881396 -0.15215512585295352 -0.029477086227010785 0.4620577026296556 -0.05415046377893969 -0.03256123779935919 -0.044267118879479116 0.0015660311089604145 
-0.054065607589021146 0.8556315758057016 -0.2430006331086135 -0.11030611667053401 -0.03308845897018103 -0.15121914711038015 -0.16061805673958252 -0.10333355561516605 
-0.02324498165786469 -0.09444135081261666 0.17101627141460052 -0.155938569433791 -0.1412970496045513 0.1368001186330297 0.0463254580870369 0.0607801033739853 
-0.12521131158584917 0.7715086930676248 -0.19390947558600147 -0.12009277025738638 -0.18307851004017114 -0.024290948595213635 -0.13280816834193082 0.007882491341191757 
-0.12307034192279077 0.16058373909825255 -0.08742777538598688 0.033400492324639805 0.05757653723060597 0.1955177826081339 -0.10084608046984174 -0.1357343534820742 
IIp_1IIp_4
-0.05712234002377761 -0.12522731072283788 0.27848492068370967 -0.17630944540755483 0.010142488739672136 0.008624201117244025 0.12093882807972359 -0.05953134246618669 
-0.097498071089175 0.3915696694335698 -0.12421457982957 -0.06633509238457008 0.0787336122634327 -0.07900292202604133 -0.0498039461470646 -0.053448670219383536 
0.04023970484443317 -0.1195310705893207 -0.07184296291762328 0.015635013267192483 -0.06065339524471517 -0.03930802905719149 -0.03895446016857167 0.27441519986462104 
-0.057345902144386604 -0.12489842030647558 0.2780988291842119 -0.17650351188291663 0.010035524479256723 0.008907382697688536 0.12099076479910255 -0.059284666826149475 
-0.09777560526939359 0.3913200884705157 -0.12160695418796899 -0.06668341594430742 0.07844994937160626 -0.07944697790752056 -0.05019991146168258 -0.054057173069933954 
0.039726000586872104 -0.11981032181703216 -0.07236212884848463 0.01575860596789407 -0.06109685248928201 -0.03976575556750331 -0.03645686977948347 0.2740073219461321 
II_0Ip_3
0.017613490937296278 -0.08211962363603006 0.053121806244648934 -0.03856744858455883 0.06756687519109338 -0.027828359372426822 -0.023137675987197827 0.03335093520658232 
-0.04828551441223287 0.015688138753079638 -0.010745950282544478 -0.06464524300341593 -0.03077294417451411 0.10256396209597665 0.06166886608874365 -0.025471315064333377 
0.021432263695152873 0.0754553665426131 -0.0021553694715721653 -0.031960170000653286 -0.007161563348823265 -0.05117208227633925 0.05324696902300811 -0.05768541416296806 
-0.01815303961096158 -0.059536458099605595 -0.006209683314782156 -0.059963088420915925 -0.01257077714558702 0.15913527546895292 -0.01295216232710111 0.01024993344958752 
-0.038112951848383696 0.13749856232595253 -0.0587969113293239 -0.06301532423347574 -0.03897033460962094 0.08791023381305442 -0.006388488586839085 -0.020124785530732915 
0.0007365055021355477 0.02478542878308566 -0.01828297398193039 0.08861023799220402 -0.028440550600814123 -0.030359731822220206 0.02727106625166742 -0.06431998212369405 
I_1Ip_4
-0.1238283965019546 0.1603291695262491 -0.08679348384551863 0.033468468329695314 0.05807393315373091 0.1953618267107658 -0.10088145499723891 -0.13573006237501573 
0.1591382402142445 -0.07601640544134884 -0.09958649350801901 0.23888064662859887 -0.029604858256780765 -0.11511529641348513 -0.08627078491289854 0.00857495168804731 
-0.150522183033093 -0.15176426916984045 -0.027407687312399395 0.46220999691473696 -0.05375423717222166 -0.031920279765830846 -0.048923834652641836 0.0020824941930986077 
-0.055519559218674124 0.8558524868676921 -0.24337320720055083 -0.1105405216530569 -0.03302873502755938 -0.15108081066602996 -0.15923189093742982 -0.10307776216168096 
-0.022867491449953297 -0.0943117913246704 0.17088994422754605 -0.15600273898564218 -0.14097039892105398 0.13665072383170507 0.04609504075730898 0.06051671186491924 
-0.125547499239742 0.7715024426838398 -0.19420554334183343 -0.11952168159632215 -0.18337258900612174 -0.02428237570318126 -0.13252092682495561 0.007948173030800386 
other
-1.3161626953655903 0.8430465801197065 2.2130073205981873 -0.5368387165201688 -1.948476566786009 0.62559673084026 -1.8720187738596388 1.9918461209726581 
-1.2983059503341965 0.855159547867085 2.1406912111925718 -0.5325560760336462 -1.9422642798879453 0.6378018229363203 -1.865296076873453 2.0047698011429254 
-1.2970789607596696 0.8536136002019187 2.2142859113234516 -0.5357151011701898 -1.94578419472545 0.6386403723893505 -1.9299017253484054 2.0019400981000315 
-1.3215761640102437 0.851010531934724 2.203658267097028 -0.5415379597394684 -1.9510666641976158 0.6324538612075077 -1.8707611466688485 1.9978192743800327 
-1.305026331131869 0.8491160432066096 2.2038338384306613 -0.5409905937580683 -1.9491330650218675 0.6270491847692912 -1.874884220916577 1.9900351444288396 
-1.3095181069059703 0.8468516417748395 2.2017145129106463 -0.5327223526326678 -1.956522337136637 0.6275567053317087 -1.8694235583857757 1.9920634950479152 
Ip_0IIp_3
0.002282101097363987 -0.03960604444724571 0.009686716753714193 -0.04006765776020052 -0.021469144905735708 0.09577501741319543 -0.008458722473424307 0.0018577343219907652 
-0.030413284098640175 0.03509347673126813 -0.00615834550968766 -0.022465628429739596 -0.04217480074031726 0.04778605561334497 0.04738822367880387 -0.029055697244537944 
-0.027203958800822464 -0.059823579931413934 0.10903922179644612 -0.07520496473282902 0.007867336675538803 0.044426968488295845 0.045161338578733126 -0.044262362073745856 
-0.011481364703969578 0.22959625670610975 -0.0473435375622644 -0.012096842877259787 -0.05027825082674846 -0.03784159367029986 -0.030063828924702093 -0.04049083814019062 
-0.006786053024788836 -0.042259673265846766 -0.015568464509772907 0.07312253532866411 -0.024528683237646023 0.0018489156318837621 -0.010803641317596854 0.024975064395103913 
0.011274445128852638 -0.04075344075982051 0.06281578636634305 -0.018413740026458788 0.01722549458923075 -0.012356294853795932 -0.00805435069633282 -0.01173789974843417 
Ip_1Ip_4
-0.025571338170918303 -0.059367013162940394 -0.020632672249688292 -0.005891498482078675 0.10361446715314901 -0.028213232586631692 0.07881565853744647 -0.04275437103804542 
-0.024990138871586513 -0.056462060233290506 -0.043237491272665865 -0.06490252984875756 0.06925768520456176 0.13944222703009404 -0.025038479274283546 0.005930787265694691 
-0.042991918675029515 0.27696471072240825 -0.0527009688605338 -0.07279889862627802 -0.06580282671518256 0.02358153301457573 -0.036718861234816144 -0.029532769623528823 
-0.025711031150190543 -0.05916150570931753 -0.02087392184820979 -0.006012761082582037 0.10354763044499533 -0.028036286337619083 0.07884811124031299 -0.04260023555663489 
-0.02516355633774868 -0.056618011108171024 -0.04160811419484405 -0.06512018011831731 0.06908043820779043 0.13916475833868672 -0.025285898534495588 0.005550563747197675 
-0.04331290721298575 0.27679022035756534 -0.053025370129650355 -0.07272167162325575 -0.06607992134792055 0.02329552221912237 -0.03515823977728633 -0.02978763248440904 
IIp_1Ip_4
-0.027042426657791246 -0.059597293281028085 0.10939904260087795 -0.0750372835319765 0.008222444190228894 0.04478647587608186 0.04317451567920802 -0.04390547487548825 
-0.011965679290896957 0.22986970312126792 -0.04817137490460193 -0.01208224330451423 -0.05003564186016961 -0.03755796308836444 -0.029926644488164074 -0.04013015618376058 
-0.006683403729666218 -0.04206934813905177 -0.015556066376817548 0.0731202822242429 -0.024259017550836908 0.0019549077043061144 -0.01154149305602343 0.025034138923989518 
0.01094389907578965 -0.04067102745593846 0.06263434186521068 -0.01819569491408137 0.017179424465396224 -0.012302850067861533 -0.00793279436789246 -0.011655298600910413 
0.001909062083083661 -0.03967685869739123 0.009898288454470027 -0.039985942290177705 -0.021214704860927424 0.09569933678888505 -0.00847376122267381 0.001844579744426325 
-0.030218925036479622 0.035416421877966925 -0.008474822022573561 -0.022141905664391292 -0.041789006661745544 0.04813874253182087 0.047667859546885225 -0.028598364571129204 
II_1Ip_4
0.0002867383347659522 0.024698011135887415 -0.018138421357529178 0.0888410808402153 -0.028294457266766184 -0.030428289688385922 0.027342465151084804 -0.06430712714894819 
0.01763561219110079 -0.0818731082371392 0.051047719878831055 -0.038273121064739124 0.06808114131412692 -0.02752353266463975 -0.02289046567882633 0.03379575426070872 
-0.04787025949536904 0.016121053360628693 -0.01176018570054775 -0.06437319685790731 -0.030255134100414898 0.1031374924923354 0.059867692714165824 -0.024867462412054994 
0.02104477012344962 0.07576996340614695 -0.002078786069040448 -0.031946899343153146 -0.006891395921927344 -0.05079086428829969 0.05216960951027588 -0.05727639741676779 
-0.018464394901638915 -0.05933708211851248 -0.006336501166624318 -0.06004603127019826 -0.012339386405436605 0.1592122029437916 -0.013003833947576551 0.01031502686608243 
-0.03824995503635792 0.13758418738849432 -0.05899180997774475 -0.06280838705888878 -0.038950287419137225 0.08789783951668202 -0.006337042955045742 -0.020144544457293648 
I_2II_5
-0.8079966009583581 1.354941715260324 -0.614979193881907 -0.8003704616351269 -0.45939186129300036 1.5629481342907445 0.460617003376954 -0.6957687351458421 
0.2869244506043808 0.24848603156224866 0.005612558654282821 1.2627819495871082 -0.518416071167009 0.06320999231806408 -0.2832523062292988 -1.0653466053288136 
0.38088776452219864 -0.7082791399980077 -0.32428262326815543 0.008026244030175425 0.17592472205090845 -0.7354528272074671 0.25357489091648616 0.9496009689474161 
-0.36790738527722594 -0.911649241590473 0.1913497797725047 -0.48908901103105834 0.6674740187699887 0.312325521186186 0.20147851656658036 0.39601780160134364 
0.1681271257060608 0.29687089908952496 0.13320879249292414 -0.19980520008788843 0.4108139387314282 -0.16886857597534002 0.028108054561697245 -0.6684550345172131 
0.8313685870916556 -0.855457219050535 0.30615892556606755 -0.5977896165076322 0.8635584660830411 -0.6593694848863908 0.31197287565582293 -0.20044253395683992 
I_1II_4
0.28666521590245997 0.2507756167190944 -0.012535046416679086 1.2652202731254083 -0.5141133633319422 0.06602006927326139 -0.2811819150740388 -1.0608508501947864 
0.3832776098997601 -0.7048834700706905 -0.3303353658669683 0.010096707974615109 0.18000247845822495 -0.7308321315828541 0.23774021074500176 0.9549339604377137 
-0.37247654242608425 -0.9092082583203404 0.19165851682951524 -0.489115699459244 0.6695652732402518 0.31525667209666386 0.19452966754546472 0.39979037049384525 
0.1652205559012431 0.2984273167732075 0.13220404621860443 -0.2004204756444745 0.4127886931727633 -0.16830179399403875 0.02755451851448529 -0.6674728609402011 
0.8292819780232796 -0.854801853271739 0.30456104836627884 -0.5959326581772912 0.8636348627882292 -0.6593491747161717 0.31247632090896454 -0.199870523926241 
-0.8125901906328696 1.3542009678927784 -0.6135685660200898 -0.7986477607952739 -0.45792684751048224 1.5624642247452127 0.46106762473708385 -0.694999452409663 
II_2I_5
-0.35852814253709236 -0.9099600424129897 0.1890153402304083 -0.49063514837522676 0.665481972331513 0.31295428205741677 0.20237539298103885 0.3892963457194782 
0.17761443060691653 0.29482172003178847 0.14995829156757207 -0.2023194769702623 0.4077485939049206 -0.1730221632877243 0.026037809326632178 -0.6808392051795125 
0.8392280806749506 -0.8577573366473841 0.30292330429278813 -0.5970705096996338 0.8592729171351112 -0.6635963339300435 0.32849258696212813 -0.21149270879724863 
-0.795619948648834 1.352221315537405 -0.6121371108893315 -0.7993146523312452 -0.45994978420064897 1.5597801375685192 0.46081753812490506 -0.7057974951537577 
0.3001327955697062 0.24978310975518903 -0.012599688159695597 1.2649378215135327 -0.517678205216171 0.06501008510544636 -0.28001364573382365 -1.0695722728319297 
0.3956347489442317 -0.70683519621232 -0.32055752630724305 0.007088281462733598 0.1775848269776206 -0.733542707168102 0.23660815419785203 0.9440194180976794 
IIp_0I_3
-0.2552502950726038 2.595304345881518 -1.0815745872347535 0.1720748901594238 -0.7474776166860954 -0.18629820810615688 -0.44435233955021686 -0.05242618938013419 
-0.1774468472257841 -0.8545090448283533 -0.2710225690444436 0.06790320548579655 -0.13111022120643548 0.06726839288849994 -0.37145191951078277 1.6703690034366256 
0.11295285697394229 0.0068292917343528645 -0.7375285202271541 2.7305412199061068 -0.5652598901491932 -0.11715805114887824 -0.24975689971418233 -1.180620007367655 
0.9370973883754948 -0.6982979734000588 -0.4136468140392692 -0.030196743098530036 -0.1372774622197726 -0.5887991057843539 -0.09338074233851489 1.0245014524970086 
-0.10770373880691284 -0.6343244490540032 0.11868096870595049 0.5899629976040557 0.16151049821567498 0.033260046819300775 -0.11978434971244964 -0.04160197377190793 
0.5509708246448242 0.3849328370416472 0.5474291557628123 -0.6755240302374831 1.1570320061757593 -0.74349645683395 -0.37191505437431843 -0.8494292821776543 
I_0I_3
0.08527516852190248 -0.5424585519590335 -0.1518771774260538 -0.11960993859908556 -0.1223742224377065 -0.34997079581961815 0.07867878413898023 1.1223367335761076 
-0.4170329049356174 -0.7257213149682992 -0.08737742949399963 -0.24787801882711177 0.15307501025813183 -0.07903261335865465 -0.17160304106365484 1.5755703123883689 
-0.3131858744607413 0.47061643392161484 -0.504531200169525 2.5125003129709778 -0.494479532557229 -0.2381250822236284 -0.7933012902694899 -0.6394937672033127 
0.08529983558535066 -0.5424948405777127 -0.1518345774389745 -0.11958852598204875 -0.12236242037464755 -0.3500020410850924 0.07867305362328536 1.1223095162485115 
-0.4170022827840445 -0.7256937770770134 -0.08766514579363108 -0.24783958602280906 0.15310630863032368 -0.07898361778455337 -0.17155935163462702 1.5756374524662997 
-0.3131291941283529 0.47064724552609455 -0.5044739172151932 2.512486676184323 -0.49443060303474373 -0.23807457828023 -0.7935768656640413 -0.6394487633793179 
Ip_2II_5
-0.048113954599000176 0.015876345442538697 -0.012056463418013866 -0.0645144222655978 -0.030556085499119447 0.10277111073777545 0.06180757286904435 -0.02521410326715615 
0.021572421756863875 0.07557542854190251 -0.0017912783927954599 -0.0319048984471675 -0.00703336708594749 -0.05098639868177873 0.052092247788474814 -0.05752415547930726 
-0.018499209870975985 -0.05946285662024435 -0.0062839425903080505 -0.06001267628976082 -0.01253567344417271 0.15919649671618583 -0.012740969967021757 0.01033883206637073 
-0.038056913832400584 0.13754294954652252 -0.0588346398227441 -0.06303601047895435 -0.03888070695617786 0.08788425374389341 -0.006442548678057474 -0.020176383521606875 
0.0006525689476475204 0.024791110686841596 -0.018362992210854932 0.08875070406751451 -0.028502483250083956 -0.0303588964439955 0.027337393062977708 -0.06430740485965915 
0.017412657175148196 -0.08218184156803654 0.05327081240992427 -0.038533790915592114 0.06768641133400263 -0.02786770807423431 -0.023139459202829865 0.033352918840855506 
I_0IIp_3
0.9343367664280167 -0.6958991248302737 -0.41615336369665296 -0.03152151710713738 -0.1376243335576805 -0.5866832398924621 -0.09291483285764784 1.026459645498475 
-0.10920969504518747 -0.635510209750071 0.1338107745979546 0.5877823382792118 0.16030736012113742 0.030582246793794118 -0.1223463042634147 -0.045416510733751345 
0.5476481350515855 0.3833573204580727 0.5439547228791274 -0.6741416759533009 1.154186370592796 -0.7462064989273954 -0.35692804722529614 -0.8518703268823399 
-0.25486503648184217 2.593075174478137 -1.0786482051827977 0.17348094526593222 -0.7463193279175331 -0.18816716495484126 -0.44461726369160276 -0.053939121507573635 
-0.1750474487750914 -0.8521827978013272 -0.2925862724622904 0.07062402188623676 -0.1283217637295464 0.07083917715443275 -0.36844200180852726 1.6751170855319442 
0.11685881694604137 0.0091832914753762 -0.7336974489706396 2.730184425043151 -0.5618653652291331 -0.11342714109685434 -0.269915027944126 -1.177321550219037 
IIp_0Ip_3
-0.012090513578085655 0.22975290962849668 -0.047398378667704175 -0.012149938262274571 -0.05014528700600914 -0.03768307717286952 -0.03000525732578873 -0.040280457614932014 
-0.006741289067743041 -0.04211377104257667 -0.015944677129929582 0.0731077851126872 -0.02430063682785583 0.0018755543674867747 -0.010857395112419645 0.02497442970029809 
0.011169232155126163 -0.040692946115002765 0.06269943010229215 -0.018156497293081865 0.01718174077663757 -0.012308285653765254 -0.00821156042245197 -0.011681113549964102 
0.0018358872272666565 -0.039689091171482734 0.009913264194106444 -0.039979314954090024 -0.021258224129883384 0.09572714746278226 -0.008438003036389717 0.0018883344073048372 
-0.030166249593046937 0.03542127683199798 -0.008435029878896069 -0.022226515869449192 -0.041740017096622846 0.0481363280961864 0.04762305459570687 -0.028612847085430524 
-0.026934777377861586 -0.05955956333133767 0.109301240468177 -0.07503779797980809 0.008146780315745668 0.04480857476904681 0.043183852237956 -0.043908309101705005 
II_2IIp_5
0.21539032463477223 -0.5996112297598998 -0.1490414848618464 -0.027765484329766964 -0.15944596586365112 0.08386544347369096 -0.18882585316538394 0.8254342498654582 
0.10519982073443292 -0.38121171220310646 -0.0033968182850855288 0.048297483279963874 0.2394292390023717 0.03734326832920601 0.5530270673648656 -0.5986883482206069 
0.46148826003183585 -0.7857797774701236 0.2129991424435837 -0.24742554273889905 0.896668326226898 -0.5631899606752865 0.13974587180298817 -0.11450631962763623 
-0.5375260401690738 0.43916376699338744 0.03786848581303527 -0.445387230644287 -0.49764071030678564 1.115219719954796 0.31493433548053584 -0.42663232711786625 
0.18531007030576502 -0.6465283137745066 0.6309450684562691 -0.8633382652957099 0.4684332108350861 -0.02651827740671506 0.1542182101498755 0.09747829672865126 
-0.3110561925350051 2.21215236339378 -0.8051635745927671 0.057924888951976054 -0.4238198187285103 -0.42754931844053473 0.0016587982815810408 -0.3041471463224622 
II_0IIp_3
0.4590523071495385 -0.7834195846620433 0.21257203553754822 -0.24730085180996603 0.8974989019044302 -0.5600394572081044 0.12950270892893 -0.10786605984809865 
-0.5486001741679277 0.43806378535163915 0.053618720573285955 -0.4473252934932882 -0.4992605875430335 1.1142735869311295 0.31314382297944293 -0.42391386062322034 
0.17676414439029287 -0.6475679262266765 0.6284102241739361 -0.864396440893549 0.4680203761391689 -0.028598452137222296 0.16779984936648945 0.09956822518247366 
-0.3142746786797225 2.211372866142554 -0.8054164291797152 0.059731457065656024 -0.4241831787562696 -0.42800299293279304 0.0014573637611228162 -0.3006844074131444 
0.2069155191890384 -0.6005707349696116 -0.14740454644911027 -0.02679991545048133 -0.15891298253798042 0.08442122832969985 -0.1884455363033748 0.830796968188122 
0.10090018509539497 -0.3795337779149732 -0.01361398297525139 0.04793862489648316 0.24286478331801714 0.03986243150852362 0.5531994365758981 -0.5916177005041806 
II_2Ip_5
-0.03787320101535065 0.13750945587108082 -0.05876395334404164 -0.06302035727971998 -0.03885422882469378 0.08783762514866442 -0.006417287197604917 -0.02041805335759459 
0.001076083133391023 0.024879452602214122 -0.01905433207559586 0.08881322104380392 -0.0284044793575013 -0.030293641506160568 0.027420714544713756 -0.06443701838439593 
0.017835131799333524 -0.08211684834743857 0.05334893276160567 -0.038478855525693224 0.06772430275463133 -0.027792031264417115 -0.023720410415839985 0.03319977823733745 
-0.04797048034714696 0.015902048192624283 -0.012055268890456342 -0.06453369876063382 -0.030548859682663965 0.10277545151258648 0.061842182351046555 -0.025411374375109468 
0.021945983038463096 0.07561884880505453 -0.002013276161800973 -0.031905075634813436 -0.006986419193867642 -0.05100106860533696 0.05210430014799815 -0.05776329239517454 
-0.018169196000825796 -0.05944812535235777 -0.006299266029931912 -0.059935495660363505 -0.012577599137414476 0.15918978811130668 -0.01287238414200608 0.010112278211254213 
IIp_2IIp_5
0.040590878510165705 -0.11980453251557965 -0.07230749386067872 0.015406371500710909 -0.06117198630112858 -0.039779318468019687 -0.03656525095414849 0.2736313320882581 
-0.056337781061127135 -0.12530500565117933 0.27950974715759647 -0.17657675917731083 0.009611678931736378 0.008449126660152396 0.12080407657599945 -0.06015508343478366 
-0.09747532314356648 0.39102245071680586 -0.12166524093483685 -0.0667165141892415 0.07801617411320703 -0.07969869265168245 -0.04893294034597572 -0.05454991356300628 
0.04069841672378637 -0.11996273591678139 -0.07212177550177597 0.015499721671244346 -0.06112053417921554 -0.03991553493087763 -0.03659023363910381 0.2735126757720285 
-0.05620428111993449 -0.12518495181181757 0.27825542284464594 -0.1764092080140369 0.009748126915720605 0.00866272714000592 0.12099454445342984 -0.05986238040730964 
-0.09722822028889483 0.3911567765950264 -0.12141551089722155 -0.06677596495044909 0.07822948663582274 -0.07947851630372883 -0.05013433532334287 -0.05435371546549269 
Ip_2Ip_5
-0.043440535518070374 0.276693595378483 -0.052740483105464336 -0.07283153075788942 -0.06588222798359782 0.023243218733186577 -0.035224088394236824 -0.029817948351112927 
-0.025085139362197396 -0.05906537488100302 -0.022430681036088907 -0.005789042122138273 0.10375843884881941 -0.027912602549563632 0.07898332018492066 -0.042458919082662604 
-0.024934331926149828 -0.05651129133839614 -0.04134624119786495 -0.06498884436042225 0.06915415173916746 0.13944868162563614 -0.026644771684484758 0.005822647142742276 
-0.043574643468456686 0.276890886491533 -0.05297208736610359 -0.07294794518972614 -0.06594639251064709 0.023413090539780315 -0.03519293317459511 -0.029669975320705852 
-0.02525162346936233 -0.05921509072416648 -0.02086644766287663 -0.0059979905723983856 0.10358827831852115 -0.028178977836778314 0.07874579293034395 -0.042823940982732046 
-0.025242487104178132 -0.05667880544897946 -0.04165767266352946 -0.06491470495029064 0.06888813555545564 0.13917410575401065 -0.0251465450308691 0.0055779738881527015 
Ip_1I_4
-0.053737235431222385 0.8556089656123876 -0.2435000158843098 -0.11052308030858274 -0.033538595849037865 -0.15136684875679687 -0.15937779249364645 -0.10356539688499633 
-0.02321611114312542 -0.09497372134370158 0.17413271920352133 -0.15622850953592135 -0.1419222641476877 0.13621674234812683 0.04595736796935077 0.06003377664887511 
-0.12560191037854704 0.7710900962271723 -0.19424001527697093 -0.12024688942215322 -0.18358134625602704 -0.024795317344092484 -0.13006346563139712 0.00743884808536977 
-0.12221656537387372 0.16033646626076584 -0.08721473313629978 0.033337910946162286 0.057482499384323975 0.19529174819566636 -0.1009877486388227 -0.13602957763638004 
0.158577967758671 -0.07686867057595749 -0.09435509439062516 0.23838923800958828 -0.030773050116046488 -0.11588792322691184 -0.08671042826393832 0.007627960804322959 
-0.15096835465805244 -0.15238957784203883 -0.027838084908018403 0.46157904319630705 -0.054301183220818436 -0.032782292214677246 -0.04456166426216639 0.0012621139092556018 
Ip_0II_3
-0.018370426701998177 -0.059410567644693324 -0.006323823618114806 -0.060027078836596616 -0.012563695356642545 0.15924989536459844 -0.01292352250689015 0.010369219300266647 
-0.03817400869918893 0.13747206131383705 -0.0582205700789945 -0.06310921972730643 -0.03898418609385407 0.0878024485025404 -0.006504926553918101 -0.02028159866252485 
0.0005753194902021025 0.024729013849258876 -0.01844754647785315 0.08870920982007711 -0.028566504952742534 -0.03046548719261824 0.02787595626676737 -0.06440996080246054 
0.017554159892708646 -0.0822262552147788 0.053280628533612116 -0.038494236061924855 0.06764957957685666 -0.027913945848585798 -0.023145754876366144 0.03329582399786485 
-0.04815035754329769 0.015838088832854952 -0.012013172684470436 -0.06449287743751872 -0.030586249004947788 0.10277011958059462 0.061832371396441495 -0.025197923139239565 
0.021634261141070713 0.07559637926293213 -0.0019528971645885271 -0.03194857690038457 -0.006973998135511323 -0.050954229862064236 0.05208608914155692 -0.0574870274824059 
IIp_0II_3
-0.3156842499803313 2.2133373798777716 -0.8077036744899604 0.05857806186611649 -0.42479505901519093 -0.42630800073462266 0.0017725209321413518 -0.29919697844618637 
0.2052831944369829 -0.60202266182433 -0.13206622312084232 -0.028858308669674995 -0.1605540218447422 0.08180381958820668 -0.19079092534020922 0.8272051267683386 
0.09785170271962762 -0.3811733758800315 -0.016695818260646457 0.048705945763982114 0.24024059369990647 0.03716745425350508 0.5679202819349222 -0.5940167842310805 
0.46030610943730044 -0.7853732572705484 0.21488443304478214 -0.24614226533979397 0.8981613242215037 -0.5617181060345826 0.12919912583190085 -0.10931736389362694 
-0.5469261373447971 0.43958520363766396 0.037891489320715066 -0.4452339865467735 -0.4975222517937126 1.1169463709240615 0.31551570696577835 -0.4202563951581955 
0.17983560016822459 -0.6458807068293348 0.631513393862914 -0.8651015230141661 0.4706792474859787 -0.025840373683153863 0.15276602852177704 0.10202833348831067 
Ip_2IIp_5
-0.006558921377531045 -0.04209382608823535 -0.0157859445898002 0.07301964790110267 -0.02446828828062984 0.0018699600981451725 -0.010897324948869061 0.02491469728558847 
0.010988244738733171 -0.040908711036633356 0.06397393486800938 -0.018316142424632968 0.016905550811799296 -0.012562232832656891 -0.008093656781026184 -0.011986987343670197 
0.0017412389017997614 -0.039862092804710564 0.0097612594516626 -0.04004929586781572 -0.02143996556462094 0.0954844109220271 -0.007293374279070815 0.0016578192407429606 
-0.02984498091674087 0.03530901174522402 -0.008374881344502247 -0.022182301479695587 -0.04182466804581612 0.048042024578730455 0.04760134101086117 -0.028725545547651384 
-0.0269247820947751 -0.059623614841395674 0.10936746745330543 -0.07504199027275818 0.008056844430440946 0.04482026777659642 0.043220027385550815 -0.04387421983679147 
-0.011960428648142358 0.22975145989598342 -0.04734082070928642 -0.012301163890659756 -0.050123594181082406 -0.03767267859813537 -0.030066747323556648 -0.040286026544174076 
Ip_1II_4
0.021741952343721754 0.07564499026959054 -0.002088348772757704 -0.03192096509638304 -0.0070738114950354225 -0.05092738456180558 0.05210918771466956 -0.05748562040152513 
-0.01856876373585925 -0.0595628767808893 -0.005368284573881505 -0.06009682980111223 -0.012671576490960108 0.1590920962152463 -0.01301652710707481 0.010192762274442645 
-0.03821939219141037 0.1374558580900846 -0.0589531527290637 -0.06309531262925629 -0.03898516784970535 0.08774919449615591 -0.005655242149028772 -0.020296785036885864 
0.0008748247322981294 0.024733532856341632 -0.01833639240913864 0.08877231281033342 -0.028529070206577484 -0.030426620507283935 0.02730738789561622 -0.06439597517107822 
0.01739580977066592 -0.08222069562735451 0.05328842871698957 -0.03849389760997056 0.06761052689944158 -0.027860333713366405 -0.02309638549795275 0.033376547061101526 
-0.04809037860186498 0.01585645257585134 -0.011974875638998312 -0.06459981056815388 -0.030506416723141444 0.10276548203702979 0.06176828978883923 -0.02521874286928895 
Ip_1IIp_4
0.011515282989667636 -0.04061867699047995 0.06241795861419358 -0.018273981992185526 0.01694125594423785 -0.012286442401182296 -0.00796486433983009 -0.011730531824551613 
0.0016568625584145963 -0.04003446032087545 0.012255583270706185 -0.04022296739558536 -0.021696051434306623 0.09534229727164051 -0.008698539301202034 0.0013972753510078913 
-0.030463914148881648 0.03513954772166692 -0.008714713175426709 -0.022360132458815896 -0.04206123174577988 0.04774608409923077 0.04968223397602259 -0.028967874267348773 
-0.026339591077811034 -0.05973832617173785 0.10940967621093976 -0.07500146200594246 0.008047169285425374 0.044636376397197884 0.043111907580885296 -0.04412575021888164 
-0.012054692269100714 0.22965885191025975 -0.04734733059713277 -0.012114458614157187 -0.05035019828308422 -0.03765390342970018 -0.02991860002870573 -0.04021966868780433 
-0.006626341312294494 -0.04218202614694767 -0.015490694605886545 0.07282938450331501 -0.024270495449820732 0.0018313866024275995 -0.010995669815258267 0.024904456224377765 
II_1I_4
0.16549263080404733 0.2972865494477936 0.1336716987083039 -0.19970804347737828 0.4133430953107685 -0.16926024508314802 0.027407825557842318 -0.6682335112654259 
0.8304171279393611 -0.8536725604663242 0.2939057250704087 -0.5945739013738034 0.8649804923770027 -0.6575714763781441 0.3139838795004132 -0.19746928668049427 
-0.8106730313949995 1.3553623093993505 -0.6116374114615607 -0.7988791568341623 -0.45622148292397463 1.5643170742392296 0.451063820484037 -0.6933321214961383 
0.28533643418776256 0.25198992814242405 -0.013832071280144055 1.264543057527133 -0.5143248979442954 0.0670893906242899 -0.28095670584713645 -1.059845135406426 
0.38242542659692647 -0.7055413464647017 -0.32231831858357657 0.008961231524787222 0.17931688909061347 -0.7322341749390098 0.23641238876199167 0.952977904005555 
-0.3742378545594253 -0.9100465452610343 0.18987209072667802 -0.4884620878240403 0.6680951827772821 0.31383188890741226 0.20241030673042176 0.39853701849653217 
