II_0I_3
0.8236532248651235 -0.8588786423440471 0.29963042516798927 -0.6028467656580906 0.8590716150461742 -0.6626924578368809 0.3100766442180467 -0.16801404346916912 
-0.8122145457314109 1.3784056761451662 -0.6154018943551474 -0.8062021996836655 -0.460043259004759 1.5595690551636854 0.4559032648389375 -0.7000160973611183 
0.2816482704607177 0.2470023981871312 -0.01615835624036271 1.2614443800875592 -0.52061881447376 0.06162893224139709 -0.2843935999992247 -1.0305532102674226 
0.386033701117992 -0.7051622393176109 -0.32200021605705653 0.004929811122923238 0.17881023874419175 -0.7318536731721158 0.2364243816750555 0.9528179958835895 
-0.3757841753363201 -0.9103782583260137 0.1899902360186999 -0.48982536143099875 0.668611061996996 0.3130419155983477 0.204832890124647 0.3995116913532755 
0.17024774704210852 0.29745633522729825 0.1310341262931905 -0.1983126647050827 0.41496432847323755 -0.16990936927951614 0.023590209383704337 -0.6690707124318009 
IIp_1I_4
0.527332968399698 0.37077835231274053 0.5254735890967193 -0.7009114395969148 1.1409549621739505 -0.7568339898314225 -0.38156348106812654 -0.7252309614938961 
-0.25989550603022604 2.689393232583339 -1.0886573027318054 0.14694419599079678 -0.7549724220901888 -0.19828986014578626 -0.46295306277603854 -0.07156927479350073 
-0.20049515302389948 -0.8677163399498012 -0.30388350373328693 0.05693795097325224 -0.14963728631302362 0.052564322381947526 -0.3814428375780828 1.7936728472431915 
0.12970698465608962 0.012858934398160802 -0.7350471796691093 2.7152165249812352 -0.5610649097450736 -0.11226135128420076 -0.2707925144892091 -1.1786164888443689 
0.9224586030244151 -0.6974124609551283 -0.41692838658423526 -0.03163557332807572 -0.13570527451008751 -0.5902416784096681 -0.08141487719036816 1.030879647943493 
-0.09644031810922003 -0.6346084028234665 0.1120695399408569 0.5968087637205827 0.17332974670970802 0.029258188550107186 -0.1353299019121011 -0.04508761607963782 
IIp_2Ip_5
-0.02982101775232086 0.03554492269160458 -0.008218857722226258 -0.021947409985880847 -0.04162634468006403 0.0482567862959141 0.047746128436793454 -0.029934207283183533 
-0.026780526012978596 -0.060515443865179104 0.10941701424271509 -0.07481253112377806 0.008235584423965558 0.04490675130598303 0.043362542658940906 -0.043813391629558454 
-0.011663008314520407 0.22992255861797548 -0.047320498238751826 -0.012032568031827135 -0.049962252027911304 -0.03750798515982353 -0.029877867504130542 -0.041558379340426034 
-0.006786532216872965 -0.042195570439414104 -0.0156434449747859 0.07323851243515464 -0.02438364682120316 0.0018031813512318254 -0.010867863062925923 0.02483536372880541 
0.011348382029421124 -0.04072531890134522 0.06268901353110268 -0.01816921068019309 0.017122996811044712 -0.012342191235424746 -0.008058917860401155 -0.011864753694466048 
0.0019239114300100314 -0.03970441369244791 0.009984691488423857 -0.04004624966304902 -0.021388499375302156 0.09572853946024225 -0.008293291980311947 0.001795312332007715 
IIp_1II_4
0.19196011662411167 -0.6370251114214486 0.6427250246146458 -0.8467576705285693 0.47931449663414055 -0.017824828408655704 0.15988100174200745 0.027726970739178253 
-0.3179351756554027 2.1554643604906367 -0.8003882254267236 0.07493084920588472 -0.41772562119044643 -0.41997563152425943 0.013107817787400826 -0.2874783736789822 
0.22205669333362177 -0.5900289039755859 -0.14153312355436848 -0.019104832942802883 -0.1440845047744673 0.09521201064694898 -0.18162839317602048 0.7591110544402346 
0.09126012454634283 -0.3814266724418183 -0.014555741383810364 0.059668851463626604 0.2414884270023396 0.03917403521451087 0.5548894470656727 -0.5904984714648922 
0.4616435062213528 -0.7836976128807275 0.21574441724804183 -0.24612006030717273 0.8986277009594038 -0.5586635950902199 0.1227317483442989 -0.11026610449854235 
-0.553765332581681 0.44111806933469955 0.04083033665822956 -0.4499447697489239 -0.5023493014720103 1.1191267392746136 0.3237368698406672 -0.4187526113030165 
IIp_2I_5
-0.10317161528319399 -0.6407668596175983 0.10857189333537291 0.5761771633242087 0.15421324169633238 0.02510489842476842 -0.1249283074076707 0.004799585529891973 
0.5639347685411739 0.4290389865055387 0.5417829002522866 -0.6857424545885105 1.1499831456151368 -0.7505390712604701 -0.3789960327560345 -0.8694622423194985 
-0.25598255416595384 2.5859380144963993 -1.0840266367214952 0.1664230175277422 -0.7579589580729814 -0.19720722202034505 -0.4493417640062068 -0.007843897025464255 
-0.15368950991989247 -0.8505231807076887 -0.2930203505519503 0.06215709066249505 -0.1282887777399511 0.06953551351879919 -0.3691107382972881 1.6629399530306146 
0.1262974723432806 0.008294807119748646 -0.7356633249223278 2.731154834627592 -0.5640205227628524 -0.11659753795117284 -0.26316222339018436 -1.186303505063605 
0.9516742683357677 -0.697960297444523 -0.4169622599592049 -0.02775702680239824 -0.13332945646840477 -0.5906730386846006 -0.0990287476882762 1.0140365587013118 
II_1II_4
1.3988456978812058 -0.5803162007793143 1.3370658618281548 -0.6803689262474564 0.22929162749242962 -0.942721147093746 1.1174249961056995 -1.8792219092024944 
0.4108953344555942 -2.1034612741636307 1.2805508414659212 0.03245027404443464 1.924466613607211 -1.5262984879430386 -0.05045215933802312 0.03184885786028969 
-0.8579460038307768 0.15260323390078184 -1.3525096683363405 -1.2054574293125502 -0.7191445187501152 3.0450837248544924 1.7494434237922825 -0.8120727623149758 
1.3782448048298301 -0.5905055069304566 1.325573543921793 -0.6866735405718155 0.21981752724958004 -0.9509686470604778 1.1122681920612938 -1.8077563734941688 
0.41554275104666266 -2.0488684747949666 1.2765875829377193 0.01805824568496878 1.918806350100382 -1.5309843069122235 -0.06761148156048982 0.018469333484198304 
-0.8787728338555826 0.14408294323655862 -1.355301091487173 -1.2172204118651435 -0.7377424262710793 3.036921602167099 1.7507603341195725 -0.7427281160404278 
I_1IIp_4
0.11920091664592279 0.0118903929812571 -0.7312370409315776 2.7366808850251885 -0.5597283151923962 -0.11107381039851666 -0.26736835269031956 -1.1983646754391233 
0.931383929240175 -0.7130942985807969 -0.41286359899084374 -0.026311161978478076 -0.1345474070448034 -0.5851542906344467 -0.08959985690285002 1.030186684879954 
-0.10358780111961026 -0.6304612934641577 0.11975411740648562 0.5918301298054812 0.16716958909364765 0.036262599401363935 -0.11849530890664838 -0.06247203221974346 
0.5467438473267177 0.3846068845345501 0.5459730560191807 -0.6702914176209789 1.1560499968871503 -0.7436692973573148 -0.37065052581463004 -0.848762543974075 
-0.25771923264374097 2.594430857093815 -1.0788370076095806 0.17316894149540918 -0.7455946292787337 -0.18639765099334632 -0.4462189998513921 -0.052832278207805346 
-0.1773975798101587 -0.8511959279864061 -0.2921451768475502 0.06904170877305038 -0.12878926467415444 0.0714218985632115 -0.3665206828482375 1.6755850248261641 
Ip_0Ip_3
-0.026480813921614964 -0.057559978110706164 -0.042772866340460236 -0.0667454362831664 0.06803310503759666 0.1383793022087816 -0.025858586502762362 0.013005273912268904 
-0.04324292431698448 0.28246297397527215 -0.05347368750681288 -0.07446162215414215 -0.06658567021932511 0.022617194100045875 -0.03635519319180968 -0.03096107068526049 
-0.026792824292828005 -0.060263780547356545 -0.02145205743179789 -0.006763968377905683 0.10211501304234956 -0.029250327323404633 0.07806500394687402 -0.035657059015691446 
-0.024314727168608455 -0.056488620620341 -0.04156450330889672 -0.0660825358186009 0.06902926199953875 0.13924648793620348 -0.025316372876184455 0.00549100985652079 
-0.04373157825480222 0.27672279857541726 -0.05305696956285243 -0.07294836824337587 -0.0659905202047539 0.023109885866858595 -0.034550971381607475 -0.029554276793486434 
-0.024602981332788272 -0.059367912164773 -0.02115855245152708 -0.00552714623544437 0.10407049531246776 -0.028392118614502686 0.07792653703637684 -0.042948321549591634 
II_1IIp_4
0.10417464844516852 -0.3764920816350727 -0.010674998355544486 0.05513937416484843 0.2453077942074512 0.042490667547052906 0.5560415765557136 -0.6159869809310811 
0.45647720436362027 -0.8029635112536645 0.21613734622329908 -0.24145016024255603 0.9007860755169694 -0.5582957843226286 0.1332942767581536 -0.10398544705117188 
-0.5419030356183951 0.4435407673890718 0.03945000251633718 -0.44292129745191605 -0.4918329575703138 1.1204056942367557 0.31735647589843907 -0.444095649396307 
0.1759852222953232 -0.6463793733427894 0.630489651822179 -0.8601283490104918 0.4698479716405915 -0.026073979914264328 0.15380154819204211 0.1024573083169193 
-0.3165842279333108 2.2127560273219085 -0.8055531250781387 0.059418258864620356 -0.4235048500797503 -0.4261789234545253 -0.0003928259575926353 -0.2999603336758154 
0.20471273203436502 -0.5995545345589605 -0.14682797687068014 -0.0285770398233405 -0.15964871607750236 0.0850449095889183 -0.1861620335283929 0.8310126592306711 
Ip_2I_5
-0.1506696875801347 -0.15202667645480372 -0.027581709690276145 0.46253119768991785 -0.05406377459781686 -0.032481633887676595 -0.044181397386779876 -0.0015263180918746026 
-0.05423074234136447 0.8533117430173837 -0.24296583008336411 -0.10980086395029635 -0.033057611209607034 -0.15120340332442894 -0.1589359532870201 -0.10311733882023465 
-0.022320344211639552 -0.09417995028747547 0.17131373576763512 -0.1555941289622714 -0.1408530366653411 0.1371061766846044 0.04657012210612964 0.057957425569042854 
-0.12554131964044443 0.7713637591636331 -0.19385295045609782 -0.11968571465804582 -0.18321867963454064 -0.02430440916817317 -0.13271795811952866 0.007957272514848316 
-0.12277834640582444 0.1605849753725356 -0.0872757077198223 0.03326737893180545 0.0576169916374418 0.195589481169753 -0.10117011980439033 -0.1358346531800684 
0.15833028137632096 -0.07669680746928645 -0.09433105037539316 0.23816076698951064 -0.030765493969510112 -0.11582645749531183 -0.08649383654591941 0.007622597489143138 
IIp_0IIp_3
-0.09702604676222437 0.3915797863452862 -0.1209519564843898 -0.06587638750017741 0.07863847544096995 -0.07907962480723645 -0.04979995395279167 -0.057484292278721795 
0.04008282428876754 -0.12243907425717841 -0.07192058727723838 0.01617930224449397 -0.060762769743382676 -0.03947404282378131 -0.03606258157742112 0.27439692914446934 
-0.05582573464952901 -0.12466628275980182 0.2784963302352354 -0.17606499374060391 0.010501833998733803 0.0091830352246692 0.12126776309887065 -0.06289195140816872 
-0.09801123727180161 0.39109250612425495 -0.12150155025716178 -0.06617789123517098 0.07818539830382827 -0.07947404259655008 -0.05004656629100258 -0.05406661677483984 
0.040305076339214436 -0.11982829870991359 -0.07211012103565081 0.015491036463227777 -0.06103345887673152 -0.039698131379757355 -0.03688318684728037 0.27375708404636645 
-0.05682173007711292 -0.1250737461391248 0.2783628368187978 -0.17662753142985452 0.009612431683003537 0.008792700408205664 0.12133074131803896 -0.05957570258200802 
Ip_0I_3
-0.027522566915509993 -0.09760380158670577 0.166740710414064 -0.16176816143585557 -0.14460896062155457 0.13386570117003732 0.044037394231355685 0.0868596847453941 
-0.12535475775364455 0.7915747216502519 -0.19584853959305268 -0.1255853968550555 -0.18519170424471437 -0.02668193988693605 -0.136715467527073 0.0038030842120243312 
-0.12828933539855455 0.15711822030183792 -0.08960220147223125 0.030419255820133197 0.05284491865382416 0.1916680010868042 -0.10353130143446543 -0.11062755755605844 
0.16161770072890813 -0.07599252439549893 -0.09451945112992764 0.23479939530536453 -0.030258086038906732 -0.11567513181050434 -0.08716138774525897 0.007189485084549943 
-0.15303134885994354 -0.15252207238537277 -0.028560996519190737 0.461732340725562 -0.05430911457039278 -0.03344500840924532 -0.042003351606848496 0.0021395516257330487 
-0.051812115097236364 0.855186460993821 -0.24441207384916758 -0.10884772296731177 -0.031139220642072713 -0.15227625917437382 -0.16246988711223523 -0.10422918214824956 
II_2II_5
-0.8592612530258287 0.14072907327186887 -1.3609557398193242 -1.2169673017000977 -0.7359171892961329 3.031190056309937 1.741769973547839 -0.7405876192758809 
1.4020628616525854 -0.5771542065868964 1.3244944616803276 -0.6998469062244507 0.21740585330757617 -0.9536088180614994 1.1097104887747131 -1.823063734547974 
0.4230850625830902 -2.052158706765652 1.2741032609198526 0.015533489715476412 1.9142424344812567 -1.5369153699998601 -0.061955040914479585 0.024064869968937787 
-0.8546436645954716 0.14301295592074248 -1.3583797935210178 -1.2155541535379366 -0.7337936165192457 3.0330386926930335 1.7429258457047163 -0.7566062661414691 
1.4010211661779342 -0.5893909129339264 1.325382806506056 -0.6966210041481161 0.2186745734178611 -0.9525585148816155 1.1135566661029428 -1.820064780238814 
0.42775329366959725 -2.0502489256955596 1.2747289446313483 0.01817010415688668 1.9184110635970435 -1.5350858705128063 -0.06225021986129174 0.008521609994425118 
I_1I_4
-0.32018230129191594 0.4660150405478931 -0.5110651851094284 2.503608229833351 -0.4993640643428372 -0.24236675668382268 -0.7969814193346598 -0.599663543613764 
0.0850152439514249 -0.5119193445258212 -0.15486528044591655 -0.1279775882499682 -0.12538764667708707 -0.35362663943876094 0.07266815588262888 1.1160930995020362 
-0.42506326904555736 -0.7309136806955224 -0.09112259904683935 -0.25214034313819306 0.14587082886259656 -0.08482985987338587 -0.1755471056806754 1.6137460286209646 
-0.3085565335037326 0.4717652042401671 -0.5045796886307772 2.507166132977112 -0.49401751508556313 -0.237712418678826 -0.7940712636329413 -0.6399939176798138 
0.08239255249957315 -0.5427278733943763 -0.1526286821003406 -0.11985568891012424 -0.12219337209072934 -0.35098227625126066 0.08235173100848073 1.1236436092344295 
-0.4133099975254984 -0.7261053978468738 -0.08954730630326665 -0.245502101617183 0.15636624542562372 -0.08022370310328839 -0.1762902818931518 1.574612542862287 
I_2Ip_5
-0.12565677674519177 0.7707019764238315 -0.19485400664320654 -0.12144191267796782 -0.18402152000638936 -0.02501009459157473 -0.13324755099637337 0.013529885240156055 
-0.12237289154880686 0.16521383698663378 -0.08778218732204676 0.03195153657859317 0.0570835222579503 0.19488632140376716 -0.10180209778594951 -0.13717804056928304 
0.15799384541579564 -0.07755876398281568 -0.09497979088972512 0.23765399579957547 -0.031727487412212596 -0.11688256480481872 -0.08740598250365009 0.012906748376525001 
-0.1498253248445463 -0.15221372743531666 -0.028047325267659046 0.46106873906743256 -0.0544252054949551 -0.032803058586106 -0.04447072869732492 0.0007166312582176606 
-0.054041816089981515 0.8553970618904568 -0.2432876568085026 -0.11044616477240644 -0.03332736225383603 -0.15168824527241956 -0.1587684582611747 -0.10383735842996089 
-0.021686433662209317 -0.0946449364362945 0.17079505094157937 -0.1555528489579722 -0.14094853171946942 0.13643035227244638 0.04559661974721254 0.06001072781502653 
II_0II_3
0.40844889585220057 -2.050690423459667 1.2732599104096252 0.014968696018980815 1.9176265118726488 -1.5340284447247827 -0.062115365268707805 0.03253021928758765 
-0.8722907002497682 0.1523520838079824 -1.3595092980558818 -1.2155425464277967 -0.7329045988819763 3.0336512137814085 1.7406217367158183 -0.746377890679996 
1.3840043698670093 -0.5900765261196832 1.3244039480212235 -0.6974258243696072 0.21842438282635954 -0.9520527931311309 1.1101939195671306 -1.7974714766815323 
0.4118823196998933 -2.0489922346163327 1.275175264189524 0.016019447223507607 1.9192055017562781 -1.532653884747549 -0.06125591252763963 0.020619499015809138 
-0.8730652565238002 0.1432534384847173 -1.3588487661900095 -1.2131439157843837 -0.7319612376578422 3.0344321703416166 1.743481575167843 -0.7441480078337055 
1.3874754492392003 -0.5886565017966062 1.3248691773125951 -0.6954653605797214 0.221523981425465 -0.9506924624567541 1.109974438244345 -1.8090287213840521 
I_2IIp_5
-0.16834707205677937 -0.8533306105813103 -0.29506263958004125 0.0672892740855342 -0.1297430709808535 0.06832498419973884 -0.36971203757419147 1.6805811724894981 
0.12461484936683319 0.018559382571119668 -0.7355711735646737 2.729025994760826 -0.5644899745065397 -0.1156149050262641 -0.2706742451547605 -1.1858499284390969 
0.9380067300504131 -0.6987103709059141 -0.415416836960653 -0.032394612734181066 -0.13962114043154317 -0.5900388162815696 -0.09366410795484534 1.0318391552140531 
-0.09721712049045332 -0.63337946162867 0.11802815004312132 0.5876173776207841 0.16223818283081856 0.03214633849521566 -0.12037000810347467 -0.049063458770077034 
0.5576022104814443 0.3846811780795267 0.5458404578765601 -0.6734714668789099 1.155177024744543 -0.7448680800635872 -0.36933943345070125 -0.8556218907903473 
-0.24881197611250094 2.593712848948368 -1.0796882778666577 0.1735547886522604 -0.7456426560816367 -0.18840645377640677 -0.4452947482509939 -0.05942352550402473 
I_2I_5
-0.4041420735301883 -0.7205043479758146 -0.0799405179798442 -0.2375732772432747 0.15828517427387725 -0.0745290770628704 -0.16737276598438675 1.5257768855058704 
-0.3082381281207433 0.4348348359698976 -0.5008963455866439 2.5221737812144034 -0.4914793594616843 -0.2343693975701798 -0.7863433463135663 -0.6356820401253453 
0.0992825586360472 -0.5366001469875773 -0.14775009382361856 -0.11470116833469521 -0.1144715122360089 -0.3437152320926827 0.08352881376715689 1.0744267810741788 
-0.41768497836622287 -0.7272027373725907 -0.08749549957160081 -0.24171789328735285 0.15205695699672417 -0.07995093459792299 -0.17076281836225946 1.5727579045558668 
-0.30518294403435736 0.4707238182866969 -0.50350176822246 2.512712547182455 -0.4952003830993482 -0.23744982715176463 -0.7976237829081749 -0.6444776600474663 
0.0855911241765569 -0.5422013355062284 -0.14958515883769902 -0.1224340832565708 -0.12669766626931098 -0.3490809631089646 0.08439454280013627 1.1200135399991367 
I_0II_3
0.37963273932949 -0.7078595328289633 -0.32449899223401946 0.005706628760992616 0.1765502623218939 -0.7338183934856002 0.2354931884971265 0.968794099636515 
-0.37361351357711076 -0.898240131107419 0.1894334333110854 -0.49289333188865864 0.6673006793119193 0.31241480719945774 0.19956400452750547 0.3960340522231574 
0.1641616567048058 0.2957503458986051 0.13117643718334684 -0.20185447744958254 0.4095542337769753 -0.1712075861063877 0.025791064120437027 -0.6533716741285122 
0.8310412882346772 -0.8547558140996867 0.30482393011506814 -0.5978500103042745 0.8631530436445342 -0.6591367871518263 0.3125971121192873 -0.19987276256257241 
-0.813154591073217 1.3540025970213818 -0.6133059250985639 -0.7996369935322162 -0.4575649944856136 1.562078358155319 0.46211981946853575 -0.6945382704484652 
0.289502434191185 0.2509993898915745 -0.014147631005906559 1.2657760154481341 -0.5135805646228154 0.06579395988721184 -0.28307420751510415 -1.0612693962684463 
IIp_2II_5
-0.5468046337878738 0.439476498212652 0.03623802816820764 -0.44710110435436556 -0.4972857248653364 1.1159394394794249 0.31438968155628866 -0.4148521843987128 
0.18002169025299922 -0.6405750683347966 0.629946724328967 -0.8648686572262703 0.4694385082047452 -0.02661453448152614 0.15252787472770518 0.10012346252254542 
-0.3184445941409973 2.2116516641325514 -0.8065972513094097 0.0585027250384287 -0.42479484544722257 -0.4279310992081486 0.0012485171310482126 -0.2936351161878013 
0.20900928701698854 -0.5996873229377124 -0.14797189143368528 -0.028071678503498516 -0.1577412211006978 0.08420008749528607 -0.1890925273014206 0.8293552667619017 
0.10061748900526073 -0.3794461160801854 -0.014826935081742404 0.049587949253328566 0.24215203280613798 0.03953626164027513 0.5546198278851167 -0.5922405094271895 
0.4582219219053975 -0.7843076785121813 0.21398489418686165 -0.24623485267074943 0.899310907228985 -0.5608932688660715 0.12885490652938597 -0.10893682980845938 
I_0Ip_3
0.15967646666951088 -0.07601108891004416 -0.09344854155458023 0.239701720491186 -0.02977710946971834 -0.11525108305841794 -0.08629901733670307 0.0014086531669887659 
-0.1511334992418188 -0.15707083495576155 -0.02757904423685049 0.4631965980553693 -0.05394173161000931 -0.03222133209052422 -0.04349424084909756 0.0022440849305164923 
-0.053000984586460714 0.8562749155348787 -0.2426466275949835 -0.10972893135058635 -0.03215132672119603 -0.150558382436636 -0.15874612045348255 -0.10944254238901163 
-0.02359813517023059 -0.09472117805459461 0.17108381289861 -0.15507073151494336 -0.14143043566485627 0.1366380499893342 0.04636805482906023 0.06073056268768889 
-0.12478016108933042 0.7714818214733387 -0.19373813380351754 -0.12002331578616518 -0.1832126817304181 -0.024124076355232893 -0.13332060500491627 0.00771715229788855 
-0.1235482083395732 0.16063264625427695 -0.08704195689150157 0.032887306342384334 0.057128170882807805 0.19570986852816863 -0.10018249696071349 -0.13558532981463012 
IIp_1IIp_4
-0.05875046083259488 -0.12647091958827 0.27626080602247144 -0.17905648049288342 0.008453309690213176 0.0074394172730692 0.1199137389153707 -0.04778941098739773 
-0.09784850847708322 0.4002178527218263 -0.12240332908752012 -0.06910260037295954 0.07734408498768329 -0.08050118291781312 -0.05187280503150084 -0.05583351182147306 
0.03751978191169481 -0.12138767749843304 -0.07319724630317613 0.014204596263865372 -0.06314354334837793 -0.04148974809549892 -0.03775401845508358 0.2852478555248529 
-0.055317111247807006 -0.12477276747606778 0.2781761183741324 -0.1780057520159265 0.010032265420889754 0.008813947519005213 0.12077317306651061 -0.059699873640318035 
-0.09862304799736024 0.39111940419580116 -0.12174281150772369 -0.06670402160933253 0.07828742580836458 -0.07972024324837787 -0.049013028434824996 -0.05360367720508904 
0.04099078620397463 -0.11996768389255309 -0.07273202707753793 0.016165017647277406 -0.06004401179433801 -0.04012944684719144 -0.03797349503384944 0.27369086079323646 
II_0Ip_3
0.01725127375671416 -0.08227718896506352 0.053118498306446646 -0.03870011053229054 0.06757531427200955 -0.027958339303768894 -0.023202264020588146 0.03419281648598991 
-0.048152157418412084 0.016511037173255045 -0.012098754695651144 -0.06468238726595817 -0.03060243758725586 0.1026879842358669 0.06168199763650462 -0.02534528207760792 
0.021424249438763327 0.0754933269707409 -0.002067627356707199 -0.031973395438996896 -0.007149336914098371 -0.051077863062605845 0.05203051650464208 -0.05667987014161835 
-0.01837677867384871 -0.05941593115919044 -0.006260402248665517 -0.0601132983216801 -0.012500633340935615 0.15923848409732067 -0.012930624995174689 0.010359184641857897 
-0.03816725695769207 0.13755289208001573 -0.058858870894471414 -0.06304736621858457 -0.03886777476951203 0.08787821704516484 -0.00636005257584425 -0.02012978770843529 
0.00073127601324788 0.024791574525308516 -0.018409633133696025 0.08879591258843164 -0.02841855472784265 -0.030386711375943547 0.027230155714079784 -0.06433401960308914 
I_1Ip_4
-0.12241425551564829 0.1609386266357837 -0.08680408055583985 0.033963508456532135 0.05802260560331635 0.19586289346012106 -0.1006371149084479 -0.13893218317555409 
0.1586074892644338 -0.0791764311342499 -0.09422098874611469 0.2389979868014322 -0.030293481154344028 -0.11562137180038938 -0.08634469754660934 0.008051494314883318 
-0.15051945706991254 -0.15193404571190952 -0.027768853247294622 0.46224704048543414 -0.053829056294237544 -0.03231584870105178 -0.0441036875056915 -0.001776091953156083 
-0.054613760510203745 0.8553775064401463 -0.24317194547001827 -0.10996288531686649 -0.03330597522554051 -0.15148968140208036 -0.1593193212752481 -0.1035139372381432 
-0.02266189851132062 -0.09452863607179372 0.17113336012875 -0.1558763296306323 -0.14137744092656931 0.1367743446657356 0.045995293865242745 0.06054130648077978 
-0.1255133723632727 0.771476480271975 -0.19370892797678047 -0.12025113505588607 -0.18344831123985536 -0.024179624072354224 -0.13237539029613307 0.008000280734905588 
other
-1.279472651856594 0.8631103274325186 2.23027569071606 -0.5069161595453401 -1.9360935211928942 0.6433657670840129 -1.8598446086119955 1.8455751559866316 
-1.3045336380959394 0.7338701950854358 2.2172310898464738 -0.50886108641842 -1.9430107237672167 0.6409958558759067 -1.8503165320343549 2.0146248395155677 
-1.2756957737801429 0.8653067040504627 2.2188013829341835 -0.5238673241483802 -1.9275150782431816 0.6490649895880074 -1.8577940348968796 1.8516991345155798 
-1.3221714047934439 0.8419913077405099 2.2064559639789203 -0.5199835138991497 -1.9557301585291824 0.6262714613836643 -1.8705329366085088 1.9936992807220801 
-1.294901099725069 0.8470227873615315 2.209016582045389 -0.5386909419265046 -1.9547425546339299 0.6312837222355551 -1.8858820610709677 1.9868935657203268 
-1.3188628184011144 0.8476469945853313 2.213015697469289 -0.5482480480579632 -1.9660623128853938 0.6321476424035524 -1.8550645207684613 1.9954273656559 
Ip_0IIp_3
0.0016805002201565739 -0.03985985599846472 0.009713765728874661 -0.040256312716344674 -0.021429687520032083 0.09556798196867737 -0.008555172216200195 0.0031387805331290377 
-0.030177801719308603 0.03638730987893176 -0.008521448699683631 -0.022489013624554497 -0.0418598512455232 0.048022323706857044 0.04744137824027444 -0.028802896536518807 
-0.02717773463302592 -0.05973067007313806 0.10921070996685359 -0.07520673571479723 0.007925133779346553 0.044621831687650694 0.043042725627414874 -0.04268526064051455 
-0.011897668390306676 0.22980256735490912 -0.047432272517770234 -0.012334141157380905 -0.05015705775330168 -0.03766196615021715 -0.030023426677005926 -0.040296034708463366 
-0.006867359976457792 -0.04216288441913892 -0.015673473378025247 0.07306749928236571 -0.024349158537338107 0.0017976449165130624 -0.010772012867210974 0.02495974497929514 
0.011246782501353381 -0.04074050846813127 0.06260248263406505 -0.01809904882922731 0.01724797480196228 -0.012397533807704662 -0.008102666613208517 -0.011757482219606817 
Ip_1Ip_4
-0.024767701995091082 -0.05894363672050209 -0.020320822714497293 -0.005300721238979327 0.10383379932479164 -0.027842076333504648 0.07906023454758601 -0.04571907486984566 
-0.025155088933537434 -0.05896998309386699 -0.04132386180496948 -0.06446167396769249 0.0691765513333758 0.13945041412479012 -0.024774317882429966 0.006057960224085053 
-0.04260420372613939 0.27715991236699195 -0.052654611105071046 -0.07258058885963221 -0.0654791497507161 0.02373158237711143 -0.03493908280313021 -0.03263385849852291 
-0.02563288531838202 -0.059371560778743906 -0.020803469839251403 -0.005565498458089112 0.10343591203354918 -0.02818844963937821 0.07884366234124075 -0.04271771034016385 
-0.0249599096603916 -0.05667722911139195 -0.04149030823886592 -0.06506610130454596 0.0689388351538729 0.1392536220528654 -0.025494964282938678 0.0054960553914255505 
-0.043478875808057774 0.27680208256931604 -0.052771843535365015 -0.07307460318762772 -0.06626021295002889 0.023388794692401745 -0.03488377603316265 -0.02972156574666163 
IIp_1Ip_4
-0.026174812284753414 -0.05907207042393294 0.11001690673981045 -0.0741257329775431 0.008679060585164029 0.04526361567318817 0.04353208303840781 -0.048119050350322864 
-0.012022865028339678 0.22653217880748547 -0.047109868141181316 -0.011275298282188921 -0.049848832437041184 -0.03728747605064852 -0.029370620610206722 -0.039617218257406134 
-0.005923221545867541 -0.04160058437455258 -0.015283450742128243 0.07353046592889352 -0.023585637055322208 0.002448489661008929 -0.01046874427371529 0.020882682401722745 
0.01064204547576364 -0.04084484481736422 0.06267154923221903 -0.017607558228508614 0.01709935597332367 -0.012396189572006016 -0.007897581388015983 -0.011666776675666827 
0.002205714077236739 -0.039684166510718585 0.010007317739580168 -0.03994326671881754 -0.021288221158332347 0.09581173891509216 -0.008834266577632408 0.0017251502335110626 
-0.030562077464720682 0.03545277311729927 -0.008226493533977466 -0.022468437587755238 -0.042105070908909324 0.04827029539716458 0.04813380151054613 -0.02849479052921836 
II_1Ip_4
0.0012074250864129081 0.025165765314307167 -0.017852488660578487 0.08944845671822164 -0.02809894874636187 -0.030022465949269588 0.027598937582228002 -0.06744668134490432 
0.0174159652976886 -0.08458649483864346 0.05349490795577602 -0.03785202754997562 0.06791857360930476 -0.02758053390617158 -0.022656539713400422 0.03384614914494058 
-0.0475127384049568 0.016279225544199784 -0.011763541764993547 -0.06416735960338 -0.029966496401206428 0.10322527226185349 0.06212202026360917 -0.02821638189448988 
0.02123228315036252 0.0755158773814223 -0.0019882154375737092 -0.031461198902788555 -0.007029672349461002 -0.05098318741938077 0.05215436044870369 -0.05744024687057047 
-0.018250569372775985 -0.05941929109556165 -0.0061969305839304 -0.05998009052482455 -0.012521747921373588 0.15930983283406572 -0.013209152367069713 0.010267949031361263 
-0.03839849732105835 0.13759180400468254 -0.05869491755790154 -0.06322654951538058 -0.03912603428535805 0.08799686927560456 -0.006065638264823114 -0.02007703633510002 
I_2II_5
-0.8176039263829866 1.3498061564778472 -0.6190133649520481 -0.8077310572553584 -0.46225320970714023 1.558427830168616 0.4575913466423802 -0.6592237749783462 
0.28876480635460605 0.2791534745585775 -0.016171197132961897 1.2571513202694395 -0.5177448106467115 0.06282731952524215 -0.2867051023148758 -1.0672758106118927 
0.3758808781582763 -0.7108935909288079 -0.3250790808666437 0.005226457659895331 0.17170262678146175 -0.737607564535638 0.2332217711075524 0.9875485026207406 
-0.36842121291830293 -0.9091957172155831 0.1905498296759838 -0.4945505355910299 0.6687654611564421 0.3140673921099347 0.20148814586033237 0.3972966369196284 
0.1656089793491251 0.29751720516504215 0.1318202051582254 -0.20043460422542717 0.41242039638976064 -0.16994884617743278 0.03075411962821898 -0.6677374552845607 
0.8335311899838688 -0.855624657438741 0.3031556881206967 -0.5936297018236221 0.8658459817318432 -0.6605181252506994 0.3085070753446744 -0.20126745067571947 
I_1II_4
0.28956893181354054 0.2521604153824189 -0.012006427702686102 1.2667725613057463 -0.5137884904610013 0.06719854031343137 -0.2804971509085581 -1.0694083797454887 
0.3824244299053669 -0.712605092009742 -0.32128422168603127 0.01098550819677959 0.1791255955780153 -0.7313591461946601 0.23811855081908653 0.9545943753879192 
-0.37180231974369926 -0.909051833896471 0.19135255685744915 -0.48869809395359914 0.6700456919400098 0.31509345846350884 0.20276585785330517 0.39029468247966276 
0.1663245100067189 0.29755568012215194 0.1325412566354268 -0.19902834804279781 0.4122987818625944 -0.1690024973603768 0.027453318672959113 -0.6681427018932669 
0.8298544395770642 -0.8551362768773637 0.30502532869037213 -0.5957038431781712 0.8629543995421458 -0.6590631135398304 0.3120076668458267 -0.19993860106435235 
-0.8128410615087744 1.3541937428248079 -0.612598524654539 -0.8000389104049369 -0.45831998904476495 1.5627356022092425 0.4616984787254021 -0.694829338138461 
II_2I_5
-0.359467686311856 -0.9094941249484644 0.19261593566261248 -0.48746566559591514 0.6683253903980642 0.31359821514666536 0.20340823745461062 0.3784796981923047 
0.1795120982226561 0.2888705992229064 0.13355648456126623 -0.19816738859180658 0.4117129457840334 -0.16934209286605306 0.029548127505409718 -0.6756907738389544 
0.8435918958394161 -0.8543470431752722 0.30600764840589634 -0.5948651035028331 0.863462488198384 -0.6590958711590817 0.31444356890636393 -0.21919758352291982 
-0.8011576168194445 1.3532137171844065 -0.6127673700872779 -0.7983531261467703 -0.459247440682987 1.5609583642874714 0.46138702748217536 -0.7040335552126062 
0.3009776060884858 0.2506508363723033 -0.012993434785901708 1.264653082995385 -0.5163935579796461 0.06513835936610844 -0.28167005057637373 -1.070362841477651 
0.3935165428598263 -0.7065170484532143 -0.3212118477119015 0.008269388719401524 0.17608340721213744 -0.7332166520656325 0.23867928915884185 0.9443969202717234 
IIp_0I_3
-0.26051539690677494 2.593227448625821 -1.0807419207395306 0.17100397211346338 -0.7466664085810639 -0.18794815047481397 -0.4449982466830774 -0.04336129734120115 
-0.1751297255778404 -0.8445207290716222 -0.293832850854663 0.06840003438886341 -0.12777228257006 0.06989069525575142 -0.37041272895385957 1.673377587378906 
0.1139063416693242 0.008189263544193349 -0.7355559864547229 2.7308955365390792 -0.5640675245822916 -0.114749891219017 -0.27009735883794994 -1.1685203806547533 
0.9326354330034041 -0.6963801378454169 -0.41450575063402545 -0.03205043571437742 -0.13613087521059317 -0.5870766958071864 -0.0929423407237852 1.0264508029247483 
-0.10825257081928887 -0.6333573626823525 0.11772347247600044 0.5894480401131531 0.16324985811435475 0.03284622773759618 -0.11979322394918324 -0.041864440989786755 
0.5503812128052588 0.3850959177556751 0.5455085674250905 -0.6726544114567804 1.15697141726914 -0.7437919800483412 -0.37197840378049274 -0.8495323199663947 
I_0I_3
0.08134214563495273 -0.5450325488112844 -0.15547482171519308 -0.1245178045818745 -0.12506702295209784 -0.35235032825406004 0.0767928789929114 1.1443075016859359 
-0.417116245582616 -0.708806817838364 -0.08934312780844413 -0.2524739199441394 0.15145062762332961 -0.08100017828572792 -0.17489101065878923 1.5721806724931442 
-0.3175998536310117 0.4677603268585545 -0.5063976745934561 2.5101464428191145 -0.49844996968740807 -0.24130214820483684 -0.7957592816474222 -0.618397841902127 
0.08776257910895349 -0.5418569698625966 -0.15189314870697734 -0.12255292098389167 -0.1221143436584077 -0.34977992876986275 0.07840003831535795 1.1220346945566606 
-0.41856465022072886 -0.7258211014224345 -0.08810794651537476 -0.24798852892754716 0.15321469412257968 -0.07953980523858875 -0.1695431703248895 1.5763505085262506 
-0.311109005089136 0.47041574374934925 -0.5055277051905281 2.5138124706330074 -0.49265378271273164 -0.238758357235387 -0.7961697073087372 -0.6400096568377519 
Ip_2II_5
-0.048450251406067825 0.01566747925979556 -0.012317759318388197 -0.06488897674471408 -0.030750121401387227 0.10258023887447827 0.06166172371690559 -0.02350233298010434 
0.021585212556974143 0.07691793903327822 -0.002124837466113705 -0.032243346283173886 -0.00712705527823045 -0.051111532188118466 0.05185572488600744 -0.05775210526039495 
-0.0188203545818898 -0.059664563152547354 -0.006406870598182627 -0.06018519929861944 -0.012821802976867087 0.15897946570097687 -0.0130909642906651 0.012010289197743343 
-0.03790996219873341 0.1376062161869352 -0.05884604887847159 -0.06327214172628372 -0.038852815554404875 0.08791493222160711 -0.006459300700268397 -0.020180879350133022 
0.0005316284161996112 0.0247895522630891 -0.01840384528042977 0.0887353806822101 -0.02848014157566328 -0.03040374144520954 0.02748758174705551 -0.06425641480675322 
0.017558382098513882 -0.08219775750084349 0.053176525816683855 -0.03841144958930261 0.06781833688606122 -0.027921092075655882 -0.023333217368381814 0.03331027173202383 
I_0IIp_3
0.9304551978129437 -0.6974557136166274 -0.41564450766656247 -0.03241325159872234 -0.13710838099650394 -0.5879281640239635 -0.09342593659621919 1.0335207566743383 
-0.10754660090417205 -0.6279113194649543 0.11736955742312744 0.588025007245364 0.16266570127035943 0.03241776543209443 -0.12168132616435197 -0.04333878484005384 
0.5482235007034536 0.3842635706923552 0.5453258097831385 -0.6739456278770447 1.1549444424271833 -0.7445549696533649 -0.3716066106297034 -0.8426501154525373 
-0.25801027417398253 2.594469274638624 -1.0792669259008991 0.17207504429439568 -0.7454891752238737 -0.18692385101384526 -0.444309006376477 -0.0525450862384979 
-0.1754807394591107 -0.8514909827800831 -0.293285383394637 0.07025024816796376 -0.1270690990835838 0.07052795078000179 -0.3683982058736456 1.674946211636202 
0.11648537339965942 0.009294726230162614 -0.735103877609462 2.7322796305236983 -0.5618646899122528 -0.11365653090097455 -0.27002507679048854 -1.1774095549352694 
IIp_0Ip_3
-0.011690128407289824 0.22999818563627747 -0.04710129283860644 -0.011717639152293765 -0.04992522249328065 -0.0374596378069177 -0.029836271657325393 -0.04226799327999157 
-0.006762539033147669 -0.043680748570750084 -0.015497520722395856 0.07349424513061167 -0.02420276187242 0.002011502463377451 -0.010589287497899431 0.0252271101026736 
0.011534563177775316 -0.04046565179236497 0.06283469894103591 -0.01795978765626109 0.017506263639019845 -0.012066410588664547 -0.0077525942555190346 -0.013631081465319578 
0.0016801678309020115 -0.03976705244637952 0.009928782698039379 -0.03970342713475173 -0.021293450236680153 0.09568708928947743 -0.008420051692709282 0.001887941691738985 
-0.0300260862307489 0.035420311880650014 -0.008385487123564687 -0.02220748988238967 -0.041770569211491804 0.04818889921102069 0.0474509582509316 -0.02867053689393363 
-0.027100106135516874 -0.05954178700187939 0.10941475954580146 -0.07518616838101495 0.007995761278407117 0.04487059537982568 0.043406086208757674 -0.04385914089414755 
II_2IIp_5
0.21442520211186794 -0.5995414517335782 -0.1470299001963906 -0.026152069783278675 -0.15784400262828732 0.08406831970389517 -0.18832598180525548 0.8203998843264437 
0.10642381443525151 -0.3835453959211745 -0.014218677233647808 0.05057676606137782 0.24185519431754987 0.03955372418435778 0.5550080473457972 -0.5956534731876081 
0.46392138511945524 -0.7838246870193727 0.21483212592586284 -0.24620700253749575 0.8990284511822086 -0.5605563878605672 0.13040641238107573 -0.11760029719744726 
-0.540897271873963 0.43986544150487505 0.037454175630638784 -0.4450310952296819 -0.497162495976295 1.1160044208098696 0.31527924574534927 -0.42551242060710054 
0.18571714873703096 -0.6459766925716494 0.630649528117389 -0.8635365098376906 0.4692766987412467 -0.02648528887881474 0.15332544024525357 0.0970296754449984 
-0.3122482942434838 2.2123379123356766 -0.805683428475135 0.058811188267053165 -0.42463363711102714 -0.42739950580701874 0.0027686072869217287 -0.3039528422430935 
II_0IIp_3
0.45124666541342473 -0.787539114062289 0.20951288783831507 -0.25306839844358875 0.8953449534988069 -0.5636526672034649 0.1271171268861999 -0.07896145393770815 
-0.5470110069447376 0.46249061992001705 0.03513963960423544 -0.4516428135632348 -0.4985019964320344 1.1141659810451774 0.31054897725751274 -0.4251894008791564 
0.17296163839807566 -0.6494915974083009 0.6279360652447731 -0.8665355931563812 0.4648417612288722 -0.030091460002842803 0.15060413261433125 0.1297750530760398 
-0.31499224463407727 2.2134074262641725 -0.8060965523038459 0.05537593832772442 -0.4231024204526244 -0.4265326597314473 0.0014962801553350747 -0.2995557676187255 
0.20492927541125988 -0.600001634242208 -0.14854683569640853 -0.02732349166795447 -0.15754612406684168 0.08355633628579401 -0.18640043155336145 0.8313329055252935 
0.1025298229741778 -0.3796515217432664 -0.016073738201819957 0.051360765899003985 0.24462897171221926 0.03895317287173546 0.5505153884100099 -0.5922628619215956 
II_2Ip_5
-0.03807118412063078 0.13733545497979446 -0.059128394203643075 -0.06344589736449469 -0.039133109843050407 0.08766800520223776 -0.006573198355293407 -0.018651676294313108 
0.0009930611385750201 0.02614164164314956 -0.01849834889883784 0.0883660559071269 -0.028665164553223526 -0.030563285994038035 0.027078614369791996 -0.06485257361200433 
0.017390207288373365 -0.08242885648803912 0.05310985855002098 -0.03871111988790774 0.0673132238738185 -0.02816816197555985 -0.023290760153933502 0.03478560879284038 
-0.04759468541699333 0.015899626508629337 -0.01203288409212413 -0.06475155870647123 -0.0305628072921457 0.10274037956045458 0.06180234784398309 -0.025500418405115736 
0.0218172650774822 0.07557551908876242 -0.002023728527855088 -0.03190233095731415 -0.007032707478412639 -0.05103980112822361 0.05229368154024067 -0.057687897614266515 
-0.017960590023711965 -0.0594751304413708 -0.006335762997275596 -0.05990428998720498 -0.012408988427106688 0.15913524958286115 -0.01311350515660524 0.010063017450023623 
IIp_2IIp_5
0.039354252119964094 -0.12053784461889139 -0.0731250207412105 0.014168576255389349 -0.061773460156142435 -0.04044223484212391 -0.03705390304547278 0.2794096350283796 
-0.05622913231522978 -0.12068939288586818 0.2777712617771614 -0.17765260552100282 0.009407018761488941 0.008122335976212224 0.12007236692158918 -0.06080185271385026 
-0.09848213594651235 0.39041223856643537 -0.12200383910321287 -0.06726198291798115 0.07712911544036224 -0.08032776343887083 -0.050652483902170226 -0.048813148696134845 
0.041041948510082846 -0.11970310142755423 -0.07218353032149152 0.014685072060263284 -0.06099730910576413 -0.03976657112755481 -0.036631439827490814 0.2735549312384402 
-0.0566098647517128 -0.12516182377454182 0.2780959456193907 -0.17647356079486798 0.009870727119264271 0.008506214468147838 0.12147811792939094 -0.059705755814947026 
-0.09677593001839462 0.391110250238084 -0.12177515606684039 -0.06629831871465275 0.07865272033006923 -0.07965909412631327 -0.0507603697496198 -0.054494101890385685 
Ip_2Ip_5
-0.04290701818905677 0.2769431543067732 -0.05266348830762498 -0.07256591779981485 -0.0658382752466936 0.02345427400080462 -0.035104968074588454 -0.03131776068859441 
-0.025250554798916323 -0.06043901478349662 -0.02069574498586924 -0.005649434702787147 0.10357767812554987 -0.02802816671839552 0.07903344478296569 -0.04254820691869062 
-0.024834909663428727 -0.05650102349217351 -0.04141839168112677 -0.06492460799349122 0.06921922998037316 0.13939495357531778 -0.025070722831836978 0.004135472106517293 
-0.043344155995981945 0.27672694373110746 -0.05290734796139297 -0.07269969769341253 -0.06603930960929792 0.02327926731346854 -0.035214392166367736 -0.02980130761712856 
-0.02515193958396756 -0.05928059041198015 -0.020779842803199836 -0.005954824362210875 0.10345757094528991 -0.02812759680727779 0.07866933491334756 -0.04283211188958084 
-0.025276841708750164 -0.056681818624036845 -0.0414776238994675 -0.06517421097833527 0.0688245942484941 0.13922175853940574 -0.025042778834955905 0.0056069212573885314 
Ip_1I_4
-0.05420698655714374 0.8554922135879656 -0.24314285719675313 -0.11034325045954019 -0.03324508338567439 -0.15143716397481038 -0.1593413408553066 -0.10377553115558767 
-0.02288775947299869 -0.09471627425343022 0.1710871200781777 -0.1558512123376263 -0.14134841177772575 0.13671391532737784 0.04632253517669806 0.06068008725857378 
-0.12517319837057642 0.7714709964862271 -0.19384012891082272 -0.12003974048604592 -0.18314909250711447 -0.02424689327351016 -0.13273202794404118 0.007710085008653914 
-0.12300318873912774 0.1605608519657304 -0.08733045283405715 0.03327842110041655 0.057625583818726824 0.19551678278490314 -0.10090837935297775 -0.13573961874203086 
0.15860625283931368 -0.07672542438042591 -0.09445878578142834 0.2383274912449082 -0.030538030678886944 -0.11590828178503497 -0.0868468212648365 0.00754359980521915 
-0.1511859105118984 -0.15235134244891252 -0.028034972607597696 0.4618898924138936 -0.05442873402901768 -0.032777619447399015 -0.04439667465776627 0.0012853612886587426 
Ip_0II_3
-0.019305173088392424 -0.05998760972099299 -0.007035629708603985 -0.061054073623568884 -0.013091708950334364 0.15872329592956955 -0.013324100666593758 0.015074999829150039 
-0.03813223360215207 0.14117118263782594 -0.05919940839078321 -0.06403290828201605 -0.03923047113181295 0.08746810385214454 -0.007148408423209132 -0.020895856659386754 
-0.0002997284985052699 0.02418164568323928 -0.018777772435609748 0.08823865876807124 -0.029345136548331482 -0.03105166367978011 0.02685945235962366 -0.05980545564842981 
0.017942736699423385 -0.08204767786510232 0.05324691690046826 -0.03914515121361071 0.06772919136661279 -0.0278250228912254 -0.023190257902803497 0.033289264905832894 
-0.04848256249058799 0.01583667170484269 -0.012127659416228464 -0.06453627775667878 -0.03052006491973353 0.10264631906651006 0.06224288690558921 -0.0250593130931051 
0.022030867808628476 0.07555335236243463 -0.0022162758181801454 -0.031605720724282756 -0.0066135570179699935 -0.051101024039544245 0.051556263907201916 -0.057603906477676416 
IIp_0II_3
-0.31561099334903403 2.2143882284401957 -0.8034981174943213 0.06269841789069178 -0.42150953048955014 -0.4251386962586395 0.0031840890650111364 -0.3145133977947455 
0.20706410587197713 -0.6116092699909702 -0.14681345686653094 -0.023901135527387447 -0.15648508912607745 0.08569142601829507 -0.1867435512221266 0.8327969708380706 
0.1029616269335568 -0.37732259041741323 -0.013385290025305165 0.05131800713207081 0.24508225303253736 0.042106954737477206 0.555474544677318 -0.6062355060735347 
0.45457581135789554 -0.7846056631710686 0.2143136767100512 -0.24453772110130823 0.8987534322167235 -0.5606781770513235 0.12979317058320816 -0.10761452954666727 
-0.5457667937546724 0.4404209803891484 0.03763252566161937 -0.4454624113644841 -0.4963562452122164 1.1171990473665985 0.31349421971781855 -0.4211613227987665 
0.17738463491521575 -0.6455298625946688 0.6311594535592594 -0.8643241284828765 0.4688590909426229 -0.02537351290878896 0.15531092005429264 0.102513404515248 
Ip_2IIp_5
-0.006734196370419582 -0.04212674778329362 -0.015608768976698316 0.07312949507923518 -0.024324443549973172 0.0018556603391269332 -0.010869119469552095 0.024678120731548858 
0.011129639963430011 -0.04091102611534881 0.06268068962248567 -0.01812367503758176 0.017162520183096188 -0.012335866072004832 -0.007915110180296043 -0.011687172363934484 
0.0019545470379755533 -0.039679676366173706 0.00994522330362389 -0.03994475410751805 -0.021228094652313335 0.09574082258656356 -0.00842161597692241 0.0016335481747716287 
-0.03019880205363617 0.035401005741856936 -0.008424126539372872 -0.02218805957926083 -0.04176494843531697 0.04813706809329771 0.047637204594906675 -0.02859934182210186 
-0.026902235998586033 -0.05956132365188067 0.10932594259402892 -0.07506748252063342 0.008156928774876216 0.04481524259676593 0.04314808576333024 -0.04391515755771942 
-0.012067210127623722 0.22976940323494852 -0.04741824774830004 -0.012176668421104651 -0.050190147691206465 -0.037666116656164234 -0.029978696107075434 -0.04027231648249063 
Ip_1II_4
0.021953445759198983 0.07584050710122021 -0.0016592495953827926 -0.03142765107084438 -0.0067447940757745534 -0.050735373942333156 0.05228897163849892 -0.059515855814551155 
-0.018462969161339413 -0.06100033620827762 -0.006104343309531386 -0.05957231381195358 -0.01235427341030178 0.15941716519802068 -0.012612758489032936 0.010689829192342034 
-0.03769576856476339 0.13782566848766614 -0.058666270193953256 -0.06282250715302304 -0.03850019920441198 0.08819791285991935 -0.006234308069908578 -0.022104528160987468 
0.0004187342292000879 0.0247436138547165 -0.01836580261572249 0.08901993507742155 -0.028508433724508606 -0.03037911735539271 0.027355603095522832 -0.06428453256064458 
0.01754417783262972 -0.08216639654748932 0.05329702531656086 -0.03849905238608351 0.06767120355744856 -0.02781662840208989 -0.023317764234082886 0.033287434862665215 
-0.048336422189176304 0.01588863212823772 -0.011939479702729626 -0.06462543423438916 -0.030703714614187787 0.1028281083218969 0.06204986771224775 -0.025161557421509606 
Ip_1IIp_4
0.011363449008611698 -0.04057190130260228 0.06288214613978443 -0.017876347260349233 0.01730876311931223 -0.012214370072115836 -0.00783709280557468 -0.013054646827353055 
0.0019129356305436522 -0.040732540743541226 0.01002537707217178 -0.03969050051788093 -0.021170239541544893 0.09582750608270985 -0.008244606897067424 0.002072068914567014 
-0.029901671340583125 0.03558267715997512 -0.00830941994789145 -0.02207675945431556 -0.041519754065366454 0.04833460070864737 0.04776706360013304 -0.029876736660032745 
-0.027072858870882472 -0.05960011514883944 0.10932408477343857 -0.07489013200041965 0.008143702311059861 0.044797093629266274 0.04318719177127192 -0.043888966464837316 
-0.011950306917434131 0.22977538141077267 -0.047403363238672794 -0.012153899152458734 -0.05017580795804251 -0.0376400642774727 -0.030129866840739754 -0.04032207302547162 
-0.0069000265986734945 -0.04214046613655361 -0.015585812815611775 0.07299744805785631 -0.024462314285046787 0.0018711649944175826 -0.010731958973782273 0.02495196575715507 
II_1I_4
0.17245451877754672 0.30118607803255293 0.1373298855409827 -0.19365884576327458 0.415991033741856 -0.16578488046190437 0.02984475281319753 -0.6973625426826348 
0.8293994728905608 -0.8775418098312603 0.3070661322616617 -0.5896286939006207 0.8652111845959941 -0.6566103897307686 0.31719371346542236 -0.1950896097615093 
-0.8061520908271705 1.3579311633667757 -0.6104786112780597 -0.7963942904189096 -0.4523154031112493 1.5667450529227889 0.4635945572634788 -0.7229303779118794 
0.28469943599292763 0.25035040255372704 -0.013353931015320588 1.2687758195087129 -0.5151547770081828 0.06601254162475531 -0.28085910661506 -1.0604703850368575 
0.3844508740981962 -0.7058617067184805 -0.3213595341617834 0.009376273034386852 0.17836017696969858 -0.7314083375758371 0.23414266241505954 0.9522995919314934 
-0.376233488947595 -0.9098636810032671 0.19198203621732193 -0.4913341230776266 0.666120234128721 0.31474487936909246 0.2053650787815709 0.39921906452579814 
