II_0I_3
0.8268493545200892 -0.8581874756011009 0.3022704821795201 -0.5979666214510257 0.8595429705206553 -0.6621944508376372 0.31052133364063844 -0.18083559298153826 
-0.8144726963184732 1.3530393198391868 -0.6142778046844477 -0.8042585737775904 -0.4592974939771354 1.5614836509050753 0.4756749266290677 -0.6978913286047386 
0.2915354046209081 0.25034850141900533 -0.013304813461081874 1.2650928094353995 -0.515997479611753 0.06521203356700604 -0.2804861596394405 -1.0624002963274326 
0.38187140642136347 -0.7061301385641917 -0.32187892608995183 0.008769090081391224 0.17855657683606868 -0.7316377048107587 0.23684830184131106 0.9536013942812499 
-0.3729570533105557 -0.9097869725460028 0.19091846184854677 -0.4904478664223083 0.6688561993428214 0.3133655382214061 0.20189968465499952 0.39815200820882096 
0.1700668598830982 0.2978368820290787 0.1312285417144549 -0.19956608366235254 0.4120227371766716 -0.16933303533181782 0.02652152261978224 -0.6687774244260306 
IIp_1I_4
0.5507347719441773 0.38709944615729325 0.5475599813489901 -0.6717843829835817 1.1584529849024916 -0.7416330153370357 -0.3694887584122083 -0.8609410276269409 
-0.2577158565682425 2.594964160675852 -1.07845258369589 0.17601082689734865 -0.7444556461037244 -0.18631566878282393 -0.4537016270043483 -0.05033360540937625 
-0.17760006697149436 -0.8509095794654881 -0.29322506861043857 0.0701589896254168 -0.12631608040368128 0.07142696162525834 -0.3695359164476767 1.6760007606443947 
0.11572935129294759 0.00944172832317129 -0.7348144412242812 2.7321395859279676 -0.5624358614355067 -0.11370679932161619 -0.26922429258939046 -1.17712927096985 
0.9309084490458849 -0.6968619105351291 -0.4146848616790866 -0.030307954409873702 -0.13641909964226417 -0.5868219456469498 -0.09283416665296838 1.0270214895067844 
-0.10967502185433341 -0.6333104604964434 0.11871230265388986 0.5891284268063062 0.16348660243657565 0.03336866983246198 -0.12012033095583231 -0.04159018842501066 
IIp_2Ip_5
-0.03013958888407965 0.035275387942712254 -0.008531112424750228 -0.022316143375879952 -0.0419236187402781 0.0480012627127164 0.04754466810778031 -0.02791085533751902 
-0.026888895238686778 -0.05961392543244424 0.1092697940564029 -0.07527060684769366 0.008071154782698656 0.044752342520553726 0.043806490288722834 -0.04412635412952086 
-0.011766526229758616 0.22972611881595686 -0.04742255094547561 -0.012155806826963237 -0.05023550320547228 -0.037733760074663544 -0.02996971549025976 -0.04044225604255089 
-0.006665634624178509 -0.04216448393069671 -0.015643857345654374 0.0730551858288584 -0.02436702914789482 0.0018355869303315223 -0.010882753323877219 0.024832985613057374 
0.011284869433879713 -0.04071692243789535 0.0626776186104091 -0.01821203449190725 0.017143264151604044 -0.012393160839044527 -0.007945760819841515 -0.011837873607530086 
0.002154163623974433 -0.03971582350928605 0.009872314031063508 -0.03994799226685187 -0.021303685012062173 0.0956730430812156 -0.008474044233855917 0.001742024285358012 
IIp_1II_4
0.17809614576207203 -0.646586307066903 0.6296667641307152 -0.8640767756247663 0.4690827600500734 -0.026719609910386962 0.15281208605713045 0.10772493659647284 
-0.3190470872864634 2.212282318328192 -0.806414900568718 0.05785306289277662 -0.4239076247503442 -0.4270891184898958 0.006327977965127085 -0.30000462808094747 
0.20801845182336842 -0.6000595055726698 -0.14794562722930377 -0.027066729321424114 -0.15800152781969018 0.08396651437687133 -0.1888425399912309 0.8299309637321917 
0.09969906490937704 -0.3793670350547757 -0.014699904831680039 0.049535850996366884 0.24230528415105587 0.040001351211447655 0.5539456621465626 -0.591420273526593 
0.4565201244516787 -0.7840599985150059 0.21437163984594745 -0.24685016723804135 0.8990265461646029 -0.5606794865144209 0.1295933041449603 -0.10792196234339799 
-0.5460388414277245 0.4403348599776713 0.03694498319561339 -0.4453803439090552 -0.4964058071997221 1.1166905111895806 0.31466629603019985 -0.4208116578533081 
IIp_2I_5
-0.09507703745178198 -0.6367061801664475 0.1158236012088373 0.5871816165007289 0.15828888157433266 0.028736732749891934 -0.12199280312410578 -0.03625481128872455 
0.5620550729786682 0.3835272917513991 0.5450348278275342 -0.6777762904623249 1.1529092565364474 -0.7461095489509322 -0.3567245676098749 -0.8629160420807243 
-0.24109728890038473 2.5928340746775325 -1.0788995341678247 0.17289494943784325 -0.7484123341786285 -0.18964516136594892 -0.44287254569339873 -0.06480215980308365 
-0.16084617168268822 -0.8522216208446739 -0.2928476198870501 0.06958519699340193 -0.12883142782584417 0.06946150315655847 -0.3683521756463524 1.6640523157309448 
0.13094423029899552 0.009017041144726606 -0.7342465610682662 2.7307857611975477 -0.5639143747700376 -0.11556246477372578 -0.26852751198900426 -1.188496120039065 
0.9487726105495565 -0.6973018794777046 -0.41539908146361626 -0.03062431121447492 -0.1383800201872365 -0.5892358471387498 -0.09288778517920444 1.0150563140999351 
II_1II_4
1.3896055894811177 -0.5845056128808654 1.3288970503509263 -0.6931922757747985 0.2251954816610637 -0.9464093747118973 1.1144232981154054 -1.8340141562550698 
0.4137821261407667 -2.0478931908538778 1.2769168886585862 0.023944259783329078 1.9213266424258322 -1.531435826457991 -0.08124201794268349 0.024601118232078875 
-0.8768979801615683 0.14442659696700386 -1.3587676679283953 -1.2133795771117353 -0.7304586050863224 3.0361595323132877 1.7413972306304726 -0.7424795296125112 
1.387067621277126 -0.5884213826007034 1.3253504165140588 -0.6955959122964585 0.22045623194547803 -0.9510040261811655 1.111341463713789 -1.809194412366057 
0.40975327146207474 -2.04984256340566 1.2747900215257473 0.018712625239893428 1.9185858323842107 -1.5321242727865034 -0.06108862027433402 0.021213705840386794 
-0.875932200498672 0.14327240488590007 -1.3568787984108648 -1.2138880674072396 -0.7315139802353332 3.035276689811096 1.7435026756777907 -0.7438387238186613 
I_1IIp_4
0.11657549633188083 0.010848790401808616 -0.7335216627521643 2.732950097193061 -0.5607066103763761 -0.1119691238282614 -0.2681047405645175 -1.1860722464046782 
0.9324513656178351 -0.6960994968486875 -0.4138700460297873 -0.028532027197827246 -0.1353727834069453 -0.5866409834710824 -0.10013840004747497 1.028202371372043 
-0.10962653882499332 -0.6328861711344134 0.11784081089387966 0.5894009529671336 0.16381597105493775 0.033629551497006936 -0.1210021421722142 -0.04117243428481485 
0.5494686410419563 0.3852475288065884 0.5459010012793594 -0.6729743473698859 1.1562378984653043 -0.7437193324924021 -0.3709341260937623 -0.8492272636367713 
-0.25952603669501784 2.59410416918998 -1.0794078967138314 0.1734326192708834 -0.7456904250768714 -0.18670768014348404 -0.44423278304448954 -0.05197196678172108 
-0.17674779406637653 -0.8514458900659481 -0.29252451008557645 0.07000831433969834 -0.1268650693352234 0.07095307956358032 -0.36866542796546414 1.6752872976111588 
Ip_0Ip_3
-0.025009348745771653 -0.0564947025603214 -0.041374558172670294 -0.06493687253945434 0.06918204254424681 0.13937516633030878 -0.02506877934481413 0.004327052488423326 
-0.043041002583098065 0.2768419239321625 -0.05282518884837439 -0.07258253627996258 -0.06590686607420664 0.023363024206726604 -0.0362432292967004 -0.02960612505546371 
-0.025524799885319808 -0.05923366789088813 -0.020817351948668215 -0.005979422584429767 0.10354495820731566 -0.028089833222184387 0.07875579112753008 -0.04265567380318464 
-0.025136426711238863 -0.05669076807768487 -0.041552140780419446 -0.06505722441716506 0.06894474476789018 0.13914510869624186 -0.025223089097372666 0.0055697956191562105 
-0.04324273034869383 0.27674431739121214 -0.05293168267568769 -0.07284448813254343 -0.06604410048192552 0.023328553184401357 -0.03523413360944241 -0.029775735326228105 
-0.025476442575587253 -0.059291459151197275 -0.020722774839843167 -0.006004883073629042 0.10349211478466865 -0.028134037806225514 0.0788612123350355 -0.0427237296731475 
II_1IIp_4
0.1001387954030356 -0.3789823495980378 -0.014404583634373988 0.04992583704415165 0.24269483930439908 0.04020205069647315 0.5542132802597941 -0.5937878694765003 
0.45664051009403595 -0.7840476491192077 0.21443433434756282 -0.2460354994037669 0.8991180533066939 -0.5604197462886651 0.1277941163343308 -0.1074841192796943 
-0.5472777040203832 0.4404206228959084 0.03731695314910352 -0.4455901508234453 -0.49615790905765716 1.1169402323776236 0.3148217460221302 -0.42047379054061274 
0.1788711674363495 -0.6456843089627409 0.6304306314048638 -0.8633692449655036 0.4700984178579544 -0.02591191065653895 0.15348684555719583 0.10207840232726852 
-0.3183944493347771 2.2125521994857063 -0.8060712254823013 0.05935888237906794 -0.4234540289774025 -0.42673842756512137 0.001866323201117784 -0.2991192736989841 
0.20665200000306413 -0.5998212622479635 -0.14782319597687676 -0.027209359543109834 -0.15761420398383608 0.08433286795713861 -0.18896524051066813 0.8304483942982481 
Ip_2I_5
-0.15097889311775375 -0.15212019332695312 -0.027843641747730765 0.46207470670618406 -0.05414262079494064 -0.03255716002118809 -0.044245290221466615 -0.00018690747546378273 
-0.05405657126322977 0.855549690120985 -0.24307925125527127 -0.11002400991438653 -0.0331417265018221 -0.15138379003687574 -0.16052800507094048 -0.10333633607721057 
-0.023159712955455523 -0.0944854569592136 0.17106189717569947 -0.15591515812705883 -0.14127523334457823 0.136776983150158 0.04623163393363901 0.06076504712687341 
-0.12517769145406793 0.7714487120901533 -0.19386313347088396 -0.12003066186849562 -0.18319529048749497 -0.024318139138357654 -0.13275533512656318 0.007891539457027382 
-0.12302285959036593 0.1605367157082449 -0.08735473217280745 0.033313672661639065 0.05759921364649968 0.19555568714109473 -0.10091015407771987 -0.1357175433162998 
0.15837596990348712 -0.07673010031511392 -0.09436221164793399 0.2382784841499334 -0.030508592656636822 -0.11588195529785612 -0.08676262271856644 0.007591028581986717 
IIp_0IIp_3
-0.09737145819035622 0.39150001045411437 -0.12123851560020442 -0.06640081347701103 0.07858119784319414 -0.07913865830361665 -0.04985199100713262 -0.05607977171826724 
0.040318423773353304 -0.11973887855994693 -0.07204296034547165 0.015962557897887416 -0.06084564712638149 -0.03968003427776133 -0.03813820113869898 0.27416473977577355 
-0.056871923403994544 -0.1250244312531187 0.2781925604067447 -0.17645319872281276 0.010007142442498567 0.008799129283616394 0.120853014822479 -0.05950229357516677 
-0.09756885408493593 0.3911954531056666 -0.12151436261741783 -0.0665877614382603 0.07821259258032623 -0.07949601712922551 -0.050091687256137225 -0.054149363158678646 
0.040005071001053424 -0.11989049517108845 -0.07220838197652446 0.015555656354224881 -0.06105881947765058 -0.039733579660389776 -0.036570727616719506 0.27390127654652957 
-0.056796807829190755 -0.12511420100586917 0.278339471265365 -0.17649274764091152 0.009925058387569841 0.008730464323572155 0.12101677030521787 -0.0596080078057782 
Ip_0I_3
-0.022139658760193227 -0.09361273964217762 0.17187902175508793 -0.1552072617173681 -0.14028856814954271 0.13760530022577327 0.047000339760730786 0.05476356652846902 
-0.12445974554249781 0.7717745942431273 -0.1934597106968698 -0.118587388769656 -0.18266626240823725 -0.023970626385990162 -0.13743804060685838 0.00880718016923871 
-0.12406418146960826 0.16082230217795326 -0.08736583232048788 0.033176555536252095 0.0579880840582339 0.1958517222849953 -0.10114381181891233 -0.13526483844692902 
0.1587495979482007 -0.07670136118858159 -0.09447970158027232 0.23845671688622952 -0.030563203521233914 -0.11607128390168514 -0.0868329672704012 0.007442202626211979 
-0.15134539077483783 -0.15247492224297693 -0.028140709409757172 0.46216152529474774 -0.05452608064105244 -0.03263630665037454 -0.044418468543347155 0.001380352967355533 
-0.055106911736709493 0.8554537063687496 -0.2427743095803673 -0.11058287053576146 -0.03315734471997514 -0.1513330628624512 -0.15910290443549457 -0.10339630249495796 
II_2II_5
-0.8503335324620115 0.15023733769355105 -1.3517265863641987 -1.2077804090370132 -0.7251478517762392 3.0403567364276505 1.748946638828258 -0.8045523333005682 
1.4083484219625948 -0.5865691501874435 1.3289629139599195 -0.684434295725893 0.22289162795941372 -0.9496365101377787 1.0737444629748418 -1.8133074708148886 
0.41739352689398646 -2.047989115632987 1.2751864735228629 0.016644942939564984 1.9200746018260355 -1.5318680298697436 -0.062280631295931844 0.012838231607831523 
-0.8551677009875102 0.14277881607173146 -1.3584820002551112 -1.2123587106887732 -0.7341748883486957 3.031605121859804 1.7430765468237261 -0.7572771844722382 
1.4006745029493874 -0.5902821972639068 1.3249117859276534 -0.694399197167231 0.21767109856192984 -0.9509478211149408 1.1121314374164097 -1.8197596093084425 
0.4192330856543962 -2.050187550986028 1.2787842780758256 0.015676401341795973 1.9180643869958456 -1.5335496149367274 -0.058270306756858334 0.01024932059089402 
I_1I_4
-0.3130907636284878 0.47072514692896955 -0.504429960611707 2.5125729875911524 -0.4943556413150169 -0.2380022430043752 -0.7935069903708597 -0.639912535584277 
0.08528398155253092 -0.5424459380080611 -0.15181423593946192 -0.11947999855973712 -0.12230656248600152 -0.3499552567268738 0.07830865966672862 1.122409350496971 
-0.4170890500913754 -0.7256596083412293 -0.08767846381889201 -0.24785145686322438 0.15315809155830717 -0.07895949845857046 -0.17158922810213867 1.5756692141155206 
-0.3131376217301181 0.4706528506980781 -0.504495441545766 2.512528609633912 -0.49444314132550893 -0.23808707332054366 -0.7935638897872069 -0.6394542926183351 
0.08520959745224589 -0.5424819289620674 -0.1518535039475592 -0.119576589392503 -0.12235716562393803 -0.3499679674014721 0.07868074862804923 1.1223468092431468 
-0.4170712190555962 -0.7256809180050633 -0.08764358992260383 -0.24786084503814906 0.15313860633570392 -0.07897579823848028 -0.17155035560644363 1.57564411953021 
I_2Ip_5
-0.1246648762434216 0.7713058614626419 -0.193939373926663 -0.1201557875458354 -0.18338949952163233 -0.024455982805877005 -0.13280459218456386 0.008104250768369433 
-0.12242657800100955 0.1604987330635218 -0.08736506386295138 0.03306774315329529 0.05748981448493141 0.19540981250315184 -0.10035218554669552 -0.13632227579313927 
0.15935063052825016 -0.07678634863407359 -0.09444813555697262 0.23831969559496063 -0.030656920092658264 -0.11602551218860412 -0.08677092177647708 0.007017512124146926 
-0.15054655630750002 -0.1523872121305349 -0.02803234516388759 0.46187336225583686 -0.054487110370299005 -0.03284069905211206 -0.044392271554465464 0.0008128323228144832 
-0.053588043748076596 0.8554498933118386 -0.24315702542301965 -0.11043583337548189 -0.03333803613232269 -0.15155149515276337 -0.1593309768399674 -0.10404848263783464 
-0.022154427675033103 -0.0945783044489295 0.17103586889365688 -0.15589007079463016 -0.1414570264887006 0.13660543152267127 0.046290098063983855 0.06014843092707465 
II_0II_3
0.4167689692200247 -2.0415185977067116 1.2819369527412054 0.023348042953318066 1.9280504658726936 -1.525166836361796 -0.055183819323331926 -0.028235177409765114 
-0.865916566429812 0.14609733353792348 -1.3552905048255734 -1.2007695891568029 -0.7276526767516921 3.0372967432027913 1.7033642401858409 -0.73712897975185 
1.3773343689809638 -0.5864030154524535 1.3251310083735823 -0.69676233330201 0.22356941984195497 -0.9475524290426726 1.1094295833459293 -1.8047466027489394 
0.4118492090415071 -2.0491091766193317 1.275061930474689 0.018688679914478687 1.9188636005759216 -1.5340734031534864 -0.061157844584857 0.019877004342342578 
-0.8737263564684465 0.14231854488658874 -1.3594133603449199 -1.210910924747399 -0.73296563854077 3.0359622147302368 1.7424308774544628 -0.7436953569641215 
1.3792064981588976 -0.5886403753297549 1.328792514068136 -0.6977480234679672 0.22152361303702525 -0.9492637875108354 1.1135109129234173 -1.8073813518799249 
I_2IIp_5
-0.17386491946578556 -0.8615336144088067 -0.30133618775306187 0.06297579557084149 -0.1393011405695728 0.0602723229828559 -0.375969538851601 1.7287572824941402 
0.11686386588374356 0.005515969945933866 -0.7387408002371012 2.716435159671415 -0.5689251153864322 -0.11764767399230425 -0.2204484379402343 -1.1930529679360016 
0.9517504032656082 -0.6996980562773493 -0.4139718313203831 -0.030294080227515615 -0.14105323905483025 -0.5916352351527657 -0.09001211094412966 1.0149141497026006 
-0.10030171126785602 -0.6339928856370766 0.1182267089786027 0.5879537578457414 0.16237335542713166 0.03365767946204252 -0.1201458849254491 -0.04777101988489415 
0.5603472793829738 0.3860127233863463 0.5470721755049908 -0.6760605967127961 1.1563155150544124 -0.7460805466542195 -0.3705363682118458 -0.8570701817507054 
-0.2410853954875275 2.593982409753516 -1.0832729826715335 0.17478674883193418 -0.7478445069413864 -0.18933334923922984 -0.4464626713049177 -0.06077025293073255 
I_2I_5
-0.41656214321948754 -0.7311891357217446 -0.09215752802866503 -0.2518454903251478 0.14647524744633328 -0.08467222509256772 -0.17536528015877956 1.60531655510228 
-0.3127564052087876 0.4685511490762699 -0.5066669327967583 2.5040823490976902 -0.4979691957546406 -0.24035726071105626 -0.7669112581581811 -0.6479724455342607 
0.09602252642795085 -0.5441381286278856 -0.1515683850727068 -0.11929438126331014 -0.12495988234708476 -0.3524019208493565 0.08020974891249592 1.1161304228155404 
-0.41323015405973723 -0.7260482902869576 -0.08750130519777323 -0.24868985944613478 0.15269720430431644 -0.07864010504504478 -0.1713192724898025 1.5727317822168696 
-0.30746709540454853 0.4711103963491277 -0.503874660532244 2.510950736788552 -0.49437090428467745 -0.239453429174857 -0.7933697860500216 -0.6435252576848699 
0.09475459589900634 -0.5426228395508624 -0.15404820051887155 -0.11862680625340795 -0.12357432576464511 -0.3512428749487959 0.07744560078011582 1.1179148503541083 
I_0II_3
0.38269174175796056 -0.7056586349871787 -0.32159542396618246 0.009474446046923587 0.17892169734558216 -0.7317621513167738 0.23712438733393437 0.9508039377827369 
-0.3732164839874344 -0.9100365851814399 0.190779186293712 -0.48900496313422703 0.6687056882615657 0.3139677843398728 0.19996144970632015 0.3988439237015214 
0.16685788215985214 0.29790117765913515 0.13250835308126477 -0.20020710254645102 0.41253970043098565 -0.16878609631900818 0.02724742760307359 -0.6680613420687507 
0.8293130221527304 -0.8551805143965813 0.30485042675468543 -0.5957049128416441 0.8629767512675703 -0.6593438643500487 0.31279290433830326 -0.19970381292889935 
-0.8121234469542645 1.3540519243033988 -0.6130399355465533 -0.7994281914899447 -0.4576733328446803 1.5625316654461123 0.46068738351156635 -0.6950060664163707 
0.287701085372249 0.25116013545835403 -0.013248043530065461 1.2647810375933795 -0.5147971618291907 0.06633061236326063 -0.2811235285667077 -1.060804136856008 
IIp_2II_5
-0.5452553444584987 0.4407088312448695 0.03773739026118603 -0.4452618298994931 -0.4959379085837167 1.1171015824718697 0.31530796953264384 -0.4244006905588574 
0.18041829016731237 -0.6455957044063704 0.6306489325941019 -0.862744320466299 0.4702029291994989 -0.02584935872466487 0.15131333114455978 0.10160590048511627 
-0.3175961832423407 2.212660616823724 -0.8060296106241617 0.059196102182627455 -0.42339266725055785 -0.4267817171188132 0.0018116094344988007 -0.29986815019652274 
0.20830634596931705 -0.599864080297243 -0.14796531855446018 -0.02710214197397682 -0.15782542649526768 0.08406358640229197 -0.18900940923435225 0.8293964441803743 
0.10101174435977223 -0.3794606135356971 -0.014739787234106173 0.04975519214702547 0.24207095234860923 0.039776819884059456 0.5539994216996051 -0.5924137296683413 
0.45718515862454706 -0.7842418163336814 0.21449503716944143 -0.2467231365380376 0.8988169254211559 -0.5606226140040036 0.129777531559877 -0.1086870859046762 
I_0Ip_3
0.15897399054412767 -0.07624787342496407 -0.09404957230135022 0.23867889906759954 -0.02998658345632279 -0.11544763039541167 -0.086463224983741 0.004541994948558486 
-0.1507782315841315 -0.15218373892793896 -0.02784098781090806 0.4626575891648003 -0.0541437542199268 -0.0326267316734311 -0.0468184288160305 0.0017342838691501716 
-0.05480099483822198 0.8555974622757273 -0.24319666258200515 -0.1104291214551413 -0.03308778713139189 -0.15129034185971257 -0.15947903941433028 -0.10331351499315573 
-0.022807659065911423 -0.09453610328891196 0.17106209409500972 -0.15583023912736796 -0.14137834910434469 0.13661339592158162 0.046286456516075304 0.06059040405383633 
-0.12530920036138113 0.7713803449259381 -0.19390783185177551 -0.1199308568207148 -0.1832476515372017 -0.024203120878518742 -0.1327517225824524 0.007970039108110779 
-0.12341867997173031 0.16056022446711993 -0.08712402658833848 0.03315151075807012 0.057686553747460255 0.19558402080920845 -0.10077963641441395 -0.13565996680601888 
IIp_1IIp_4
-0.05670843991116724 -0.1251452443368582 0.27816393905470127 -0.17645710877323625 0.009857311795822395 0.008664778842481683 0.12089023567745992 -0.05926547234911355 
-0.09782199275665045 0.3911794888026118 -0.12153014175112885 -0.066696030530688 0.07821754443516438 -0.07943844479910828 -0.049880252511387564 -0.05403017088737531 
0.03995051801225038 -0.11985384637326964 -0.07217768053655688 0.015476264171278082 -0.06101657873216117 -0.03977932689039598 -0.036568938051923294 0.27396958839965097 
-0.05668108987868283 -0.1251030466336903 0.27820215882057914 -0.17643120634591083 0.009908383607234755 0.008714292412653745 0.12092344660217365 -0.059532938583806774 
-0.09777857641052635 0.3912004959225467 -0.12150722188755364 -0.06663965260836367 0.07824708036210128 -0.07943102586085574 -0.05009743256837884 -0.05399366694752269 
0.0399401104330693 -0.11984140839599673 -0.07219803565463617 0.015481743840433451 -0.06100520564068498 -0.03976981307102309 -0.03659162706360639 0.2739842355514731 
II_0Ip_3
0.01748066440304292 -0.0820780532710673 0.0533445778154125 -0.03843756463438039 0.06779567462195392 -0.027769160460893946 -0.023053242009297367 0.03271710353460948 
-0.04806572535947878 0.01590286945438663 -0.011991861052197315 -0.06434588587431987 -0.03048176867944707 0.1027982503861979 0.061301502420297534 -0.025117381294662275 
0.021476571639504956 0.07563132255103998 -0.0019987371441203454 -0.031890712073325535 -0.006957299424063557 -0.05091860051165599 0.05208915550875262 -0.05743170054590137 
-0.018456427041208298 -0.05943666821103894 -0.006260399463983511 -0.05998631363234344 -0.012512380785815033 0.1592137915488004 -0.012920592391205578 0.01035898997651305 
-0.038127022469417536 0.13754515000417625 -0.058852709408813764 -0.06301388873713185 -0.038883494519561725 0.0879153896475157 -0.006437018288486015 -0.02014640622761984 
0.0005601344765065253 0.02479912222630985 -0.01832637184490837 0.08872583324015651 -0.028474376972910376 -0.030346799697361163 0.027357501586880287 -0.06429504301420322 
I_1Ip_4
-0.1220755243182271 0.16169491561527027 -0.08635710215366185 0.03408006858115716 0.058924614944504454 0.19661655553720545 -0.10005505633696357 -0.14282847186863648 
0.15950330399096535 -0.07632661903799291 -0.09398210275746041 0.24010387482529713 -0.029907734622962933 -0.11554246488736901 -0.09246937325417105 0.008621115742400959 
-0.15247404742115875 -0.1520460724479404 -0.028087265822847818 0.46181527751859325 -0.053977151787567686 -0.03238331107164207 -0.044702747980005966 0.0018553190131413116 
-0.054054126027302835 0.8554975229223651 -0.24319884255637128 -0.11023462644511861 -0.03330335817914886 -0.15165039017862852 -0.15936754563659583 -0.10368863389684105 
-0.0231053460098884 -0.09469518584804061 0.1709555658760964 -0.15558529648007882 -0.14150363431291954 0.13687234568451243 0.04629449253337953 0.0607670585568076 
-0.12625499897058334 0.7714265280646214 -0.19337173171204108 -0.12029316328163657 -0.18305067064174732 -0.024125178602224788 -0.1324440371937817 0.008113252340824632 
other
-1.31746333057675 0.8308824605102229 2.1930174770357422 -0.5508390324306912 -1.971650412929982 0.6128065596671498 -1.8839359534827362 2.0871822322177773 
-1.31759819694114 0.8406905783809054 2.199659695229942 -0.5636000672192503 -1.9626576533763083 0.6225975101135212 -1.7963520416890126 1.9772601755079033 
-1.287667252887352 0.8419386293986911 2.2067084608539855 -0.5384621859935588 -1.9600218750209628 0.6221961856938767 -1.868621218599556 1.983929256556888 
-1.3078784137768356 0.8456707966692071 2.206411730826906 -0.5417614340422996 -1.953752113759348 0.6301587676152623 -1.872297066013668 1.9934477324781292 
-1.3023827829726582 0.8480525987861177 2.2076920434934033 -0.5438422224572753 -1.9523066820164299 0.6251975035902773 -1.872463570361634 1.9900531119456717 
-1.291314626286837 0.8462975630663288 2.1995749368264805 -0.5365418163227875 -1.9560361343942163 0.6255303377541928 -1.8765726639977558 1.9890624033559887 
Ip_0IIp_3
0.001774549522549036 -0.039875460295977785 0.009782654717975231 -0.04009162697474348 -0.021460653897368905 0.09554575474689128 -0.008570235653710715 0.0028950178341614332 
-0.03030398282368216 0.03534945144951518 -0.008494672841591985 -0.02247917465715695 -0.041854045897301045 0.048085187949213445 0.04845573464081704 -0.02875849781927059 
-0.02672880228916658 -0.059607651641517066 0.10932734769997761 -0.0750563099443434 0.008094687045555259 0.04475080069656724 0.04321102100788836 -0.043991092574925124 
-0.012072809758425512 0.2297623725871352 -0.04742661164565396 -0.012185455701483347 -0.050166074375444944 -0.03764594986862503 -0.030006050586645606 -0.0402594206503978 
-0.006745067506076803 -0.04213342356695257 -0.01563162693569583 0.07303039514890658 -0.02433393751190391 0.0018038156821919503 -0.010890427960530615 0.024900272650019668 
0.01127947651935488 -0.040724559650348234 0.0625915439269704 -0.018140710566222643 0.017124086005786764 -0.012380225442521722 -0.00799644976257097 -0.011753161030899085 
Ip_1Ip_4
-0.025030148449946055 -0.05896259154891188 -0.02052835608339419 -0.005723620437055612 0.10384224745538818 -0.027844182555651617 0.0790533225582224 -0.04480667093872554 
-0.024906844701611166 -0.056580569787938 -0.04140953794547797 -0.06457147184901003 0.06913228708055046 0.139286336848717 -0.026852748090278464 0.0059025484448895086 
-0.04358223041744822 0.27685932632703353 -0.05292328367622779 -0.0729254675126008 -0.065893925309415 0.023412611713047687 -0.03531600725060538 -0.02963102387216883 
-0.02523572091507583 -0.0592797643301812 -0.020815629288589453 -0.005918312192559069 0.10345837375471663 -0.028216343966986086 0.07880369756528324 -0.04279630062593809 
-0.02523317723253262 -0.05673846669144773 -0.041581811703078474 -0.06499522814642353 0.06891028466325244 0.13923057349893622 -0.02522034637982679 0.005628171991234461 
-0.043504003390936415 0.2767658381143643 -0.052770287447898565 -0.0729666546335845 -0.06597940946581461 0.023341102499851468 -0.035145468656910595 -0.029741117017915687 
IIp_1Ip_4
-0.026821309321936795 -0.059440394997344076 0.10942695689399312 -0.0749788229908553 0.008298651816441545 0.04492839238495461 0.043263166139516064 -0.04467663992466576 
-0.011945871979747953 0.2298102904761854 -0.04737730822737088 -0.011969517646163268 -0.05010229537804012 -0.03763326338226217 -0.030619793100312667 -0.04016224076158747 
-0.0069186358916572595 -0.042121292957981636 -0.015652942682994265 0.07306629579315121 -0.02430700931901092 0.0018733360897410724 -0.01092015051443593 0.02498039948325991 
0.01114915633105199 -0.04072353530650724 0.06266031469965344 -0.018157102710824203 0.017140795649075342 -0.012378449752143307 -0.007952164623904004 -0.011739014286643697 
0.0018824615672145156 -0.03972708201911584 0.009911956719343366 -0.039936790760133324 -0.021286894787830735 0.09572496554477354 -0.008445057255709248 0.0018764409912568423 
-0.030283781926089874 0.035406003389286504 -0.00837173862610686 -0.022245284326447342 -0.04174739765542745 0.04815593740979849 0.04766777388625861 -0.028581512150929862 
II_1Ip_4
0.0008981890883444477 0.025106452929946198 -0.01810607235882927 0.08897185222537844 -0.028135122901183446 -0.0300628919834912 0.027561833336291624 -0.06623424033634516 
0.01764701310848454 -0.08207091710908507 0.053387474099622925 -0.03803011910867178 0.06784981323705992 -0.027767149867235948 -0.024660497582640453 0.033644383221979615 
-0.04850258377433506 0.015950313933981126 -0.012046503131866728 -0.06452941592806737 -0.030420686003994717 0.10287364556050597 0.061732748193769504 -0.02505751884937133 
0.02164607578237236 0.07561198862122788 -0.0020003906323043602 -0.03184017321678491 -0.007004803200924342 -0.05100611522755069 0.05211231372442034 -0.05751889584982101 
-0.018532327410859136 -0.05947903701541041 -0.006289796269104203 -0.05991590956809368 -0.012547150105073518 0.15927922638779465 -0.012918602595261676 0.01040359657592221 
-0.038388992455720625 0.13755398555034573 -0.05871022366500379 -0.0631042719804751 -0.0388335737080821 0.08794103363696915 -0.006353450856976534 -0.020104506520285708 
I_2II_5
-0.8117167068181205 1.3533539153171816 -0.6135936800458058 -0.8000761332454882 -0.4585474845486257 1.5616792172657703 0.46019187051602206 -0.6912909984291198 
0.2883855431522256 0.2508722048190151 -0.013701842446268273 1.2637282764648732 -0.5153497262836547 0.06594101440027705 -0.2776604802608666 -1.062214989843405 
0.38409413067433135 -0.7062841598469629 -0.32189039721307977 0.009221286271624439 0.1780908204645426 -0.7324968250191718 0.23704514778424704 0.9522199968786317 
-0.37275537507075746 -0.9102372866552824 0.19064086378107561 -0.4897386213356934 0.6683964622329703 0.3138537893763233 0.20195878644265172 0.3978813812271468 
0.16834193223696778 0.29784301561429233 0.13261028857416765 -0.20039234920429055 0.41236517013979684 -0.16914059607790552 0.02738282878049329 -0.6690102900600525 
0.8307920891148686 -0.8552243558189097 0.30456810651478355 -0.595636061531709 0.8627900335541775 -0.6594786243565866 0.3126433279421179 -0.20045451542635428 
I_1II_4
0.2886518756333631 0.25190544520021174 -0.012777798660435909 1.2654055479607658 -0.5139944101762621 0.06699751275324539 -0.28066911497903047 -1.0655190577347495 
0.3829781986276505 -0.7057861708713472 -0.3216166865819976 0.010353185629185989 0.17888617489239683 -0.7318982097643033 0.23312735611354432 0.953956151949731 
-0.3743901635404549 -0.9099732142999742 0.1905852943941649 -0.4896770411596478 0.6687726151597989 0.3141024638305138 0.2017287470624028 0.3988512985541398 
0.1674357752850207 0.2978149330344486 0.13250975252068492 -0.20007365072432226 0.41236911736231585 -0.16904923573664649 0.02733941115192094 -0.6683461028910689 
0.8291048969126635 -0.8552869201463434 0.3047819028669512 -0.5955548421951958 0.8628966852771298 -0.6591612535843785 0.3127986801217981 -0.19957914925755457 
-0.8127292347777361 1.3540920423286182 -0.6126805679381366 -0.799686803039239 -0.45753480879560204 1.5625707867689804 0.46088886824814934 -0.694920282785921 
II_2I_5
-0.35104331531122435 -0.8978319977974333 0.2019831365850177 -0.4803745599968451 0.6818431116719009 0.3250082919674334 0.21228694126390876 0.30812839161467476 
0.18991367905091125 0.3017969690519302 0.13824461533969387 -0.18007976113136284 0.418097312953364 -0.1660821035256509 -0.03676259352562727 -0.6651281182119845 
0.826397005618573 -0.8522503086200264 0.3045848099909581 -0.5970394584737083 0.8664537627495529 -0.6560942896377031 0.31014623429204247 -0.2021977559274674 
-0.7977109037246709 1.3538694072707997 -0.6130203643139356 -0.7980104454401638 -0.4594910369401171 1.558882574432542 0.4611623797768109 -0.7056816110557061 
0.29772412323827213 0.24890710648102307 -0.014525509904452073 1.2681555912445297 -0.5179397466856884 0.06690911665805686 -0.2806123640840363 -1.068618316944331 
0.382631529133463 -0.7068146878396874 -0.31613835265708023 0.006273915408112229 0.17855002103296916 -0.7317931428376394 0.24094100259287715 0.9463497151563889 
IIp_0I_3
-0.2600329093176035 2.5928898526116178 -1.0804515459676682 0.17199990152600433 -0.7471465430747408 -0.18832645149553318 -0.4452772228739919 -0.04365508139458974 
-0.17620506461374902 -0.851933308899366 -0.2937406401369464 0.06811119744057689 -0.1278581467215652 0.07025995550931384 -0.3621094810889163 1.6734754885064436 
0.11734152455781273 0.008996321345888094 -0.7347235268414088 2.731975837975635 -0.5629571763191105 -0.11391963860057625 -0.26885195264765394 -1.177861389469165 
0.9313595873925752 -0.6966702744483901 -0.4144617208993275 -0.03103177300415525 -0.13618825525128472 -0.5869253032661592 -0.09281807510342965 1.026735814571501 
-0.10734501215919164 -0.6331197969449642 0.11804228248894964 0.5891230784009035 0.16338532225628535 0.032853865151397044 -0.12063074038266511 -0.04230899881139169 
0.5508213445109776 0.38521177949554175 0.5453330773302262 -0.6729023835783605 1.156068366663734 -0.743700683529608 -0.37129047276909677 -0.8495410281225263 
I_0I_3
0.08378318511133735 -0.5442751808912303 -0.15340231176589655 -0.12092521223417688 -0.12442074867531878 -0.35173449033713705 0.07731223807893485 1.1336625207128828 
-0.41845951611075105 -0.7263195922413503 -0.08844437072129153 -0.2506871260368106 0.15212325416590858 -0.07957957234976007 -0.16255226315670293 1.5739191864498994 
-0.3110573447127331 0.4701591203796228 -0.5044268766982973 2.5126579457047207 -0.4951347471064496 -0.23871581386313645 -0.7931153917942327 -0.6403668919033602 
0.08491987299775051 -0.5425214126611526 -0.15181386959686974 -0.11984868790525077 -0.12229816584245883 -0.3496766691804008 0.07869250904773219 1.1225464231391842 
-0.4166551001618549 -0.7254465205613958 -0.08749180397922586 -0.24834401724735733 0.15335078946969163 -0.07927123570474841 -0.1715784294196226 1.575436317603158 
-0.3114898915196457 0.470676052055134 -0.5052728506920607 2.5128856848694223 -0.4946620728843599 -0.23832041238590107 -0.7940583641588154 -0.6397581452745904 
Ip_2II_5
-0.0481870483147065 0.015817790040234977 -0.012077490254087131 -0.06454187499661163 -0.030594802347084706 0.10271708274459115 0.06177148587611954 -0.024905142747906395 
0.021554461605461015 0.07558624902652228 -0.0020158940259349897 -0.03196024300634929 -0.00702370430911145 -0.050970819554367844 0.052359984515315504 -0.05753003425143784 
-0.018416672348620704 -0.059452815733525184 -0.006256767547280686 -0.05999665418556581 -0.012528450670221222 0.15921338905259444 -0.012907717650732543 0.010345689083223376 
-0.038115893910027204 0.13755694502985583 -0.058841495876955925 -0.0630487656214156 -0.03886967110037071 0.08790761378138368 -0.006437127465085344 -0.02015160483717601 
0.0006628423543439125 0.024806904039002754 -0.01836516638420771 0.0887329311839358 -0.02848076128106728 -0.03036838073862902 0.02732944567673539 -0.06431781484965257 
0.017444703460531303 -0.08217876381290178 0.05323582410808068 -0.03850225259691976 0.06767309187035614 -0.027874537912179087 -0.023143686014314293 0.033345620896487335 
I_0IIp_3
0.9309970742450523 -0.6975115082538361 -0.4152392462967922 -0.03148440331745827 -0.13724424531696328 -0.5880212262736453 -0.09348601164021297 1.0319895668408716 
-0.10821691902021247 -0.6336144855688788 0.11752981032378762 0.5881266372680843 0.1627144667610093 0.032773772461105063 -0.11624750729286837 -0.04306577493351981 
0.5506601344067907 0.3849490513092317 0.545966827200427 -0.6731198045733734 1.1558894882742352 -0.7438342328728875 -0.37068755525900215 -0.8498239084875093 
-0.2589693935992468 2.594248804231067 -1.0792362953251746 0.1728978220421763 -0.7455396523035872 -0.186840740260505 -0.44421354401499263 -0.05234700076419372 
-0.17481324608428986 -0.8513326876915034 -0.293058072144491 0.07005429741672248 -0.12698900095689117 0.0705666857642892 -0.36905000168392194 1.674622025372857 
0.11663766396916835 0.009382108464738564 -0.7351510914702725 2.732044126564679 -0.5625430624778861 -0.11355713803656704 -0.2694320386934126 -1.1773805683153784 
IIp_0Ip_3
-0.011931168847273155 0.22990433594463935 -0.04731060879771201 -0.012061207768487724 -0.05001281944144188 -0.03754001015332962 -0.029902485505232407 -0.041146035430434165 
-0.006661579149755196 -0.0421060187631711 -0.015589610764426122 0.07329269223287245 -0.024277740544141408 0.0018746856812640988 -0.011578256156864048 0.02504582746421347 
0.010972320550565096 -0.040689496518916055 0.06265741985882989 -0.018184943864529457 0.017196704826738903 -0.0123093167910617 -0.007985387654818443 -0.011657300407117948 
0.0019329398711351745 -0.03970765463680305 0.009922063738414033 -0.03995151613240696 -0.021276122067729806 0.0956820170750706 -0.008446331864971996 0.0018446040170223834 
-0.030193905856304944 0.03538972122677026 -0.008438620313227882 -0.022182351161304424 -0.041779760828085745 0.048160601381371224 0.04763490317310124 -0.028590587621786005 
-0.027042331965099947 -0.05956497136656317 0.10938075795090017 -0.07509718743764958 0.008174270863157663 0.04482753570756921 0.043208188134571335 -0.043886261886704546 
II_2IIp_5
0.2129761087628925 -0.6008241077268093 -0.14846411914032392 -0.027796128774673107 -0.1592668466592559 0.0828479175907716 -0.18928670936006267 0.8298138853022006 
0.10583678282014905 -0.37990368397799806 -0.014898267900157577 0.04841851325422444 0.24108182607384526 0.03886163922363948 0.5577087944970069 -0.5971056039892642 
0.4636993776603261 -0.784679558214017 0.21441937592307378 -0.2466997440900496 0.8978383780684129 -0.5615463084167102 0.13007260138164967 -0.11310412231681348 
-0.5404302929744008 0.43998839497797537 0.037455594807177084 -0.44580874725806535 -0.4970893519535714 1.116167043033796 0.3152192352164427 -0.4255018758461925 
0.18548983903299113 -0.6459195001025504 0.6306205868973649 -0.8637608953955987 0.46938150274237767 -0.0267224159532819 0.15378959363882932 0.09712128913805085 
-0.3111410566173501 2.2122934955985647 -0.8062208446639166 0.05925060723170921 -0.42430664018306985 -0.4276513937324615 0.001977855024012686 -0.3042020226475502 
II_0IIp_3
0.4560953635358355 -0.7844924190188355 0.2140070645585597 -0.24683700962547098 0.8985526233656606 -0.5608468034749298 0.129356626844121 -0.10583544619627473 
-0.547116011713322 0.44020990140208466 0.03719526872800624 -0.4460616657374288 -0.49647338491457255 1.116707759722451 0.3164965372236328 -0.42095840470314155 
0.17917759467092226 -0.6457805257539483 0.6304488484864964 -0.8633949655395791 0.46998654022920405 -0.02596395971243559 0.15356797830300956 0.10195848931298097 
-0.3183790399069584 2.212590254082685 -0.8060288382806021 0.05921505185549842 -0.42340093810519347 -0.42674212008985796 0.0018668823792819273 -0.2991212519284911 
0.20704439140985922 -0.5997751683530129 -0.14794657291819577 -0.027223476076353094 -0.15761940576128428 0.08423364549221897 -0.1890655771454361 0.8303521633476466 
0.10014193598404145 -0.37933832643049065 -0.014852642450550232 0.04972492193973142 0.24224168621158376 0.039808090916287335 0.553852705924991 -0.591578372095466 
II_2Ip_5
-0.03773889064214667 0.1375661845515509 -0.05881502890637284 -0.06303170908509102 -0.038885921259272815 0.08788280297304081 -0.006402543553460274 -0.020574894077611594 
0.0010223134057196516 0.02479251529204873 -0.018353626272448135 0.08877744117632733 -0.028516290477151155 -0.030393073231605665 0.02722227333374389 -0.06455155322630732 
0.017719795870699547 -0.08218951131214901 0.05326213127823455 -0.038522164011770985 0.06764532686111846 -0.02789965347041155 -0.023120172815124705 0.03310424759900837 
-0.04779465722742666 0.01585077105611486 -0.012029519877376242 -0.06451024510013614 -0.030582318214220052 0.10272012952211033 0.061824755093240265 -0.02547891525201789 
0.021938359790546418 0.07558367941625464 -0.0019914586195743573 -0.031884013369888255 -0.007042615846133171 -0.05099133796509913 0.052130621183348866 -0.05774323458885507 
-0.018147435505636366 -0.05945656531249807 -0.0062419126811078 -0.06001348260015328 -0.012549816890847951 0.15919362620949665 -0.01289696986305174 0.010112556643454531 
IIp_2IIp_5
0.0392964419314515 -0.12121294305715487 -0.07333495048995363 0.014468962128576464 -0.06260854097965914 -0.041131149957893826 -0.03758086737139507 0.2821030477958024 
-0.05728945433160095 -0.12560301930495327 0.2776347604727103 -0.17856072927002334 0.009095999372139283 0.008207999713384878 0.1276888550200223 -0.06117441167160678 
-0.09574837779751066 0.390804402757922 -0.12145319643692686 -0.06653403732698701 0.0776643097113962 -0.079958750892433 -0.04974030341407803 -0.0550340465999114 
0.04014642224256914 -0.11990152900614762 -0.07214716219276514 0.015273953978109623 -0.06102133868934985 -0.03959237446114915 -0.036548743107985254 0.2737907712355783 
-0.055940167470987956 -0.1249501631013104 0.27834706064372206 -0.17680862443826542 0.010013912593521577 0.00843856439227794 0.12093936494424491 -0.060039947563045884 
-0.09607182302303612 0.39119094839758617 -0.12208578982274955 -0.06636374097022513 0.07801776098585962 -0.07966308180470669 -0.05044542920426203 -0.05457884455643513 
Ip_2Ip_5
-0.04333354392158326 0.2765662379659237 -0.05308548409510785 -0.07305019349161791 -0.06625630101177975 0.02309569765426153 -0.03538726258574965 -0.028549150513263493 
-0.025422310702779626 -0.05936208508270369 -0.020895666765554037 -0.006283877034149649 0.10335032365468885 -0.028231987422008907 0.07982091726534349 -0.04297531391295344 
-0.024902981797868175 -0.05675306980851682 -0.04154044418305253 -0.06507038462081709 0.06886836493971885 0.1391031745272815 -0.02516989673503543 0.00546523767823981 
-0.04320579676533399 0.2767633359616041 -0.05290696633979847 -0.0729292078426141 -0.06601775362857566 0.023326966768682195 -0.03523214024017899 -0.029798437912978613 
-0.025219520641348928 -0.059263964546909485 -0.020788612143064895 -0.006020545746488615 0.10348828073707361 -0.028197334875644964 0.07880650769364167 -0.042804810476656116 
-0.024951593756585566 -0.05669497422022746 -0.04163551933371268 -0.06504479005705045 0.06892148663509824 0.13914761189204564 -0.025275873089256416 0.0055336519294812364 
Ip_1I_4
-0.05424897444956968 0.8554624566812173 -0.24318260081142296 -0.110395233050149 -0.03327706908356733 -0.15146492351142946 -0.15936337621715083 -0.10353027955469825 
-0.022892456872504057 -0.09455068599033303 0.17106872761953254 -0.15590398777452502 -0.14136749369238413 0.13669251697471793 0.0463116325448344 0.06064174718939671 
-0.12521219644156548 0.7714411649109938 -0.1938588222143805 -0.12006289472381171 -0.18319049375165192 -0.024280427015978615 -0.1327526894128925 0.007916358652122304 
-0.12297880336086738 0.16056682891526947 -0.08733084286972803 0.0332485277581154 0.05762802315873223 0.19551950346197808 -0.10091112852858529 -0.1357421085334826 
0.15859160692921268 -0.07672625334325463 -0.09446261976776042 0.23832486180770207 -0.03053664446784193 -0.11591446166997783 -0.08682675535988402 0.00755026587083326 
-0.15116166393970357 -0.15235360867264297 -0.02804711055382632 0.46190360966684463 -0.054411564904141126 -0.0327849899407727 -0.04442370105543667 0.0012790293999604015 
Ip_0II_3
-0.01814678253961601 -0.05903094211143876 -0.005905938439135857 -0.05969954743621251 -0.012039969831166949 0.15962840428119335 -0.012609888153313863 0.007804664229914828 
-0.03777709644663536 0.13770321031355826 -0.05866819081261112 -0.062398101306826964 -0.0386430858047767 0.0880338173973253 -0.008480884865653132 -0.019769668473637737 
0.0001796165226138739 0.02491193963315889 -0.01838540364114855 0.08871483864730427 -0.028329670632158625 -0.03021536788603239 0.027228165281398785 -0.06410411792470963 
0.01746881905737857 -0.08216834607612734 0.05324977916540804 -0.038455272204722106 0.06766775470407395 -0.02793656203268324 -0.023132920310195895 0.03330674769631705 
-0.048226142954013514 0.015813998583819697 -0.01207675725319206 -0.06439280075280017 -0.030588544219896367 0.10282947117081154 0.06181050972085406 -0.02516973429505348 
0.021218391056048665 0.07559793598478062 -0.00181850180872474 -0.031966118216569125 -0.006946279704816849 -0.05089900024337997 0.05222652041930505 -0.05741294748604614 
IIp_0II_3
-0.3170182900689764 2.2142323282274283 -0.8046242386859624 0.06046256468258958 -0.4215319164612495 -0.42520566802490517 0.0031045309017038968 -0.3094193105608032 
0.2083050723813973 -0.5992366504230396 -0.14728238465771543 -0.02456138390107956 -0.15674680878031166 0.08482145778942224 -0.19723555873263188 0.8319362563185293 
0.09795574126026264 -0.3788973295238067 -0.014776653706473625 0.04953370610546963 0.24290880575249893 0.04043208830347116 0.5535338775896861 -0.5906902357808737 
0.4566259959540583 -0.7841311129510637 0.2142516328633139 -0.24637567707608302 0.8988715334916442 -0.5608131678030687 0.12958627045240895 -0.10801547493348902 
-0.5471730865927332 0.4401108194951429 0.037163802309356106 -0.4451107340728369 -0.49649725076408674 1.1170703953254628 0.3149183192537414 -0.420482264948446 
0.17730728669544263 -0.6457170414374858 0.6311426477646035 -0.8637524981345481 0.47030846817452326 -0.025628722025695813 0.15393779792186404 0.10240206104087801 
Ip_2IIp_5
-0.006786261417342053 -0.042166786515889794 -0.01565881969468569 0.07306687847809284 -0.02436802300433563 0.0018180163120041718 -0.010898902578042978 0.024993898420131246 
0.011118596622760036 -0.040731157071536704 0.06265733240745607 -0.018193253755511465 0.017137448550044565 -0.012361829971947914 -0.00789083920885062 -0.011736297572612908 
0.0019199924946355462 -0.039714522224713014 0.009924897744432299 -0.039969702834959465 -0.021276499769167716 0.09570129663220403 -0.008442578354084171 0.001857116311485421 
-0.030173164943034018 0.035407393828571936 -0.008424427434406197 -0.022222007485765333 -0.04176205927291551 0.048141285788090384 0.04763422386084512 -0.02860124434110959 
-0.026916980834907032 -0.05956129779748216 0.1093224580760196 -0.07507238429355866 0.008159347264428353 0.044807286669405734 0.043170162868135145 -0.04390859195202917 
-0.012033823002166204 0.22976700817249313 -0.04743475428426186 -0.012160076493590773 -0.05017211925005345 -0.03767522557385217 -0.030010465068894068 -0.04028054449880855 
Ip_1II_4
0.021756924990977543 0.0758070580313976 -0.0018193642825614137 -0.03173302471209105 -0.006762488486056386 -0.0507567097773123 0.052268715631570116 -0.05876111139575016 
-0.018309083901356982 -0.05936726341720798 -0.006171873863231157 -0.059679900030369416 -0.012396065113411145 0.15929779944356356 -0.013937359441318702 0.010563746323127005 
-0.038343475748778444 0.13761374414432512 -0.05884995101663257 -0.06305768094183896 -0.038792802145921866 0.08797167381870406 -0.006487987685105662 -0.02005352042410979 
0.0006879196140533431 0.024806076095879332 -0.01837378700765302 0.0887748784826738 -0.028492445968898075 -0.030394828894205216 0.027328303406518966 -0.06433611572790299 
0.017360502199056955 -0.08220578960552472 0.053236292751233635 -0.03845604678125802 0.06765411480227221 -0.027835683095036597 -0.023129327876969235 0.03337593760571202 
-0.04833487093710243 0.015864037349175502 -0.011947239588933548 -0.06454716207591353 -0.030513446720461457 0.10279258331009446 0.06186460467159422 -0.025178506008051955 
Ip_1IIp_4
0.011186131310045849 -0.040654692158513694 0.06272480017793737 -0.018121021937701855 0.017227169150809952 -0.012287605793500949 -0.007896571876025982 -0.012178208873286881 
0.001964351219710967 -0.0396856165040796 0.009955221428683995 -0.03985688770577594 -0.021231571499818618 0.09572935554420019 -0.008806629016394533 0.001931776533407467 
-0.030254827523565002 0.03542740445113973 -0.00842733314207786 -0.022225914516451676 -0.04173463381188761 0.04816491418839424 0.04761621126364208 -0.02856582090886502 
-0.026907059577618058 -0.05956090164374329 0.10931994240269305 -0.07505897174958809 0.008155855570384694 0.044797058745535245 0.0431697346208589 -0.0439156583685909 
-0.012058800424126133 0.2297574927126959 -0.04743688967165042 -0.01214259395356852 -0.050179505884080516 -0.037662163688479376 -0.030006833166135036 -0.040270705924136445 
-0.006842980535405258 -0.042155703664614345 -0.01561719958717236 0.07306107719788121 -0.024345278881821385 0.0018396223992666854 -0.0108699028634492 0.024930365935140756 
II_1I_4
0.1674388453536533 0.2979554931599217 0.1326616133969394 -0.20005850459289487 0.412574389480619 -0.16876840359284073 0.0274662842625254 -0.6692697174691209 
0.8293768532795309 -0.8551341114079556 0.3049258677331081 -0.5955060835793742 0.8630772529081566 -0.6592253629737717 0.3119917156820858 -0.19950613165426628 
-0.8122349750528097 1.3541462456643103 -0.6130061488112976 -0.799548448416213 -0.4575636051147383 1.5625271175918016 0.46064578510493953 -0.6949659709556945 
0.2880871584150443 0.25116998006148983 -0.013419380980797178 1.264882959120882 -0.5148493900088533 0.0662504420693429 -0.28123170140984816 -1.0608900672641104 
0.3823488306732335 -0.7060694704146764 -0.32194853859854633 0.0092315373103552 0.17845357601657275 -0.7321163364781565 0.23682905454080183 0.9532713469413641 
-0.37367984223822637 -0.9101772236526606 0.19068228622950983 -0.48965244459201795 0.6685077132053773 0.3138612875487189 0.2019566883113839 0.3985015351826801 
