II_0I_3
0.8315727370710767 -0.8531440281143451 0.30912063044777394 -0.5900840540507167 0.8653981621323832 -0.6562366905650607 0.3146648470520124 -0.2212916039850765 
-0.8098202831234321 1.3570553164049124 -0.6302774982398166 -0.7958152652046036 -0.4542681900002506 1.5631554272793713 0.46465069012938875 -0.6946801972349361 
0.2905023782872986 0.25519194361555575 -0.011713768703219654 1.266283649561807 -0.5107323703857278 0.05119462038948985 -0.2806580194699576 -1.0600684332913148 
0.384141055513872 -0.7027964789254488 -0.32072655542237577 0.011695912451671038 0.1799912429122802 -0.7299241292127866 0.2236687501591325 0.9539502025154962 
-0.3708516604679775 -0.9087798368147614 0.19314508978265285 -0.4865282798341585 0.6711719862189823 0.2989238318895835 0.20232183409651616 0.400597035129236 
0.16942485085606532 0.30093683404114324 0.11381287139601388 -0.19776623274446906 0.4149738583180016 -0.16588284736518272 0.031029564636912206 -0.6665288991400277 
IIp_1I_4
0.5548920139864537 0.3901989355357483 0.5563213067382887 -0.6593408038729272 1.1621557035412964 -0.7360582749597233 -0.3663667188321245 -0.9018021621463217 
-0.2538132412217604 2.601492536808777 -1.1213834624872774 0.1821010991770039 -0.7373258984584062 -0.1852671380291124 -0.4345719288656535 -0.05123196691943869 
-0.1694509530224777 -0.8416087130696973 -0.2890030081723591 0.07377533126834213 -0.11701675643454505 0.03398048791433833 -0.3676698354585239 1.6769934469689314 
0.11970298797012907 0.017319528673226864 -0.7318414455026677 2.737992414093155 -0.5586824117649603 -0.10798177369241545 -0.30129648613713395 -1.1752128136368307 
0.9378064813733227 -0.6932154684808146 -0.4083180997374495 -0.023293526341024468 -0.12964287702945762 -0.6234870928141578 -0.09184445111145854 1.0319950341223791 
-0.10277923060725783 -0.6256232729813967 0.0722778167298207 0.5953914420902072 0.16955551955761033 0.0405275593769601 -0.11165471322905982 -0.03769512093926797 
IIp_2Ip_5
-0.03022667529191334 0.0352359962028173 -0.008766735750314482 -0.022681781350743738 -0.04197352658918324 0.04787817048273073 0.04748927325477466 -0.02695472095743043 
-0.026966984091203457 -0.05980775823762104 0.11071912010369754 -0.07537261986400054 0.007870262415724603 0.04473843975901981 0.0428560652959105 -0.04403652538128171 
-0.012109931975657524 0.22943523442084796 -0.04756479127297265 -0.012280525837560502 -0.0505192503503697 -0.036470619834852155 -0.030047267047434895 -0.04044284810122359 
-0.006786547819603201 -0.04242376098910083 -0.01574347957773703 0.07287010758115794 -0.02449314290517825 0.0016352642976890119 -0.009820595688020248 0.024762155100965202 
0.011044185772761159 -0.04084592840291551 0.062460227060574816 -0.018426933513007657 0.016910984871999334 -0.011168403528931743 -0.007978278821625186 -0.011995853438943447 
0.0018674684920733672 -0.03997139514090312 0.011438070455452958 -0.040168393864733525 -0.021497001926937053 0.09544448723802902 -0.00873713568773798 0.0016239004347845334 
IIp_1II_4
0.17930805888425938 -0.6452557750203435 0.6313499093585135 -0.8622043095647288 0.47062459780119364 -0.025200004445558408 0.15388951861742559 0.09748800436354635 
-0.3178481472155104 2.213231158881809 -0.8097339846080972 0.0600559652737469 -0.42269087738109107 -0.4266486561700164 0.0027137773775910007 -0.2990792361506908 
0.20750657922323915 -0.5989540621878979 -0.1476142873485917 -0.02683116600334604 -0.15677773972357992 0.08105413868186098 -0.18894160391939074 0.8305581412742667 
0.10022756272802698 -0.3786463997411829 -0.01445760457832037 0.05019752075109717 0.24260551922862586 0.04032611544731536 0.5511219179143853 -0.5913746317478064 
0.45692285461295873 -0.783876795384054 0.21482285973085605 -0.2459416193738891 0.8994916234411562 -0.563732191283166 0.12968477437819578 -0.10737150613043812 
-0.5464068598446766 0.44099512022461085 0.033324099827943154 -0.4450460334696161 -0.49574320819130163 1.1174634285311504 0.3157003985927132 -0.42028694566299096 
IIp_2I_5
-0.09410626624013611 -0.6350533596430069 0.11597440686247959 0.5862685170206038 0.16015970650035471 0.02980887640505526 -0.120899738176853 -0.04215214272626435 
0.5630996705796004 0.3829752947568583 0.555019548759535 -0.6754239908301511 1.152699166503737 -0.7455714010309569 -0.37225586393074134 -0.8605424248165954 
-0.245477233356863 2.5915116148067403 -1.0798707755127084 0.1719580805727168 -0.7494766703895659 -0.18097363569971867 -0.4438360233607489 -0.06383535705304429 
-0.16128885018046796 -0.8538110172129154 -0.29351197689827996 0.06867910658389315 -0.12968253073715946 0.06787356555985762 -0.36164180851800765 1.663383511394413 
0.12905579722531732 0.007954177861342596 -0.7358165525452142 2.7299512820300063 -0.5656183258525193 -0.1075094358144151 -0.26872516045106726 -1.1892917824496148 
0.9452080090899702 -0.6989462479335755 -0.40466679813810474 -0.03240710351079267 -0.13937069708026115 -0.5904233439940293 -0.09403070745193365 1.0146368890048751 
II_1II_4
1.380469076152503 -0.5937375291829903 1.3145784459707033 -0.7105923263073365 0.21443688096609456 -0.958063007766284 1.1066136365684291 -1.7537051764196854 
0.40485802262358767 -2.0568318942581123 1.3191447664878717 0.00813655391775954 1.910541455861024 -1.5345042357988854 -0.07119070287778156 0.01984603403302677 
-0.8784414283880164 0.13308809719953912 -1.3629484933521137 -1.2166871732005073 -0.7424670349809167 3.0730908885297676 1.7409409160686138 -0.7465757718633359 
1.3819048113964745 -0.5968026381211508 1.3223555315163493 -0.702538487782686 0.2167072979573798 -0.9559673330226858 1.144839205485583 -1.810498387441578 
0.40370827312667007 -2.052869802255945 1.2687599531667448 0.009737194694852994 1.9122538918051126 -1.494823692482131 -0.0621468822378466 0.015381064161523062 
-0.877607415370734 0.1353373166010637 -1.3110293903741346 -1.2191989135496037 -0.7385796825664681 3.026991213101999 1.7330240956764313 -0.7489372235119495 
I_1IIp_4
0.12048883174847179 0.01386169754850731 -0.7254686906624284 2.7442720194553343 -0.5571179553412697 -0.10674500188349131 -0.2651285441933909 -1.2241623566716744 
0.9361386805729554 -0.6901670650698506 -0.4522303443657454 -0.022703695338200464 -0.12885360289635467 -0.5856238947908312 -0.08418169963649567 1.027621621509715 
-0.10259978873224884 -0.6244893026011411 0.12161447349295285 0.5926224628368104 0.17223789289130187 0.00016590741700996155 -0.11938902363197462 -0.040162621677150255 
0.5530686028661492 0.3923115259444363 0.5485602589481671 -0.667697962303118 1.1595939837199227 -0.7386301089607923 -0.39966858577603187 -0.847537714448502 
-0.2533915275953069 2.5973403731102063 -1.073728113711458 0.17978198174214755 -0.7396487453803098 -0.21951796836490373 -0.4433450999780753 -0.04749089981705978 
-0.17078721716867679 -0.844562395180966 -0.3340223090524509 0.07557110087086397 -0.12139912110259106 0.07739876997491252 -0.36101639401925545 1.6788175656713258 
Ip_0Ip_3
-0.02460803662388729 -0.05620110224892782 -0.04051736882357551 -0.0637126201985887 0.06953340926257094 0.13991469919833702 -0.024769594297844033 0.0003606137320251763 
-0.04266507430672509 0.277484653391165 -0.05709013344643222 -0.07200023253270486 -0.06520729946981106 0.02346247326418386 -0.034275958483007435 -0.02970842841550611 
-0.024700244615326366 -0.05831474907997348 -0.020397978276210135 -0.005619581343596362 0.10446216909356784 -0.031809705519556496 0.07894436938956788 -0.042564279647854364 
-0.024744572073139653 -0.05590961673457535 -0.041256953557993456 -0.06447852356834702 0.06931749730719411 0.13971540486894532 -0.028404766763271264 0.005761530521029439 
-0.042555735509932364 0.2771078666444613 -0.05229864201151359 -0.07215245015682654 -0.06537014858286382 0.01968893574552002 -0.035136007102438915 -0.029283819024604568 
-0.024779557526713188 -0.05852864518859397 -0.025335377481186534 -0.0053807200365673866 0.10409248992685201 -0.027425721826828516 0.07969724261853521 -0.042339710485098235 
II_1IIp_4
0.09621943263661573 -0.38253853385852365 -0.021371244069214358 0.040800534417232165 0.238517295382734 0.0351030169202895 0.5510214470224468 -0.5577519484540822 
0.45287024090190287 -0.7887853444537019 0.24125267480591078 -0.2524120775913602 0.8936758937466129 -0.561608449900323 0.12340731912163001 -0.1084002566370593 
-0.5506726425706455 0.4340367403341096 0.03467217874824459 -0.4477838552242483 -0.5027167452689265 1.1403582344608394 0.31401737905298016 -0.4219112895246472 
0.1760602825331168 -0.6507711659705805 0.6285549512938864 -0.8673360483393528 0.4677387683789657 -0.029313250625988874 0.17403299898208127 0.10103346374165172 
-0.32250965893419387 2.210420901601048 -0.809987558003528 0.05443319342974937 -0.4275997148884742 -0.4035104208892458 0.0012258561793109658 -0.30247259848604763 
0.20368248302678582 -0.6047212737263232 -0.11877027259932275 -0.030899185074379904 -0.1616925664921416 0.0795349304128875 -0.1948173073265284 0.8276831917730171 
Ip_2I_5
-0.15167751577488112 -0.15280413241837976 -0.028983344521693443 0.4606538709488563 -0.054941472708650935 -0.03345368642861445 -0.04483384346885324 0.00604012437314187 
-0.054735798891851144 0.854817070084057 -0.23937693120065057 -0.1112107403304392 -0.034010771313443405 -0.1516114770164689 -0.1602325337057237 -0.1036388176244006 
-0.02342636674443689 -0.09543511996707173 0.17069591038957788 -0.15621021422797268 -0.1422700075344447 0.1400129417043784 0.04616364017852673 0.060469216202511625 
-0.12560488900517874 0.7707267209151089 -0.19412427732749948 -0.12061529308496963 -0.18352282189807106 -0.024766850237688133 -0.1298580115871343 0.007765422228190201 
-0.12356787093015931 0.16025995016069666 -0.08788813364379186 0.03256887652908967 0.05703729849857105 0.19880093034583457 -0.10100121718108265 -0.1362098337770893 
0.1581254528446299 -0.07741822284098077 -0.09034593175240323 0.2377956168217454 -0.031105833548902527 -0.1165831435684272 -0.08763767060176547 0.007169732644407128 
IIp_0IIp_3
-0.0985564996123846 0.39036441456869964 -0.12322179467300497 -0.06891177676132419 0.07725271815364591 -0.08066545989587219 -0.050840711897426255 -0.04542088988128053 
0.03916980163508537 -0.1210364326225944 -0.06523438085686452 0.013974129087937683 -0.06236929069455579 -0.04005850237385349 -0.03816521236129939 0.2737198881847879 
-0.05749018215859503 -0.12672759493713265 0.2775200607327947 -0.17700073821032303 0.008234285939115798 0.014748130523747892 0.12070072294728197 -0.05998468483675894 
-0.0983296899069562 0.38988020520061134 -0.12199321267023037 -0.06763947481652104 0.07761138637686261 -0.08033439650988719 -0.044802042817500345 -0.054392774854082164 
0.03898817041485148 -0.12041052271064089 -0.07319390174582281 0.01422698967975053 -0.062098769305602895 -0.03378998429032209 -0.036736518384475704 0.27301453634152234 
-0.05735842928289587 -0.12637227539450732 0.2857219604219499 -0.17739752939491787 0.008848388894365197 0.0074655525929449035 0.11945006638788228 -0.0603577342235373 
Ip_0I_3
-0.022477301221479805 -0.09418686170809658 0.17182505483357946 -0.15489273178021323 -0.14093845230740856 0.1372322159391395 0.04662045360208925 0.05681762264273603 
-0.12482295886416003 0.771964923000348 -0.19691648023569144 -0.11940479472937224 -0.18259469067609194 -0.024157564252520546 -0.1320521160540346 0.007983681813485 
-0.12254582385217111 0.1612794706276257 -0.08702959141283244 0.033500981998325574 0.05835568161107548 0.19284961895637293 -0.1008098250361429 -0.13560051288904953 
0.15890246927814225 -0.07615129768846154 -0.09424971899956283 0.23877004532617588 -0.030268564204057196 -0.11552132461357949 -0.08915553485948625 0.0076739257588173985 
-0.1506913759467744 -0.15210678022808247 -0.027597097416403198 0.46244978709377077 -0.05393605994388303 -0.035423932070391004 -0.04435006759761216 0.0016555261103531093 
-0.05387125128842968 0.8560228812614545 -0.24648983561850968 -0.10996539541019701 -0.0328147043758121 -0.1509223277908471 -0.15870788114644582 -0.10325148562926534 
II_2II_5
-0.8633598067973177 0.13650478440901076 -1.3709779457797944 -1.2302442801098779 -0.7411044077810293 3.0238826593811887 1.7375886639506688 -0.6922896672595824 
1.3955431766418829 -0.5980388478339528 1.3768866809466596 -0.7075428721721838 0.20866565943023851 -0.9541912897028565 1.1003501824039206 -1.8216726897170634 
0.41904946285983946 -2.062009987635813 1.2704270290877746 0.013022577229564555 1.9049399250178682 -1.4899035676879586 -0.06207235353045756 0.006546914642991842 
-0.8616872424011174 0.1329340758784996 -1.3619180049248636 -1.2208619349806669 -0.7384594781948804 3.026324022423063 1.782119663580472 -0.7584511013648726 
1.3942037722634824 -0.5934231959933075 1.3181907303854963 -0.7056782005421646 0.210660567200133 -0.9079653129580583 1.1108858103888217 -1.8268741707487943 
0.42002104901192133 -2.05938975224819 1.3309103553290602 0.01009651722117027 1.909468508735142 -1.5436075330582086 -0.07129507894422049 0.00379593394029677 
I_1I_4
-0.3111510489026725 0.47241038477951447 -0.5008296704102242 2.517396359850612 -0.49236909482201857 -0.23546022956457036 -0.7919566184668582 -0.658040082457215 
0.0871391868405229 -0.5399341840450518 -0.16669647032338575 -0.11639901967028521 -0.11946237326529384 -0.34939055544220593 0.08208848651155665 1.1226549293907453 
-0.4149034471449656 -0.7222190852741934 -0.08621210625617844 -0.24662247998209946 0.15666440630941886 -0.09195022049116987 -0.1710785803994357 1.5763215132343167 
-0.31163624231296444 0.47344620992011255 -0.5034578643458033 2.514674639812366 -0.4931363611880468 -0.23616844340853543 -0.8048745949810867 -0.6388473434874536 
0.0875277340195883 -0.5412731362938015 -0.14966938992689366 -0.11693994137742562 -0.120041075112341 -0.36280022706271586 0.07903221119721113 1.1241638245503172 
-0.41518529410955557 -0.722979188111832 -0.10375768561402939 -0.24577366062476466 0.1553507116119761 -0.0763712627049579 -0.16840316436781075 1.5771195439190904 
I_2Ip_5
-0.12482398243210702 0.7711971291163959 -0.1942948645439457 -0.12067268763320003 -0.18352049736419482 -0.024671784434979714 -0.13292020329217893 0.009706890588482932 
-0.12257452003187717 0.16022677087333784 -0.08550897047481938 0.03284455902648159 0.057196981693611045 0.19537280583246466 -0.10129723839810718 -0.1362603885200208 
0.1589718541857036 -0.0771795156874932 -0.09463056001934393 0.23816232512630067 -0.03104727606585187 -0.11440693495736626 -0.08685723799721311 0.006987345414176095 
-0.1507132279043666 -0.1527252195550988 -0.028160592579882408 0.4616251642212617 -0.0546491559805431 -0.03309094763033067 -0.043013620774035664 0.0007276002049157503 
-0.05388930136005195 0.8552899545548739 -0.2434332389756406 -0.11073061374445098 -0.033632364835314184 -0.14997134848357116 -0.15937342024735957 -0.10425966690564431 
-0.02247343992107704 -0.09490912811109158 0.17304272236528687 -0.15616432148216 -0.14171493251239886 0.13630100461814967 0.045932885795388144 0.05998520924858245 
II_0II_3
0.40890551279495896 -2.050747304244482 1.2722308227765953 0.013646797283985422 1.9174012550760064 -1.5348795310792147 -0.062408074190813005 0.03585052156831654 
-0.8737812941963379 0.1412719929204623 -1.3465825479714884 -1.2156593402723483 -0.7343454856533699 3.03425078830012 1.7396354064424755 -0.7447895195589749 
1.3846834651391853 -0.591335494795772 1.3242358115438266 -0.6971487994050473 0.21770335587518364 -0.939820500427074 1.1109693773641616 -1.8092872153098563 
0.40929871893488223 -2.0515867484649015 1.2743607403906578 0.015852509492458897 1.9180230562783172 -1.5343055866979491 -0.05193920226485497 0.020296512320974826 
-0.8740961771541269 0.1423570947235018 -1.360381483411103 -1.2152209713011324 -0.7338764992363406 3.0451181354114114 1.7421122459691554 -0.7460123449879948 
1.384911877056662 -0.5907194989964941 1.3384549443127782 -0.6978366920575133 0.21876798867831368 -0.952445861187092 1.1088011904395147 -1.8099339482568733 
I_2IIp_5
-0.1642518759774484 -0.8502151451872245 -0.2895447589142128 0.07468585373840177 -0.12624308716172786 0.0721370525804834 -0.36712364902424366 1.6505556099475682 
0.12648368754214417 0.011333544702468197 -0.7486019860836998 2.7346742756409648 -0.5608166715157171 -0.1139125108686996 -0.26557360357546334 -1.1835867358368872 
0.942519912989714 -0.6938050769426248 -0.4129541650957559 -0.02989144433982169 -0.1340088253301302 -0.6004048945564567 -0.09194934422246882 1.0204938374836896 
-0.09723746566543708 -0.6310984586901014 0.11903066254364304 0.5913318846473775 0.16333320671085327 0.03382688834532018 -0.13085909819079802 -0.04832761970140007 
0.5606622358256315 0.3858905653205588 0.548135897479336 -0.6708884869156627 1.1573002361122584 -0.756622422780647 -0.3701636472947891 -0.8543143777555161 
-0.2482630208626557 2.596389325395901 -1.0942396424431273 0.17476795031332257 -0.7445701403585426 -0.18555533998643003 -0.44082733010755043 -0.057701801943707415 
I_2I_5
-0.41790823402404503 -0.7308109045578433 -0.09781305673756999 -0.2615546314675348 0.1467728947855019 -0.08681883894649889 -0.17583473960066184 1.6239675105529412 
-0.3138218067153847 0.46334886033881706 -0.46300465058506474 2.503493805734267 -0.5030665341059174 -0.2402605237181029 -0.8028500250641044 -0.6438391258778121 
0.08403901306757942 -0.5523470229461964 -0.15584644405609854 -0.12311481090817677 -0.13278381925215066 -0.3143734801461283 0.07752436340032774 1.1169022008367384 
-0.41655533073082357 -0.7336991780057283 -0.09048465500042284 -0.2539654434756162 0.14891232448792296 -0.08484407007804522 -0.13981452045072268 1.5704508732514577 
-0.3149052236523253 0.46708236715947177 -0.5104826102095845 2.505002100660056 -0.5014528938176115 -0.20286927208034713 -0.7943279700442769 -0.6480464980052368 
0.08482490932842407 -0.5502275678777571 -0.10692271262674996 -0.1254816412881051 -0.1291207400651869 -0.35781352456495585 0.07006428854560184 1.1146769885433663 
I_0II_3
0.37869534179121506 -0.7092913784392054 -0.32868543183080173 0.0001971583772475841 0.17465482802841412 -0.736959763105367 0.2338672071282686 0.9875220380457941 
-0.3770618154019813 -0.9148525160977233 0.21798120416881378 -0.4955135447111585 0.663170002068015 0.3127536133961103 0.19563179809404785 0.3978912584851662 
0.16344125691043637 0.2914168677379626 0.1298256252389826 -0.20243115480838936 0.40587514494964394 -0.14503265649887637 0.02643728163012952 -0.6695323651599568 
0.8264567136031052 -0.86034277365623 0.30294761903673323 -0.5997333918841232 0.8605831068513455 -0.6627910912057429 0.33364110454167867 -0.20076128729790804 
-0.8162944569325983 1.3518924588525718 -0.6170113317478977 -0.804432972295796 -0.4618769446565871 1.5860971174819423 0.4600374015972531 -0.6984112722839685 
0.284710300127972 0.24618846927794905 0.01622125450222314 1.2610419524130612 -0.5189384245993287 0.061458866652133855 -0.2870682550185058 -1.0636141633535734 
IIp_2II_5
-0.5477559992876988 0.43837584437055116 0.03342312897892912 -0.45082073522408395 -0.49867265724871535 1.1138640980466694 0.313246401042965 -0.40166008067028824 
0.1780035721176567 -0.6484753238644944 0.6463802467660852 -0.8668768668777621 0.4668599532438849 -0.026628002848137215 0.14989314165731688 0.10084327980077767 
-0.31932909590550945 2.2088284368066256 -0.8075821177794298 0.05791926847457618 -0.42735429229649985 -0.41304108293278496 0.0013948666575849154 -0.3008359830140541 
0.20660741721594705 -0.6028732310020408 -0.14906838867513858 -0.029476376313804658 -0.1592118429811891 0.08209508197199161 -0.17687936669191695 0.828806706470842 
0.09862737277740946 -0.38068845954567593 -0.01702777640672482 0.046782927186809056 0.23965245679638808 0.053451449977100406 0.5536203462296724 -0.594418317013213 
0.45564728883364125 -0.7871310335364418 0.231544132401564 -0.24885360791387204 0.8963808236514937 -0.5634867073264364 0.12625883996338835 -0.1103597360796223 
I_0Ip_3
0.1586569827507526 -0.07666854035712332 -0.09434168953621871 0.2384876558656873 -0.030468553801981112 -0.11582717101697111 -0.08677351479609807 0.006934830890733969 
-0.1511022659076467 -0.15226959954776215 -0.028537110060553372 0.46200864545875153 -0.0543154441428991 -0.03276487598521261 -0.04430960806711621 0.0012902582548622583 
-0.054175918311442486 0.855581484896107 -0.24313032714232422 -0.1103514780794459 -0.033154928456807356 -0.1518900650921505 -0.1593437373372015 -0.10353503047448344 
-0.02283875263492267 -0.09445653435295898 0.17110492611624117 -0.15582563286558299 -0.14132182435606602 0.13675710108334185 0.04591497981138369 0.0606657371987793 
-0.125140983117566 0.7714820839907861 -0.19378689219453774 -0.11997522073363569 -0.18311238898284377 -0.024703520861479842 -0.13274212938341876 0.007979051285903854 
-0.12291785442654955 0.16065640394878253 -0.08786360878604599 0.03331777355960614 0.05770147458520182 0.19560537011000353 -0.10080623660941723 -0.1356933223796857 
IIp_1IIp_4
-0.05652325685408063 -0.12496942812319511 0.2784772059910798 -0.17605798594354743 0.010063133227609393 0.008903773180290649 0.12104409763387691 -0.060937539111657495 
-0.09764273613736643 0.39138591964398317 -0.12262942389678658 -0.0663869464654193 0.07845894995355332 -0.07937982045624867 -0.04984072675403751 -0.053965215886303264 
0.040058223246935525 -0.11958152896903379 -0.07206913579912791 0.015564971352360743 -0.06073382695287347 -0.0407397059898601 -0.03654266964726937 0.2740436727575623 
-0.05655977663047187 -0.12489146312669433 0.278279385796425 -0.17626284570692902 0.010005382245157289 0.008850466992132745 0.1200717810197443 -0.05949293058872812 
-0.09761349077695543 0.3912851387272336 -0.12134782122913716 -0.06642766082659497 0.0784153919382135 -0.08038914621954873 -0.05007076798850738 -0.05385164362269071 
0.04003700905083957 -0.11963874076356679 -0.07338976510173507 0.015628860705466183 -0.0608327067719726 -0.039567101327719775 -0.03634129511668278 0.2741037393238648 
II_0Ip_3
0.017128657627681922 -0.08241785856288045 0.05276053190038697 -0.03917320728163243 0.06739836837386694 -0.028222069835324434 -0.023347907437967365 0.035873485215461604 
-0.04840727072522018 0.015522997821415573 -0.01002296959449044 -0.06493902106957013 -0.03092933744175078 0.10268504475736691 0.061346989574475486 -0.02525643332138519 
0.021309734391965856 0.07513476181429801 -0.002193260775710957 -0.03204858775262237 -0.007475253476728038 -0.04919809910472474 0.05204766246486346 -0.05757695756108001 
-0.01867875972165196 -0.059818176676254727 -0.0063990026660429 -0.0602926349505765 -0.012686341540395454 0.15897258393503635 -0.011387341925136775 0.010289673545101167 
-0.0384197213595206 0.1373958024595161 -0.05913727090791203 -0.06340194256507559 -0.039183609734691836 0.08963642842171447 -0.006485117811297396 -0.020404568501598594 
0.0004071561087942772 0.024434624674577424 -0.016191194686774837 0.088465758881274 -0.028787749949063548 -0.03071488079414386 0.02690047281594391 -0.06451418705013275 
I_1Ip_4
-0.12240758890547579 0.1610690401968225 -0.08628526405373352 0.03464111987291024 0.05821914421917541 0.19626477074701396 -0.10045266147066821 -0.14104856060563764 
0.15913730553880207 -0.07600256548815358 -0.09870069476905344 0.23923866262583682 -0.029713756618465696 -0.11574564742279125 -0.08585424189614418 0.0076409380285001865 
-0.15056664013600143 -0.1513661286475612 -0.027627574938236584 0.4622517602976477 -0.05340233703080808 -0.03648377359602124 -0.04428204881265796 0.001476742865846725 
-0.05381343918534536 0.8562645184136287 -0.24288310829565937 -0.10977666323525397 -0.03289971333126908 -0.15091672870829553 -0.1625877087868363 -0.1033871568684205 
-0.022231486111930467 -0.09420694152215903 0.1716916795634757 -0.15513882676221874 -0.1407067463065929 0.1330356119850549 0.04639002505496055 0.06116668409968968 
-0.12469865276843466 0.7722130087903006 -0.19844800814515068 -0.11947197686268814 -0.182554978248349 -0.023532766309213495 -0.1318499021604826 0.00834327570750437 
other
-1.2679680113601552 0.878941327746382 2.274570100274703 -0.44854864990216975 -1.9154832120896303 0.6764206857336491 -1.8423939504081852 1.6444617100219292 
-1.2695337928128632 0.8934799549287086 1.9288289010569477 -0.4799204086147456 -1.9002889055183503 0.638603379473594 -1.808757600733335 1.9975884722353574 
-1.2660964868271025 0.910709460780041 2.233472094930378 -0.5167987496480418 -1.8881652745560582 0.38551178691727983 -1.8632074036246762 2.0045745720410832 
-1.277028307458271 0.8982838873796866 2.2254923206840993 -0.4993728962927226 -1.9298108190057255 0.6631958005849458 -2.0836187685196546 2.0028587826428392 
-1.262278227471278 0.8684769281606884 2.2467853834123686 -0.4900213512962509 -1.9110953385192453 0.38819685536509596 -1.865829190536165 2.0257649409023526 
-1.2713595775874191 0.8965156225565465 1.9058333827390668 -0.5009482567487793 -1.9126966525281095 0.6764266414275121 -1.8132478186377665 2.0194766587958015 
Ip_0IIp_3
0.0014669533480546778 -0.04009761226014188 0.009119753294811975 -0.041041848734365505 -0.02172684282699037 0.0951315024153496 -0.00879842317150455 0.005946517934619216 
-0.030591708894975693 0.03485036504547037 -0.005163543418061075 -0.02292260753195696 -0.042396070814485945 0.04800987362958049 0.04688575254764363 -0.028672060562665417 
-0.02738031918419102 -0.06032283459989121 0.10899982876817554 -0.07533765259290658 0.007381616035533885 0.04765608847411443 0.043062134174068775 -0.04405886107465233 
-0.012377414078568618 0.22915298814614019 -0.04765708547184005 -0.012636075557225094 -0.05045714627789887 -0.038092152899017004 -0.02752326562055435 -0.04040984824025002 
-0.007282501424754077 -0.04241802149608032 -0.016126331835887565 0.07249228500155992 -0.024860712967981462 0.004645102239652404 -0.010966971341180746 0.02451715182487313 
0.010729257345936256 -0.04131992142020991 0.06619400810564997 -0.01862919669982215 0.016656433860275596 -0.012932013562363946 -0.008646937177201058 -0.012051630452436126 
Ip_1Ip_4
-0.026004470487428363 -0.05991656061705521 -0.022117567488249956 -0.007704649833332891 0.10272800680505857 -0.029094476696014695 0.0782324578626574 -0.036122739545370756 
-0.025854135760541092 -0.05760202583036085 -0.0362488579417633 -0.06622665031190883 0.0679205414251958 0.13896875760060978 -0.026437978777440297 0.005480349596422262 
-0.043953267752414 0.27553536614284563 -0.05343343706019968 -0.07333672233554102 -0.06728083386250945 0.027923238283777504 -0.03541064498727601 -0.030043698426954344 
-0.025831319891840652 -0.06028621473014425 -0.021179645959960375 -0.006733351717437921 0.10300182055723518 -0.02884173697151198 0.0828424861063312 -0.04297203739175511 
-0.025992796290573085 -0.057124194981569655 -0.04232529889571082 -0.06603361200256347 0.0681270623037204 0.14375425669465067 -0.025347288180305634 0.004941871352911491 
-0.04385268524502862 0.2758066234521194 -0.0471719597846947 -0.07363963984012038 -0.06681201665627652 0.02236358772096357 -0.03636541862804615 -0.030328491017410298 
IIp_1Ip_4
-0.027098629037372295 -0.05972069683446815 0.1089925218310189 -0.0755066100614969 0.007972003502767284 0.044574692121778635 0.04302608638936408 -0.04223936791157193 
-0.012216756830700773 0.22953916789410986 -0.046097429586538737 -0.012449413896643334 -0.05042948281639259 -0.03772642578297275 -0.030312847450107268 -0.04030681153017277 
-0.006964899972440871 -0.042465124523815824 -0.015779660940793833 0.07296606623801627 -0.02467119923859289 0.0029926910432997327 -0.01093387091406317 0.02485599830854974 
0.010992577465179537 -0.040977611997032745 0.0625695375363855 -0.018367618760824437 0.01702716521042292 -0.012528828639972853 -0.006936730870272985 -0.011778489943997396 
0.0016993035978376488 -0.03981878955191103 0.009729210783287041 -0.04020899130706972 -0.02147878208131029 0.09685560197782807 -0.008477138722307327 0.0016995853035999381 
-0.03033414850789882 0.03516547014263532 -0.006982081572705186 -0.022406182249462125 -0.041961638408954234 0.047904714918054515 0.047350008561996115 -0.028736142883067025 
II_1Ip_4
-0.0004170745003281227 0.023858361995937088 -0.020332367205352503 0.08613443070344265 -0.029596272523216515 -0.031760509788456584 0.026469280595010462 -0.054355849276926195 
0.01637393455092603 -0.08353853390346715 0.06120901434542594 -0.04022474486801103 0.066133928416396 -0.028183326053616002 -0.024955104929904815 0.0331848324418128 
-0.049271919990780094 0.014013753731360545 -0.01281880060199399 -0.06516069506861562 -0.03243117706358191 0.1097068265149122 0.061545205887922144 -0.02558319340832748 
0.02078349688313661 0.07410683658215182 -0.0025498382464536774 -0.033037532437728924 -0.00769493516198191 -0.05197532518002756 0.058171124934978564 -0.05780382737370854 
-0.019707276811043645 -0.060081541197229596 -0.007424061084560485 -0.06142329771314145 -0.013744864043577509 0.16609580890378078 -0.013108285393542713 0.009393517339615203 
-0.03908080585015972 0.13611215129598594 -0.050230989667356674 -0.06415142193183662 -0.040060418426010644 0.08649928867057424 -0.008133599344853693 -0.020954204745355108 
I_2II_5
-0.810418201170047 1.35470540519727 -0.6116391018229701 -0.7977652487806675 -0.4569757445799492 1.563325717961108 0.46131724838830906 -0.7025500751804948 
0.2896595166667131 0.25205448010981885 -0.0188542472247779 1.2660143814233404 -0.5138964738853168 0.06638955155141683 -0.2799376536225435 -1.061429555016048 
0.38404686839449553 -0.7048209883942113 -0.32137926112744575 0.009615777634412381 0.17966017325002478 -0.7370065483266932 0.23705062230065235 0.9528333562591346 
-0.37207978479157905 -0.9091916326595058 0.19100885136650786 -0.4888483731658848 0.668855958637412 0.3144350700408333 0.19780057743550902 0.39801933313829724 
0.16905257007543795 0.29819201685487035 0.13333758256213177 -0.19922165812150547 0.4131256247565987 -0.17373678364981446 0.027515036834302332 -0.6682643893079061 
0.8308105736344032 -0.8542425562461122 0.29896744263433417 -0.5950189877164468 0.8636920499927906 -0.658422403618022 0.3140001810296886 -0.19978629972148093 
I_1II_4
0.2926019273823407 0.25516322239091693 -0.0050910967190839 1.2759433579073447 -0.5101374979637755 0.07221711198874689 -0.2775801241820853 -1.103116900807752 
0.38673118389541933 -0.7002821923774385 -0.3556717704598727 0.016453057366950595 0.18502938070992836 -0.730803196850958 0.2445712817080914 0.9539722560013262 
-0.36876229785142806 -0.90231224574902 0.19393806596067695 -0.4868406124542757 0.6765191359588467 0.28438523031415414 0.2030307782161438 0.40004194560499423 
0.17074997219267776 0.3041457649214336 0.13487721334121025 -0.1952776505813429 0.4153539154262965 -0.16459416369693033 0.0016459137408996558 -0.6669009653457164 
0.8344811421164945 -0.8524666730665739 0.3098023217352054 -0.5897223418780375 0.8682288725217036 -0.6884057369525574 0.3135947290037289 -0.19551231349369028 
-0.8079192198087688 1.3602382394013315 -0.6495375562034262 -0.794828443328431 -0.4525789520933441 1.5684103501573219 0.4678823165613978 -0.691666734673239 
II_2I_5
-0.3642147009200953 -0.9132481401961143 0.18563946856121666 -0.4967971267031893 0.6640510991661573 0.3087290152057828 0.2002027039448566 0.4156376809405243 
0.17674619714370224 0.29362047260719176 0.15373629600171068 -0.20497817296877258 0.406801904342661 -0.17117083875186961 0.023086818937846407 -0.6778426773124107 
0.8384224343198622 -0.8606704445867079 0.30299675309106594 -0.597767426799528 0.8564815615251247 -0.6423548812801231 0.3126620711640487 -0.20977006744668847 
-0.8020450455786519 1.3495642302914603 -0.6142563635490556 -0.8028639451028247 -0.4609771587986607 1.558361271354886 0.4772464723384872 -0.7050294609433623 
0.2969462754036648 0.24888502368292995 -0.016285491549115814 1.2608242943471022 -0.519614204942607 0.08299747387952189 -0.2811654837540038 -1.0725878870642254 
0.3919538659658767 -0.710452932792228 -0.29897704517996504 0.005978494843054487 0.17382532408368617 -0.7372525778637868 0.23291094259892245 0.9420139283348407 
IIp_0I_3
-0.2619469350059225 2.5916156481852615 -1.0847970578396375 0.1656426030653036 -0.7486857892766107 -0.19093087751681534 -0.4466547528210407 -0.024242838781211775 
-0.17797993349992117 -0.85528059005296 -0.27068344939622047 0.06546019350165613 -0.1314491616074431 0.06982545076700455 -0.3742065667167199 1.6743140569976134 
0.11255610945604358 0.004139331035120345 -0.7369893367281624 2.7300178264504327 -0.5677709371630322 -0.09381418942442088 -0.26994127730352657 -1.1781975263132614 
0.9293046420767764 -0.700861321619873 -0.4160539921681812 -0.034100324385867596 -0.13820055083746172 -0.5900422647837904 -0.07571602183153883 1.025669833534737 
-0.11109652214875221 -0.6351135486020429 0.11460816252843808 0.5854868782052557 0.15972491969143413 0.05246783385436126 -0.12115694185028485 -0.0449207816777154 
0.5467952309462597 0.38110677105676005 0.5702609054565342 -0.6763197573884993 1.1528781118678957 -0.7474670135816889 -0.3757012918274613 -0.8515529565343469 
I_0I_3
0.0791524076111144 -0.5478177073608331 -0.1629780515920523 -0.13441630478128286 -0.12864268781771446 -0.35792198614399806 0.07379931987148271 1.1788250102136608 
-0.4228195731509949 -0.7333904680307629 -0.042561503617188516 -0.25756120971954777 0.14436299203740768 -0.08077594598343725 -0.18192394470772066 1.574669653172185 
-0.31952614401558194 0.4601372838552074 -0.5089402895110066 2.508802217541251 -0.5051799018463244 -0.19869082056047221 -0.7950585034702257 -0.6415438419831088 
0.08062636640232368 -0.5509644186299665 -0.15499391686597655 -0.12614804908757665 -0.12631182556491738 -0.35577051829800455 0.11304256728936178 1.1205197947503873 
-0.423999932402914 -0.729322893336913 -0.09428771074241059 -0.2559179551161268 0.1461210181281539 -0.04003898841108799 -0.17263935062348168 1.570085812504688 
-0.3186699270870872 0.4624463841771841 -0.45563894536653243 2.506223607183191 -0.5011890565313257 -0.24601780665871623 -0.8031860932015336 -0.6439681625078313 
Ip_2II_5
-0.04868399737036245 0.015394928719468992 -0.0130180107360978 -0.0658141568975797 -0.031094119735601937 0.10206362886488901 0.0613777692253398 -0.020226042069376938 
0.021080439227450957 0.07492287233753156 0.0019883933206395793 -0.032740678519625754 -0.007770321640353256 -0.051112687249348365 0.051200208759636434 -0.05756822623560275 
-0.019036747899803752 -0.060367710150476164 -0.006651174960659277 -0.06032856272650342 -0.013457726879435411 0.16270825175913198 -0.013051935506227156 0.010185606364349935 
-0.0385136599756796 0.13680847764837514 -0.05912032251711933 -0.0636203241055767 -0.039220998187754964 0.0873880745105417 -0.0034034601533108185 -0.02031778721868024 
3.54532694578044e-05 0.024478893523527483 -0.01895398431585689 0.08803376724340967 -0.02910558834704345 -0.0269217811335797 0.027235298546944328 -0.06480205878615959 
0.016912008803890793 -0.0829038561593982 0.057570695259979404 -0.039068042222855155 0.0670833126766031 -0.028569176164142177 -0.023979844764304727 0.03295490256972183 
I_0IIp_3
0.9309708985746238 -0.6972760250761517 -0.41581455957451957 -0.03261092191181376 -0.13699138681388703 -0.5881193549471918 -0.09340575358498084 1.0332471033236779 
-0.10820490828879899 -0.6342255230438756 0.1232922305692824 0.5883435888842942 0.16215494329173435 0.032847674004593944 -0.12185695969750873 -0.042351045720824335 
0.548884345549897 0.3839313883113925 0.5454030588685225 -0.6736315023388026 1.1549427818373856 -0.7388182939136505 -0.3710833564407734 -0.8496284218806566 
-0.2593705992432274 2.5932580432734595 -1.079627911126048 0.17223714695279818 -0.7460374605907885 -0.18767956807525701 -0.44011418316291395 -0.0526654680206828 
-0.17581711917400486 -0.8518810862826343 -0.2939371457351925 0.06933151324018316 -0.12793366458462785 0.07535786685200342 -0.36917391644984915 1.674053552128628 
0.11517388556450389 0.00838967629281577 -0.7289368683129537 2.731113947557893 -0.5632421646735806 -0.11438698462979746 -0.27034163071601985 -1.1777698610808367 
IIp_0Ip_3
-0.012518242729422082 0.22934691095824733 -0.048303644482778976 -0.013326331174326423 -0.05066537186877654 -0.03829766704239899 -0.030390282228962257 -0.035845371430901045 
-0.0072298714575719175 -0.042760349858191576 -0.0121056227027091 0.07231277673181168 -0.025042959617998902 0.001688818128175655 -0.011702567568358782 0.024839776344967954 
0.010631182058643617 -0.04155263301482752 0.06231340482173622 -0.018466077921884247 0.016300476050965258 -0.009265555086098758 -0.008068595095427048 -0.011892201813270855 
0.001548416478275906 -0.040378253632701366 0.009677303610668752 -0.04048514595977361 -0.0215835446679511 0.09525045705778423 -0.005747057657489764 0.0017178247711695524 
-0.030717092154339237 0.03512147881505497 -0.008943805907926008 -0.022854292053451672 -0.042313184712448125 0.051197242178837386 0.04755039150124312 -0.029040737666200793 
-0.027349266040510016 -0.060207304421303474 0.11315774785533872 -0.07556342113813179 0.007627528589208348 0.04418503395506749 0.04241473208518307 -0.044265050884350725 
II_2IIp_5
0.2119113779422622 -0.6015563118442766 -0.15083371774865645 -0.031236403304225713 -0.16014843006581814 0.0814049138621778 -0.1900621648949027 0.8405207360515287 
0.10484610599609383 -0.3817134217323619 -0.0025758651887055227 0.04692039805640311 0.2391314316430353 0.03861254882515778 0.5514829747287979 -0.5967041723262396 
0.4611955479056188 -0.787293414486493 0.21320823303238384 -0.247744092211064 0.8952420612037947 -0.5508005856742586 0.12950186418913687 -0.11330961396542238 
-0.5415389054511407 0.4377433425099634 0.03660405608153676 -0.4474584900843494 -0.4981652504367361 1.1145067870950374 0.32437521099396127 -0.4260667506987061 
0.1834910602560448 -0.6469803803704695 0.6287872238449904 -0.8657213823459879 0.46742804390686143 -0.01622992655683193 0.15350767470309284 0.09571768655890571 
-0.31325040136160676 2.210096568006141 -0.7928972689133564 0.05743130770110001 -0.4260206837278176 -0.42967453131692895 -0.00039723719042994513 -0.30528775318733997 
II_0IIp_3
0.4575439829735675 -0.7831237079048109 0.21647117138981084 -0.24368754469290113 0.900155503422223 -0.5589755980866918 0.13055763299741735 -0.11894144010849707 
-0.5457147045082451 0.44183956381781636 0.02845308423099899 -0.4436504566773809 -0.49457156725912266 1.1171642618936761 0.31694855363759794 -0.4204687351280329 
0.1800650033762772 -0.6436253308579576 0.6313119315775081 -0.8626883200214198 0.47222151343349716 -0.03360103187270404 0.1537834592504638 0.10253277510981734 
-0.3174202625102408 2.2142698830403766 -0.8054150172834164 0.06054830719666559 -0.42262981540626143 -0.42565598816677924 -0.004896795240501339 -0.2988003116207737 
0.20836078616584125 -0.5990993669641346 -0.1466778098234168 -0.02554748449713654 -0.15627929627617076 0.07661996270704287 -0.188853927824488 0.8314771365072754 
0.10093689546303826 -0.3777283683917975 -0.024329190099386947 0.05089894013660697 0.2436082778635259 0.04141425018202394 0.555833241507643 -0.5906340466617428 
II_2Ip_5
-0.03785804713529394 0.13745400563877144 -0.05901854004567286 -0.06329243251034322 -0.039017328183003845 0.08772878655410869 -0.006501173989804645 -0.019495270327989325 
0.0009071066506721403 0.024657562540717312 -0.01762581962703885 0.0885795118536488 -0.028673541647814996 -0.030430495146778317 0.027176381118008137 -0.06459070574087071 
0.0176440649900779 -0.08236830949066488 0.05319028564194565 -0.03858106525549202 0.06746007909988054 -0.027263877993594362 -0.023138506767497645 0.03305732977484562 
-0.047874118700420264 0.015711119128116804 -0.012080601669410234 -0.06462090235558583 -0.030646499627851737 0.10262951543432705 0.062387288338724124 -0.025505800547024768 
0.021828555166448965 0.07552725731630425 -0.0020971525331039916 -0.03202294943057959 -0.007154278377042459 -0.050357835288113405 0.0521130251513994 -0.05783662200477385 
-0.01821507929333471 -0.05959049100174275 -0.005453018803872085 -0.060111465397656584 -0.012663275059211337 0.15906026574687165 -0.013061238232176442 0.010034302041243939 
IIp_2IIp_5
0.039271094597127666 -0.12083654131765022 -0.07419470503756205 0.01276821783236797 -0.062202994007840365 -0.04126284594455101 -0.03744501339165468 0.2839027872699421 
-0.05725653784679879 -0.12652633410902245 0.28641039942893615 -0.17820209832613318 0.008254744862166048 0.008326403413981984 0.11906315042468403 -0.06006972784693481 
-0.09847135545848762 0.3892608932024382 -0.12231168379441323 -0.06731402384185552 0.07623079154368241 -0.07232021671281448 -0.050347038918764866 -0.05472736601741051 
0.03953902985722914 -0.12140854842368803 -0.07274335427553043 0.014271215917127066 -0.06177929139978289 -0.04087175353383626 -0.03031140167290365 0.27330410353032175 
-0.05747110277577181 -0.12578693305509947 0.2770076435002198 -0.17790338858460428 0.008574317689214548 0.015731540782683566 0.12075089783394767 -0.06090297539032849 
-0.09831571290804712 0.3896806399410831 -0.11262260049382325 -0.06778276193765724 0.07695624478165168 -0.08092328513500947 -0.05182446683737522 -0.055168057408731645 
Ip_2Ip_5
-0.04350873386155327 0.2764719704633351 -0.05352883674667491 -0.0737239841918297 -0.06637297104937244 0.022851788998283423 -0.03550458607838103 -0.026684647532586262 
-0.025581555842145855 -0.059718435457220706 -0.018303669877311173 -0.006504136126278852 0.10297651352636777 -0.028264698405445966 0.07823236639345982 -0.04283638421113083 
-0.025492201741687894 -0.05728172793797898 -0.04179493644540934 -0.06529247278498827 0.06834988464374431 0.1413625716710826 -0.02530327816924414 0.005452160765040422 
-0.04342687133832465 0.27629720457048007 -0.053085404122840296 -0.07326477171075631 -0.0662435167753349 0.02297127984669844 -0.03332504668355981 -0.02992287378508277 
-0.025647112075561865 -0.059492525526936714 -0.021176503131137375 -0.00641287104549962 0.10307415292615706 -0.026002199512098454 0.07874802551711714 -0.043090967151374775 
-0.025444648120443364 -0.057153482304720296 -0.03883462130842261 -0.06543568679583081 0.06857153308399354 0.1387340677264159 -0.02575467817234247 0.0053175158913639975 
Ip_1I_4
-0.054271708948684674 0.8554437472369105 -0.2432269245428704 -0.11045605053676315 -0.033299223468692324 -0.15149497493654315 -0.15938113894839992 -0.10331372585132309 
-0.022914051321538363 -0.0945824550106004 0.1712656074515319 -0.1559390548291215 -0.1414029329611614 0.13668622747500628 0.046244891594426484 0.060641767601019615 
-0.12524486264594187 0.771396919274315 -0.19387820475275697 -0.1200792977569188 -0.18323522046764049 -0.02410862721282404 -0.1327602445021525 0.007909538067652126 
-0.12299793820355928 0.16053024173387562 -0.08734452825387992 0.033220824907220156 0.05761076853969618 0.19549373427672936 -0.10076262811295764 -0.13575047488530478 
0.15856051079027828 -0.07674256906689003 -0.09449164857817162 0.23829118464624502 -0.030567477709779113 -0.11574541784221262 -0.08683135578515933 0.007526773544349271 
-0.151189574501446 -0.1523891336471734 -0.027834035832993965 0.4618755053317385 -0.054440193720389655 -0.03281872468486158 -0.04446408838449405 0.0012602454425499718 
Ip_0II_3
-0.018070984078340038 -0.05908504373998913 -0.005520562617611648 -0.059017987148537114 -0.012092257568178093 0.15975738824094268 -0.012596306154731247 0.006625753066587491 
-0.03772180972873926 0.13806946841382836 -0.06183332957992716 -0.062397802341161275 -0.03828985139980671 0.08801801404503082 -0.005751057313168672 -0.020093632095415506 
0.0010762483244823162 0.025497563114992655 -0.018075401682765294 0.08899286365552417 -0.0277748508302702 -0.0329716785115037 0.02742878445304381 -0.06417352852286773 
0.017704453074728572 -0.08161645204633161 0.05346574173579354 -0.03807795420980461 0.06794188008264304 -0.02748394550742525 -0.025408324748260724 0.033474601618224575 
-0.04768374907000517 0.016108410401504923 -0.011596734845084746 -0.06397053421999682 -0.030073722655769027 0.10018276856239196 0.061879604046800124 -0.024846042218704237 
0.02196024943603542 0.07614760015564567 -0.005233936633549768 -0.03146553537268097 -0.00654894294991355 -0.05042805244086699 0.05275231683019997 -0.05718369902452721 
IIp_0II_3
-0.32544168022220316 2.2063354572951295 -0.8190786595411583 0.04189482935539709 -0.4307852887985108 -0.436101591182088 -0.0038548020869780503 -0.23296826481134222 
0.20016566823310525 -0.6088510472545791 -0.09511602826226273 -0.03852006886071977 -0.16793030836706754 0.08218653489861566 -0.20119573337319763 0.829260982980588 
0.09237725087748451 -0.3916620017603269 -0.019925621791048738 0.045306095244606 0.22969745483772683 0.08599972865346676 0.5521877224124904 -0.5939806284750287 
0.450959650643017 -0.7941261249575261 0.21059192809822463 -0.25427961033586943 0.8942725820772557 -0.5673235556266314 0.16986114165293237 -0.10995601155738458 
-0.5550606531386 0.436053701405629 0.029582671569409386 -0.4550208950507981 -0.5045085330628517 1.162448692218273 0.3136590733641483 -0.4271540572959879 
0.1723401560987663 -0.6553076297015163 0.6876834265842732 -0.8707952672534556 0.46220169841416453 -0.035158580070327336 0.1422136749395453 0.09682252098556317 
Ip_2IIp_5
-0.007667104796791188 -0.04293847334716469 -0.017280683908823126 0.07090286114869171 -0.025277068767771593 0.000665246053906567 -0.01160545080475495 0.033200674422832845 
0.010275211076153945 -0.04185745612243732 0.0692775747444324 -0.019598767732805406 0.01585879862327246 -0.012620288049920287 -0.009469447977285179 -0.011865624561513646 
0.0009707963745734671 -0.04125281104018304 0.009272500992550217 -0.040515514593130894 -0.022846446945755137 0.10148046421406984 -0.008664823622156112 0.00155583462011566 
-0.030845508677886154 0.0341625378484285 -0.008886236665975052 -0.023180874409211256 -0.04234357274023543 0.04729017777067673 0.05267264798408411 -0.028869171109101793 
-0.027945549357121353 -0.06009702678524879 0.10835170036837834 -0.07625266947050396 0.007130240187096416 0.05052001582719994 0.04301351570826025 -0.04472022647778743 
-0.012854569877079986 0.22856383407434058 -0.04026590400673637 -0.013085517686177368 -0.051160060654529646 -0.03883826230279292 -0.031418130994691866 -0.040941388551561674 
Ip_1II_4
0.02126066469072752 0.0753101253629913 -0.0026062944813921443 -0.03269666506138013 -0.007341970339842631 -0.051390804973189735 0.05184629179199233 -0.05438134698968152 
-0.018793159957665034 -0.05986285847154575 -0.0037810919527551962 -0.06053399902429001 -0.012990976071054865 0.15913255891077294 -0.013488481528815495 0.01031800809524739 
-0.03845780666237332 0.13698091907292728 -0.05908653728995568 -0.06324598335148061 -0.039460760580423346 0.09006217847934629 -0.0065195647417403205 -0.020272444925111193 
0.00040084291409699574 0.0243341944644393 -0.018543052185590186 0.08838675238379516 -0.02870445926055243 -0.030678613517331747 0.029216696418689205 -0.06441236121696448 
0.0170151761020206 -0.0823795097753296 0.05289392546710319 -0.03895555878808202 0.06729423663789652 -0.025729011355854817 -0.023188889780982734 0.033049631492685624 
-0.0484509806819013 0.01541633902823798 -0.009352150237830785 -0.06485137930412475 -0.030908916103627747 0.10232866967324368 0.061280305326646994 -0.025461887699824503 
Ip_1IIp_4
0.01089223768398694 -0.04093470560235822 0.0622296418669168 -0.01875039684956497 0.016899454288851923 -0.012666656717289844 -0.008141143653601012 -0.009528431017108508 
0.001679721739302328 -0.04001102886833753 0.0116786068393821 -0.040348404227663996 -0.02161270391036587 0.09563600504816572 -0.008848146604239014 0.0018259499837255254 
-0.030419096433444103 0.03499893111524747 -0.008597522519025907 -0.02236480730383477 -0.042179941122804515 0.04967060561073643 0.04757600627028371 -0.028684175616638028 
-0.02709813529781646 -0.05989305695722493 0.1091988208170893 -0.07532375677934271 0.008003746867631435 0.04458404595955232 0.04450630415643517 -0.04397796876629497 
-0.012317087065477116 0.22962519136193604 -0.04768662335260511 -0.012476411770031321 -0.05044313808080977 -0.036159207450809104 -0.030048696252021487 -0.04049402738945 
-0.006991274098015711 -0.04247369799848912 -0.01374875694165771 0.07283103844942262 -0.02461648822499189 0.001520942623653358 -0.011263881618141843 0.024742117808234754 
II_1I_4
0.16451441932200658 0.29533406984916877 0.12739814136136307 -0.20699894222091464 0.4094919982357324 -0.17258095297888745 0.025097248606833877 -0.6422559821774447 
0.8265682665583319 -0.8587406956813712 0.32562591800724094 -0.6002319015244754 0.8589519773556406 -0.6601022041723945 0.3080293142116026 -0.20010067476506338 
-0.8149846285794151 1.3492624974387617 -0.6150469918003466 -0.8012466671533474 -0.46256898662112556 1.58060061859058 0.45999738646223853 -0.6960132283235042 
0.2859425873423061 0.24725625808334845 -0.014865737529919373 1.2618448080289721 -0.5166695760317633 0.0636117406444755 -0.2654118623990179 -1.0617082181362902 
0.37915768085465584 -0.7077257089969362 -0.32497604678532066 0.005471035245000381 0.17524702439560091 -0.7142122031639365 0.23633639482757596 0.9507018236125077 
-0.37607388294096944 -0.9139518916801831 0.21310362540083588 -0.4925174437842588 0.6653816683737092 0.31018277842201947 0.19748266259981762 0.39639248360849494 
