II_0I_3
0.8316382193631763 -0.8544297594941226 0.3062478432208145 -0.5942502763120012 0.8533015998197018 -0.6582037427014132 0.3138564511896234 -0.19816033509505152 
-0.8144552236599822 1.3549246267017552 -0.6127186064588056 -0.8003819027117245 -0.4564250199515441 1.562713836384338 0.4620592653249292 -0.6957169756239162 
0.2888194684224935 0.2507143198984356 -0.013726879884018293 1.2654948432103268 -0.5152688584792556 0.06567304733223304 -0.28097650793907997 -1.060729432559326 
0.37997769897626144 -0.7052906360542284 -0.3213861759300565 0.008935741563284546 0.17900562983429583 -0.7312444136954728 0.23724918486697827 0.9527529704319273 
-0.3712155517461351 -0.909799281117247 0.19260121513674647 -0.48762995872980397 0.6584673941134344 0.3144241374188581 0.20304398340214547 0.40010806152302714 
0.16644048088374547 0.30002686814043544 0.12166649484800922 -0.199681644031442 0.4159349374826858 -0.16719133165842623 0.029530776496989545 -0.666726582162809 
IIp_1I_4
0.5413905977255815 0.3827147486195945 0.5413736678978521 -0.6781193143937937 1.1879958083007756 -0.7469925427992492 -0.37439857405827687 -0.8539643912970162 
-0.2513655392174422 2.5916006897073824 -1.0801811108396362 0.175799483661008 -0.7494419719432585 -0.18773684182895592 -0.4487368571986536 -0.04993785233355454 
-0.17789325413334345 -0.8499476327158788 -0.29213827406788084 0.0682285594308867 -0.12565548281666755 0.07273358271506136 -0.36989808299041405 1.6745705845744565 
0.12327387582605617 0.006908082347019289 -0.736568673051002 2.732698860507434 -0.5641263884084853 -0.11632697524952562 -0.2705897110387252 -1.1752690709329405 
0.9236859910455566 -0.69784718231928 -0.42100288553116144 -0.03734628100313118 -0.10337345456825697 -0.5890358627764077 -0.09654719697334004 1.021466872108432 
-0.10508660027573341 -0.640592899920114 0.15344515518420335 0.5878923657439569 0.15164577093795117 0.027434649782436246 -0.12779940911041685 -0.04693903234534927 
IIp_2Ip_5
-0.030092621269385684 0.03538421809446545 -0.00845365696994245 -0.02225731395148191 -0.04156080027468386 0.0480996747318037 0.04761639443845572 -0.028735894798485477 
-0.026732819783330277 -0.059587738049875494 0.1093171691395425 -0.07505303084388408 0.00811443125963944 0.04478831937410837 0.04314542994210796 -0.04399176103843549 
-0.011929731762629738 0.2297706274325585 -0.047420262097277927 -0.012179847822936333 -0.050177508298624746 -0.0376753651712789 -0.030006732725869033 -0.04038117955315125 
-0.00659020544593911 -0.0421781200742332 -0.015658383491643453 0.0730784181121088 -0.024382510305010062 0.0017942003752391394 -0.010893063134696818 0.0248296639641046 
0.011208559860839113 -0.04074168947634616 0.0626200194396551 -0.0182220019874354 0.017353325951396367 -0.012386401008868977 -0.007970684650029229 -0.01186112812939684 
0.0020578543778851993 -0.03976782979910627 0.010171078578232833 -0.03998481585873175 -0.021368053896401874 0.09565119041146329 -0.008488664628296642 0.0017292408148781304 
IIp_1II_4
0.20333255935358147 -0.6378866232514472 0.6446960097998881 -0.8479447272219509 0.37078196058710355 -0.014832535574843651 0.1643689356823708 0.11748442061969477 
-0.34300433757483934 2.2210302255368592 -0.8031472506717635 0.05058475392629561 -0.41110015965821317 -0.4242948093852454 0.015950142014456277 -0.30601856418005674 
0.21477265830505773 -0.6044440374889017 -0.15116145486707921 -0.02063135207187762 -0.16200563001693305 0.07808560528554281 -0.18645825781356812 0.8318424686634153 
0.07521909304739824 -0.3715694553558962 -0.009116958273157347 0.0470824536252365 0.2477391626482745 0.049053106833817306 0.5582551000528966 -0.5966625025774278 
0.48010353441478965 -0.780322990104458 0.2346703627622885 -0.22619954406168108 0.7961586947939421 -0.5545420621399959 0.1411994368120582 -0.09106743248459137 
-0.5557791428595441 0.46321125652962913 -0.0739982389035264 -0.4404838528781688 -0.4599411031205001 1.134588008788318 0.3373325090341471 -0.4049294365837378 
IIp_2I_5
-0.09344674770320041 -0.6341753458238689 0.11784617754857232 0.5888359621365206 0.16353757866983554 0.031125989301677724 -0.12017895990977129 -0.05354465421841114 
0.5647720300296217 0.38430295448919666 0.5461235204359838 -0.6733342706267008 1.1541497888785222 -0.7452749550313017 -0.37053285608285924 -0.860206212092658 
-0.2443966679275567 2.5936701811708445 -1.0789314376451524 0.17254520254289 -0.7472800792992447 -0.18855141432823191 -0.44359954107965893 -0.06345624342622333 
-0.15985625605041845 -0.8523161174346952 -0.29301650185671996 0.07001749419674505 -0.1290243400752184 0.0688086498855114 -0.36846334711670103 1.6638504184449825 
0.1299131475241976 0.00858427721203072 -0.7349622701952725 2.7310911664582798 -0.5620265566773627 -0.11526507478460553 -0.26876650830739013 -1.188568181226173 
0.9464818142757331 -0.6978341613407494 -0.41182835895070025 -0.031284267253792596 -0.13883469056415748 -0.5892519917622678 -0.09263078147755345 1.015182437058916 
II_1II_4
1.4108148520870587 -0.5807528032952853 1.3396270969610873 -0.6807410736506972 0.12161635475069135 -0.9393497382808569 1.1222068918214936 -1.7934215804001519 
0.3859397307667036 -2.0409217971509213 1.2780768581945214 0.008958297864003513 1.9313435529465646 -1.5302696560581448 -0.04707369870574308 0.013946712133480945 
-0.8644694028858324 0.13871854003845438 -1.3617881517030601 -1.2065875595142885 -0.7363377998444746 3.0285534842559168 1.7449934591063918 -0.7430825694474185 
1.361846464355208 -0.5807868405489472 1.330999590052902 -0.6987256379257479 0.22600615355414308 -0.9411597885914175 1.1156673411404516 -1.8138472820343747 
0.43419065947831065 -2.0454833383591553 1.2955133204034726 0.0379271217768647 1.8167098808018636 -1.5267871342642108 -0.04954740142409261 0.037476891573768815 
-0.8811149380829219 0.16613147965862046 -1.4695261943002367 -1.2080083570556257 -0.6957886346435049 3.052437123038073 1.764733953130167 -0.7288644317364239 
I_1IIp_4
0.11286057134559115 0.008579086751608468 -0.7362623657773529 2.7302678309739608 -0.5520631553385499 -0.11453346324801944 -0.2703421195674644 -1.178506385136039 
0.933835607281824 -0.6974930005852185 -0.41479193430337413 -0.02992948198945133 -0.13746566266896426 -0.5873809051380583 -0.09430578591520716 1.0275311633126831 
-0.10874411047855297 -0.6328030667360756 0.11822586048467687 0.5888381809216079 0.1637066463516239 0.03375493894707829 -0.12091052743981792 -0.04206792205282347 
0.5517804680888223 0.3844002130260172 0.5453451874241474 -0.6729099854745054 1.1557112623876258 -0.7444300695379047 -0.37137279399330153 -0.8485242819191976 
-0.2617143006674437 2.593892744906557 -1.0813776685961063 0.17090949585036805 -0.7348345100143926 -0.18756135928101525 -0.4454445463161687 -0.053869855876760714 
-0.1744792638213609 -0.8538036021056359 -0.2815873598388714 0.06977797013277456 -0.13082105516833642 0.06890741747331681 -0.3713955290648916 1.6734014223881946 
Ip_0Ip_3
-0.02522958718888114 -0.056715024246519086 -0.04158285149065052 -0.06512255787378313 0.06918921150612531 0.13915251381495056 -0.025247912151929362 0.005556207630691002 
-0.04314470608359754 0.2767501391191008 -0.05291807133495676 -0.07287933316333688 -0.06604893936655075 0.023290666197599313 -0.03526887340858966 -0.02978088195913683 
-0.02530975674048627 -0.05927750034288096 -0.020802184077850523 -0.0059794419670560605 0.10347788785797117 -0.028146592689800534 0.07879960008631014 -0.042762012126041485 
-0.025111378978694636 -0.056714942081691394 -0.041562024949402525 -0.06507914367842028 0.0689372176819159 0.1391568832217024 -0.025232125874005598 0.005605514657972587 
-0.04326118236934617 0.2767611505420132 -0.05296016242845854 -0.07294926302997894 -0.06577221714121206 0.023282259495170477 -0.035262901964787034 -0.029837683102144123 
-0.02526957492084493 -0.05934367435189282 -0.020542107694249693 -0.0059760122046778295 0.10338000339682021 -0.02820424707309342 0.07875194712943594 -0.042796334281425125 
II_1IIp_4
0.09834314598029026 -0.3798226562196935 -0.015592170089007403 0.048709179601906974 0.24838551615408896 0.03917400879229251 0.5532710137199136 -0.5924680379380599 
0.4578657992250905 -0.7846937549408385 0.2141031883232553 -0.24607039733525796 0.898160322813287 -0.5606920888557184 0.12873139360884214 -0.10740446284082457 
-0.5473383922815377 0.44060678064330994 0.03752600468915948 -0.4459620081134285 -0.4960293448958814 1.117193037732563 0.31475112405518524 -0.4207472018251303 
0.18032397432465108 -0.6461718902788381 0.6300929083154253 -0.8632610829159553 0.4697729200329587 -0.02641686426757026 0.1532240027705481 0.10243603201696383 
-0.31978534591181224 2.2123620774528487 -0.8072877050232172 0.058005145630053635 -0.41709379021606563 -0.42716398646398723 0.0011516477342716424 -0.3001880431922108 
0.20753181337834156 -0.6012230517353188 -0.1411361648648172 -0.027448026740561716 -0.15989290082966232 0.08319117615398247 -0.19044231692286337 0.829419471554545 
Ip_2I_5
-0.151177211671197 -0.15235733298143667 -0.02805190083016915 0.46189545420860567 -0.054364431201350635 -0.03278956008086163 -0.044427597810470294 0.0012725803679202849 
-0.05423388004459106 0.8554628970450684 -0.24318016032448317 -0.11038792563890046 -0.03327779045288189 -0.15146181855047486 -0.1593666476747494 -0.10355467435818727 
-0.022892554711991326 -0.09454695543746254 0.1710720949002345 -0.15590011115709929 -0.14136300138692742 0.13669687155696195 0.04628842099902759 0.06064523523778559 
-0.12520574008639324 0.771438717032904 -0.19386161256842643 -0.12006202614257501 -0.18319136370126254 -0.024283180737712382 -0.1327558059492204 0.007921012154826263 
-0.12298920136746765 0.16056514115855477 -0.08734048604559005 0.033239569207291486 0.05767610631081872 0.19551595107725636 -0.10091660057401054 -0.1357504797654323 
0.1585949477130117 -0.0767375600359935 -0.09441084227232492 0.23832369440493675 -0.03055423939647144 -0.11592210546067062 -0.08683725456103952 0.00754335960696118 
IIp_0IIp_3
-0.0993275639978545 0.3906439095145155 -0.12250055011997876 -0.06770775207765005 0.08512970524926076 -0.08020973528300451 -0.050846314816809526 -0.05518169846719265 
0.04178163780555079 -0.12043637859788454 -0.07237726684528736 0.016072460262008054 -0.06187651594496936 -0.03995701438388054 -0.037551747342602054 0.2743448250460966 
-0.05705054088909359 -0.12478792787866852 0.2784255881751201 -0.1768813380380926 0.010189084557628148 0.009118906278481087 0.12074954893621326 -0.059763321141088906 
-0.09590878706157267 0.39064628585959316 -0.12189821210132583 -0.06645214174603685 0.0778416271026566 -0.08008336481113609 -0.05038974954918166 -0.05375565769079824 
0.038412950988056 -0.12011791003896358 -0.07359461088314875 0.01404997286456007 -0.05387325154158375 -0.040200150123937746 -0.03737904331476138 0.272702042048725 
-0.05588841621109588 -0.1267017896589013 0.28594742730921496 -0.17678214363749212 0.007358104058093103 0.007451446163983811 0.11937134661432354 -0.06075597463710473 
Ip_0I_3
-0.021552886157936924 -0.09412376591504322 0.17184744674729546 -0.15505397537493842 -0.1467764571724039 0.13729427736512453 0.04688238117065978 0.061482979337550016 
-0.12656183700866022 0.7719017131714591 -0.19370168732768622 -0.1205358323315677 -0.18251816318444927 -0.02414262761268632 -0.13198639505734538 0.007544829352839058 
-0.12255370030818603 0.16031481883744284 -0.08750431055687345 0.03360351542651683 0.05739105595451532 0.19518108169153786 -0.10076918234641276 -0.13566327869692457 
0.15724882231222342 -0.07630332343615251 -0.09415803948658744 0.23818563137945375 -0.030239790183450167 -0.11541244009497385 -0.08659163006320957 0.007270769570955704 
-0.14987153011719404 -0.15214377982319624 -0.026934357510719407 0.4630143475770862 -0.06000940882097346 -0.03245770442135464 -0.04379038797489753 0.002192821091674356 
-0.05473140157638626 0.8567138661822182 -0.24924411316555578 -0.1101153203374199 -0.03129133091117018 -0.15049219277475934 -0.1581385075349308 -0.1027009998795197 
II_2II_5
-0.8656159848911396 0.13965787394734455 -1.3636649098471403 -1.2192010215178812 -0.6969095614754854 3.028784469046845 1.7390690538613427 -0.7621199191122154 
1.4113518788769368 -0.5924345987113712 1.3246166725741517 -0.693282409634764 0.2140212336640955 -0.9530931327675383 1.1068441370105282 -1.8180237810077198 
0.4233809454487777 -2.048353567737199 1.276659531464458 0.014812839507127376 1.9187471689523499 -1.532282111406117 -0.06134780885470412 0.008383002615750802 
-0.8472798639649264 0.139670619132792 -1.3604343560700154 -1.212466735162604 -0.7359981258132711 3.0294622389898302 1.741517776346008 -0.7544715534521228 
1.393284409133138 -0.5907265381644333 1.3180876220075128 -0.7041297314079068 0.256945597156227 -0.9543971565219279 1.1077704103515003 -1.826834612560443 
0.42961383487795485 -2.0586182915541906 1.3170018394094511 0.015344854481143663 1.9035636101088325 -1.5412252951449186 -0.06873959981083985 0.0030590476215654797 
I_1I_4
-0.31385888035474685 0.4704252090278148 -0.5049061776329694 2.512071050082991 -0.4915707376098925 -0.23839299179000706 -0.7938777968613905 -0.6398896748543359 
0.08593703388138986 -0.5427159552123461 -0.15192935956439854 -0.11934645399653346 -0.12270375691749753 -0.3500519831242917 0.07827338984624496 1.1225370850850709 
-0.41722793799567953 -0.7255461393777258 -0.08758372325209524 -0.24803366433761523 0.15325513340580632 -0.07880680950286523 -0.17164607035953525 1.5755892114177117 
-0.31243843154857437 0.4704261963620791 -0.5046559155261693 2.51259273670637 -0.4945988210732084 -0.23834048681867692 -0.7936881010723329 -0.6392971770237941 
0.08453739674208162 -0.5425836364647376 -0.15243514713687845 -0.12018676615059656 -0.11937852465477211 -0.35015300225483237 0.07834514569137276 1.1218545342216475 
-0.41674509321162395 -0.7263413192716927 -0.08445851572345549 -0.24799245060232245 0.1520789049045507 -0.07949961332535371 -0.1722186920543425 1.5751767792818452 
I_2Ip_5
-0.1251286410718784 0.7712370839950301 -0.19416690392169064 -0.1204239173257921 -0.18104637466072387 -0.024599412020159948 -0.1329675894649213 0.00709575447278349 
-0.12178900241273592 0.1603477158995168 -0.0873845075036735 0.03342856248552276 0.057273570506741166 0.19538872537031848 -0.10119666117726105 -0.13606840316756919 
0.15905366381662017 -0.07665398412419358 -0.09438090296718193 0.2381660163272937 -0.03051898139016769 -0.11584925571617181 -0.08685550093683514 0.0070389449895715064 
-0.14997772017654576 -0.15255818585991876 -0.028159443200539206 0.46194578283963034 -0.05461213529689677 -0.033064303641499586 -0.04448948987907246 0.0009154952145609749 
-0.05413962886666781 0.8553500257604906 -0.2436238386829512 -0.1108629197129335 -0.031052835796728406 -0.15166886629047943 -0.15959000914070642 -0.10441192726816964 
-0.022052310353121062 -0.09509170483349735 0.17357147162115952 -0.15602522348062545 -0.14225716091335838 0.1362222902379522 0.04581770757093839 0.059814930151206175 
II_0II_3
0.3988196984968041 -2.0530482900479137 1.2683939300084834 0.01021309234287669 1.9664944779000046 -1.5380207006025077 -0.06629940819469386 0.01344720008438349 
-0.8604484031423639 0.13930415896779924 -1.3599958249929742 -1.208926728915398 -0.737882964845367 3.033534569765663 1.735673602061224 -0.741258408896948 
1.3826666839026958 -0.5863217086299146 1.3269411337959487 -0.6992624699962495 0.22264328191965474 -0.9473681856432646 1.110124279242878 -1.8094230145928614 
0.42228356823224866 -2.0530319806342248 1.2725279174158166 0.018830641193247136 1.9164746844319225 -1.537153390350411 -0.06316589344320245 0.023234453138928475 
-0.8835684926177305 0.14148988354913075 -1.3683507432738085 -1.2228075353313055 -0.6829546799836352 3.0318658720315455 1.7368589104021177 -0.7525332147612361 
1.3906426187373377 -0.5994569919041708 1.3785652838669724 -0.6985816755093888 0.20321359729550628 -0.9588123563660228 1.10066535274416 -1.8162358288719072 
I_2IIp_5
-0.17369804668829486 -0.854279918648095 -0.29739287639624096 0.0653201044606911 -0.09755621502767102 0.0662770179439412 -0.37199222046033065 1.663322154809214 
0.1322928269765612 0.00634335584602609 -0.7355115196511928 2.7343390939403798 -0.5673303019821141 -0.11523850238329551 -0.2731267896271667 -1.181768163114923 
0.9381408696161854 -0.6956357657520358 -0.41335038695625104 -0.03304938371655392 -0.13599582206015248 -0.5862878269919349 -0.09321652454345553 1.0193948403925641 
-0.09106520719478191 -0.6361278704229715 0.11632811442194614 0.5900968968473199 0.16042114104793662 0.029194030882641976 -0.12154126618540735 -0.047305839401192123 
0.5511660740359157 0.38357328143961245 0.5397975339138392 -0.6796837762045284 1.1868244232970033 -0.7464021495181371 -0.374073594424512 -0.8612017925445495 
-0.24722291132538526 2.586786611480208 -1.0447596226818905 0.17125079933141008 -0.757875235586557 -0.19349994995304162 -0.4507253518583369 -0.06395433939761341 
I_2I_5
-0.41253475730948874 -0.7259685901119219 -0.08771204702851537 -0.24807942137642597 0.15336446788181557 -0.07961937305510237 -0.1714436087688071 1.571993329766407 
-0.30827886843554236 0.47035700112561846 -0.504437269828291 2.512482449302459 -0.4951211086623186 -0.23863820444169662 -0.7934625151539789 -0.642901483898248 
0.08982910118068621 -0.5426590984068753 -0.15173932380336347 -0.11975733310693909 -0.1228915430714336 -0.3504720556770662 0.07887539716621211 1.11881485571467 
-0.4121318811063289 -0.7259683100784199 -0.08764106619009672 -0.24793145748993548 0.1525056247021354 -0.0796044812806269 -0.17138980611240767 1.5721613775518488 
-0.3086758419088291 0.47039453016216926 -0.5045807243304891 2.5122441149335843 -0.4941779863591125 -0.23866685609256966 -0.7934421633307898 -0.6430950730643855 
0.08996604851203957 -0.542884632094053 -0.15085293371440855 -0.11974564382038212 -0.12322515204827854 -0.35066855284930004 0.07871298676929692 1.1186978792404982 
I_0II_3
0.3795474177677713 -0.7069503950896071 -0.32357900145027396 0.007399854949775952 0.18994509280101915 -0.7334143636362974 0.23557180684581958 0.9514795878057425 
-0.3706817004099809 -0.9111487526233132 0.19027941673977486 -0.4886178238104256 0.6670663332541362 0.3135505849072196 0.20028576715369115 0.3992661747874654 
0.16641067682543637 0.2983293109569573 0.13289046681289898 -0.2009281144980812 0.4128917675889953 -0.1682089222742545 0.02704335740494866 -0.6684285428158653 
0.8320916724202311 -0.856088904257561 0.3042107186303156 -0.5954615948429381 0.8623571363108122 -0.6603410265984012 0.3122970926766125 -0.19906509434441721 
-0.8147921585786917 1.3536574774963104 -0.6153550813187505 -0.801892569204251 -0.44575728278061416 1.5617774346772724 0.4593456920803261 -0.6969835123578076 
0.28909006693997247 0.24852204040161033 -0.0005585555664103767 1.2642740139281476 -0.519043820624639 0.06422442782297914 -0.2838201844411903 -1.062687988458266 
IIp_2II_5
-0.5480343602995571 0.43949128128733933 0.035943739903748384 -0.44711898527103633 -0.4866421686437753 1.1155788476954367 0.31389464226701913 -0.42311299692795956 
0.18249424969235847 -0.6465867730407328 0.6301734089438789 -0.8625914208675806 0.4687381140213387 -0.026243292131989632 0.15215601014083982 0.10185970324082884 
-0.3178474806215233 2.2129958765063975 -0.8056986667968203 0.0585883543898543 -0.42313510109029456 -0.4263283851467961 0.0016651974112650075 -0.30023979464224254 
0.21066308824400176 -0.6006438812469616 -0.14851029983079714 -0.02690985812619667 -0.15835209412817197 0.0832299644030251 -0.18943260595231776 0.8299556866333182 
0.09875152253878493 -0.3797832547141402 -0.016707849788286447 0.04761676384858326 0.2522737772649836 0.03911403418928739 0.5528517090954218 -0.5941167024327751 
0.45847679478913334 -0.7864959593872103 0.22529649065010193 -0.24713363443594955 0.8951719368451705 -0.5624389268981037 0.12744069377585673 -0.11031739534725421 
I_0Ip_3
0.15972397398227087 -0.07636603081052068 -0.09380414655500297 0.23904118279575495 -0.03512715991647935 -0.11540457933343078 -0.08632397505253141 0.008260734888257591 
-0.15230615134331393 -0.15196404906470556 -0.02791179058573723 0.4615018559379834 -0.05384218846666179 -0.03266883500772892 -0.043771595081515735 0.0009627536119247539 
-0.053885516402651726 0.8552529954259113 -0.243325875337699 -0.11009141381083139 -0.03347290836564553 -0.15174706838777388 -0.1592396161610994 -0.10349059695774313 
-0.024027138191003477 -0.09418991355210542 0.17132932782338192 -0.1560161858485018 -0.14111279019234746 0.13711919010381385 0.046489061257232595 0.060408448599446905 
-0.12411957058744812 0.7716203932401188 -0.19291675707762854 -0.11912034510534934 -0.1879373631243647 -0.024001767719808928 -0.1322176278225123 0.008693038198907961 
-0.12339023674067785 0.16162466835903325 -0.09247552798122465 0.03348381704924552 0.059307922367456835 0.19634020775804256 -0.09987505121190005 -0.13501579959814652 
IIp_1IIp_4
-0.057117346545669634 -0.1252431052109598 0.27794344227214 -0.17670509499059212 0.011704002142609578 0.008507665601245726 0.1207263434699637 -0.059815906738662564 
-0.09734045404797882 0.3910423551675066 -0.12156387570186575 -0.06647074085761574 0.07801906924419351 -0.07946940237179714 -0.050352051533057295 -0.053864899898419936 
0.03975929943586808 -0.11975829945800273 -0.07212172493705418 0.015355234120589601 -0.060921250830572586 -0.03965177781994257 -0.036626857487607335 0.27396537697568496 
-0.05622814964585097 -0.1252424871423766 0.27810010563706944 -0.1763785206527452 0.009808430534819354 0.008540533563633887 0.12084509249280312 -0.05944500478717999 
-0.09821662290313787 0.3911251863263958 -0.1218804972786306 -0.06699677386794649 0.08010065515313856 -0.07953264005884153 -0.05030713257831503 -0.054292174790951005 
0.04006155889292602 -0.12025607980277275 -0.07016535394139582 0.015381033801236624 -0.06165756651625041 -0.04008547103607824 -0.036985317034734316 0.27370719563538265 
II_0Ip_3
0.017174657116363026 -0.08225104826604594 0.05312627962771062 -0.038654166652739755 0.0685899345638194 -0.027968890208851467 -0.023229969629215266 0.033213203448341964 
-0.04792145090751642 0.015789576691943665 -0.012061573920577948 -0.06442615730822242 -0.030651233396270464 0.10274194099466474 0.0616795900379143 -0.025150692191746767 
0.021522760049275235 0.07564610820228984 -0.0019657723507101247 -0.03194249888776645 -0.0069564382135814205 -0.050897818613497056 0.05209045248234286 -0.05749679266804986 
-0.01824775643610174 -0.059510707175603285 -0.0063099395215830915 -0.059976821214798776 -0.012559619549352674 0.1591464674615904 -0.01295948990298437 0.010417866338321657 
-0.03832539606120156 0.13752295218336497 -0.059029342973638925 -0.06322902114988485 -0.037928736587866496 0.08784436713731479 -0.006543847937556125 -0.020310974609633086 
0.0007352123917082888 0.024590653035382857 -0.01734928413378162 0.08869993401705085 -0.028820176071196614 -0.030523621786587643 0.027124052950549583 -0.06445677040268284 
I_1Ip_4
-0.12242046729216671 0.16074447416196724 -0.08700670198721874 0.03360100530584852 0.05536942705602519 0.1957693069978473 -0.10066377658957731 -0.13539326765142512 
0.15802961403328572 -0.0765351113466769 -0.09439741885399368 0.2381288367400138 -0.030257290652508508 -0.11585690777092723 -0.08650646497132652 0.007394742821543898 
-0.15098860072222722 -0.1524588975716353 -0.028117576520334933 0.46205061307638845 -0.05450987474340879 -0.03292532396953483 -0.04436324004503873 0.0013129004958320957 
-0.054805521251840926 0.8556436011681354 -0.24305150112813195 -0.11045061033921942 -0.033147897253408075 -0.15125141510018997 -0.15926191753960714 -0.10367473855247344 
-0.02234877106606794 -0.09446152784392339 0.1715342208990236 -0.15543311540089605 -0.14370154556606737 0.13683030774307947 0.04655345519497059 0.06102697603933958 
-0.1254201055400616 0.7719628092966344 -0.19639036374589178 -0.11994776431197161 -0.18236215702901631 -0.02387467683537806 -0.13224397059673 0.008276228765907036 
other
-1.3112106735055442 0.844202251225234 2.202704750518684 -0.5433705727883796 -1.9302331327690891 0.6249456377167375 -1.8750206308865893 1.9879823704939104 
-1.2993512582925895 0.8440518755809698 2.2054457685262285 -0.5375496882326068 -1.9571415849027907 0.6269988240375766 -1.8757933184405509 1.9933393817215566 
-1.3071772871085998 0.8471996273466973 2.206908811947822 -0.5412084043861898 -1.9531266577561968 0.6290955524970211 -1.8730263522986197 1.9913347097602392 
-1.2993627652683366 0.8442104865440956 2.204792177018159 -0.5390192049548735 -1.9554902591381662 0.6253835796422416 -1.8734383856872858 1.9929243718517005 
-1.3110255772182018 0.8451555411131261 2.201227014065651 -0.5445586992147524 -1.9294059519494258 0.6261562274052241 -1.8751948057220154 1.9876462515275592 
-1.303149897546163 0.8405670627865185 2.232976046371597 -0.5408646422214899 -1.9629375339264958 0.623316902766484 -1.8778025675774248 1.9878946293609798 
Ip_0IIp_3
0.0017800452294679757 -0.03975131304493411 0.009851230581186955 -0.04005009962401955 -0.020761831027693158 0.0956490193039912 -0.008501448167644518 0.001784396749456237 
-0.030044392552852944 0.035364429889582515 -0.008439467420689132 -0.022175778519187155 -0.04182560193650498 0.048126410974902015 0.047561818619474276 -0.028567419054576933 
-0.026959296851758442 -0.05953910136227873 0.1093375661014186 -0.07510244013769816 0.008180183223137214 0.04484102553382474 0.04315683394738395 -0.04391477045388722 
-0.01191847566714504 0.22972692435166417 -0.04745827744374717 -0.012149305479080774 -0.050198666815153066 -0.037720826568360066 -0.030029301775184425 -0.04025207060228526 
-0.006898556678404818 -0.0421744722201436 -0.015753072609899537 0.07297101974209887 -0.023826480171561987 0.001798999198356942 -0.010949296739391087 0.024831859478944472 
0.011174181866654948 -0.04084439411397937 0.06323413413800427 -0.01820026507959336 0.01695752276265815 -0.012449123078493197 -0.00806647687428873 -0.011805579621077611 
Ip_1Ip_4
-0.025949457081259123 -0.05949826131402809 -0.021192692423167226 -0.006379299217550706 0.10613435746231539 -0.02845735263568601 0.07851374640270954 -0.043171041192886984 
-0.024507979288236312 -0.056922630914237986 -0.04162608263286012 -0.06485243180218606 0.06861983165891959 0.13911187058494817 -0.025599941328919917 0.005777363722182858 
-0.04341319312276716 0.2768946731361057 -0.052825675868567123 -0.07307484154306837 -0.06590261146570793 0.02346310081946761 -0.03530497020753829 -0.029836481746714553 
-0.024629672297790218 -0.05949734394972575 -0.020960165830701594 -0.005894583355587133 0.10332086748669542 -0.028408568573780258 0.07868999887661268 -0.04262053235528851 
-0.025808427280238636 -0.056799689299096366 -0.042096026173240604 -0.0656331929169027 0.07170941216538718 0.1390180104543302 -0.02553327065911379 0.005143183709069075 
-0.042964566466199165 0.2761558458588458 -0.04992194479217607 -0.07303654853276967 -0.06699548328959118 0.0228193944509801 -0.0358370114863428 -0.03021968574155048 
IIp_1Ip_4
-0.026787632831147774 -0.05952094327765371 0.10939778534897697 -0.0749859519579129 0.007624546158513648 0.044868362682689185 0.04322863133224693 -0.04382479745558524 
-0.012177460659368772 0.2298121089333563 -0.047414026698618925 -0.012209118341449094 -0.0501045439467002 -0.037660150886002275 -0.029931514691136064 -0.04031529370953371 
-0.006734760855143961 -0.04217953871748508 -0.015665464838196235 0.07311071406988015 -0.024377459253266377 0.0017965089769035965 -0.010875729722202156 0.024925730339529103 
0.010996129320708117 -0.04068512798762144 0.06269255186185868 -0.01818803041155773 0.017173507945867292 -0.012308440657185652 -0.007928179108114615 -0.011752410964289972 
0.0020335080660212703 -0.03969053812533234 0.010033925508503063 -0.039861084897776074 -0.021823588002624045 0.09573779389192061 -0.008383287383189187 0.0019532709423072366 
-0.03021900472618109 0.03553062050687491 -0.00902240049340701 -0.02219305260177897 -0.041567191644103864 0.048234695556117105 0.04775452986281622 -0.02851819645972015 
II_1Ip_4
0.000930628768681304 0.0248888035257327 -0.018208987156334403 0.08892143384399866 -0.029609605443759787 -0.030236056817435786 0.027452643481496196 -0.06413886020205059 
0.01712055206936116 -0.08208414305333513 0.053289673073981816 -0.03861032060070962 0.06781825561319046 -0.02783958008218788 -0.022970977751307006 0.033276540730552834 
-0.04805970960900012 0.015814578515914272 -0.012071074460548368 -0.0644321741667852 -0.03058749661115341 0.10269480633486415 0.061838212062951155 -0.025197142065734097 
0.02131574791432501 0.07569154220723637 -0.0019316664859875476 -0.03191199280814681 -0.006934596949706736 -0.050850636190592616 0.052163131318066235 -0.05754152900447988 
-0.018205098983894746 -0.059395875339101206 -0.006028107896310514 -0.05976980832935436 -0.013671167539736078 0.15929863283640525 -0.012788762441450495 0.010560187693390243 
-0.038208393100257865 0.13781702219664552 -0.060100854366775855 -0.06298450803407983 -0.038460064595797525 0.08810029737148377 -0.006183999296874846 -0.019979500173473393 
I_2II_5
-0.8136000434465266 1.3532799794085162 -0.6144079734244581 -0.8011011424325201 -0.4478222312132913 1.561265876567377 0.4596412685485928 -0.6972557339923078 
0.2914195602229764 0.2502808896547889 -0.013689260513245653 1.2657058763248783 -0.5161847906792008 0.06592360683759355 -0.28259504771410415 -1.0608608341313162 
0.3824984871688175 -0.7056298722183741 -0.3215990255451443 0.008517352356346906 0.1787960723202828 -0.731627335653399 0.23660977512931125 0.952434546436733 
-0.37017713160427523 -0.9109940070412087 0.190069485544203 -0.48938289842872285 0.6678320007443341 0.312816643336244 0.20152335017008788 0.39831255727567183 
0.1658354920005592 0.2973671330486309 0.13050313482247752 -0.2022340323107035 0.42253539681258995 -0.169627573368466 0.026227768379021743 -0.6706073193797122 
0.8310334677038833 -0.8575189350044577 0.3159851691801362 -0.5962867475223927 0.859247566326022 -0.6611568366403592 0.31059903513754805 -0.20190271919172037 
I_1II_4
0.29861376944940093 0.2545257522958772 -0.007279830244899587 1.2715204993007199 -0.5575924845541493 0.07101965530271942 -0.276548292692604 -1.054259068856702 
0.37175843441227985 -0.7024200262003552 -0.3206895680956414 0.005453841585986771 0.18377104670072122 -0.731065545191501 0.2428903440563568 0.950301472727768 
-0.37017980554442637 -0.9121666691849993 0.18924318407847035 -0.4868203061747704 0.6666170756093055 0.31117186893971177 0.2030341026508684 0.39910054962266917 
0.15670959830629905 0.3011402531417521 0.1349324720122502 -0.20128631882209594 0.41473894581313403 -0.16496454700024127 0.02920156035718824 -0.6704719638057715 
0.8394702381792347 -0.8535330863147947 0.31363256355518965 -0.5869779602109186 0.8187630907169029 -0.6566975887944851 0.3177888299513731 -0.19244608709244032 
-0.8158873276890152 1.3639532322949186 -0.6609131374342649 -0.7973503981841222 -0.44197896155705624 1.5701202900209057 0.47033521977857135 -0.6882789172177141 
II_2I_5
-0.3640439297648873 -0.9116053681926194 0.1892774862418886 -0.4915742732706482 0.6777426912503371 0.3112328524920062 0.20129654926744056 0.38767399197357666 
0.18212889376655603 0.29629682567752647 0.13241952424179576 -0.19951510390671326 0.4095496331011961 -0.1706084675001753 0.02638101327655176 -0.6766523186570421 
0.840547866097721 -0.8552742721419448 0.30541158724103734 -0.5967420671318725 0.8619521594954774 -0.6600195110662145 0.3130758629860681 -0.20895162548762994 
-0.7972351636688506 1.3526757301549377 -0.6133973021438697 -0.799534740512403 -0.4597232206710082 1.5600602858772041 0.46078087114600513 -0.7036264601753731 
0.29763119320518666 0.25016369147780326 -0.015416124914729212 1.262371926734211 -0.5052184728799715 0.06421505874292772 -0.2819249361047385 -1.0718223362591106 
0.3954908794912272 -0.7091129938019628 -0.3096613302158139 0.008358900654792152 0.17302813824720162 -0.7354803663354971 0.23496193425566866 0.9424148376959737 
IIp_0I_3
-0.2582419883952633 2.5944941592898942 -1.0788578037723766 0.17345160779621854 -0.7483082309651674 -0.18667013546351258 -0.44392208893453244 -0.05194551954434185 
-0.17576746000497528 -0.8512069674847916 -0.2930688287905611 0.07005744372150254 -0.12674214747612858 0.07078613032860953 -0.3686599968385433 1.6746018265421365 
0.11594822139999066 0.009246273494952054 -0.7348635954247508 2.732048814019391 -0.5625440939114295 -0.11359827201274271 -0.2691243855303536 -1.1771129620304046 
0.9309112989897776 -0.6964167896922087 -0.41433097085549053 -0.030909731993537984 -0.1360753025023348 -0.5869033196497853 -0.09270753188103115 1.0264323475753558 
-0.10695195187367439 -0.6331925464110258 0.11846669917124157 0.5900729328397605 0.1603626951456516 0.033239739652460035 -0.12030274468884804 -0.041694823834633646 
0.5492972131172927 0.385827598172477 0.5428424786070933 -0.6730442827915195 1.1572473671719432 -0.7430182381316736 -0.3702871134752092 -0.8488650226749734 
I_0I_3
0.08293032370514053 -0.5432031858390295 -0.15318055584834242 -0.12104563731849427 -0.11305114634729549 -0.3510113027835811 0.0776621569970443 1.1208993474288964 
-0.41469103895823484 -0.7264691498764377 -0.08794590978452996 -0.24703378998849942 0.15197708431251852 -0.0792201964702989 -0.1728890918156595 1.576272092579461 
-0.3138774847372749 0.47108391530197363 -0.5041961972238872 2.511909364948504 -0.4940343882146678 -0.2374946257435602 -0.793807232940061 -0.6395833513865894 
0.08753119980152425 -0.5431999878326368 -0.1523699494108278 -0.11935587876754727 -0.12285919909667443 -0.3508412376125189 0.07827658732300612 1.1228184655941287 
-0.419224505441191 -0.726040565500316 -0.08958417083184418 -0.24975558614384707 0.16274761089855036 -0.07954740044853914 -0.17265667248896818 1.5740612899549624 
-0.31231353606444884 0.46850830388324344 -0.4940735567253292 2.5120428574681006 -0.49784422744980455 -0.2397386380100111 -0.7956619717065446 -0.6409192313887033 
Ip_2II_5
-0.04838756727026484 0.015790542590139667 -0.012174537797079154 -0.06465703255944703 -0.02956703120304185 0.10265711849508842 0.061702360188003146 -0.02536385244265524 
0.02183552499261452 0.07552121969911586 -0.0020231909996662684 -0.03179802309129832 -0.007116679633171624 -0.05097910981775224 0.051976607163979664 -0.05741634831344845 
-0.018549797057556487 -0.059394169359298477 -0.006227475664899942 -0.06006406891673236 -0.012467050709449534 0.15929146118294887 -0.012945401557277006 0.01035650208218205 
-0.03786669305030966 0.13748226418147202 -0.05889711923916342 -0.06301670580578606 -0.038924416320070473 0.08780936819000836 -0.0064796546398336 -0.020107043315698844 
0.0004211215362139324 0.024762871458373536 -0.01856956699790567 0.08854697004864487 -0.027481912499938647 -0.030419254062422775 0.027216196847206473 -0.06447642632972661 
0.017486754731706956 -0.08240328601430606 0.05434572804994842 -0.03856192354842593 0.0673235818530844 -0.02804168016881534 -0.023349461291477188 0.033200286387781976 
I_0IIp_3
0.9309658241060738 -0.6968700496350059 -0.4149094586627803 -0.03130156924693981 -0.13328001718562127 -0.5874988291692582 -0.09314676082189824 1.0260408605991485 
-0.1067744769610662 -0.6335555699811404 0.1178164944133265 0.5897627329194438 0.16283547893260364 0.032986995048637016 -0.12103973924520497 -0.04203191512941385 
0.5494142103676397 0.3853252977708332 0.5460290618252821 -0.673381359744663 1.1563552298415585 -0.7433387588456448 -0.3709823715801937 -0.8494213096376971 
-0.2580872499301988 2.594040969004396 -1.0794186354669346 0.17309657578610257 -0.7457265783968742 -0.18726194073154007 -0.44434793474559425 -0.05229520551244388 
-0.17568873016764083 -0.851560655903476 -0.29375471710569534 0.06968795937339134 -0.12403476694928367 0.07052625877636999 -0.36939192898545314 1.6742165809547025 
0.11609928358240164 0.008687872767932196 -0.7314565273084316 2.7317146447148177 -0.5635192147302199 -0.1139676703708697 -0.2698600423724222 -1.1776983462795698 
IIp_0Ip_3
-0.012089221468639694 0.22975141490900766 -0.04745731606453593 -0.012192849352143752 -0.049977090939915966 -0.03769552012755043 -0.03002822483302622 -0.04031119212227186 
-0.006724756512971331 -0.042171332362239265 -0.015653953230321576 0.073092648555178 -0.024378609070296688 0.0018244830975336765 -0.010917064394715853 0.02492858391784844 
0.011116794651075207 -0.04071800112449622 0.0626687686288928 -0.01818697615100666 0.017152239772654627 -0.012346164158342743 -0.007956271494107745 -0.011730390124879645 
0.0019576952035348922 -0.03972658032248762 0.009913574152034029 -0.039965688575376655 -0.021282958079827555 0.0956872037240497 -0.008453844232537653 0.0018705981304562428 
-0.030213883651580172 0.03540002378085527 -0.008464403376677658 -0.022260254426719833 -0.04156214574113607 0.048127117748770626 0.047611650636497194 -0.028638104969431352 
-0.026898255946329785 -0.05960774343110851 0.109538725296333 -0.07507904264954268 0.008086404766762497 0.04477405934025404 0.043126591478632174 -0.043940738854477406 
II_2IIp_5
0.2117860568059146 -0.6006866837738692 -0.14888029636506708 -0.028386557638704495 -0.1514048765168804 0.08273837675987644 -0.18953480621556043 0.8243687869356282 
0.10815279801488879 -0.380257635285032 -0.01480823634399089 0.05012750267229944 0.24059280413330314 0.03891181517746302 0.553241100416039 -0.595960148784357 
0.46234171717961087 -0.7841614318359021 0.21461993556078457 -0.2472161437022444 0.8984141079116834 -0.5608590612192099 0.12971509474718212 -0.11285421864738027 
-0.5385606446884562 0.43945428324986435 0.0370450217020329 -0.4455287153772966 -0.4974969013257386 1.1153959341374196 0.3149076540023083 -0.42521663169604046 
0.1836671288652872 -0.6462832583504271 0.6290995227059086 -0.8650208349065045 0.47660601402465225 -0.027039397525656306 0.15296725046676596 0.09600357471505049 
-0.311143938044759 2.2106555814777664 -0.7980022840998576 0.05874813859899712 -0.42680791818991143 -0.428821478275636 0.0005731842553855967 -0.30520128571401206 
II_0IIp_3
0.4542678282168117 -0.7848381069479805 0.2130705676431665 -0.24791683088953148 0.9073462151802472 -0.561473490890665 0.1286738397944409 -0.10913002211550009 
-0.5447652671629787 0.4396068115111945 0.03708536865861481 -0.44482605381432166 -0.4973411944405598 1.1165998593446655 0.3137159491083764 -0.42007547320438793 
0.17814901415916676 -0.6453013702911587 0.6307071205834606 -0.8639715342599583 0.4704773633466542 -0.025325277037749557 0.15326809056621946 0.10199659292924586 
-0.31623496296717063 2.2119391915987174 -0.8065096064422018 0.059478032819463324 -0.42387299078699137 -0.4275763366026145 0.001498551552237714 -0.29872187916437065 
0.20496765946013937 -0.600143146046721 -0.1497092544126163 -0.028867467245780043 -0.1489378144333335 0.08377488446663893 -0.19004883825452035 0.8289639764603843 
0.10060735293723946 -0.38128523268230713 -0.005267902511192232 0.04922935360546479 0.23919520566091737 0.0383427209581902 0.5520369599606665 -0.5928584579289654 
II_2Ip_5
-0.03772266569392764 0.13755294436775334 -0.05881542643177406 -0.06302719370435182 -0.03906007399221316 0.0878749359869849 -0.006405322637967382 -0.020397197893828663 
0.0009661165461327147 0.024796125484489773 -0.018359920364734477 0.08872578540492224 -0.028512008532037118 -0.030397533496534283 0.027366492615860515 -0.06458505765765149 
0.017759873181587168 -0.08220303765766653 0.05325838170724177 -0.038510704214771006 0.06762944730127167 -0.027917531089390827 -0.023110212263911165 0.033093783035102575 
-0.047834992687245344 0.01586150675195311 -0.012020865000515673 -0.06451747378104082 -0.030573621425159358 0.102737787688438 0.06183125219105665 -0.025483593737024503 
0.021977958594585612 0.0755925310331287 -0.0019590181835683357 -0.03186089698023701 -0.007190377650016634 -0.05098644421339057 0.0521475412348352 -0.05772129383507029 
-0.018137803558729494 -0.05942262937909446 -0.006415954788352288 -0.060000995754026905 -0.012499490232124058 0.15921634712880248 -0.012870849070850983 0.010131375654547161 
IIp_2IIp_5
0.04082463361555159 -0.11972174730402899 -0.07190971412104939 0.01574571308514053 -0.06287964268092792 -0.039617149550745655 -0.036358267558439065 0.2739161745134669 
-0.05665126267335338 -0.12497016038004709 0.2782625056612326 -0.1765950466620575 0.010073933435275425 0.00869759526095001 0.12120337215510192 -0.06002093679630827 
-0.0971692273369197 0.3910871856954619 -0.12156179913020528 -0.06651929431759068 0.07810315315145862 -0.07959303158894697 -0.050027471649935276 -0.054319514821993375 
0.039923548938033834 -0.11972237363560223 -0.07206847193685492 0.015414772736673861 -0.06095872895374247 -0.03965045692874066 -0.03647860415086365 0.27354031393029415 
-0.055763380213882885 -0.12505409891839372 0.27858336018905633 -0.17606198105462903 0.007964518559977265 0.008761678380085458 0.12115785267361016 -0.05958794961554948 
-0.09747552773620195 0.39159162092403876 -0.1235443250794316 -0.06654543891725649 0.07884931272791842 -0.07915354027735119 -0.049664219815101336 -0.05405788182510319 
Ip_2Ip_5
-0.043298331810621614 0.27672844190643264 -0.05298435448619535 -0.07298102202396785 -0.06550937633347244 0.02323586337213056 -0.03528978999663172 -0.029901430626370008 
-0.025130686617127085 -0.05933383158228187 -0.020824216212919428 -0.005919656436392562 0.10339968518940229 -0.02817823419292191 0.07873448796110939 -0.042747548108703314 
-0.025178295528312408 -0.05667386992214805 -0.04153152846763643 -0.06511975051842799 0.06896879505130743 0.13920729207651916 -0.025233721992875827 0.005561079301318248 
-0.0430439643740467 0.27672861871373516 -0.05293953869957074 -0.07288760078377181 -0.066051631587471 0.02324526572083979 -0.035255820147515056 -0.029795328841006778 
-0.025381327195999816 -0.05931013654964356 -0.02091479032407687 -0.006070135670431056 0.10399515248333797 -0.02819632423388583 0.07874733766782868 -0.042869776176692215 
-0.025091829905973695 -0.056816267078800324 -0.04097188068283513 -0.06511237015230302 0.06875816146331351 0.13908322795570235 -0.02533626445124073 0.005487222852116173 
Ip_1I_4
-0.05388217696184271 0.8555825135595905 -0.2429675713180708 -0.11016274896143603 -0.03474345286900852 -0.15129741216407563 -0.1591988666759176 -0.10333028460587966 
-0.02325449984026057 -0.09442422308384293 0.17111337356998538 -0.1560255652451349 -0.14118268476998408 0.13673100843417177 0.0464983062120267 0.060544284722938 
-0.12510190646649305 0.771373806169665 -0.19390613306600654 -0.11996687628208721 -0.1832532043277951 -0.024370684406729213 -0.13271517651575865 0.007940174898013182 
-0.12334294962427217 0.16068210354465262 -0.08724797957467882 0.033210952031656416 0.05770876655595616 0.19565508144600874 -0.10084722918055496 -0.13581874519735204 
0.15894266780169333 -0.07666975045893971 -0.0941610118272849 0.2386283449702751 -0.03205946008919049 -0.11582493603482522 -0.08665485832177612 0.007799003958253758 
-0.1512978426041865 -0.1520145905142213 -0.029694450492453447 0.4619779452096686 -0.0538724516940023 -0.03252105570265755 -0.04409034285784565 0.0015127886577828002 
Ip_0II_3
-0.01855423776606897 -0.05946509025152322 -0.006305470538362636 -0.06005132942958592 -0.012183055946817312 0.15919462790193903 -0.012955681532562139 0.010320237563048883 
-0.0380264395780187 0.13753056452240592 -0.05885185900969913 -0.06301340009509525 -0.03891149971971597 0.08789113375260077 -0.006483755806577233 -0.02013474406554188 
0.0006278157101290165 0.024815758461052762 -0.018359712367439943 0.0887251210631475 -0.028472504073684974 -0.030340240768207294 0.02732109042907537 -0.06431732845359986 
0.017480498500414283 -0.0822050057249118 0.05323863083225302 -0.03850378779822035 0.0676611612359772 -0.027898096086499583 -0.023144387779928777 0.03337098682033787 
-0.04822584570842916 0.015854228591187465 -0.012102123311442217 -0.06457277543867761 -0.03020056560441481 0.10274516059342921 0.06177061445887766 -0.025268693579678665 
0.021623506616059406 0.07552842991859493 -0.00162899570979126 -0.03189954555105832 -0.007115811190158243 -0.05101308934163797 0.05204064595727629 -0.05753514069888958 
IIp_0II_3
-0.31565627858228223 2.2134486300449048 -0.8044825339631794 0.06094352572985838 -0.43422034236137075 -0.42559615715337445 0.0030489090895704876 -0.2974857527940618 
0.2042975389688033 -0.5988985415690411 -0.14766464917084166 -0.02808001474223642 -0.15631857876703703 0.0845559248288095 -0.18753117674578487 0.8296394971951652 
0.10069815936879285 -0.37984646445697146 -0.015062140622065373 0.0503682737815796 0.24180733836833712 0.039176665962575186 0.5542233552686524 -0.5913651876687374 
0.4536680724253504 -0.7833294876187895 0.2148900163630699 -0.2468841423670171 0.8995110380657226 -0.5595368708902524 0.1300668209183337 -0.10838544689756018 
-0.5442742133614741 0.44074164101670427 0.0395495880349423 -0.44334145714110934 -0.5074806553765766 1.1174647077270141 0.3161740801572343 -0.4188336910480001 
0.1778392403725914 -0.6432029007581769 0.6183201314375365 -0.8628668060386867 0.4740653249026632 -0.02391656449823266 0.1559295472832387 0.10383202729778111 
Ip_2IIp_5
-0.0067555030361786325 -0.04214797903630038 -0.015636119510014923 0.07308909146208134 -0.024439499271815445 0.0018392606218741586 -0.010880369634739486 0.02493111840495274 
0.011107168180139418 -0.04071961769885315 0.06266497206037387 -0.018181645698000373 0.01715478007700436 -0.012355698654206465 -0.007939241788418802 -0.011730716478370644 
0.001912657687458541 -0.039715201737254485 0.009921711003476993 -0.03996504912115324 -0.021275583952762814 0.09570026974072719 -0.008443343635950515 0.001864540015338956 
-0.030192286450177085 0.03541440475254867 -0.0084198295268505 -0.022222535860883425 -0.04175770305813991 0.04814716099176927 0.04763785290875968 -0.028607063756650543 
-0.026898882261972155 -0.05955955243125053 0.10933875164174123 -0.07505150151606185 0.0080695290819666 0.04481435409921674 0.043180188311536506 -0.0438928869250161 
-0.012052618415228446 0.22978651388699597 -0.0475252281988217 -0.012158176788098168 -0.05013938646684803 -0.03765829712179361 -0.02998786994966319 -0.04026493694570963 
Ip_1II_4
0.022258698892678362 0.07581523828584125 -0.0016085662858884432 -0.031463515019889775 -0.009687856219342955 -0.05065606961707318 0.052409167628266744 -0.05706709766419633 
-0.019142380976567012 -0.05921095215495758 -0.00618036031973165 -0.06023552268185034 -0.012175997589214222 0.15929861070829965 -0.012538231736734164 0.01018483475032165 
-0.03789649618021242 0.137432874899105 -0.058928609366343185 -0.06286565481523727 -0.03898883849169926 0.08773139594585166 -0.006366837860024665 -0.020117834130912355 
-1.4040286197441927e-05 0.025011187545593998 -0.018218457735682283 0.08867664756156493 -0.028338875266012573 -0.030111263568810952 0.027446594978511808 -0.0644517932285164 
0.018043233695670922 -0.08207505691352122 0.05380955663260525 -0.03795935264257603 0.06489455808523079 -0.027705358911469385 -0.022815802663162226 0.033808222716698415 
-0.04838946023249965 0.01648713772631768 -0.015051886094530509 -0.06436808946338364 -0.029553192363939162 0.10324656489259615 0.06241632467083172 -0.024787399134706643 
Ip_1IIp_4
0.011272994647256528 -0.04068082374292737 0.06274657697421865 -0.018082932349626657 0.016558459214407493 -0.012292869424800477 -0.007887190930861059 -0.011634214387906796 
0.0017604269783343318 -0.039661502954538616 0.009941473008147886 -0.04002179504187056 -0.021199255977342936 0.09572034415643621 -0.00836252073300066 0.0018228305635369895 
-0.030125180089996307 0.035380431866623666 -0.00844341024167119 -0.022181961905929946 -0.04178803182917027 0.048102699785743185 0.047649510995423014 -0.028594058580683125 
-0.02706455557275444 -0.05951702396347487 0.10935424118028748 -0.07508424301228597 0.008190051406601907 0.044863463887105395 0.04319566312033711 -0.04393759704578405 
-0.011904867489918433 0.22978955720885497 -0.04730928862008391 -0.012042217351583786 -0.050776614820843856 -0.037638216457367216 -0.029938723375858244 -0.04017962909238825 
-0.006829182130358636 -0.04201971186451456 -0.01630489416764492 0.07310573683372634 -0.024139725143734893 0.0019346155071097448 -0.010757501499855618 0.02501066246524588 
II_1I_4
0.16613831340005797 0.2974216849634526 0.13184143721369032 -0.20091643230136116 0.4171366325128641 -0.1694513840825397 0.026824377658363457 -0.6689946293618443 
0.8304263114296501 -0.8555940665170639 0.3047193707325377 -0.5953447603723274 0.8623992957921832 -0.6593977624312172 0.31212233923564175 -0.1993307278718281 
-0.8124208556259034 1.3543235998958745 -0.6128480588928903 -0.7998468546638974 -0.4574176465819954 1.5627662033365608 0.46056116429742566 -0.6951175517566497 
0.28923707004892474 0.25079411273212815 -0.013684101418625213 1.264983742548916 -0.5151058031708389 0.06583770147410264 -0.28143687033142634 -1.060625851880453 
0.3812443951292313 -0.7062327829503795 -0.3229066062299253 0.008211988890962729 0.1833842847238257 -0.7324283199716278 0.2362738730131989 0.9524531673870851 
-0.37310574710422884 -0.9112688630473839 0.19593343609118713 -0.4898623939870615 0.666750556513063 0.312989857297184 0.20084102317603458 0.397722131059828 
