II_0I_3
0.8292942709854375 -0.8551740610982909 0.304924133272078 -0.5957677842471885 0.862755815798601 -0.6592200223152122 0.3128300215545579 -0.19964237395961532 
-0.8120245425129353 1.3541779288822364 -0.6129797514153634 -0.7994833199255631 -0.4579121884844077 1.562498897888736 0.4607533308790675 -0.6950303553032214 
0.28810236296940045 0.2511855234624631 -0.013360733158652266 1.2649003325602335 -0.5147502719852336 0.06631476974251244 -0.2815147545487255 -1.060877229038958 
0.3824291676247665 -0.7060101926896454 -0.32230602667690444 0.009273015240178076 0.178466512099307 -0.7320801004130048 0.2368791448819994 0.9533484799249196 
-0.37349501254671774 -0.9100940147729623 0.19072588813165328 -0.49002333746075905 0.6685259732479545 0.313904329033984 0.2019861695232115 0.39847000484345213 
0.16732469345218184 0.29789810985269694 0.13257309282971858 -0.20012649651805445 0.4124274788266258 -0.169272217729576 0.027412264457611985 -0.6682369251729852 
IIp_1I_4
0.5507449554720293 0.3857561464900993 0.5480732081509792 -0.6734496234667228 1.1488290769730007 -0.7416023714132299 -0.3698148623113394 -0.8485365298976931 
-0.25847280312875365 2.5967196519571494 -1.0786032606472586 0.17472245861269986 -0.754728485972183 -0.1860090346241178 -0.44206556786110524 -0.05156295833199911 
-0.1740413372018998 -0.8507854164696363 -0.29136129840062075 0.07158450668424189 -0.1240014532037774 0.07195317128270887 -0.3781978266725889 1.6748496539738356 
0.11699960862957942 0.010626805312461544 -0.7467974371605128 2.7346361855397627 -0.5626020613461845 -0.11140724832723012 -0.26757956639435765 -1.173876286249673 
0.9324609673107032 -0.694015081736323 -0.41085971364991253 -0.043804229899483425 -0.1349673675096658 -0.5850340728673155 -0.09047662183330298 1.0266961201697087 
-0.10747158981695928 -0.6299639732019056 0.11950859512898866 0.5911330110609176 0.16447000549669133 0.02194411863495709 -0.11845643521574309 -0.0411637320904399 
IIp_2Ip_5
-0.03027881945797457 0.03531498765478494 -0.008760454756902165 -0.02218053489834327 -0.04060535427994496 0.047829034422679356 0.04746549133367735 -0.028784350017171063 
-0.02690881017873375 -0.05995148454523473 0.10922018741535901 -0.07533875222818807 0.009593392191309634 0.04464742078284888 0.04283396861052965 -0.04409592204785286 
-0.012127605140358268 0.22965965482903442 -0.047709727203509314 -0.012367027312654578 -0.05066627430321986 -0.03787781114976087 -0.028562518756530878 -0.0403486909620851 
-0.006894906901986303 -0.042355839249323964 -0.013753189288331365 0.07263791382878304 -0.024336069269112356 0.0015022858187907758 -0.011140693095311634 0.024340498156628542 
0.01107331564888883 -0.04114309460963962 0.0620926066904599 -0.016133584024229524 0.016935715099708853 -0.012701995450694784 -0.008317870772307528 -0.011805092582460517 
0.0019653080464140035 -0.040240561731569424 0.009672577706296091 -0.040228701474013306 -0.021479658520908856 0.0974492518307428 -0.008783380802377502 0.0016451649453553673 
IIp_1II_4
0.17867184384862098 -0.6457438328076717 0.6302423845540474 -0.8633948806504496 0.4707840192019861 -0.026021018521592797 0.15338861723300026 0.10207286713743945 
-0.31839542419906014 2.212378798567904 -0.8060939505620437 0.05910572733748785 -0.42257382333346644 -0.426879705599368 0.0016676589378832542 -0.29920928114063133 
0.20685982017750504 -0.5998742440545332 -0.14814152181888682 -0.027251872686043347 -0.15793424363734715 0.08417503896118822 -0.18823603766510402 0.8304030607180407 
0.0997061045096839 -0.37945491526162795 -0.013625960188315276 0.04940997424254603 0.242300332565545 0.03967157697014902 0.5537917055576165 -0.5917988183937888 
0.45624104032780416 -0.7844114955637813 0.21395123897603602 -0.24542699782093771 0.8988063412557561 -0.560727663160387 0.1293825948452608 -0.10781505886793405 
-0.5469016532182879 0.4400212476042311 0.037184069960422846 -0.44570904010486845 -0.4964067410066475 1.1178247998084945 0.3147132894877712 -0.4207259725232074 
IIp_2I_5
-0.10280033961541184 -0.6375629941817788 0.10423260895667374 0.5909331443588393 0.20971095378357688 0.01922411522208171 -0.12714090497397088 -0.05659658354639434 
0.5592227096554713 0.36874524220442256 0.5419315724876722 -0.6845026833580189 1.2142016824392288 -0.7512486589453828 -0.38432651310487825 -0.8640233513824676 
-0.25308012275965197 2.589419001721815 -1.090631724882293 0.16439043213154214 -0.7671067839858539 -0.19646114976905218 -0.38431101879469554 -0.062218633653797206 
-0.1707087376035859 -0.8601686080882829 -0.2149522417963105 0.05205634528813694 -0.12748749064313447 0.05615573740338488 -0.37895669492932554 1.6440616903656402 
0.12271047985482532 -0.008209169508486288 -0.7580816578030121 2.815681686207362 -0.5721549027217286 -0.12867257703009427 -0.2838604102359292 -1.1874134487580281 
0.9432845341279861 -0.7188738700976214 -0.4246980283589673 -0.041675911802344805 -0.14593061213166286 -0.5164366008110716 -0.10630824711868572 1.0106387361797102 
II_1II_4
1.4922840390180794 -0.5504252249950277 1.4745914300733076 -0.715047380331879 -0.29716765544279095 -0.8202481228981925 1.1884834854611053 -1.7724705708950481 
0.4642750419665036 -1.880669041912708 1.3207854881247907 0.13526209033328576 1.2784729059960362 -1.468173833029284 0.0899530565639027 0.0600942919477355 
-0.7773831466167284 0.18780927858237403 -1.2339855100539956 -1.1241837573483582 -0.520569777476833 3.1180466375197495 1.1077235844380755 -0.7574573090305349 
1.4969686679184577 -0.5025923210004689 0.4902586803468548 -0.5043002892310191 0.20536406253064582 -0.812621239848426 1.2248032653340408 -1.5978808260559556 
0.49319997535901744 -1.8684878445352031 1.5276438276924706 -0.8840656025615623 2.0038237161379926 -1.3877116061493031 0.10331051557960216 0.012287018455827133 
-0.8400345109896048 0.374066844451164 -1.2464844976075773 -1.1005457073267333 -0.6475601036142192 2.25862491118557 1.8941405404181182 -0.6922074765014805 
I_1IIp_4
0.11224587484873737 0.008252292476159247 -0.7392357013500546 2.7324398180807363 -0.5469214229055551 -0.11727332949554356 -0.2715147078209811 -1.177992823833509 
0.9296662289304213 -0.7016536755327446 -0.41585331710994805 -0.034344682312324244 -0.11705530885541451 -0.5890499413929626 -0.09735358746057157 1.0256442837200437 
-0.11076733500930049 -0.6346122849810172 0.11417312297246426 0.5868595473342844 0.15694050991222028 0.03062268753607123 -0.10168560087718792 -0.041530646890989564 
0.5459187219050268 0.38264136683906946 0.5708685762207597 -0.6789075340231961 1.156732484195558 -0.7475864869877153 -0.374312092290238 -0.8553550358654707 
-0.26171518667643257 2.588892540729528 -1.0867982244965622 0.19995722370577296 -0.7480420291317689 -0.19127014463491548 -0.4491492548625429 -0.05187492462719463 
-0.17636748360143847 -0.8583162689996143 -0.2965033349729796 0.06694521812753808 -0.12956563377678645 0.0939322369301422 -0.3735976599387732 1.6734729262278745 
Ip_0Ip_3
-0.025368398680116342 -0.056767417034522344 -0.04182716010227555 -0.06505006301979775 0.0699173047443772 0.13893606807416528 -0.02536577384039282 0.005525439858582966 
-0.04330444191062997 0.27645542845513676 -0.052996265645727736 -0.07311994801977197 -0.06482289282715763 0.023176052597749037 -0.0355171284290195 -0.029870804219988157 
-0.025468166052190662 -0.05937170430801946 -0.021042609363731726 -0.006129805092284877 0.10307253834547662 -0.028317109677595362 0.07999122843977874 -0.0427343722910566 
-0.025377148022947608 -0.05685675313424432 -0.03998875094622867 -0.06544366912710964 0.06897874112163942 0.1389218235703029 -0.025433607218798327 0.005199363757202037 
-0.043358464152902676 0.2764326779932712 -0.05338260884671545 -0.07121617984353264 -0.0661776090763064 0.023025775677113808 -0.03554207575994831 -0.029781515989515617 
-0.02535115395245303 -0.05971957205354895 -0.021019265374466647 -0.006173953179017708 0.10330971442069194 -0.026711993144551804 0.07852246075651026 -0.042856237472931664 
II_1IIp_4
0.1047662947299329 -0.3775738948776798 -0.007791233903122079 0.048783448507520116 0.21824695461404683 0.04588958628189106 0.5575194512930707 -0.5898406066451013 
0.4588439922801422 -0.7763466086166592 0.21639672398375645 -0.24114164277409536 0.8691796172772183 -0.5575402309165555 0.13660936920186 -0.10600122044145913 
-0.5424568492318912 0.44238713399052365 0.043115871458204044 -0.44143618376376204 -0.4864815353164915 1.1206797519479619 0.2854494405585741 -0.42125762963595403 
0.1839433838562631 -0.6417048028347758 0.5916683600592989 -0.8545134274536037 0.4694026551896469 -0.019458917896496623 0.15875495119307323 0.1119077978813067 
-0.3144875068695311 2.220993247396778 -0.7943159299347902 0.01740351416634891 -0.41947591901503817 -0.4200621726793367 0.009497062911672379 -0.29955229596818905 
0.20847807102211816 -0.5891052380666482 -0.14277361949367706 -0.02191257181915344 -0.15373828117953187 0.048256674587388484 -0.18202022322117478 0.8328151881661403 
Ip_2I_5
-0.15108873676020887 -0.15232597395999029 -0.027936790387605444 0.4618889838510331 -0.054787334158928856 -0.03268984544796402 -0.044366444078874065 0.001306140943754106 
-0.05420639049364813 0.8555894344090288 -0.24314567323140776 -0.1103064743069676 -0.03373763069747072 -0.1514137014927014 -0.1592502453446805 -0.10352931884093008 
-0.02281996356416678 -0.09451679661091268 0.17116118866026714 -0.15583245608890617 -0.14121136121708466 0.1367545224896023 0.045828341501598945 0.060636524829855286 
-0.125136918970755 0.7715048265718628 -0.19446601051213325 -0.11992378726296274 -0.18319985374930634 -0.02417877496773431 -0.13267133320484947 0.008071852098221135 
-0.12291796731809818 0.1606983842362958 -0.08714743677101654 0.03259378041248 0.057689495271092496 0.19562419064310815 -0.10079165444116522 -0.13574879203083176 
0.15861416354448 -0.07655911452874652 -0.0943815659926631 0.23840786135422123 -0.030475805809638018 -0.11647786424492651 -0.08671644445482823 0.0075887701305799036 
IIp_0IIp_3
-0.0983794489661389 0.3909143733413891 -0.12257580170707004 -0.06649632124766436 0.08192462349273373 -0.0803737985680361 -0.05064120459592999 -0.05437242174757593 
0.039680679967214895 -0.12105631551492528 -0.07250251980265182 0.014627496573360828 -0.05643812651966596 -0.04024507682671703 -0.03765258905447249 0.2735864511765624 
-0.0571872177297651 -0.12542797111053802 0.2773127469985002 -0.17706471093943787 0.008374322627936153 0.008091837298828413 0.12547058218631363 -0.05956958933177603 
-0.09841295782774313 0.3905722275293814 -0.11553493026103055 -0.06800378219164731 0.07833004510973576 -0.0804283531920949 -0.050900997741214656 -0.05562125142389994 
0.03947378170278644 -0.1211434468683764 -0.07398216474668393 0.02191868468951718 -0.061626516125581815 -0.04082061817268845 -0.037748134134870895 0.27392841365520704 
-0.056739076384626226 -0.12676025999094617 0.27740215148560254 -0.17723379245321166 0.009282676598208674 0.014239227899020303 0.1198453902057138 -0.06003631735925006 
Ip_0I_3
-0.023168122939017616 -0.09464959867538479 0.1706772897908773 -0.15584725321556378 -0.13999993779804515 0.1363509879038722 0.04608631535821496 0.060550319574755596 
-0.12535901481545764 0.7709976816198253 -0.1939791789885392 -0.12037347241785055 -0.18149972657816132 -0.02444915923394204 -0.1331520755973915 0.007814946013453176 
-0.123228136065392 0.16044966799460553 -0.08765953575903054 0.033014782965964586 0.05707040915291214 0.19529908020130057 -0.09923772680179745 -0.1357085416856298 
0.15829918940207352 -0.07695341480156452 -0.09226101064834277 0.23782021086816071 -0.030497096448101953 -0.1162768521821106 -0.08712582819670459 0.006994802005917495 
-0.15138369342650487 -0.15283047027449834 -0.028710823689847915 0.4642801166575174 -0.0546344675040155 -0.033166839309336796 -0.04485600737978429 0.001302184927820784 
-0.05433034409784509 0.854858470446 -0.24347446488045327 -0.11068867896986377 -0.033494674993227086 -0.14941431005619168 -0.1597601381676623 -0.10369585927795193 
II_2II_5
-0.8468017479111202 0.14604861784528136 -1.344729631766195 -1.2151526396420782 -0.7812207066563929 3.0447684272787363 1.750166633668671 -0.7530789527993146 
1.4070519566777842 -0.5738948428109067 1.3298546957851636 -0.6857781335783556 0.16013856508857183 -0.9462648195872919 1.1258871238233232 -1.8169945454067409 
0.43494407265062274 -2.0460197515606673 1.2868487248769322 0.025352564823642825 1.9364254340626594 -1.5269889499823501 -0.11830864083496236 0.007746545952775736 
-0.8463741355300853 0.15041479976430017 -1.4345794108102814 -1.195915669650031 -0.7353496698205665 3.0454646082767165 1.7534818989553704 -0.7371424211735745 
1.4096922212375569 -0.5727829445294332 1.3487367009897604 -0.7788222469686992 0.2263485027729841 -0.9389202368651661 1.1271063911304804 -1.8213583877772583 
0.42922526338786376 -2.029018182587167 1.2857078187439477 0.027510243282417985 1.9248337718444064 -1.6054368653226885 -0.04652459245371026 0.01370254308471713 
I_1I_4
-0.3137068546253649 0.4704505394139721 -0.5052781855469285 2.512617530238662 -0.49171975601392287 -0.2387582913981758 -0.7939687280482044 -0.6396362540124894 
0.08494134089969467 -0.5433587752013147 -0.15208552814184384 -0.12021558470763906 -0.11898087591505195 -0.35031920215939705 0.07788643359149597 1.1221321916313456 
-0.4175013779616615 -0.7259136721607429 -0.08833078367464609 -0.2483128866988754 0.15201815043124547 -0.07942386164387058 -0.16823479397074978 1.5756992256778537 
-0.31373147795124784 0.47019912031361916 -0.5001043400612515 2.5115098023019513 -0.494361161027773 -0.23879837978742402 -0.7941596319160031 -0.6405539318642269 
0.08478930579113991 -0.5434228019580011 -0.1531728160402132 -0.11485779895545047 -0.1227934616651654 -0.3507421273641395 0.07781622417354192 1.1223834760123657 
-0.41717207013479585 -0.7268926783622702 -0.08826508655104666 -0.24843713291382 0.15268563642699703 -0.07490657293199585 -0.17236835532861627 1.5753562597940431 
I_2Ip_5
-0.12484367448360635 0.7713168905743083 -0.1942191426463069 -0.1200308215867788 -0.18197966871227178 -0.024676620132569094 -0.1329161308964862 0.007349167887519755 
-0.12247468524406291 0.16011666707182948 -0.08743335264127478 0.03294180521610093 0.05914274792507559 0.19528395558262482 -0.10125748378526395 -0.1363196541235814 
0.15899188512180198 -0.07686815635063547 -0.09476217395562998 0.23809034292765033 -0.031142278021444876 -0.11619517981919501 -0.08521811028820378 0.007103670383750488 
-0.15080374297886204 -0.15259815466955903 -0.025956286845119025 0.4614107755759788 -0.0544522227063877 -0.03320112330280773 -0.044675209231020786 0.00027596415935268623 
-0.05381405185954958 0.8549862633630364 -0.24379591406947118 -0.10816317970722814 -0.033561887140731377 -0.15189564898429836 -0.15973960023676304 -0.10401598136282876 
-0.022331898568353922 -0.09515388071453304 0.17080259428042346 -0.15619160654163783 -0.14165417434600353 0.13855084563827852 0.04594161508576922 0.06003650516641366 
II_0II_3
0.4026044346436524 -2.0521716319195975 1.2640426902192174 0.01901303810443168 1.9578069232866115 -1.542490701778993 -0.06687412604491025 0.01806937347597177 
-0.8762495309159348 0.13071376257512135 -1.3620273392173476 -1.2218686467709152 -0.6840896228410557 3.029897161113889 1.731098157756554 -0.7474739416907983 
1.3792903895407826 -0.5918579533090588 1.3160994678558886 -0.7028059787396437 0.20475263077679715 -0.9565591061622623 1.158841695340516 -1.8077611453146587 
0.40225402550209755 -2.055749521905825 1.3376705487512572 0.0032492051792515518 1.920217668790183 -1.5430611908399954 -0.06959083705043204 0.005010101560464836 
-0.8784131091408741 0.12980261187222533 -1.3775002944406771 -1.1456231747072751 -0.7383456931074623 3.0238786054384206 1.7300990229593376 -0.7438979688595593 
1.3839766968832774 -0.6057899754981748 1.3170343891894223 -0.7045740993307954 0.21425147735077396 -0.8922745628480216 1.1000178917045353 -1.8126418174658105 
I_2IIp_5
-0.16449876709358882 -0.8512832720761672 -0.29069126409057366 0.06980166528792678 -0.13618833062222327 0.07168438360934139 -0.3674455788358884 1.66862116381389 
0.12551046945695482 0.011548263579235562 -0.7339170526392054 2.733480285733977 -0.5734252683618707 -0.11346986423360807 -0.26644955102056994 -1.1832772825079974 
0.9420079889009578 -0.6963763947074522 -0.4124075608949678 -0.02967054779112922 -0.1340718647756789 -0.5869131111323749 -0.10221297700446483 1.0196444673887868 
-0.09695523440245808 -0.6324031542756385 0.10515896801902305 0.5922642933240027 0.1618701117951378 0.034158736797958014 -0.11845857800238185 -0.045635143255851524 
0.559769862449444 0.3875539349973717 0.5499848844988798 -0.6873130991018954 1.1564369082841917 -0.742312797791367 -0.3679560080690188 -0.8561636852752091 
-0.2494770266822446 2.597409688303907 -1.0773677658339202 0.17455473160515858 -0.7453573144270973 -0.20000105312025074 -0.4414663327451844 -0.05829492709031641 
I_2I_5
-0.42306809167655207 -0.7297671208022921 -0.10271554011206913 -0.24603783865160309 0.20502993782466378 -0.09271431878983635 -0.17917111659262241 1.568444088799652 
-0.313929375031983 0.453330897431685 -0.5090342618203838 2.5004847026147754 -0.4300859152691388 -0.24516448207893166 -0.808658954645095 -0.6469426111889338 
0.08027901322148767 -0.5472057202612753 -0.16439856922057264 -0.12871360475433175 -0.14435920977461886 -0.3589683108518994 0.14322959032659338 1.120136811308641 
-0.423542942659649 -0.734615637509772 -0.0029400010093745856 -0.2673999284881967 0.1540914994858552 -0.09348740732930443 -0.18285262126448212 1.5507470387748366 
-0.31686131123321454 0.4520961670665431 -0.53000217369185 2.603807456133624 -0.5036101052757634 -0.25332042534792326 -0.8100129151578739 -0.6420966924823053 
0.08662958284146706 -0.5660854629611973 -0.16313162648978394 -0.13110964327316454 -0.13148700954025996 -0.27185420631171836 0.06351551420389409 1.1135228515290847 
I_0II_3
0.3782011259123958 -0.707552223535073 -0.3278180354143315 0.009932478432870713 0.19890197162518666 -0.7372743544055912 0.23378557509903117 0.9518234622754745 
-0.3756528488509289 -0.9168295971091195 0.18881420097106502 -0.4942623622780485 0.6937649252681017 0.3112909416273364 0.19595212816746096 0.39692261220334435 
0.1635678796945552 0.29603972401905926 0.12760520109069373 -0.20368401767233343 0.40404685501111026 -0.1722123325915567 0.05238709056951003 -0.6677504001209728 
0.8248834818168573 -0.8585820543741032 0.33781096250209397 -0.6033295688038268 0.8635875041228088 -0.6647118011503826 0.3083196165167148 -0.20797814064154557 
-0.8153107409795861 1.3469671578215705 -0.6229609860587164 -0.7639583534232698 -0.4609691843898129 1.5567466775896477 0.4541982148115079 -0.6947127853587733 
0.2867895800430377 0.24206122669125998 -0.01784103917270256 1.2604206906563045 -0.5181770009336915 0.09690071161686907 -0.28721806779198683 -1.0629361011078062 
IIp_2II_5
-0.5461316747393528 0.4400755443324286 0.036620755956041744 -0.4454981733229038 -0.4939135955731249 1.116029443679065 0.3145911014263477 -0.4217734017484924 
0.1797936055415736 -0.6465807607398149 0.6302351080525956 -0.8640247865350345 0.47309362828300433 -0.026312908530420166 0.15280662039765713 0.10098949352435417 
-0.317543142774141 2.2123208353781063 -0.8066238346383522 0.058795059668101786 -0.4246007582202939 -0.42734886489217516 0.005033339450230264 -0.30003263396075186 
0.20768859034162335 -0.6002974404246758 -0.14386391908884585 -0.028104806333338558 -0.1577384984086154 0.08346374822608986 -0.18956242828756195 0.8284147539707949 
0.10069220648890657 -0.3802891315858272 -0.01593157431853205 0.054051200520305466 0.2417104551807109 0.03899526174686194 0.5531916316833435 -0.5924200497159443 
0.4574381448045792 -0.7853664862114035 0.21375254406672262 -0.24718363191138037 0.8983483370130719 -0.5568794600985587 0.1289111625070217 -0.10902061017833609 
I_0Ip_3
0.15763943060344268 -0.0770691397318051 -0.09580311465819369 0.23849577180706574 -0.02588616704222566 -0.1170823138758761 -0.08751949204694418 0.00722502494274854 
-0.1516485589240308 -0.1538687382972774 -0.028454718768029946 0.4608457109362091 -0.048656205116472465 -0.033364600738674775 -0.04577951442345336 0.0009266253335777123 
-0.05509749460382399 0.8550672682424284 -0.24429842343696223 -0.11119047202429207 -0.03517143627659667 -0.15220912628531225 -0.15365852373780023 -0.10344179187499157 
-0.023882317408034148 -0.09532114483660031 0.1785731917373978 -0.15762058619366603 -0.1412284572826121 0.13545690136893843 0.045270613474109586 0.05875179914023272 
-0.1259599897846478 0.7698178673483596 -0.1961267804564064 -0.11196322883140818 -0.18395008437935165 -0.025581896595539225 -0.1342307971209697 0.007994909822325622 
-0.12326727393638034 0.15849414163498374 -0.08833825532588117 0.0322383143437036 0.05686928312308769 0.20249079629818462 -0.10227432486064716 -0.13621268127450648 
IIp_1IIp_4
-0.057924151238973 -0.12555180432772095 0.2764400489118569 -0.17620210963020771 0.016020413690072503 0.007171072529171634 0.12001260926808376 -0.0599660792020395 
-0.09842155309700686 0.38920349399484827 -0.12204989628362829 -0.0680169736880021 0.08580581120713773 -0.08018678589377753 -0.05188089563923835 -0.05445320059878865 
0.03878029799098125 -0.12036722533598873 -0.07365090813795651 0.014423394132299506 -0.06349646647718274 -0.04074769612636663 -0.02908571854694832 0.2741443224998303 
-0.057979465634339394 -0.12611659787354854 0.2880626922738846 -0.17869053468769758 0.010086701804958915 0.007081017066144619 0.11958375850754331 -0.06202757145593076 
-0.09876308819799792 0.38905966284336296 -0.12449240437644707 -0.055981122755739736 0.07724113246318288 -0.08113685462550507 -0.0520386156606455 -0.05388870968851559 
0.039520062531454174 -0.12256648698010755 -0.07350332463553705 0.014144284628709775 -0.061997010859608695 -0.03059995673084517 -0.038371444146991694 0.2733738761918198 
II_0Ip_3
0.017134768588085318 -0.08227472206220522 0.05288409239175324 -0.03846503467436196 0.06897351065605399 -0.028193061298723548 -0.023323000188714534 0.033263446587614 
-0.048282139541945865 0.015445240368209602 -0.012149066194614307 -0.06479987314936622 -0.028936753031642733 0.10260339601990502 0.06143108689370859 -0.02531189136364362 
0.021357059318104343 0.07549246408147693 -0.0023065528123758857 -0.032105072776847716 -0.007524923001783359 -0.05116296267614515 0.053701114876330856 -0.05745112700838596 
-0.018750100701750882 -0.059654282660330016 -0.004170583243030006 -0.06048012801975585 -0.012471551244964995 0.15888656706074147 -0.013203519730642458 0.009843598539534353 
-0.03831426122352935 0.13710617329290564 -0.05947350865997822 -0.0607876354321047 -0.03908290460235298 0.08753671216599873 -0.006848516345130744 -0.020136059194766763 
0.0005729294898005491 0.024223671420440795 -0.01865052123118776 0.08846518383872348 -0.028697922370781333 -0.028420257720335563 0.026950279325267504 -0.06444336275147736 
I_1Ip_4
-0.12248068741465629 0.1607459167370063 -0.08663032553819315 0.03316042201760576 0.05519628294161613 0.19612969720385884 -0.10054897531014469 -0.13557233063548196 
0.15884320487661652 -0.07593472348491687 -0.09424897196604405 0.2388786927783087 -0.03354588704773543 -0.11561042464514551 -0.08611726689335245 0.0077353763810759524 
-0.15072025061470037 -0.15214476215198275 -0.027459859779666654 0.4623201688059755 -0.053417982612482116 -0.032393074629176996 -0.047403327772063575 0.0012190887558436666 
-0.05372608497364751 0.8558704745134058 -0.2471012665082259 -0.10949091086373651 -0.03334342364171711 -0.15081389158966696 -0.15882727665692883 -0.10256762027746288 
-0.022500609343707928 -0.0936998166819117 0.1722562370464849 -0.16013185840491892 -0.14096703201302127 0.13737520786778995 0.04706184822831707 0.06060602330158966 
-0.12506608863911772 0.7725260564674523 -0.19333233736537084 -0.119534760903827 -0.1827921867435313 -0.027923941610272975 -0.13204109841753583 0.00816435721574737 
other
-1.3866545386176856 0.8168103582394131 2.0915455251215738 -0.5251288300010901 -1.5564355159180947 0.5276714211185103 -1.9316402911723194 1.9638318712400389 
-1.3465915933895136 0.7165207562248456 2.171122065471185 -0.6300318002293978 -1.4620420013404916 0.5779840305831093 -1.988445932784812 1.9614844754745788 
-1.3781631233572675 0.8119130932286351 2.11039585879657 -0.6079235761604794 -2.116606408919287 0.5635940650322192 -1.3848241813419242 2.0016142727363326 
-1.390253400916818 0.7800637901482766 2.8477373385411497 -0.6870306107109627 -1.9424943676833244 0.5218122372956004 -1.959542156890133 1.8297071702277596 
-1.3688125322346367 0.7071628213833157 2.0122077319169978 0.15304410248006964 -2.019276681014029 0.5161707085405095 -1.9987075045534746 1.9982113535010342 
-1.330032601588559 0.6688248473723382 2.1199979288960735 -0.6260829840603468 -2.0190489060979555 1.2238257538681232 -1.9889715737874045 1.9514875354119015 
Ip_0IIp_3
0.0016802318093264693 -0.03979244793373321 0.009606483243382846 -0.03993037558150313 -0.020168263042266855 0.09542832720295132 -0.008609959371535572 0.001786003673286307 
-0.030285683069869944 0.03504823051237203 -0.008521809292921047 -0.022471123343678907 -0.0403969030865326 0.04800158003079638 0.047312152336198794 -0.028686444085914992 
-0.027121471616088345 -0.059657676600816854 0.1090555638874007 -0.07525850201235232 0.007707170416197612 0.04463160160107302 0.044523059015403973 -0.043879744690652145 
-0.012280667006082255 0.229583655401213 -0.045649329871142987 -0.012571497019485811 -0.05013822969853805 -0.03796710515851143 -0.030248936794755172 -0.04072788985208496 
-0.00695280794055539 -0.04254014757928417 -0.016186474274888177 0.07499774221267763 -0.02453475260672798 0.0015206078984860202 -0.011240185159341535 0.024936017449944666 
0.011059757897029444 -0.04121869673663843 0.06242347193804441 -0.018414035897824654 0.016964195337941513 -0.010703538627345655 -0.008274799205291433 -0.01183635470625059 
Ip_1Ip_4
-0.025103237710030913 -0.059221058293345036 -0.020545320571457595 -0.005997296237512568 0.10254935036546269 -0.02793083418390197 0.07894261283649516 -0.042694216205211265 
-0.025075301983935427 -0.056397183031172415 -0.04146772639794385 -0.06487669713247991 0.06781437790428982 0.13929354228075191 -0.024953880328258227 0.005662868688448404 
-0.043035868767161235 0.27684929085542354 -0.052690122211827416 -0.07274257959700518 -0.0656444023557243 0.023444425444925653 -0.0363604450400573 -0.029820298326997233 
-0.025094930619654652 -0.05913623785964438 -0.02229080377928952 -0.005623585712533431 0.10344047247373049 -0.027917309696042468 0.07900701744553715 -0.04238462225133949 
-0.025024010400271825 -0.0563755825352628 -0.04110091166148148 -0.06668423566220238 0.06910061739934387 0.1394362231638026 -0.024930194008283377 0.0055780937045247 
-0.04314696626388278 0.2771795749526246 -0.0527122862339727 -0.07270066306073462 -0.0658695899072596 0.021920442633037062 -0.034965919061468564 -0.02970459305654488 
IIp_1Ip_4
-0.027222388986037873 -0.05967192363167072 0.10889429632518217 -0.07501497751371417 0.009639637991443403 0.04443690976116117 0.04294950848098124 -0.0440110624273137 
-0.012198783629963551 0.22928414983721485 -0.04755999472743658 -0.012499294802553795 -0.04833719785383945 -0.03785842765232602 -0.030439479285602554 -0.04039097188502816 
-0.007048035092992609 -0.04228199471165906 -0.016005077853015658 0.07282140077465687 -0.024959257458086505 0.0015913288072766554 -0.009073264435273194 0.024954899969276155 
0.010811887922149582 -0.04097282426276363 0.06505275528364735 -0.01872329073420458 0.017187713046776288 -0.012751966440751094 -0.008276004513970207 -0.012328270300883605 
0.0016693454993545536 -0.040228775118905984 0.009201945622898826 -0.037390043165455404 -0.021514385152490857 0.09529046198006136 -0.008916149087524704 0.0018875994219827094 
-0.030263255107456716 0.03474734306788569 -0.008745570977229545 -0.022542361189117878 -0.042004084974951034 0.050360484711458625 0.04719984924399794 -0.02875240477384828 
II_1Ip_4
0.0015638962078386087 0.02512816155425 -0.017087678245496663 0.08858409564984117 -0.03293806573306469 -0.029242253443303938 0.027992660713135505 -0.06400081670290592 
0.017861644328907397 -0.08072945256990437 0.05364895526795841 -0.037500653984563426 0.062171434721848516 -0.027312556126493363 -0.021831461483074938 0.033692089844713724 
-0.047332314226352624 0.016249315915483422 -0.010963564421092652 -0.06374151803893309 -0.0287205074094111 0.10348120775570004 0.05635209926608175 -0.02532471884066218 
0.022544938909696458 0.07634253338171207 -0.00917533424109788 -0.030233345442644603 -0.007127020748852687 -0.049770721381393046 0.05308961519629701 -0.05567066567335745 
-0.017762828538772552 -0.05788469604134664 -0.00408819839679358 -0.06775259771573468 -0.011780976418155564 0.16047792035258332 -0.011506335186111393 0.010297711944266848 
-0.037830769602264176 0.13954206656573623 -0.057878295526506696 -0.06207450015465937 -0.038144997808882586 0.08122674803047993 -0.005132830779819951 -0.019707420723009815 
I_2II_5
-0.8094825588304706 1.3546601139820313 -0.6106326960369445 -0.7998543556523278 -0.46589989823681005 1.564416717758402 0.4619431358573902 -0.6951504588254003 
0.289803685213651 0.25378166998922597 -0.012682317265098117 1.2666952398169575 -0.5250567744728302 0.06719157315191611 -0.2788073072192949 -1.060925769214469 
0.3847714280687546 -0.7053904664508989 -0.3199515795550822 0.010568068930873128 0.18169594498852884 -0.7309323004232209 0.22686277546432726 0.9523761289687658 
-0.3708921134680094 -0.9088630852358577 0.17746003296539622 -0.4866151335584352 0.6681371354396628 0.31590638428514206 0.20374266104873429 0.4011241185247929 
0.1695101318216245 0.30060294012540034 0.13651870941767486 -0.21441425527276886 0.41361467691350673 -0.16674200472682071 0.02997827067785075 -0.6690684689539282 
0.8306507833568368 -0.8515961357063528 0.3066408516475716 -0.5940056769841972 0.8642079160327306 -0.6716196006807652 0.3152296130749479 -0.19950775075260116 
I_1II_4
0.28662627461353407 0.25064974971839593 -0.01543593529823012 1.2651162674373113 -0.5078359867590522 0.06451650640277484 -0.28227459334565985 -1.0613622827693392 
0.38165202134525583 -0.7083318246745335 -0.32254926623872426 0.007594256980283796 0.18714565524640106 -0.7330161046112281 0.2347833762724927 0.9527218856745029 
-0.37481601673125065 -0.9107771286543468 0.18892564889530036 -0.4908229718274618 0.6656256690610087 0.3127114580482683 0.21050457330418237 0.39864876790478965 
0.16581323303802836 0.29663140844732616 0.14382906384610653 -0.20277416943110035 0.412595501849238 -0.17078899685742518 0.02580868757299509 -0.671114728466322 
0.828127645482784 -0.857639184988618 0.30143985955721103 -0.5835528700795953 0.861840361452668 -0.6612418837650343 0.3105696831485364 -0.19954361082137667 
-0.8124844440997192 1.350978773551474 -0.6145181798189757 -0.8010592776100401 -0.45876862338997626 1.5729766199829787 0.4586314564529516 -0.6957563250524441 
II_2I_5
-0.3674930375716868 -0.9129565781155697 0.1822215601718615 -0.4888085819409161 0.6968329971388882 0.30492660291704066 0.19802898347093756 0.3872480539306533 
0.17635609783122086 0.2874862027924741 0.1301040094980085 -0.20723900777873724 0.44781912146454506 -0.17406147846163667 0.01919733628502065 -0.6796622816286637 
0.8359231524024533 -0.858340282770957 0.2978808055599486 -0.6011621854374977 0.8492902240604644 -0.665494956051067 0.34995193053460244 -0.20804868830914067 
-0.8062797230601598 1.348562890328783 -0.5646372554172249 -0.8108760456120988 -0.4582551997267415 1.5531174445967244 0.45470801478470513 -0.7163401258817121 
0.29543797945979 0.2401546596436793 -0.02776235811209074 1.3165703465211482 -0.521237433442843 0.056501519197304985 -0.2901477884811254 -1.069516924783086 
0.3926682764221486 -0.719936983543301 -0.328188040330205 0.0024213574102625052 0.17209790545452508 -0.6888062923733353 0.22864191524438557 0.9411018617067176 
IIp_0I_3
-0.2565875495258751 2.5951176863160668 -1.0759643806143082 0.17260557044201164 -0.7569674369365342 -0.18410772822924684 -0.44252366989349545 -0.05157249155304172 
-0.17389729927562944 -0.8477221983133205 -0.292143816204742 0.07289266178634476 -0.14120922209320347 0.07214086903833511 -0.36572009221488083 1.675659097272032 
0.1178233853940709 0.010355515768203639 -0.7320271201143275 2.7338281658563623 -0.5577612370817805 -0.11158906495030434 -0.28319128919688163 -1.177438355667688 
0.9340333358740002 -0.6947375975298545 -0.4329017416500117 -0.026607724697470143 -0.13656206095920553 -0.5841223098634925 -0.09032606314714979 1.0312241619600355 
-0.10578830836837697 -0.6293120930066229 0.12346714876304603 0.569624851071233 0.165083419223882 0.03627164656185507 -0.11699938822528524 -0.042347276019363625 
0.5502546718997893 0.3902800765055845 0.5484050263602932 -0.6707041266584267 1.158100348903131 -0.7606247223350815 -0.36756348927669646 -0.8481477854063948 
I_0I_3
0.08441117599132993 -0.5427654718205647 -0.15299318994732825 -0.1194518852413873 -0.11836623632530643 -0.35098039648608864 0.07808740236843592 1.1220586014545781 
-0.41741443515347254 -0.7269771049364804 -0.08802626599719815 -0.2487507027378813 0.15805633795816595 -0.07948288806002166 -0.1727325082043305 1.5753275671324884 
-0.31387789680435757 0.47030863415291907 -0.5054526637502921 2.511834574368461 -0.49606751203663174 -0.23871560324938657 -0.7886818917553969 -0.6393476409153882 
0.08437514544987874 -0.543133365517307 -0.14542246385268867 -0.12107278884540242 -0.12223132157338151 -0.3510390565705178 0.07780805871662763 1.1207157921890067 
-0.41763690336644005 -0.727070793283901 -0.08961726033261387 -0.2409108226103321 0.15247750061155907 -0.08010174126855775 -0.17283524344639106 1.5756952636997679 
-0.313396030972831 0.46887608503298417 -0.5053565312066024 2.5116527687724126 -0.49509080067969846 -0.23210559612401824 -0.7947304026593184 -0.6398494921542823 
Ip_2II_5
-0.04829252087278395 0.015814803260430745 -0.012239009095262847 -0.06447988103724704 -0.029830621553745273 0.10258705724120258 0.06170333901540341 -0.02526316695705648 
0.02152071222474225 0.07537312706404199 -0.0020572701757247793 -0.032043693030629865 -0.006120608106468085 -0.05104294492932093 0.05190785528106489 -0.057537178327443754 
-0.01860327910069661 -0.05950022896346558 -0.00642896729572121 -0.060121962461073555 -0.012798592691031839 0.15911695464700987 -0.012052333979149836 0.010388409844330435 
-0.038258730292921844 0.1374408043132641 -0.05770072013670517 -0.06330417921681201 -0.03885025197092845 0.08771111348922046 -0.006592517128018547 -0.02044551905621667 
0.0005404062803773042 0.024553350757324947 -0.018715258017593335 0.08997905807378552 -0.028602636585567477 -0.030558894221975812 0.02710490346281559 -0.06430092974850637 
0.017355520919134133 -0.082494866342476 0.05310375202869035 -0.0386660764640382 0.0675636682963502 -0.026806933152839114 -0.023337631521844593 0.033282566236389435 
I_0IIp_3
0.9332152532350656 -0.6960909237911997 -0.4123452501036133 -0.031111421158543134 -0.14366469862035694 -0.5853049583533839 -0.09171662917954397 1.0270186279567293 
-0.106738911157264 -0.6308855730676933 0.11855629096167006 0.591191772902854 0.15401472992148788 0.03398779795427286 -0.11845360472667653 -0.04167250278955592 
0.5510065499749455 0.3858253450564861 0.5477216955580948 -0.6719128006111198 1.1592581076100565 -0.742328488789977 -0.3800071343728646 -0.8495632744327245 
-0.25723514964944083 2.5955050899953123 -1.0912296215113144 0.17577135964299684 -0.7457819939149385 -0.18501282000457167 -0.44259249037039194 -0.04942437418306417 
-0.17379526897319386 -0.8488523815383145 -0.28952670737485803 0.057364318935425644 -0.1258810220753116 0.07278519320993182 -0.36668820549211517 1.674594073304136 
0.11629526169836399 0.012679049790074254 -0.7331653127392128 2.7334797252982095 -0.5612248967801438 -0.1245688152085602 -0.2670157323074968 -1.1764792797486032 
IIp_0Ip_3
-0.012119958847017281 0.22973836949112647 -0.04754022872227165 -0.012148598959466609 -0.049786655604249073 -0.03777058600038807 -0.03006423550583175 -0.04030810585107237 
-0.006812867974796837 -0.042280093538759944 -0.015682162136814268 0.07298833913990692 -0.02387889953820532 0.0017814096069865037 -0.011001719108670791 0.024885993550287044 
0.011061582126404528 -0.040760067653649375 0.06257001019166271 -0.018240270488530445 0.016986751522378555 -0.012420135932905547 -0.007479920288500991 -0.011717949477013602 
0.0018274759518736774 -0.03977520962287179 0.010544639295263914 -0.040113182341922085 -0.0212610072652428 0.09560292605929185 -0.008529644177047956 0.0017040021004282304 
-0.03022887578927235 0.03527327476975376 -0.00861202537703207 -0.02155089311078135 -0.04182576909941522 0.04803112654894554 0.04751222792909668 -0.028599065870719243 
-0.026939582109388856 -0.059734367388167335 0.10923802527984414 -0.07515267434193114 0.008094707451770496 0.04538505443795539 0.043057709624460046 -0.04394887295422447 
II_2IIp_5
0.21417912439224665 -0.5998978917484106 -0.1469522719064978 -0.02740147612894153 -0.1616417323243495 0.0843189714010879 -0.188288525601745 0.8256838019102153 
0.1067265066905515 -0.3786248149310492 -0.014323630382170051 0.050231173513198626 0.23754446496292897 0.03948531571679969 0.5551683491522503 -0.5962073647201279 
0.46347675642435127 -0.7842181700091149 0.21515696661639885 -0.24620899964687196 0.8994000022046728 -0.5607896048419817 0.12601284131206217 -0.11282979206590682 
-0.5396354067263681 0.4405336402443894 0.032327584766108815 -0.4445368897309971 -0.497201733174535 1.1168940021208131 0.315909459341406 -0.4242906568329051 
0.1858633097171273 -0.6449015343604318 0.6320962455638499 -0.8690924655503292 0.4698154638359814 -0.025724369196598703 0.15479968732954225 0.09714366265587143 
-0.311581216111843 2.2136971299110795 -0.8052347107872663 0.059798624787629526 -0.42370452855421287 -0.4323109375389388 0.0030975886836798706 -0.30376195037922343 
II_0IIp_3
0.45484306219222276 -0.7847173801027413 0.21215949757098398 -0.24633495991918267 0.9062789877018697 -0.5623880765482728 0.1285005812260559 -0.10834171212836095 
-0.5476239448945552 0.4379241430390011 0.03668218486650902 -0.4472353347422762 -0.48718727715740856 1.1158936628048983 0.3127632781422406 -0.4212167120532764 
0.17746134588465518 -0.6463266083946265 0.6286647983381479 -0.8646834340637528 0.4671018523419929 -0.027036045984229436 0.1625141377572585 0.10230395411461553 
-0.31989776028095485 2.211376847627099 -0.7941586656503491 0.056531103918875544 -0.4231935462872216 -0.4287535653314156 0.0002517576276828422 -0.3021561716170477 
0.20580797646985255 -0.6023876070227167 -0.15156856836792426 -0.014314440434803545 -0.15886336968845605 0.0822211980284917 -0.19140217341586602 0.830506984427249 
0.09939260538770524 -0.3826238079676687 -0.016310256578766048 0.048060294999863196 0.24107968160528523 0.050887252771023114 0.5517819768689517 -0.592267747087589 
II_2Ip_5
-0.03805873034062513 0.13743351014453864 -0.05925904110552673 -0.06299637600260527 -0.037447246986032516 0.08749017218027046 -0.006639803777034214 -0.020522484112064365 
0.0008500274094179176 0.02430585594080922 -0.018493327783807207 0.08840510563289751 -0.026714834039228155 -0.030584218194343933 0.026917778669590935 -0.06468638763475382 
0.017479685388332403 -0.08232228684432286 0.052909892029833754 -0.03877211250743925 0.06703669425740837 -0.028144528066982546 -0.021315611835931086 0.03312826757860229 
-0.04811219915622025 0.01560658236309734 -0.009662545371423645 -0.06505734131404378 -0.03053854953908917 0.10233407847406871 0.061503487626544645 -0.02607351308214245 
0.02170883138013557 0.0750744639525996 -0.0027042683568723655 -0.02933586114341363 -0.0072797116266207235 -0.0514062582494211 0.05166462119240563 -0.05772181714849238 
-0.018215941530262195 -0.060110042342573965 -0.006570324091332606 -0.060327292414397236 -0.012792131611832607 0.161389443619237 -0.013333734597545723 0.009960022969111621 
IIp_2IIp_5
0.041016731644773693 -0.11963399168417412 -0.07126729050082597 0.015347576264237753 -0.06419575797924623 -0.03903099695144222 -0.036090472026297525 0.2738542012316563 
-0.05587318061451936 -0.12410285900381167 0.2784857766679594 -0.1757231119949028 0.005966833813485599 0.009043086822521428 0.121860426635837 -0.0596569723262772 
-0.09673734447820363 0.39144152938690013 -0.12074831072849221 -0.06609998804893606 0.07946394504098406 -0.07897458133073154 -0.05392073244815631 -0.054424517391258746 
0.04104511581366723 -0.11934417209396826 -0.07723136314514616 0.01662449299913686 -0.06115091803785999 -0.03898478566312216 -0.035870410461152344 0.27491204058668606 
-0.0556979244280539 -0.1240290531225988 0.2797391314552937 -0.1818992190181368 0.010361734750602113 0.00953060749712195 0.12194135948692932 -0.05994663662136671 
-0.09711694912762642 0.3925700640757036 -0.12082404210059541 -0.06595676509151295 0.07869451058865526 -0.08418181801906766 -0.04915583170147952 -0.054029168621908236 
Ip_2Ip_5
-0.04385324176056441 0.27652350922049673 -0.05387096540859513 -0.07277932205740135 -0.06269003850204956 0.02245539655806723 -0.03572998046882721 -0.030055357579608203 
-0.02560445415255505 -0.06037603630074009 -0.02110276529643735 -0.006722091266846925 0.10758781820659225 -0.028581125066180824 0.07783481363549226 -0.04303615975886467 
-0.025748635553915718 -0.05698419714051144 -0.0423504184127993 -0.06565835177039653 0.0675849996293539 0.1386387872314255 -0.021134007898802216 0.0056518239159413074 
-0.04388340286927667 0.276215545997128 -0.04753352274602877 -0.07413617786307493 -0.06592549516007051 0.022406292295248 -0.03596381859170649 -0.03117942106090869 
-0.02579068193677397 -0.06045446266619877 -0.022434584101281695 -0.00015934019523645702 0.10291778241754036 -0.02909916609399253 0.07774881412905002 -0.04272836155274683 
-0.025345266439580977 -0.058183381709421604 -0.04226994601461391 -0.06581054094289687 0.06840260313878127 0.14417201358721018 -0.026197206668501314 0.0052317250494859965 
Ip_1I_4
-0.05458246901583816 0.8553455857103055 -0.24365352025778458 -0.11033188012746828 -0.03162438298269158 -0.1518746058673297 -0.15960545017824554 -0.1036732772773971 
-0.02305995178503185 -0.09508584245872781 0.17092553318093445 -0.156271505255738 -0.139326382971189 0.13648842339305262 0.045808916108890395 0.06052080978675406 
-0.1255191309948243 0.7713008100959238 -0.19425561300031968 -0.12034609765735844 -0.18386167669881084 -0.024544014951572764 -0.13073400723873002 0.007959730449113644 
-0.12332997772272092 0.16029345926582433 -0.08467311250523585 0.03263857811027077 0.057676286007340274 0.19508053199064038 -0.10127215133372303 -0.13641361381062142 
0.1583276622319175 -0.07730230379241206 -0.09526643904585472 0.24119552135636435 -0.03080687012447156 -0.11637536859171077 -0.08734997238048828 0.007577770345551876 
-0.15126816326668016 -0.15308796661330368 -0.02840206209975141 0.46154462614633024 -0.054679768617373295 -0.03031453373766354 -0.04490539884455904 0.001113267035516366 
Ip_0II_3
-0.018498945223445137 -0.05944853561817696 -0.006294261491547112 -0.05999594428585157 -0.012385783668305962 0.15919974980316978 -0.01293835427400638 0.010362074758111413 
-0.038120415204006955 0.13751795901776673 -0.058853266502428496 -0.06307004553066602 -0.03871787991226372 0.08788391244072345 -0.0064735691771044025 -0.02016669513155085 
0.0006307444188404304 0.024789911474601006 -0.01839997100441378 0.08872525264468673 -0.02853734464191419 -0.030380535071019354 0.02748139371279321 -0.06430945153289672 
0.017373091899688425 -0.08219999922940592 0.053456704970267346 -0.038558130776692366 0.06768274000227714 -0.027900770165169442 -0.023157322115121993 0.03330368541376689 
-0.04816752489260808 0.01582365927614805 -0.012095451779082474 -0.06429013403928024 -0.030558614113880694 0.10273019362671156 0.061769445221095017 -0.025211573298218905 
0.021586489281871766 0.07554850617007204 -0.002021765275641873 -0.0319097534750455 -0.007016492525408027 -0.050769106307432664 0.052078070697808315 -0.05749594856588584 
IIp_0II_3
-0.31987580722679776 2.2120409485740864 -0.8082185282553033 0.05953583864017466 -0.4158293313372311 -0.4286999715178993 0.0007356933451469019 -0.29968884221330055 
0.20619661355955848 -0.6022855197625646 -0.14864632181145923 -0.028858634195222863 -0.14827890679124195 0.08333811130201835 -0.19127594034928624 0.8298105980421744 
0.09846171983284327 -0.3799940331562317 -0.016540550303374188 0.048358936667021346 0.23918474262476982 0.03863136364971069 0.5632322818508946 -0.5913344611644963 
0.45472981120251804 -0.7854337944921398 0.22650866606057082 -0.2494126405864171 0.8991395307928002 -0.5625546037842114 0.12793628426384973 -0.11091325346369872 
-0.548070116290269 0.43767466624222967 0.0336342500971957 -0.4323605011144346 -0.497537314027082 1.1146883391054039 0.31250399882145097 -0.42053332282916495 
0.17833865431599483 -0.6490724517183988 0.6287952404785646 -0.8650670150478115 0.46887200743139335 -0.014487986894359702 0.15126750030568753 0.10135405112432874 
Ip_2IIp_5
-0.006591139353403349 -0.0420879624724128 -0.01538716114173843 0.07304271048656995 -0.02526074096196274 0.002057573944232557 -0.010754682953030021 0.024981402451686497 
0.011222504773078375 -0.04043153291778943 0.06274231545643916 -0.017968147285624136 0.01602241028725646 -0.012244747830076891 -0.007686825474751666 -0.011655977008731002 
0.0020720499010408837 -0.039633332614964004 0.01014269400833703 -0.03981499321090917 -0.020901592630354016 0.09585149922703505 -0.009556981306332419 0.0018406566261369298 
-0.029977466262746638 0.03555821241881736 -0.009887123444690102 -0.021884352595302893 -0.041789019622484755 0.0483803918225389 0.04783278307070939 -0.02823342538627952 
-0.0267745283206945 -0.05924620077108839 0.1097632860024808 -0.07664797671003533 0.008306257734073768 0.045063199964642524 0.04345812977134348 -0.043922167670645725 
-0.011988574168595507 0.2301708909464906 -0.04723316920181522 -0.011965501573832981 -0.05002276042828082 -0.03903263694596613 -0.029741421036131723 -0.040186827591067724 
Ip_1II_4
0.021333383041488956 0.07550982608691305 -0.0023623239080963736 -0.03183633082271013 -0.005721249247597189 -0.051275007628722814 0.05192443368344323 -0.057572731204205564 
-0.01860599827047493 -0.05985477388609781 -0.0063708626041292776 -0.06029023261209395 -0.010931906889042045 0.15907178719504045 -0.0132919382209982 0.010273925287452855 
-0.038341146755254255 0.13744873615309997 -0.059149305821584716 -0.06326081365881737 -0.039391752370381145 0.08769416143932134 -0.004874411215973917 -0.020125467769595735 
0.0003810797111060647 0.02458890068293969 -0.016313375596910307 0.08827400647673903 -0.028449350839092565 -0.03069975010926107 0.027050294639356005 -0.06483180496431992 
0.017195923958333057 -0.08262480091870326 0.052635330463313965 -0.036291684365035576 0.0674704034464859 -0.02822506772371649 -0.02353511886446984 0.03337501400305874 
-0.048227046441731 0.015298642794960193 -0.01231125379868856 -0.06478281627828739 -0.03074632520786925 0.10467622056182742 0.06143504805198697 -0.025342469681258577 
Ip_1IIp_4
0.010454784698180534 -0.04096924544054207 0.0617136608892846 -0.018054035234163834 0.02043738386410159 -0.013185246266585753 -0.008441860099684586 -0.011955442410663633 
0.0015640760494720133 -0.04078397795472602 0.009634492479335835 -0.040719058587330395 -0.017197105700213433 0.09529477622766501 -0.009406431467855995 0.0016132289534477766 
-0.03077440405149331 0.035124794463303764 -0.009217395274198174 -0.022785687115669005 -0.04310729318626368 0.04760928397487093 0.051671141542058964 -0.02852044035199506 
-0.027622697506443708 -0.0601094971061555 0.11463348522645517 -0.07628939583456193 0.008254569893498221 0.04393328887945966 0.04244868359655837 -0.04524843714850326 
-0.01257082134461112 0.22861660251153 -0.049035256596377114 -0.0064272763060159365 -0.0507096685342631 -0.03859619873142317 -0.031052954556793258 -0.04022442644121844 
-0.0069813643568310485 -0.04362235566104981 -0.016361626751523025 0.0723600663396132 -0.024891261971444114 0.006766384617812491 -0.011854921830087762 0.024585079613746452 
II_1I_4
0.17204468300843995 0.29949839157477287 0.1391917689920645 -0.20102137311874696 0.3892434262305928 -0.16310939067711572 0.03079190073998755 -0.6666394067469786 
0.831649819722416 -0.8476512344214444 0.3068953072218968 -0.5904990493479323 0.834348150640312 -0.6563907833021174 0.3195488459621158 -0.19790105648473053 
-0.8078083565467583 1.356090998485765 -0.6074282708556534 -0.79556229327189 -0.44817275631197556 1.566194873194313 0.4323115471792149 -0.6956257418595554 
0.29300373982598293 0.25500763708077867 -0.05075390690192898 1.2734378418172922 -0.5155246465262523 0.07243383497242453 -0.2761593286179397 -1.0514451716486322 
0.3860757571052349 -0.697964198252603 -0.31064624904035115 -0.0311233567517681 0.18226191066764036 -0.7256570762417333 0.24417887785090958 0.9528743346522417 
-0.37209271014455386 -0.8998594398947108 0.19562597679791063 -0.4845892128854053 0.6722633734673854 0.27914238737520564 0.2086965015401145 0.4008131237425748 
