II_0I_3
0.8316498197221727 -0.84765123442169 0.3068953072216534 -0.5904990493481764 0.8343481506400678 -0.6563907833023621 0.31954884596187005 -0.19790105648497647 
-0.8078083565471913 1.3560909984853333 -0.6074282708560859 -0.7955622932723235 -0.4481727563124053 1.5661948731938815 0.43231154717878445 -0.6956257418599872 
0.2930037398262691 0.25500763708106494 -0.05075390690164548 1.2734378418175778 -0.5155246465259683 0.07243383497270829 -0.2761593286176554 -1.0514451716483473 
0.38607575710541325 -0.6979641982524254 -0.31064624904017346 -0.031123356751591683 0.18226191066782027 -0.7256570762415531 0.24417887785108938 0.9528743346524193 
-0.37209271014429574 -0.8998594398944505 0.19562597679816776 -0.48458921288514795 0.672263373467644 0.27914238737546293 0.20869650154037148 0.4008131237428324 
0.172044683008201 0.29949839157453517 0.13919176899182656 -0.201021373118986 0.3892434262303541 -0.16310939067735314 0.03079190073974855 -0.6666394067472188 
IIp_1I_4
0.5441467884089461 0.36928547878844636 0.5416232531987252 -0.6842862502160846 1.2167579076449437 -0.7495716186062751 -0.3851858353668801 -0.8527697238543774 
-0.2682005316496634 2.5900936562525825 -1.0910256138545893 0.1646380181118746 -0.7654729096388722 -0.19480438642203285 -0.3843197738185599 -0.05090845897421924 
-0.18584618297997982 -0.8595388326120824 -0.21430713821241537 0.052192461044748395 -0.12560827391411408 0.057753625712345165 -0.37977528869734256 1.6551296296571416 
0.10760324694248763 -0.007682119249749198 -0.7586139042872475 2.8170015565706197 -0.5703838804374157 -0.12708263823507734 -0.284734192143745 -1.1761080691531107 
0.9282319462615548 -0.7184008421215617 -0.42507838699330514 -0.04145391435878002 -0.14415926888860653 -0.5138495008036312 -0.10716831006504143 1.021878276955872 
-0.11793271381259192 -0.6368814388838884 0.1038121578595688 0.5912973969410539 0.2121341684887677 0.02083025974365215 -0.12792018204650935 -0.04533964828847069 
IIp_2Ip_5
-0.030152855179077315 0.0350434707047291 -0.008519092815371257 -0.022473030249165946 -0.04041942496071847 0.04798680430157203 0.04731972347977561 -0.028785595280890853 
-0.026988251762593753 -0.059663620711101796 0.1090590342850157 -0.07526068339306155 0.007692775005135639 0.04461700452421916 0.044523136152389266 -0.04397939409994988 
-0.01214729705089473 0.2295781067023132 -0.045655013619847154 -0.01257269628074761 -0.0501547867228 -0.03798118351098736 -0.030241724493608697 -0.04082540502256021 
-0.006819704175309193 -0.04254479120757357 -0.016181784864768987 0.07498611336467964 -0.02455035637321349 0.001506599585938916 -0.01123248661769494 0.024836410288127185 
0.011192380206759068 -0.04122286439623044 0.06242682312533353 -0.01841599182815659 0.016948588743666067 -0.010726332527033417 -0.008267221535858803 -0.011935381788526265 
0.0018135570843479628 -0.03979845284389924 0.00961018766922582 -0.039933584864804236 -0.02018961301438156 0.09541417610825859 -0.008603093474053079 0.001686823335171123 
IIp_1II_4
0.1785417517435463 -0.6465359013106626 0.6302095062558565 -0.8640068146547208 0.47330588862728507 -0.0261736527406542 0.1527352651671266 0.10192395690704799 
-0.3187986906768023 2.2123768564211588 -0.8066565418541505 0.05881561837501002 -0.42446508678967604 -0.4272112928359719 0.005032612462257916 -0.29909347509310874 
0.2064316277869476 -0.6002451459868612 -0.14381035185652088 -0.02809350373840163 -0.15758245457119302 0.08359643149765313 -0.18963040156074376 0.829333798426998 
0.09943775267561769 -0.3802453671046145 -0.015975770276309822 0.0541607981166453 0.24185751491529558 0.03912728491750309 0.5531190757726182 -0.5914812890146768 
0.4561882285318358 -0.785327207559147 0.21372096036489538 -0.24716519799029735 0.898495423398705 -0.5566646360147032 0.12883974577242896 -0.108087316512271 
-0.5473882162010499 0.4401321383918058 0.03658584311056152 -0.4454679270139096 -0.4937123799739817 1.1161628125180671 0.3145263928786456 -0.42083866370354317 
IIp_2I_5
-0.09208967497313159 -0.631410519648173 0.11885588406900388 0.5909814653432778 0.15153085207706776 0.03235822191664164 -0.11761860336414148 -0.05260762541833318 
0.5656990146935221 0.3851697848814687 0.5481044365185679 -0.6721533793094061 1.1576704758614438 -0.7439383617245221 -0.3799986271378552 -0.8605533437927754 
-0.2425261306175193 2.59489313868975 -1.0918564671020223 0.17563909629204552 -0.7476080242615565 -0.18656548420638003 -0.4417970647871618 -0.060179064002094954 
-0.15911560731961252 -0.8493645149988603 -0.2890095247543133 0.056081804098369895 -0.1276019201420384 0.0712402535314357 -0.3658391537271719 1.6636086633071505 
0.13092182489290105 0.012219409650634139 -0.7327957191749749 2.7332640109195654 -0.5629461067219165 -0.1270826940237208 -0.2661800112244071 -1.1874007143152665 
0.9479193446141642 -0.6967531894244173 -0.4119366987902468 -0.03146536451097563 -0.1460193304839133 -0.5868656450972544 -0.09095940753439657 1.0160802912143452 
II_1II_4
1.3912300166426208 -0.5733278730923621 1.329531119584929 -0.6855509904322564 0.16282128286396552 -0.944504792373302 1.1249852787494337 -1.805184041955771 
0.4190754435403053 -2.045311712340253 1.2864353446528363 0.025612402379616043 1.9381401592536118 -1.5252502031491895 -0.11831782909375806 0.019616394742097806 
-0.8622606441628117 0.15107573912896058 -1.4339023848399153 -1.1957728183247716 -0.733377461694586 3.0471415666916215 1.7526227977895013 -0.7255267945792055 
1.3938374201064085 -0.5722298136497077 1.348178116752912 -0.7774370639744393 0.2282071625468506 -0.9372516213388098 1.1261893708880955 -1.8094935713429234 
0.4134278113653266 -2.0285217472352004 1.2853086383948822 0.027743226075359714 1.9266927684597457 -1.6027217449323778 -0.04742721486345852 0.02549826271375248 
-0.8626829344220692 0.14676389931054962 -1.3451708885193279 -1.2147703623400794 -0.778677581290107 3.0464540504574056 1.7493487947502908 -0.7412649779385977 
I_1IIp_4
0.11620253664596455 0.011881807760769799 -0.7341074101763185 2.7336139124024568 -0.5718470449113277 -0.11243445296231898 -0.26698009995080224 -1.1763292488073387 
0.9326725892461697 -0.6959598603577722 -0.412650749488159 -0.029517687236754547 -0.13306310435547122 -0.5858902189539156 -0.1022183823898337 1.026627413523679 
-0.10630115245179478 -0.6320143284311245 0.10555725749724953 0.5923483317246266 0.16303034756155987 0.03514527929623897 -0.11896398100060387 -0.03880175419921919 
0.5504425976943099 0.3878793378909736 0.5496562734354978 -0.6864982059713335 1.1575303443773846 -0.7413311633535327 -0.368495484440262 -0.8491836996387416 
-0.25877055337279425 2.5977017376279155 -1.077602600744755 0.17469179369545484 -0.7442636801734474 -0.19840376744602498 -0.4419973389766308 -0.051355590605258385 
-0.17384155417615652 -0.8508624771661275 -0.29095085224391376 0.07002655625885115 -0.13469222837432723 0.07267602352647783 -0.367926707551513 1.6755712397211027 
Ip_0Ip_3
-0.025075301983893877 -0.056397183031131067 -0.04146772639790235 -0.06487669713243838 0.06781437790433142 0.13929354228079377 -0.024953880328216733 0.0056628686884900095 
-0.043035868767197547 0.2768492908553872 -0.05269012221186375 -0.0727425795970416 -0.06564440235576043 0.023444425444889453 -0.036360445040093725 -0.02982029832703361 
-0.025094930619705778 -0.05913623785969538 -0.02229080377934051 -0.00562358571258463 0.10344047247367927 -0.027917309696093497 0.07900701744548583 -0.04238462225139064 
-0.025024010400334768 -0.056375582535325805 -0.04110091166154425 -0.06668423566226533 0.06910061739928114 0.13943622316373946 -0.024930194008346486 0.005578093704461757 
-0.04314696626388835 0.2771795749526184 -0.05271228623397827 -0.07270066306074 -0.06586958990726513 0.02192044263303147 -0.034965919061473935 -0.029704593056550134 
-0.025103237710044694 -0.05922105829335872 -0.02054532057147158 -0.005997296237526384 0.10254935036544918 -0.027930834183915572 0.0789426128364813 -0.04269421620522535 
II_1IIp_4
0.1001542748187049 -0.37838930294918627 -0.014458039804239955 0.050325525875865904 0.2386588316731702 0.04021640854899425 0.5547937342235555 -0.591301432386261 
0.4568851305068998 -0.783924059557314 0.21498525374953406 -0.24610106644371993 0.9001122771549994 -0.5600673516081961 0.12600902462675093 -0.10789920843615144 
-0.5462344595694026 0.4408081860172311 0.0326088127095661 -0.44447755111463744 -0.4963825031008718 1.1175905892343232 0.31555259968615085 -0.41946567385721845 
0.1792774277656506 -0.6446717708554549 0.6318642168040787 -0.8685170782208387 0.4705875273742435 -0.02503124761221933 0.15441876882967717 0.10207215590960846 
-0.31814327597614567 2.213903342817432 -0.8054005252076583 0.059895402864800336 -0.42293232509659956 -0.43118311119641844 0.002722650859364337 -0.29886215905645364 
0.20758228229122533 -0.5996007729602509 -0.14713556432727368 -0.02724268301831828 -0.16058535051810555 0.08501915774741337 -0.1886282454456632 0.830591176223759 
Ip_2I_5
-0.15164855892412288 -0.1538687382973694 -0.02845471876812179 0.46084571093611776 -0.04865620511656398 -0.033364600738766605 -0.04577951442354473 0.0009266253334859721 
-0.05509749460396231 0.8550672682422881 -0.24429842343710034 -0.11119047202443036 -0.035171436276735066 -0.1522091262854508 -0.15365852373793878 -0.10344179187512995 
-0.023882317407925957 -0.09532114483649179 0.1785731917375064 -0.1576205861935576 -0.1412284572825037 0.13545690136904756 0.04527061347421817 0.0587517991403411 
-0.12595998978469597 0.7698178673483115 -0.19612678045645415 -0.11196322883145687 -0.1839500843793997 -0.02558189659558778 -0.13423079712101849 0.007994909822277364 
-0.12326727393642409 0.1584941416349401 -0.08833825532592468 0.03223831434365997 0.0568692831230439 0.20249079629814132 -0.10227432486069024 -0.13621268127454972 
0.15763943060345198 -0.07706913973179587 -0.09580311465818464 0.23849577180707462 -0.02588616704221659 -0.11708231387586683 -0.0875194920469354 0.0072250249427572655 
IIp_0IIp_3
-0.09825597256275162 0.389197560515878 -0.12204650997825842 -0.06801935079744587 0.08577773589898707 -0.08020520501591456 -0.05187145760640508 -0.05457680045229402 
0.038946367137980185 -0.12037463514238292 -0.07364658201119012 0.014420674867702021 -0.06351441150242054 -0.040765892544060045 -0.029085622389541172 0.2740201015825811 
-0.05781320937374119 -0.12612351476829373 0.28805560702881433 -0.1786920296623648 0.010066062156775945 0.007063467279557696 0.1195927492146811 -0.062149131874780696 
-0.09859716376424159 0.3890538741912452 -0.12448655865360847 -0.055995619040002276 0.07722168112676256 -0.08115431710164894 -0.05202901881593785 -0.054012877940923326 
0.039685386792573815 -0.12257168229940262 -0.07349914711396008 0.01414184640591318 -0.06201646572112272 -0.03062837114041128 -0.03836199797914402 0.27325043105468605 
-0.05775795067565708 -0.12555928992600832 0.27644466677342583 -0.17620611025717456 0.015993799251140903 0.007153432063722834 0.12002116815559301 -0.060089715384742 
Ip_0I_3
-0.0230599517849819 -0.09508584245867831 0.17092553318098408 -0.1562715052556877 -0.13932638297113947 0.1364884233931031 0.04580891610894018 0.06052080978680445 
-0.12551913099495318 0.7713008100957945 -0.19425561300044858 -0.12034609765748758 -0.18386167669893927 -0.024544014951701196 -0.13073400723885872 0.007959730448984898 
-0.12332997772263017 0.16029345926591543 -0.08467311250514561 0.03263857811036117 0.05767628600743075 0.1950805319907312 -0.10127215133363185 -0.136413613810531 
0.15832766223187095 -0.07730230379245864 -0.09526643904590108 0.24119552135631792 -0.03080687012451827 -0.11637536859175744 -0.08734997238053482 0.007577770345505179 
-0.151268163266828 -0.1530879666134509 -0.028402062099898977 0.46154462614618097 -0.05467976861752096 -0.030314533737811095 -0.04490539884470667 0.0011132670353690656 
-0.05458246901594121 0.8553455857102024 -0.2436535202578876 -0.11033188012757113 -0.031624382982794394 -0.15187460586743212 -0.1596054501783486 -0.1036732772775006 
II_2II_5
-0.8604275908807046 0.1301467928566416 -1.3617037630170432 -1.2220957899169493 -0.6867723406163772 3.028137133899967 1.7320000028305078 -0.7592844451416959 
1.3951590186511724 -0.5925659925294009 1.3165128480800556 -0.703065816295545 0.20303790558590926 -0.95829785299535 1.1588508835993838 -1.8196309941039082 
0.4181405341347976 -2.0564104612705107 1.3369935227808667 0.0031063538539648 1.918245460664177 -1.5447381492549297 -0.06873173588459207 -0.006605525033932063 
-0.8625583080104646 0.1292494809917644 -1.3769417102045645 -1.1470083577022674 -0.7402043528820644 3.022209989911326 1.7310160432009931 -0.7557627852946278 
1.3997741489065754 -0.6062864108493805 1.3174335695392492 -0.7048070821229768 0.21239248073619585 -0.8949896832375732 1.1009205141150398 -1.824437537094089 
0.4184856211528431 -2.052886913386621 1.2644839469705929 0.018630760800674714 1.9552637979185656 -1.544176324959424 -0.06605628712828582 0.006255398613505017 
I_1I_4
-0.318616548978725 0.453498859494814 -0.5091301197198834 2.500551992683622 -0.4292911729788329 -0.24464308244765476 -0.8089261219284396 -0.6434438061153313 
0.07557800786048328 -0.5469959670333556 -0.16452103113136393 -0.1286366291225637 -0.1438512306500589 -0.3584532154309055 0.14322686834939427 1.1236531971550654 
-0.4282492447438818 -0.7344198373888629 -0.0027394353085797058 -0.26735760946726084 0.15467575669618555 -0.09299061643160016 -0.18310712586957967 1.5541881125134 
-0.3215582201220493 0.45226002944014315 -0.5301676515962972 2.6042178099605375 -0.5030594862208998 -0.2528261059910529 -0.8102845780120186 -0.6385817974473648 
0.08194966335128948 -0.5659383963661799 -0.1632498817561 -0.131040623236786 -0.1309362906977836 -0.2710498649018322 0.06324811663864409 1.1170172769663793 
-0.4277728171070169 -0.7295552220936999 -0.102846260310732 -0.24592459083125062 0.20578332653336176 -0.09221496099668987 -0.17941339745387172 1.5719439222626967 
I_2Ip_5
-0.12471944211867583 0.7709747629165181 -0.19396609901826686 -0.1203826542597605 -0.18160817048805727 -0.024520305082462314 -0.13311562017618928 0.0073375282301997805 
-0.12258667604938715 0.16042104681690716 -0.08764282562738274 0.03300427951254818 0.05700109455459627 0.19522879457247558 -0.09923735538364796 -0.13618835839493984 
0.15894137216497786 -0.07698013205436952 -0.09228837817246527 0.23781443636723826 -0.03057681931815864 -0.11634464012803801 -0.08709110061917004 0.006525261759428057 
-0.15074279238065805 -0.15285282956834695 -0.02868824395387953 0.4642241231940646 -0.0547096003915889 -0.03323429000929052 -0.04481893853046347 0.0008225716425188641 
-0.0536917612838417 0.8548384029640481 -0.24345832875224177 -0.11069809686881504 -0.03356982149706819 -0.14952406378204175 -0.15972365132420047 -0.10417267945262153 
-0.022526155313035357 -0.09467851260719687 0.17069512677996715 -0.15586270606926386 -0.1401027389428158 0.1362828497008947 0.046119374985641136 0.06007276146604392 
II_0II_3
0.46427504196597547 -1.8806690419132404 1.3207854881242633 0.13526209033275885 1.2784729059955058 -1.4681738330298153 0.08995305656337359 0.06009429194720401 
-0.7773831466175402 0.1878092785815675 -1.2339855100548054 -1.12418375734917 -0.5205697774776394 3.11804663751894 1.1077235844372677 -0.7574573090313446 
1.4969686679178198 -0.5025923210011058 0.4902586803462155 -0.5043002892316593 0.20536406253000444 -0.8126212398490659 1.224803265333397 -1.5978808260565924 
0.4931999753593552 -1.8684878445348672 1.5276438276928068 -0.884065602561228 2.0038237161383314 -1.3877116061489618 0.10331051557994074 0.012287018456165897 
-0.840034510989929 0.37406684445084004 -1.2464844976079028 -1.1005457073270577 -0.6475601036145457 2.258624911185244 1.894140540417793 -0.6922074765018044 
1.4922840390177925 -0.5504252249953124 1.4745914300730216 -0.7150473803321656 -0.2971676554430742 -0.8202481228984763 1.1884834854608206 -1.7724705708953348 
I_2IIp_5
-0.164914156690059 -0.8480441038332456 -0.2919601009885112 0.07276369787459654 -0.14273237514843862 0.0711415873198394 -0.3652080562153816 1.6689535076737787 
0.1268330363994013 0.009953515933771718 -0.7317924173227512 2.7336806392060047 -0.5587347979000616 -0.11257626441445136 -0.28318607242588284 -1.184177639466942 
0.9430531382446634 -0.6951128557186037 -0.43328613324923704 -0.026688830669753336 -0.13768181155694717 -0.5850744280313802 -0.08983829563916834 1.0246292166057014 
-0.09678650840432591 -0.6296261413184683 0.12378429330019496 0.5688383927535777 0.16402813739829705 0.03532426519407529 -0.116478736296588 -0.04908370262370161 
0.5592239110511604 0.38999821792539846 0.5486316669607966 -0.670836406116388 1.1570448758304082 -0.7621662724580834 -0.36705101193272766 -0.8548449812686716 
-0.24757076886900378 2.5947115745889553 -1.075713850507413 0.17238852679844394 -0.758411334317722 -0.18506476594580598 -0.44205932964205985 -0.05828005209552753 
I_2I_5
-0.41272908079871956 -0.7271450017963309 -0.08793044531103898 -0.24881796668496886 0.15726190419128647 -0.08000408528126533 -0.1724654446377352 1.5718301203170069 
-0.3091787164036522 0.4700989623530063 -0.505330249379559 2.51175762861958 -0.496575293959954 -0.23923049870655208 -0.7886791708344417 -0.6428626616775863 
0.08907962051683263 -0.5433290896276464 -0.14562295169288558 -0.12111509143812733 -0.12281535197158257 -0.35153565461108083 0.07806246452108141 1.1172760542972668 
-0.41294181784855033 -0.7272345920455375 -0.08945184666823296 -0.2413210171356985 0.1519270953101089 -0.08059586872792021 -0.17256368605400121 1.5721817331693835 
-0.30871792825780714 0.46872907553009374 -0.5052383218478245 2.5115837755299855 -0.49564130572962717 -0.23290962528343084 -0.7944631088996124 -0.6433425610330494 
0.08911407501771071 -0.5429772882678882 -0.15286252049427382 -0.11956508909738398 -0.11911933256280632 -0.3514795604244848 0.07832958917550431 1.11856012665039 
I_0II_3
0.3816520213448468 -0.7083318246749429 -0.3225492662391333 0.0075942569798765625 0.18714565524599125 -0.733016104611638 0.23478337627208368 0.952721885674094 
-0.37481601673123965 -0.9107771286543327 0.18892564889531288 -0.49082297182745077 0.6656256690610204 0.3127114580482805 0.21050457330419545 0.3986487679048034 
0.1658132330380286 0.2966314084473263 0.14382906384610514 -0.20277416943110257 0.41259550184923555 -0.17078899685742735 0.025808687572994503 -0.671114728466323 
0.8281276454829947 -0.857639184988407 0.30143985955742153 -0.5835528700793847 0.861840361452879 -0.6612418837648228 0.31056968314874916 -0.19954361082116653 
-0.8124844441002488 1.3509787735509438 -0.6145181798195043 -0.8010592776105689 -0.458768623390506 1.5729766199824486 0.4586314564524224 -0.695756325052972 
0.28662627461353846 0.2506497497184014 -0.015435935298226792 1.2651162674373169 -0.5078359867590474 0.06451650640277884 -0.2822745933456563 -1.0613622827693359 
IIp_2II_5
-0.5463720910955923 0.43787928361078143 0.03670778666418202 -0.44725330662165697 -0.487399537500756 1.115754407016068 0.3128346333737038 -0.422151175435037 
0.17871689378702305 -0.6463826294379715 0.6286975055536519 -0.8647039927709534 0.4669661809110825 -0.027173618040723314 0.16251486474493856 0.10136479524667864 
-0.3186407977258023 2.2113245531897627 -0.7942122328822 0.056519801324414615 -0.42334959012416734 -0.4288862486025027 0.0003197309013413929 -0.3030752160727745 
0.20706243028340612 -0.6024313715036658 -0.15152437240988106 -0.014424038030879667 -0.1590104294227765 0.08208917485811444 -0.19132961750487612 0.829568223726245 
0.10064252166081716 -0.3826630866195547 -0.016278672876571216 0.04804186107914875 0.24093259522002194 0.05067242868753537 0.5518533936039128 -0.5932010407532843 
0.45609960365360463 -0.7847739741624327 0.21219441041614848 -0.2463652062284917 0.9060777721024121 -0.5625214453875899 0.12856528977344533 -0.10927645017362485 
I_0Ip_3
0.15884320487654277 -0.07593472348499057 -0.09424897196611748 0.23887869277823504 -0.03354588704780887 -0.11561042464521884 -0.08611726689342558 0.007735376381003392 
-0.15072025061467886 -0.15214476215196118 -0.027459859779645948 0.4623201688059957 -0.05341798261246091 -0.03239307462915563 -0.04740332777204241 0.0012190887558648094 
-0.05372608497367051 0.8558704745133836 -0.24710126650824918 -0.10949091086375914 -0.03334342364173993 -0.15081389158968933 -0.15882727665695118 -0.10256762027748581 
-0.022500609343756584 -0.09369981668196065 0.17225623704643603 -0.1601318584049684 -0.1409670320130705 0.13737520786774002 0.047061848228268255 0.06060602330154107 
-0.12506608863919502 0.7725260564673756 -0.1933323373654477 -0.11953476090390415 -0.18279218674360856 -0.027923941610350292 -0.1320410984176124 0.008164357215670411 
-0.12248068741468314 0.16074591673697916 -0.0866303255382205 0.0331604220175791 0.055196282941589306 0.1961296972038313 -0.10054897531017219 -0.13557233063550972 
IIp_1IIp_4
-0.0563499044383775 -0.12408577589191278 0.27847602713766834 -0.17571626804600746 0.00604766558716182 0.009096117418106993 0.12183325354383065 -0.05930111531038301 
-0.09721547506980256 0.3914628630010639 -0.12076076610382812 -0.06609215899937299 0.07951561066147819 -0.07892219192484154 -0.053921009295521835 -0.054066872267448 
0.04056644650221243 -0.11932425762450069 -0.07721096397733179 0.016628797188784347 -0.06109149431373772 -0.03893425797646019 -0.0358962956554751 0.2752620258549058 
-0.056175638374824255 -0.12401238698245895 0.2797223010027133 -0.18185748268655422 0.010417737200017494 0.009580883808011998 0.12191372915880992 -0.05958914312505071 
-0.0975929351141521 0.39258502194797495 -0.1208360696258626 -0.06594974519088379 0.07875052318710288 -0.0841000099367046 -0.04918302821510797 -0.05367375705082566 
0.040538222691761425 -0.11961243985712888 -0.07128058581140623 0.015359094491248846 -0.06411913220223286 -0.03898020819068155 -0.03611511396626736 0.2742101628430544 
II_0Ip_3
0.017861644328909448 -0.08072945256990267 0.0536489552679603 -0.0375006539845615 0.06217143472185049 -0.027312556126491458 -0.021831461483073075 0.03369208984471565 
-0.04733231422634501 0.01624931591549119 -0.01096356442108507 -0.06374151803892543 -0.028720507409403278 0.10348120775570795 0.05635209926608951 -0.025324718840654556 
0.022544938909675526 0.07634253338169114 -0.009175334241118834 -0.030233345442665555 -0.007127020748873741 -0.049770721381413995 0.053089615196275905 -0.055670665673378375 
-0.01776282853879081 -0.057884696041365036 -0.004088198396811916 -0.06775259771575311 -0.011780976418173696 0.160477920352565 -0.011506335186129724 0.010297711944248649 
-0.03783076960227533 0.13954206656572476 -0.05787829552651784 -0.06207450015467056 -0.03814499780889379 0.0812267480304686 -0.005132830779831026 -0.019707420723020945 
0.0015638962078515324 0.025128161554263055 -0.01708767824548376 0.08858409564985419 -0.03293806573305157 -0.029242253443290803 0.027992660713148484 -0.06400081670289312 
I_1Ip_4
-0.12311425794067243 0.16013958577531068 -0.08744643261137536 0.03295098705818294 0.05925119183514343 0.19535510143131757 -0.10129393920629397 -0.135842236340155 
0.15835042510568628 -0.0768395351730484 -0.09477888408738806 0.23810084638095572 -0.031072963423239893 -0.11612489419048136 -0.08521848170646482 0.007583487092948431 
-0.1514459257418031 -0.15257143741679063 -0.025928919321032834 0.46141655007686483 -0.054372499836367105 -0.03313333535691599 -0.044709936808591436 0.0007455044058057817 
-0.05445495290523816 0.8550086226570439 -0.24381849380528164 -0.10810718624361773 -0.033486754253000725 -0.15182819828418773 -0.15977666908592722 -0.10353636807736924 
-0.022970481382303978 -0.09513381323252842 0.17078645815226573 -0.15618218864263245 -0.14157902784210877 0.13866059936418254 0.045905128242360906 0.06051332534113721 
-0.12548564210966281 0.771345804506045 -0.19423697963547087 -0.12001536873315222 -0.1818768675675752 -0.024608481929665995 -0.13294919052398674 0.007826725996156412 
other
-1.346591593389396 0.716520756224964 2.171122065471298 -0.6300318002292782 -1.4620420013403765 0.577984030583227 -1.9884459327846917 1.961484475474697 
-1.3781631233572897 0.8119130932286079 2.110395858796551 -0.6079235761604996 -2.1166064089193015 0.5635940650321967 -1.3848241813419504 2.001614272736307 
-1.390253400916411 0.7800637901486827 2.8477373385415623 -0.6870306107105549 -1.9424943676829216 0.5218122372960089 -1.959542156889719 1.8297071702281689 
-1.3688125322362188 0.7071628213817363 2.0122077319154177 0.1530441024784818 -2.0192766810156058 0.516170708538928 -1.9987075045550595 1.998211353499454 
-1.3300326015883268 0.668824847372568 2.1199979288963022 -0.626082984060115 -2.019048906097729 1.2238257538683528 -1.9889715737871716 1.951487535412135 
-1.3866545386175788 0.8168103582395224 2.091545525121684 -0.525128830000984 -1.5564355159179857 0.5276714211186189 -1.9316402911722117 1.963831871240145 
Ip_0IIp_3
0.0015640760494885614 -0.04078397795470962 0.009634492479352292 -0.040719058587313915 -0.017197105700196943 0.0952947762276817 -0.009406431467839422 0.0016132289534642678 
-0.03077440405151013 0.03512479446328703 -0.009217395274214848 -0.022785687115685783 -0.043107293186280315 0.04760928397485406 0.051671141542042276 -0.028520440352011747 
-0.027622697506442216 -0.0601094971061541 0.1146334852264567 -0.07628939583456044 0.008254569893499625 0.043933288879461053 0.04244868359655969 -0.04524843714850184 
-0.012570821344653838 0.22861660251148747 -0.04903525659641969 -0.0064272763060586385 -0.05070966853430565 -0.03859619873146575 -0.031052954556835967 -0.04022442644126096 
-0.006981364356832722 -0.04362235566105146 -0.016361626751524708 0.07236006633961138 -0.02489126197144597 0.006766384617810743 -0.01185492183008945 0.024585079613744756 
0.010454784698151653 -0.04096924544057082 0.06171366088925584 -0.018054035234192727 0.020437383864072834 -0.013185246266614497 -0.008441860099713414 -0.011955442410692492 
Ip_1Ip_4
-0.025637206796033707 -0.060374862629428136 -0.021103435124273564 -0.006721621062906459 0.10759337164054095 -0.028577481673284638 0.07783294674622003 -0.04301171110035038 
-0.025781484847458288 -0.056982731444440285 -0.04235127414198851 -0.06565781388654668 0.06758854924349174 0.13864238657222638 -0.021134026919262278 0.005676395423854412 
-0.043916289174767656 0.27621691419289296 -0.047532121249741766 -0.07413588214974928 -0.06592141253622939 0.02240976372927914 -0.03596559699777804 -0.03115537581261372 
-0.02582350260526258 -0.06045331764234846 -0.022435740413979652 -0.00015647275895080826 0.10292162998749667 -0.02909571193037416 0.07774691582601015 -0.042703800462135046 
-0.025377968390973806 -0.05818235404972105 -0.042270772348904556 -0.06581005865043471 0.06840645140601692 0.1441776340970858 -0.026199075166919227 0.00525614310434151 
-0.04388611704886775 0.2765249899086088 -0.053871878844329785 -0.07277853071374439 -0.06268477403524136 0.02245888592881428 -0.0357316734588626 -0.03003090173502981 
IIp_1Ip_4
-0.027041638069466335 -0.05994672473753198 0.10921747093786915 -0.0753368453226411 0.00961591406555537 0.044662196512133365 0.04282639746701254 -0.04399677085281713 
-0.012260824993896465 0.22966559893927557 -0.047713197601167864 -0.012364845931988819 -0.050651878892201276 -0.03786321407295035 -0.028562595893559674 -0.04024904155283103 
-0.007028276857143803 -0.04235029055039417 -0.013747505539597384 0.07263911309007465 -0.024319512244820467 0.0015163641712967234 -0.011147905396428041 0.02443801332713375 
0.010940211883620658 -0.04113845098137229 0.06208791728031872 -0.01612195517625343 0.016951318866172453 -0.012687987138169762 -0.008325569313976173 -0.011705485420665091 
0.001832685736731972 -0.04023639407192987 0.009669226519054512 -0.04022674554363385 -0.021464051926585775 0.09747204573047814 -0.008790958471762526 0.0017441920276786607 
-0.03041214473303242 0.035320992564914735 -0.008764159182781669 -0.02217732561507853 -0.040584004307866545 0.047843185517335775 0.04745862543615864 -0.02868516967909225 
II_1Ip_4
0.0004997629067273576 0.024318407458872135 -0.018500491080909263 0.08841013410478997 -0.02665544430541831 -0.03054525489053496 0.026897813714854637 -0.06442492790807236 
0.01712838728766217 -0.08230661234391795 0.05290074066039342 -0.038766360249992006 0.06707465466965665 -0.028106035866057304 -0.02131581524466677 0.03339104108638815 
-0.048463893071950946 0.015621214171667909 -0.009647557439208466 -0.06505417888590663 -0.030494888995766252 0.10237120280925402 0.061484468932125245 -0.02581636751951439 
0.021357839401853044 0.07508670910786891 -0.0027166342380214653 -0.029305196102881008 -0.007238564805196153 -0.05136931860825968 0.05164432029134491 -0.057459155046482316 
-0.01856566391983434 -0.06009905230717923 -0.006579161105427821 -0.06032213466501536 -0.012750977333481073 0.16144955067882746 -0.013353716760884048 0.010221155413023838 
-0.03841030643575834 0.1374493449730227 -0.05926880960274009 -0.06298791318648969 -0.03739094753478276 0.08752748833512215 -0.00665790901200108 -0.02026094753564152 
I_2II_5
-0.8111247728078647 1.3541456861761456 -0.6129613501273475 -0.7994962372105064 -0.4580647505697341 1.562398807814535 0.46080461743982687 -0.6957020006993913 
0.2890047878102193 0.25114525834695367 -0.013337224853225388 1.264885555992787 -0.5148477858032362 0.06621588985019529 -0.28151423202660075 -1.0615522493154654 
0.3833326092470578 -0.7060477793076941 -0.32234452811579273 0.009264891502213516 0.17835435561796084 -0.7321754664916184 0.23692800066074146 0.9526879168787912 
-0.3725933740817166 -0.9101254704860045 0.19075765396915534 -0.490102110714085 0.6684202740891474 0.3138094374029499 0.20203831907206124 0.3977952707496949 
0.16822307056085453 0.2978698783286192 0.13259579361056717 -0.200139745895152 0.4123217605125482 -0.1694266225027148 0.027463595223976626 -0.6689077298359558 
0.8301974099464899 -0.8552147380693369 0.3049492268733093 -0.5957895237771369 0.8626111921204813 -0.6593158811460378 0.3128765308116901 -0.20031421677071368 
I_1II_4
0.2889039155093998 0.2538139126961385 -0.012700718552292828 1.2667081571027212 -0.5249042123866835 0.06729166322694027 -0.2788585937792345 -1.0602541238174756 
0.38386900322791107 -0.7053502013354149 -0.31997508786053386 0.010582845498292049 0.1817934588065053 -0.7308334205309286 0.22686225294217632 0.953051149245244 
-0.37179555509018164 -0.9088254986176896 0.1774985344044045 -0.4866070098203501 0.6682492919211287 0.31600175036387457 0.20369380527011105 0.40178468157104114 
0.16860849335639172 0.30063439583821094 0.1364869435799446 -0.21433548201967406 0.4137203760720826 -0.16664711309601654 0.029926121128768555 -0.6683937348604014 
0.8297524062485359 -0.8515679041819028 0.30661815086709504 -0.593992427606727 0.8643136343471814 -0.6714651959072542 0.3151782823089536 -0.1988369460892589 
-0.8103856977920535 1.3547007909525466 -0.6106577896387069 -0.7998326161229092 -0.46575527455922044 1.5645125765886956 0.4618966265997288 -0.6944786160148314 
II_2I_5
-0.3634609206852658 -0.917266487532993 0.1890635394070138 -0.4944373921999194 0.6916977007468088 0.3099347156952918 0.19664706382806207 0.3878217807397181 
0.17579578510785834 0.29549412952824317 0.12792373990345351 -0.20388424095805902 0.40272553750456724 -0.17355216047897018 0.052394170775089094 -0.6768969613810812 
0.8371251646713395 -0.8590913550822381 0.3372892659221017 -0.6034396458929812 0.8620677777330613 -0.6660040166748087 0.3089816149613148 -0.21692880565078665 
-0.8030934910062703 1.3465409312056176 -0.622530557244784 -0.7650257352697653 -0.462401413712187 1.5554608908532577 0.4549048440169241 -0.7038554688323071 
0.29896263845675236 0.24167868800527742 -0.017533442371683094 1.2602411608723674 -0.5196094898159264 0.09480851858061969 -0.2865225331384669 -1.0720255405865269 
0.3904387076939488 -0.7081033986902765 -0.3274780157572157 0.00963790662899907 0.1969423129660257 -0.7385732467459271 0.23441577805207264 0.9427199558439215 
IIp_0I_3
-0.258148012904039 2.5967080132948444 -1.078596618327078 0.17471779585526953 -0.7547835563681927 -0.18604516417761222 -0.44204705493107543 -0.05180540243510635 
-0.17371558855180275 -0.8507999509842492 -0.29135281259836804 0.07157917278085955 -0.12403665280507017 0.07191747856903259 -0.3781976380575842 1.6746059916388312 
0.11732572430784359 0.010613237656290405 -0.7468113350399259 2.7346332531110162 -0.5626425465152696 -0.11144167265803255 -0.26756193090452224 -1.17411472995238 
0.9327864321026162 -0.6940264363172538 -0.4108482471228512 -0.043832664711563614 -0.13500552177644942 -0.5850683259365412 -0.09045779738992975 1.0264525611384068 
-0.10714730227796444 -0.629974163945913 0.11951678943914067 0.5911282284284015 0.164431844315586 0.0218883830835535 -0.11843790632844738 -0.0414058727134042 
0.55107096189848 0.38574146330792247 0.5480822661981749 -0.6734574707933271 1.1487768721070437 -0.7416369736130582 -0.3697980738464039 -0.848779045261669 
I_0I_3
0.08494316049052424 -0.5433588404057513 -0.15208549092966187 -0.12021561083055515 -0.11898118443963539 -0.35031940457058836 0.07788653730708998 1.1221308333720628 
-0.4174995530006228 -0.7259137535880161 -0.08833073613384998 -0.24831291658102503 0.15201795323074646 -0.07942406160696182 -0.16823479291377005 1.5756978605943674 
-0.31372965093429483 0.4701990443027257 -0.5001044179221772 2.5115097858734146 -0.49436138784022643 -0.2387985726448897 -0.7941595331156822 -0.6405552677113746 
0.08479112916215174 -0.5434228655698973 -0.15317275180008114 -0.11485795825692773 -0.1227936754185123 -0.35074231926157756 0.07781632963536324 1.1223821115078714 
-0.4171702533595172 -0.7268927354542735 -0.08826504064338508 -0.24843715970764546 0.15268542263457513 -0.07490688518234333 -0.17236825152294863 1.5753549032356395 
-0.31370502822042434 0.4704504571535576 -0.5052781348004635 2.512617486275161 -0.4917200484842664 -0.23875848525207 -0.7939686339931689 -0.6396376126704874 
Ip_2II_5
-0.04828213954191781 0.015445240368237599 -0.012149066194586292 -0.06479987314933819 -0.028936753031614627 0.1026033960199331 0.06143108689373652 -0.02531189136361564 
0.021357059318073298 0.07549246408144576 -0.002306552812406906 -0.032105072776878574 -0.007524923001814427 -0.05116296267617627 0.05370111487629974 -0.05745112700841699 
-0.018750100701734686 -0.05965428266031386 -0.004170583243013719 -0.060480128019739725 -0.012471551244948793 0.15888656706075777 -0.013203519730626195 0.009843598539550491 
-0.03831426122357821 0.13710617329285693 -0.05947350866002701 -0.06078763543215351 -0.039082904602401825 0.0875367121659496 -0.006848516345179676 -0.020136059194815568 
0.0005729294898179765 0.02422367142045813 -0.018650521231170333 0.0884651838387408 -0.028697922370763965 -0.02842025772031818 0.026950279325284928 -0.0644433627514599 
0.017134768588069345 -0.08227472206222114 0.05288409239173737 -0.03846503467437797 0.06897351065603809 -0.028193061298739403 -0.02332300018873052 0.033263446587598104 
I_0IIp_3
0.930092913993095 -0.701668965536008 -0.41584459092805703 -0.03435080789440476 -0.11712765621642673 -0.5890974056941624 -0.09732926656082187 1.025325778821008 
-0.11033939083795731 -0.6346313793368608 0.11418427098419552 0.5868525400521486 0.15689426731376016 0.030575797123505437 -0.10168535308842303 -0.041850752210606926 
0.5463471482497576 0.3826235426686863 0.5708503182278267 -0.6789113864285974 1.1566792978134135 -0.7476317110946088 -0.3742889241051921 -0.8556682853376858 
-0.26128761541698803 2.588877623932028 -1.086783160632186 0.1999198681802694 -0.7480921533486643 -0.19131514375074632 -0.4491245247189814 -0.05219489423443109 
-0.17594145892985052 -0.8583296568365409 -0.2964925699031879 0.06693893506230478 -0.12961576707837885 0.0938590157375576 -0.3735733180758147 1.6731548200180653 
0.1126741576670201 0.008233002811687849 -0.7392238015661129 2.732429508851156 -0.5469900057469884 -0.11731878727303895 -0.2714926523933854 -1.1783114223488442 
IIp_0Ip_3
-0.01219514444730891 0.22928401942933765 -0.04755992030207563 -0.012499347047390277 -0.04833781490201012 -0.037858832473713244 -0.0304392718534153 -0.04039368840259486 
-0.007044385171524661 -0.04228215756681482 -0.016004982772031315 0.07282134100974776 -0.024959651859694062 0.0015909288804841631 -0.009073262321925575 0.02495216980169334 
0.010815541956091647 -0.04097297628451675 0.06505259956183648 -0.018723323591242104 0.017187259421903658 -0.012752352155644785 -0.008275806913296945 -0.012330941995139932 
0.001672992240271337 -0.040228902343804725 0.009202074102061211 -0.037390361769513616 -0.021514812660290285 0.09529007818407711 -0.008915938164991305 0.0018848704118882554 
-0.03025962155730277 0.03474722888347371 -0.008745479162309158 -0.02254241477716973 -0.04200451256020016 0.050359860210360506 0.04720005685493252 -0.028755117891055143 
-0.027218736176200176 -0.059672088152546 0.10889439781806783 -0.07501506544076088 0.009639053050713105 0.04443652205332639 0.04294969659101145 -0.04401377974335186 
II_2IIp_5
0.21276884543106994 -0.6025210317447641 -0.14851191238972425 -0.028952986558225185 -0.1493932735018181 0.0826070184694895 -0.1909013254209271 0.8249046657079732 
0.10505334575035195 -0.3802881436079742 -0.016368837436452306 0.048251003463927196 0.2384724676744982 0.03790911041598252 0.5632360985362637 -0.5962650447941948 
0.46132886404513546 -0.7857083402653975 0.22622743811669957 -0.24947197920319383 0.8983203007187199 -0.5632511908981377 0.12829314391868876 -0.1157382364398016 
-0.541484234338642 0.4374449027374024 0.03386627885711682 -0.43293588844377634 -0.4983093775651935 1.113995217521175 0.31288491732146767 -0.42546181608275047 
0.18490071418010956 -0.6492786646249411 0.6289610548987696 -0.8651637931251714 0.4680998039735915 -0.015615813237068267 0.15164243812981493 0.09645425980137115 
-0.3132789651258123 2.2117438297858922 -0.8080352358345632 0.05937704552951568 -0.41688571314351064 -0.42940015786425934 0.0010754131890288818 -0.3045962165268797 
II_0IIp_3
0.4588439922801034 -0.7763466086167006 0.21639672398371598 -0.24114164277413622 0.869179617277179 -0.5575402309165958 0.13660936920182115 -0.10600122044149886 
-0.5424568492318727 0.44238713399054225 0.043115871458223334 -0.4414361837637427 -0.48648153531647015 1.1206797519479819 0.2854494405585937 -0.4212576296359342 
0.18394338385630932 -0.6417048028347305 0.5916683600593451 -0.8545134274535583 0.4694026551896919 -0.01945891789645091 0.15875495119311792 0.11190779788135288 
-0.3144875068695233 2.220993247396789 -0.7943159299347823 0.017403514166355976 -0.4194759190150288 -0.4200621726793274 0.009497062911679871 -0.29955229596818106 
0.20847807102210894 -0.5891052380666572 -0.14277361949368683 -0.021912571819162768 -0.1537382811795432 0.04825667458737862 -0.18202022322118447 0.8328151881661309 
0.10476629472980302 -0.3775738948778082 -0.007791233903250072 0.04878344850739001 0.21824695461391808 0.04588958628176289 0.5575194512929423 -0.5898406066452303 
II_2Ip_5
-0.037770150701290695 0.1375054074997298 -0.05884610320530061 -0.0630750740025328 -0.03877726964604782 0.08784494913694033 -0.006453604222342358 -0.020428154858206222 
0.0009820425194735634 0.02477423697415904 -0.01839081963501033 0.08871950038720221 -0.028575305054199515 -0.03041902727198173 0.027481597121491688 -0.06457222504071987 
0.017724785815412623 -0.08221463103798303 0.05344171703804589 -0.03856129320483589 0.06763907945894768 -0.027937894500361105 -0.02313830342070906 0.033046539851132345 
-0.047816532914358695 0.015811414120845625 -0.012083085897966339 -0.06432079907984604 -0.030599760935338473 0.10269325398551678 0.06178974612212269 -0.025474235400262245 
0.021936211671414883 0.07553751613464835 -0.0020129282615755305 -0.03191491122445608 -0.007057646803788475 -0.05082921336705221 0.052098052861117676 -0.05775708100982682 
-0.018147369128351055 -0.05946437044670024 -0.006284492994373091 -0.06000440710200629 -0.012442083119595044 0.15916243364827865 -0.01292024903907876 0.010100538181649342 
IIp_2IIp_5
0.039991823256817945 -0.12106746514785334 -0.07249615657773066 0.01462302973390928 -0.05649088298519154 -0.040279688300165685 -0.03763485399529905 0.27335419401417366 
-0.05687515628515106 -0.12544189491829416 0.27732087624708385 -0.1770698207243894 0.008340602032693977 0.008057644310645803 0.12547076287628584 -0.05980301353832392 
-0.09810054477693333 0.39055922995461256 -0.11554824418382058 -0.06800659140667435 0.0782912610337497 -0.08046133109221625 -0.05088410325407591 -0.055849676273315704 
0.03978557121580327 -0.12115432435639538 -0.07397118001693913 0.02189144464219886 -0.06166306723857415 -0.04085343200743241 -0.03773010065145667 0.27369508841130064 
-0.056428414659331017 -0.1267700225440335 0.27741000148918205 -0.17723837413115437 0.00924611886116432 0.014185834226112592 0.1198631405513841 -0.06026828379330896 
-0.09806714057641232 0.39090030711266144 -0.12256712425802867 -0.06650383884767862 0.0818746121546822 -0.08040694686331758 -0.05062512154343909 -0.054604747176241614 
Ip_2Ip_5
-0.04327168926704186 0.2764542547839351 -0.05299559581778204 -0.0731204182236031 -0.06482844626099701 0.02317240920496231 -0.035515261539637834 -0.029895252878392564 
-0.025435316758743703 -0.05937317000418569 -0.021041753634637818 -0.006130342976230232 0.10306898873124339 -0.028320709018491947 0.07999124746014331 -0.04275894379906534 
-0.02534426171743731 -0.05685812132999023 -0.03999015244249656 -0.0654439648404159 0.06897465849781742 0.13891835213629106 -0.025431828812707263 0.005175318508926558 
-0.04332564348443946 0.2764315329693959 -0.053381452534042834 -0.07121904727984392 -0.06618145664628797 0.02302232151346984 -0.03554017745693392 -0.029806077080153065 
-0.025318452001001763 -0.059720599713190735 -0.02101843904011744 -0.006174435471421207 0.10330586615351493 -0.02671761365436882 0.07852432925498687 -0.04288065552772809 
-0.02533552339184182 -0.05676889772266355 -0.04182624666656993 -0.06505085436348357 0.06991204027753992 0.13893257870338915 -0.025364080850386495 0.005500984013975469 
Ip_1I_4
-0.05420639049330525 0.8555894344093739 -0.24314567323106562 -0.1103064743066256 -0.033737630697128096 -0.15141370149235933 -0.15925024534433763 -0.10352931884058718 
-0.02281996356437336 -0.09451679661111888 0.17116118866006072 -0.15583245608911234 -0.1412113612172906 0.13675452248939565 0.04582834150139252 0.060636524829648486 
-0.12513691897076165 0.7715048265718556 -0.19446601051214002 -0.11992378726296868 -0.18319985374931283 -0.024178774967741044 -0.13267133320485558 0.008071852098214666 
-0.12291796731813652 0.16069838423625726 -0.08714743677105467 0.03259378041244167 0.05768949527105434 0.19562419064306902 -0.10079165444120379 -0.13574879203086954 
0.15861416354450864 -0.07655911452871765 -0.0943815659926348 0.2384078613542502 -0.03047580580960925 -0.11647786424489742 -0.08671644445479916 0.007588770130608893 
-0.15108873676014117 -0.1523259739599228 -0.02793679038753788 0.4618889838511003 -0.05478733415886114 -0.03268984544789633 -0.04436644407880642 0.0013061409438216494 
Ip_0II_3
-0.01860599827042738 -0.059854773886050525 -0.006370862604081816 -0.060290232612046454 -0.010931906888994706 0.15907178719508824 -0.013291938220950835 0.010273925287500244 
-0.038341146755260444 0.1374487361530938 -0.05914930582159094 -0.06326081365882365 -0.03939175237038724 0.08769416143931531 -0.004874411215980048 -0.020125467769602022 
0.00038107971111171843 0.02458890068294543 -0.01631337559690472 0.08827400647674451 -0.028449350839086993 -0.030699750109255457 0.02705029463936157 -0.0648318049643143 
0.01719592395833845 -0.082624800918698 0.05263533046331943 -0.036291684365030386 0.06747040344649133 -0.028225067723711073 -0.023535118864464542 0.03337501400306412 
-0.04822704644170394 0.015298642794987148 -0.012311253798661593 -0.06478281627826045 -0.03074632520784222 0.10467622056185437 0.06143504805201388 -0.025342469681231494 
0.021333383041463806 0.075509826086888 -0.0023623239081216048 -0.031836330822735195 -0.005721249247622162 -0.05127500762874776 0.05192443368341815 -0.05757273120423077 
IIp_0II_3
-0.31839542419894923 2.2123787985680194 -0.8060939505619329 0.0591057273375996 -0.4225738233333557 -0.4268797055992588 0.0016676589379943005 -0.29920928114051987 
0.2068598201773834 -0.5998742440546544 -0.1481415218190072 -0.027251872686165603 -0.15793424363746902 0.08417503896106533 -0.18823603766522592 0.830403060717918 
0.0997061045094848 -0.3794549152618265 -0.013625960188513737 0.049409974242346624 0.2423003325653461 0.03967157696994961 0.5537917055574169 -0.5917988183939881 
0.45624104032778956 -0.7844114955637971 0.2139512389760218 -0.24542699782095292 0.8988063412557403 -0.5607276631604029 0.1293825948452452 -0.10781505886794948 
-0.5469016532180871 0.44002124760443173 0.037184069960623026 -0.4457090401046654 -0.4964067410064465 1.1178247998086963 0.3147132894879714 -0.4207259725230063 
0.1786718438487067 -0.6457438328075854 0.6302423845541325 -0.8633948806503623 0.47078401920207175 -0.026021018521508364 0.15338861723308636 0.102072867137525 
Ip_2IIp_5
-0.006816507157401021 -0.04227996313083188 -0.01568223656212475 0.0729883913847939 -0.023878282489984238 0.0017818144284240272 -0.011001926540807568 0.024888710067904343 
0.011057932204917608 -0.04075990479851257 0.06256991511065939 -0.01824021072364041 0.01698714592396716 -0.012419736006132165 -0.007479922401867697 -0.011715219309449921 
0.0018238219179513022 -0.03977505760109906 0.010544795017094728 -0.04011314948486483 -0.02126055364035047 0.09560331177420549 -0.008529841777701396 0.0017066737947042472 
-0.030232522530218634 0.03527340199462288 -0.008612153856223876 -0.021550574506752886 -0.04182534159164556 0.04803151034489988 0.04751201700653352 -0.028596336860654475 
-0.026943215659583342 -0.059734253203795655 0.10923793346488334 -0.07515262075391953 0.008095135036979282 0.04538567893901305 0.04305750201348496 -0.04394615983705798 
-0.012123611656815827 0.22973853401204075 -0.04754033021511811 -0.012148511032380691 -0.04978607066347986 -0.03777019829251432 -0.030064423615822903 -0.04030538853499526 
Ip_1II_4
0.021520712224760073 0.07537312706405992 -0.002057270175706872 -0.03204369303061224 -0.006120608106450301 -0.051042944929303134 0.05190785528108276 -0.057537178327425796 
-0.01860327910074615 -0.05950022896351489 -0.006428967295770658 -0.06012196246112299 -0.012798592691081242 0.1591169546469601 -0.012052333979199428 0.010388409844280914 
-0.03825873029291461 0.13744080431327105 -0.05770072013669818 -0.06330417921680481 -0.038850251970921255 0.08771111348922768 -0.006592517128011345 -0.020445519056209407 
0.0005404062803675535 0.024553350757315153 -0.018715258017603043 0.08997905807377599 -0.0286026365855772 -0.03055889422198551 0.027104903462805946 -0.06430092974851609 
0.01735552091915547 -0.08249486634245459 0.05310375202871162 -0.03866607646401681 0.06756366829637157 -0.02680693315281777 -0.0233376315218232 0.03328256623641078 
-0.0482925208727995 0.015814803260415206 -0.012239009095278431 -0.06447988103726253 -0.029830621553760924 0.10258705724118682 0.06170333901538792 -0.025263166957072133 
Ip_1IIp_4
0.011222504773083298 -0.04043153291778459 0.0627423154564441 -0.017968147285619223 0.0160224102872613 -0.012244747830071992 -0.00768682547474682 -0.011655977008726023 
0.0020720499010464786 -0.039633332614958286 0.01014269400834259 -0.03981499321090361 -0.02090159263034839 0.0958514992270408 -0.009556981306326894 0.0018406566261425159 
-0.029977466262768232 0.03555821241879583 -0.009887123444711633 -0.021884352595324497 -0.041789019622506425 0.048380391822517264 0.047832783070687696 -0.02823342538630114 
-0.026774528320700555 -0.05924620077109447 0.1097632860024747 -0.07664797671004142 0.008306257734067821 0.045063199964636445 0.04345812977133767 -0.043922167670651574 
-0.01198857416861644 0.2301708909464692 -0.04723316920183619 -0.011965501573853957 -0.050022760428301886 -0.039032636945987215 -0.02974142103615252 -0.04018682759108874 
-0.00659113935340939 -0.04208796247241873 -0.015387161141744484 0.07304271048656384 -0.025260740961968595 0.0020575739442266127 -0.010754682953036044 0.02498140245168046 
II_1I_4
0.1641641696655735 0.28792309321635945 0.1298546710620747 -0.20706397785685146 0.44988634598585464 -0.17270525252957772 0.018502400624435415 -0.6705614501650232 
0.8236952469891585 -0.8577946882801322 0.2975622667471975 -0.600961962151759 0.8506115415670144 -0.6641551281636452 0.34994485032903283 -0.19890212704902094 
-0.8185214059148268 1.3490721910367303 -0.5641155588374174 -0.81076596852313 -0.45673547333717773 1.5544096601209652 0.45404601633991837 -0.7073894608726566 
0.2832207294862157 0.24058088625937546 -0.028192786926281847 1.3176377283673901 -0.5198052041207256 0.05778730593343462 -0.29085441768679937 -1.0603742413098094 
0.3804952180085752 -0.7195544448571786 -0.32849563713108304 0.002600887194340329 0.17353039433689924 -0.6867140993369449 0.2279463805910074 0.9501913011855784 
-0.37973061935301666 -0.9124054029601427 0.1818815405149708 -0.48851401013682144 0.6987926557982724 0.3062254952576003 0.19739878051812035 0.3963515603624311 
