II_0I_3
0.8247583600597254 -0.8650017259919266 0.30684066309917074 -0.5938718916083326 0.9022508042598298 -0.6681279416280387 0.30155175461070105 -0.20840002281227268 
-0.8183447672830512 1.3431329593516508 -0.6138403509426799 -0.7400729028553578 -0.46846895898210444 1.5550400786136906 0.4481662710782847 -0.7056123289672677 
0.27908084869137784 0.2382161372969059 -0.025722697380857563 1.3187027921325127 -0.516966641535265 0.058964815683094196 -0.29239915749890144 -1.059876097385798 
0.375361692674051 -0.7145651609208736 -0.27487111259927866 0.000963237098253309 0.17468461717369163 -0.7418276602421842 0.22855036452454497 0.9517040222845833 
-0.3777907469534637 -0.9192186677961796 0.2437797448232446 -0.48804061040048113 0.6564624895687022 0.30198436523734523 0.19122269326578423 0.3916007322566744 
0.16289813206972664 0.2854770021429507 0.12914605253360192 -0.19410730165272566 0.45213787750861356 -0.17982633535310769 0.015039626320899075 -0.670765053568375 
IIp_1I_4
0.5475125865780577 0.38147322646388016 0.546681903423748 -0.6724593314631954 1.1712249165809254 -0.7468428341036729 -0.37520462431076546 -0.852385843171741 
-0.2616429529126298 2.5901172349020896 -1.0795789912376106 0.19566556177995081 -0.749639078338642 -0.18976670637113438 -0.4490048786825905 -0.05615018913252901 
-0.17882410529378992 -0.8563549442838906 -0.29783918603117754 0.09080197127209823 -0.12785136117261597 0.06797062074310369 -0.37331750583751877 1.675414510599007 
0.11273693311341884 0.0061482842806597415 -0.7168659185938943 2.728745060039725 -0.5638255617418246 -0.11707577877307707 -0.27236292628617215 -1.1775000920358023 
0.9296502367068841 -0.7000596750398493 -0.3942526963710615 -0.030229658942016197 -0.14076449636624486 -0.5916339914445383 -0.09691165662058018 1.0242019380572924 
-0.10961440686023814 -0.6379729781596789 0.11660971158767884 0.5918245379298803 0.1783860713294182 0.02896100323594937 -0.12532384950310455 -0.042870089561675484 
IIp_2Ip_5
-0.029990574691371938 0.03550675674961144 -0.008443668694397529 -0.022243627094648197 -0.042200640208302706 0.04821893779247136 0.04776107337193513 -0.02860825722456467 
-0.02671934251636673 -0.05945137959691029 0.10933253295002258 -0.07571092464671646 0.008257949006779237 0.044873632658538366 0.043310850525790624 -0.0438933183810397 
-0.011816167468530803 0.22989959547008584 -0.04729503336610051 -0.012744037121606882 -0.05016425484657113 -0.037610404130695746 -0.029881021573435237 -0.040388676962377544 
-0.006568868505851459 -0.04206955995683662 -0.01615170536583269 0.07316111519232812 -0.024329824593218117 0.0019184597702405647 -0.010794655048223805 0.024835038507534383 
0.01130645229054678 -0.04063607077880596 0.062093562198695086 -0.01819418332869774 0.017256985683015254 -0.012245872873458926 -0.007830370351922931 -0.011750502839234723 
0.002085680248875598 -0.03958525286481092 0.009963008301253143 -0.040038879303468174 -0.02171530237564 0.09580732918350114 -0.008307255059752296 0.0017906718696827613 
IIp_1II_4
0.17735798280095957 -0.6488678767980706 0.6310786413345104 -0.8628089371859382 0.4828102285092761 -0.028714187125269124 0.14985185068934445 0.09929229777046754 
-0.3203621194181941 2.2090502066408964 -0.8063062728121897 0.07849579298140359 -0.4269176717285266 -0.42919902895209305 -0.002185310085352267 -0.3025755966173311 
0.2040788258352558 -0.6040054049801564 -0.15195998287824525 -0.009717722085208765 -0.15834472522528098 0.08191808894307974 -0.19267727415632221 0.8307081945426779 
0.0975800644655573 -0.3820978934077267 0.0005086671849725206 0.04699986720477661 0.2410548341557409 0.03671783830422243 0.5512617619397784 -0.5920251398440998 
0.4549712079591305 -0.7871011988019515 0.23148032732958837 -0.2460927305004882 0.895026612660725 -0.5643735365357857 0.12613892627486079 -0.11004960839099069 
-0.5482869894775732 0.4363374759310031 0.03623797001015971 -0.44359868440511824 -0.4834378566566871 1.1132853801874592 0.310930678594541 -0.42146797417681436 
IIp_2I_5
-0.09183721856723706 -0.6316464385542744 0.11767700955050284 0.5887161202863075 0.1519461125819519 0.03349307605330108 -0.11723890552142538 -0.0511097558275268 
0.5657537343385874 0.3871241403914844 0.5463880188056061 -0.6878274798756261 1.1570244473083229 -0.7434334298029779 -0.3672166511268534 -0.8578127800474044 
-0.24206821597374867 2.596685654734929 -1.0760395154933167 0.1597321318219723 -0.746863527353793 -0.18692598479963146 -0.44085628995773174 -0.06366425297155745 
-0.15869986558565508 -0.8500992897779714 -0.30421768768509866 0.07194034736722701 -0.1279949372989961 0.07133767515043045 -0.36637858705692855 1.664112344880998 
0.13145080905613177 0.010843255376619856 -0.7473129452237286 2.7311519773504784 -0.5613529094899431 -0.11228343229835443 -0.26594409883580133 -1.1865526559362278 
0.9473506504129134 -0.6943763129390738 -0.4134205630216106 -0.032634816915402896 -0.14761220647789963 -0.58624530928888 -0.08918618842807421 1.0161247466457632 
II_1II_4
1.3826859069830095 -0.5966156684937759 1.3270563456133835 -0.6946020715464218 0.25292455577319334 -0.9576198615994613 1.1021023747086973 -1.815931581450898 
0.4053370560295029 -2.058361186543959 1.2745081391309239 0.0666030983057354 1.9101443367033561 -1.5388837602457504 -0.07142308328080636 0.012075399886185327 
-0.8796286521114514 0.1326573654249023 -1.3687590043386633 -1.1686966226556803 -0.7337554018445244 3.0287019579823826 1.7331934488246878 -0.7437130912697185 
1.3806013951719056 -0.5955492037299895 1.3642045147697408 -0.7029347282762077 0.21744584293078859 -0.9583089884030179 1.1045464201706172 -1.8100052526395864 
0.407016091995453 -2.056774176423269 1.319014890848934 0.018901386174029915 1.909170262535223 -1.5425304669463396 -0.06991535601622056 0.015117367814274911 
-0.8758651043335679 0.13317791078264168 -1.3614004217761813 -1.2080656780567627 -0.6992507631694272 3.0257443780861895 1.732257130628193 -0.746597452152111 
I_1IIp_4
0.11535995470457269 0.00928420323930788 -0.7347593928470776 2.7318960930732565 -0.5619587116071387 -0.11348430161272066 -0.26933329488212476 -1.1770045500671151 
0.9312033366060114 -0.6967355952029364 -0.41450103462810106 -0.030187745012371894 -0.13630394272135749 -0.5872014342709367 -0.09297768262929855 1.0267040978467112 
-0.10803191459547766 -0.6334239392944202 0.11776211008928879 0.5900962566080878 0.16323201358278058 0.033031864351195726 -0.1207605408109027 -0.04190584993228331 
0.5491453520271687 0.385115774012667 0.5464358238478709 -0.6732667622085888 1.156237454310654 -0.7435787295431711 -0.37101393878679223 -0.8490749736682145 
-0.25929221988680207 2.594195230599182 -1.0786842090881266 0.1730465758595266 -0.7456412627434553 -0.18706653262144593 -0.4443546524868263 -0.05220292963052907 
-0.17545372375883936 -0.8515586181471503 -0.29319106179889387 0.07037125388060538 -0.1266138445625548 0.07063647103573913 -0.36919899905931947 1.6750085224075921 
Ip_0Ip_3
-0.025401896983360928 -0.057201768134813244 -0.04144636494477903 -0.0649880875029689 0.07097349557451987 0.13872300668299983 -0.025801114420394376 0.005142729728774897 
-0.04352848377453108 0.27620518177519077 -0.052954421329595984 -0.06983618673121046 -0.06657808169378261 0.022913832487124426 -0.035880100114114036 -0.030341740618024002 
-0.02575369681936609 -0.05995588867657084 -0.021443948677947768 -0.003189422059510429 0.10335810567708387 -0.028538304071306194 0.0782303765419701 -0.04270722191398235 
-0.025532235067713058 -0.0571350853876522 -0.039123604682322635 -0.06550910278787621 0.06875512125805744 0.1386799177126707 -0.025648295807678627 0.005513284762170564 
-0.04342349884220178 0.27630441261569405 -0.05017155163083734 -0.07281882743483976 -0.06663898754238752 0.022685815182322735 -0.03578582658568938 -0.03015153576034936 
-0.025518373802799133 -0.05992334058334283 -0.020983839241759537 -0.005651047478346992 0.10551557414482741 -0.028723232405893508 0.07817183145756422 -0.042887572089818055 
II_1IIp_4
0.09976586298106054 -0.3795275578188588 -0.01467839783805431 0.049695875932075126 0.24302001486802946 0.03968458356586306 0.5537279496816875 -0.5916883313721367 
0.4562303328171665 -0.784382138101884 0.2142648238040977 -0.24548358314383725 0.8987126836323375 -0.5606783324946605 0.1293613363313278 -0.10802512285264451 
-0.5470287632533422 0.4400784313470247 0.03709860446442333 -0.44454809424786706 -0.4963365099851459 1.1166743393496787 0.3147009382122167 -0.42063894588135275 
0.17867784695720293 -0.6458545173427349 0.6313234274955717 -0.8635744266034334 0.4700370727378863 -0.026033714444938735 0.1533333279250792 0.10209098327068006 
-0.3184055003428943 2.2124285327792244 -0.8050330705736636 0.059289004868137055 -0.4236362443217731 -0.4270187161258974 0.0016634302401687766 -0.2992874365171343 
0.20690048063625102 -0.6000482079921012 -0.14804249384380755 -0.027021569252842197 -0.156909685634682 0.08407842947192107 -0.1892959737631775 0.8303390203719779 
Ip_2I_5
-0.15053499992218541 -0.15097512027220705 -0.028323898861202325 0.4616374980870414 -0.05992814842675284 -0.031540865697488166 -0.04284256453236991 0.002508099625933074 
-0.053360743791014326 0.8570082415950475 -0.24306074512607753 -0.11874752851569788 -0.03174832043753756 -0.15041662258935112 -0.1576008552299034 -0.10207342590469883 
-0.021627197163268403 -0.0927295142547304 0.17279981949323786 -0.1634627736104838 -0.14106690504775762 0.13772151118004028 0.04785900335083321 0.0605060560527285 
-0.12423115574695923 0.7726390701829844 -0.20047182928779464 -0.1189076448420208 -0.18265642867630208 -0.02291783527450456 -0.13159058770515317 0.008136411351498644 
-0.12237963762490438 0.16183773569780033 -0.09480173248731745 0.03302725434155356 0.05931768639725108 0.19718458901936325 -0.09940905643075144 -0.13477683891139827 
0.15921074230463475 -0.07499596885940966 -0.09398856670233133 0.23747320360499793 -0.03612245499672601 -0.11438192058327097 -0.08509772443783228 0.007902689668475321 
IIp_0IIp_3
-0.09754594564518977 0.3913530832489042 -0.12154238876017197 -0.06666340323484826 0.07755636824641272 -0.07929348335974148 -0.04989919097309081 -0.05396503952059345 
0.04017177157988862 -0.1196641877959708 -0.07216222475970652 0.014462116856272553 -0.06083671673912413 -0.03965726432769046 -0.03636005654396072 0.27404656172887487 
-0.056356730038348575 -0.12489050617156015 0.27841263790466253 -0.1773407503721298 0.009922650736435687 0.008811648543995656 0.12111993923777685 -0.05967888984089361 
-0.09750310906455123 0.39133116746809793 -0.12230578119395295 -0.06649216768693238 0.07828545346264941 -0.07927932184926405 -0.04994941594667045 -0.054086825188050386 
0.040137267501211944 -0.11969680074957789 -0.07307683558126095 0.01544238390432789 -0.060816699578981365 -0.03958232474472527 -0.036391040240087484 0.2739840494879861 
-0.05643407069765579 -0.12490120334435371 0.27826141951689726 -0.17653171887198263 0.0092135826803491 0.008872426616491262 0.12113918051523742 -0.059619616414317844 
Ip_0I_3
-0.022728382557218176 -0.09419827878398587 0.17099967470529634 -0.15596455842633203 -0.14276917480115114 0.1370104470982529 0.04669174313811459 0.06095852962657116 
-0.12499213112143351 0.7718346545916196 -0.19382893906425316 -0.12218975893854564 -0.18280101515043626 -0.024013155181842043 -0.13230606055250896 0.008296405419261197 
-0.12265694812065413 0.1610300484858281 -0.08689082675980396 0.031323630453714245 0.057703777992226896 0.19578027975825152 -0.10051174814336164 -0.1357782136635422 
0.15884174062982614 -0.07642225494814195 -0.09614606845948379 0.23862018010324093 -0.030401692742344305 -0.11556737816077108 -0.08653069803512461 0.007606171611130308 
-0.1510134070157747 -0.15203024891198244 -0.02994656922252461 0.4618462424246867 -0.053980968102561484 -0.03236043056547863 -0.04404020197963473 0.0015255833742820605 
-0.0540876697248493 0.8559073628943145 -0.24305804301404674 -0.11060905528328394 -0.03469349405183969 -0.1510707833152325 -0.15891999815767666 -0.10346831934489778 
II_2II_5
-0.8593513688721987 0.13626857688174673 -1.3570718451712083 -1.2122159929905776 -0.7087414323637401 3.027210323792636 1.7359052328513638 -0.7620034941116923 
1.3981014296097893 -0.5963355573020022 1.3251540154008163 -0.6583226613874045 0.21164787558266476 -0.9569328553676372 1.1040567168401847 -1.8273689633845278 
0.42051892084435805 -2.058397906290117 1.2675675510325195 0.051824406372128956 1.915762609166721 -1.5392914687129915 -0.06754970876638224 0.009565596340290182 
-0.8609761519592707 0.1370998381381495 -1.328116520193556 -1.2187109236715876 -0.7363954913272058 3.0266731804811347 1.737810256225927 -0.7573841876825278 
1.3994101625351143 -0.5950985543788915 1.3598450241117208 -0.6955039978609968 0.2108886286349071 -0.9597752990188707 1.1052319223472724 -1.8249978863710763 
0.42345243685471307 -2.057992164625457 1.2733032347637236 0.021138000577499733 1.9426574211803789 -1.5415967690547714 -0.06827952663589917 0.007317366922537286 
I_1I_4
-0.3132143233830544 0.47051073488842426 -0.5044657998571345 2.5125451937996366 -0.4938803992156138 -0.23820094501469496 -0.7937239554895937 -0.6395705057204978 
0.08513394916791095 -0.5426289492958257 -0.1518579226256879 -0.11874799967996438 -0.12250287971498128 -0.3500858189702905 0.07850165211947606 1.1221879689968675 
-0.4171310696608363 -0.7258647926199934 -0.08785142466216524 -0.24707683095879868 0.1530992073613082 -0.07909034833601643 -0.17173024943215287 1.5756455083072207 
-0.3132504440655845 0.47052921472391784 -0.5038220917140954 2.512400804476853 -0.49449517880975025 -0.23821288629047652 -0.7936816047626645 -0.6394678135501233 
0.0851630437132674 -0.5426014493858798 -0.15108670404028218 -0.11957458094256136 -0.12251975859540248 -0.35014900956306466 0.07852777820612973 1.1222406805985223 
-0.4170658544321581 -0.7258557725447509 -0.08772391421900745 -0.24775902289781973 0.1536971080758141 -0.07914159765221576 -0.17174647407163812 1.5755955277392966 
I_2Ip_5
-0.12452158958890448 0.7715397851770788 -0.19387389327522317 -0.1201024628319405 -0.18378044090963502 -0.024237436084574522 -0.13257746709889895 0.007553504615532263 
-0.12225875190003872 0.1606794999149935 -0.08730896502503217 0.03245821651051533 0.05769044775802222 0.19554165557471925 -0.10071818814595179 -0.136083914685841 
0.15934509664906543 -0.076588420480351 -0.09429141443599655 0.237608536886522 -0.030588508464764696 -0.11589240579069383 -0.08665140407022884 0.007058519704322385 
-0.15043697818096957 -0.15227314446931195 -0.028648645479499038 0.461995497889423 -0.05444058666476504 -0.03273204547723351 -0.044284899778950865 0.0008208021634495061 
-0.053552751901212545 0.8555542612939551 -0.24386195618471318 -0.11042719651917632 -0.033194037174516085 -0.15137998033174382 -0.15919095684425374 -0.1039473823360533 
-0.02219419223731818 -0.09441897120301575 0.17112567586926605 -0.1559908882939582 -0.1419630106091216 0.1367621806442885 0.046479809671864804 0.06019939615792422 
II_0II_3
0.40811639631666996 -2.054587335301008 1.2762651057627845 0.01861318931086815 1.940155546954442 -1.5375110448698612 -0.06714117753288765 0.016089319342218817 
-0.8756086528344208 0.13744088342502306 -1.3590685817415227 -1.181149827189611 -0.7378273557057704 3.0307401377184817 1.7356773342952427 -0.7502039379559581 
1.3815651979860022 -0.5954816618670589 1.3188163921532101 -0.6672568353755484 0.2194292151162554 -0.9542520908361227 1.1053733701285122 -1.8081935873200068 
0.4067586660519206 -2.053892701920658 1.3004612716326471 0.013185779321235413 1.9170467682369932 -1.5379599021575037 -0.06554926787141542 0.019949386693341252 
-0.8745150260512254 0.13847456990249843 -1.3300794613794356 -1.2122199597218604 -0.7384618112031752 3.0283648841808786 1.736659380512089 -0.7482225762298476 
1.3840165550349903 -0.5951426087688877 1.3236093466464882 -0.6928995579171192 0.24190353833734615 -0.9561784870850394 1.1047635066849342 -1.8100722929439728 
I_2IIp_5
-0.15745180890777546 -0.8328948450139227 -0.296831002382613 0.06644245022852964 -0.20414129571081122 0.08679389094793491 -0.34688737006546877 1.6849699809004313 
0.13685928365320135 0.030162473583908743 -0.7329957495439222 2.6166428925568956 -0.5425585033598735 -0.10009537937448974 -0.24456554760876134 -1.163449469895391 
0.9579117795241456 -0.6720148351639358 -0.3905280111301081 -0.13519107150117296 -0.1332326818418552 -0.5740546654451268 -0.07080923053776318 1.0179187160837315 
-0.0850878203547095 -0.6172565553882099 0.027024065261784448 0.6052093628979884 0.16943343638324093 0.05076800157918788 -0.10419789367234311 -0.04589259670455076 
0.5667309794028937 0.40225499917204577 0.4432451740042504 -0.6764445410653068 1.1783895822988164 -0.7216211670673929 -0.34981721989368886 -0.8427378068567701 
-0.2414396579285615 2.617673334682684 -1.0725673744904116 0.16107676109109173 -0.8235469560690694 -0.16692984087118065 -0.42000824691756067 -0.05425801948597455 
I_2I_5
-0.40628737436658646 -0.7126888883872557 -0.09026685951503755 -0.25049512133061463 0.09965951987996582 -0.06760778950563857 -0.15620816841738172 1.5838946816440678 
-0.2999996838578724 0.48520290222405993 -0.5032817955260744 2.432309579280721 -0.48041304601119306 -0.2286090022921093 -0.7764823379278559 -0.6287266158796327 
0.10198848253530614 -0.5252530015622136 -0.13518796456316784 -0.19223404836542166 -0.12006904473042306 -0.34067209710602514 0.09394169673698341 1.1174859770516874 
-0.4028799702677412 -0.7144321629446139 -0.1509903455329594 -0.2368743164308879 0.157654063681355 -0.06648132263521486 -0.1602032767571925 1.5742073308847049 
-0.302744285256738 0.4826087289688883 -0.5760338362616917 2.510284195942976 -0.4788207958291551 -0.22264798864465427 -0.7789469131028616 -0.6336991058077868 
0.09583647703735161 -0.5261039002602741 -0.14721651928110013 -0.12788023660314066 -0.17647133835001563 -0.33583755032923496 0.09547222990154254 1.1222008378826518 
I_0II_3
0.3834147484701987 -0.7037862585610596 -0.3223895189470405 0.00875186894187672 0.16941890026737977 -0.7301009364665789 0.2394212632391101 0.9552699330449658 
-0.3720800764746772 -0.9076453186417619 0.1908066329678867 -0.503332366093964 0.6709886474918074 0.3155527922915875 0.20479964989228336 0.4009100385677536 
0.16938092441092203 0.30078107058923104 0.1353607980269746 -0.21259333139066322 0.41287895988446327 -0.1672384240972212 0.029919887221345087 -0.6684898846456347 
0.8308652647043121 -0.8532271460748911 0.2940046950067593 -0.5938628316547425 0.8638612942976935 -0.6570446034716464 0.3147044738766015 -0.19930114669326085 
-0.8110665078072853 1.356187979925721 -0.6252608720924259 -0.7999001423491457 -0.4548522204987773 1.5652038512033668 0.46315087871309213 -0.6934629670828822 
0.2890773811818269 0.2540061996063382 -0.012637799436510187 1.2634608504850215 -0.5240111855426478 0.06879145809434212 -0.27839306614076464 -1.0602938382476679 
IIp_2II_5
-0.5461391619752679 0.43911144369145344 0.03758455484282134 -0.4453693471271744 -0.4918453001720471 1.115628864575021 0.3136500825987 -0.4226211364243594 
0.1793184566947362 -0.6470409450003036 0.630359975996172 -0.856472528567965 0.4686817108784647 -0.026867935941723143 0.15207837944618494 0.09994288648734893 
-0.3181315880460964 2.211019762870311 -0.8074565864356246 0.06554688954193504 -0.4238133167624908 -0.42779832781710414 0.0006123831608040774 -0.2999792165013175 
0.20740733536874237 -0.6008752823452096 -0.1424367082276853 -0.02812917322232612 -0.15825746771726948 0.08300245473939218 -0.18997752104099114 0.8292663624409325 
0.10059783999841786 -0.38046370103332333 -0.008457302603140227 0.04981701807683943 0.24071511222784897 0.03831550531909165 0.5527434850061602 -0.5932679569899275 
0.4570783589381785 -0.7856805368713504 0.21390601943752358 -0.24592010327175504 0.9034250623053545 -0.5619623009791805 0.12821146471843495 -0.10905796428444146 
I_0Ip_3
0.1573521248640151 -0.07943413819546424 -0.09391575825808553 0.23884692994223108 -0.019702184647017645 -0.11835590889441991 -0.08992953828489555 0.005138473472303369 
-0.15290318459943825 -0.1553807836733899 -0.028277069668297933 0.4783120314509432 -0.057403391161534305 -0.03483473327429069 -0.04787733292453148 -0.0016355361476318678 
-0.05672329970500717 0.8518933409227821 -0.2465747925887723 -0.09553379330082315 -0.03385752049546666 -0.15347863146014545 -0.16244208435634347 -0.10328321901394445 
-0.024825566056596863 -0.0968993220661476 0.18405747401530756 -0.158166508360359 -0.14241056332682878 0.13402105820286522 0.044005263045327335 0.06021816454637417 
-0.12639252405838933 0.7689466819211965 -0.17918716172502572 -0.11962747526141089 -0.1865073493060393 -0.02755035487795401 -0.13570373779320113 0.006021921103404115 
-0.12419562572052514 0.157167748640132 -0.08826278765813066 0.03492408686008269 0.06859673707298695 0.1925103927877878 -0.10430674079479675 -0.1364338111851513 
IIp_1IIp_4
-0.057060451069473085 -0.12594712624068344 0.27837226550987454 -0.17626253744243717 0.013290005859821286 0.007944527045058943 0.11995442297939207 -0.06029110664108789 
-0.09832936283745723 0.39024977500672325 -0.12158403477111154 -0.06150446149457186 0.07730749556155839 -0.08006430945022042 -0.05117589163198608 -0.05489921038138754 
0.03912658988462106 -0.12095771398899097 -0.07323956887977441 0.02011182506545162 -0.061182695760272326 -0.040393944342125974 -0.03754196974196129 0.2740774777617696 
-0.05727838406711371 -0.12583562873720577 0.28225605826110833 -0.17713370586176475 0.009580752594091227 0.007872479734398814 0.12020994475246671 -0.05967151667468903 
-0.0981538218117505 0.39041569485004474 -0.11693091178735933 -0.0664916134323872 0.07720565737475071 -0.08044556789089058 -0.05101826070811391 -0.05458117659237138 
0.039520063908013596 -0.1209032916491022 -0.0724702386472096 0.0159958415470079 -0.05757528068130488 -0.04070315547209116 -0.037639860591119206 0.27377592158443137 
II_0Ip_3
0.017452559485261653 -0.08206354590999904 0.053233603503059834 -0.03853456090097854 0.06721523039774793 -0.027763293184416133 -0.022997363172668414 0.03345736978141585 
-0.048073373311080504 0.015996491332829307 -0.012025171532564705 -0.0652082288174278 -0.030410242855654118 0.10285265230938628 0.06195666436160978 -0.0250887914863177 
0.021700269223397867 0.07575666204118113 -0.0018495655840177492 -0.03251897032767605 -0.006971236112565793 -0.05086826080084274 0.052246299627781934 -0.0574951980671764 
-0.018390713285565817 -0.059338807366031185 -0.006814600163125567 -0.059903299433709076 -0.012464801680012117 0.15934528294060765 -0.01282211737272642 0.0103890563603869 
-0.038057250249132375 0.13766512683491414 -0.05947050723899967 -0.06306057108722825 -0.038728959856769614 0.0880394148842335 -0.006311158866265351 -0.020076094419722346 
0.0007055473247914653 0.02494607440260523 -0.018330278485043008 0.08867479405700855 -0.028956399058908906 -0.030231819192411188 0.027475030543995964 -0.06428294959164527 
I_1Ip_4
-0.12449439337952041 0.15725266513254413 -0.08666090682931292 0.0338867671026997 0.0708920577494497 0.1925291046557868 -0.10470959340208519 -0.13869570102716733 
0.15646375242031213 -0.0804326006049071 -0.09474690744830025 0.2584142876134206 -0.03420042339024391 -0.11842378600057822 -0.09105613428244598 0.003981811691389237 
-0.1541990709868794 -0.15672834647759878 -0.03220256294151731 0.48009205534428645 -0.055127798675511146 -0.03525480013515511 -0.0481955183865114 0.0016160422615152082 
-0.056616314026408314 0.8525897536782165 -0.22728033719281546 -0.11317024340293591 -0.034551939745014006 -0.15473280427747205 -0.16215656799852007 -0.10408154703187161 
-0.024327610757403986 -0.09760432837987026 0.18903178138556995 -0.1553636041745827 -0.14542758982650697 0.13268901996611987 0.04267832071102123 0.05832401107612169 
-0.12670783604049504 0.7672810789497205 -0.19499977300487548 -0.11801277450871885 -0.16976080465042404 -0.02796169818404794 -0.13691063855701613 0.007072445999156286 
other
-1.2927577818103981 0.8734975363111287 2.200599816026586 -0.5449145569876375 -2.0638861689950123 0.6523298981461533 -1.840980266661553 2.0161115239786858 
-1.2877067099990742 0.8767357020895791 2.208489412597201 -0.7057959344045297 -1.9238748149474594 0.6483626586196007 -1.837415654482513 2.021205340539382 
-1.2802100109656027 0.8822683498652104 2.24052834205201 -0.6900898415748428 -1.9482458884473546 0.6480350298132109 -1.841190450297807 1.9889044695692073 
-1.285689792387833 0.8698814562192383 2.0746408911790715 -0.5166608770145298 -1.943587897874534 0.6546665320458465 -1.8492673329035418 1.996017020743833 
-1.2933998456198512 0.8713546000572706 2.0575796175169874 -0.544052933065202 -1.920572005207052 0.6607276086472023 -1.8425279307949813 2.0108908884851426 
-1.2929711360105023 0.8805033279232407 2.2155774718177605 -0.5566005202101831 -2.0652413498289697 0.6580633459395662 -1.8380156603698445 1.9986845207482677 
Ip_0IIp_3
0.002069490002080724 -0.03935379765118661 0.009852189683863404 -0.04003940470456175 -0.022702308250226663 0.09602801490780571 -0.008035944806105725 0.0021817608181228703 
-0.029941727518786976 0.03580736909742071 -0.008394031895092866 -0.024386715256755228 -0.04136733662552437 0.04840994183760279 0.04809025904441722 -0.028217758682873833 
-0.02659217157820853 -0.059091081029753134 0.1097695703201366 -0.07703065449589283 0.00823516066559521 0.04507561868655422 0.04357711335091816 -0.04394355591929801 
-0.011789268182805991 0.23007711651595275 -0.04914408538120532 -0.01186292444469356 -0.05003260568601503 -0.03732069440680399 -0.0297055543451354 -0.04022198406890444 
-0.006621426421642575 -0.041825204867365025 -0.017585384194535182 0.07301825912739617 -0.0239159952910111 0.0022616984487152346 -0.010500262004350126 0.025168315202877965 
0.011289128607655567 -0.040278095302382536 0.06278551733836281 -0.018395319158858905 0.01569606802596371 -0.011960676211840689 -0.007503057130210352 -0.011633566169026577 
Ip_1Ip_4
-0.025216522321491117 -0.059125787548806735 -0.020842757795698573 -0.005995128206684642 0.10281571974050059 -0.02801460618372554 0.07899249721702317 -0.042613414900983256 
-0.02506610654290303 -0.056514170738452246 -0.041534614616448896 -0.06607234576892412 0.06913033251124887 0.13930233823881627 -0.02501394317950913 0.005768510095872857 
-0.04305501626699599 0.27698535819843784 -0.05270686306122861 -0.07379389887183586 -0.06598411904543224 0.023418059505670767 -0.03504961841709392 -0.029813902040188488 
-0.025174536771727478 -0.059147267930402134 -0.021590983971772733 -0.005827294581853738 0.10353032027805477 -0.028000726018754096 0.07894327005916622 -0.042732781062026826 
-0.025099925131735836 -0.056546135773049004 -0.04243105493654139 -0.0651115536093924 0.06914995199206082 0.13937578900298514 -0.02504431132495613 0.005707239780789275 
-0.04313082040561618 0.27697487354541306 -0.052855077205271044 -0.07300094033715816 -0.0666791001021982 0.02347763010484426 -0.03503075940470742 -0.0297558061942524 
IIp_1Ip_4
-0.02704491217153392 -0.05983741273338174 0.10937672708751306 -0.0750162213325296 0.00925663732570348 0.044561542174064925 0.042855560030771116 -0.04415192038041863 
-0.012221148484894003 0.22945985908451424 -0.04745304175647893 -0.010498474835818651 -0.05047409335157677 -0.037881502493764305 -0.03035749832010067 -0.040574099841109636 
-0.007027860591638509 -0.04251707987409215 -0.015992763347055072 0.07458255799487438 -0.024413493276385808 0.0016251450390639118 -0.01120227174097436 0.024945765796496634 
0.010931985478185503 -0.040965198487400566 0.06397948764614982 -0.01840433357253766 0.017038172299572534 -0.012628907322628006 -0.008183008506208499 -0.011768197535028224 
0.0017867822558867857 -0.03996431044876335 0.011412315078982794 -0.039926450082226866 -0.021608380452243774 0.09537383615671487 -0.008744738523209129 0.001670946014958241 
-0.030294586596706936 0.03506301020598219 -0.008519142817593084 -0.022050463798738002 -0.0406500467608179 0.04783417236215604 0.0472897976215429 -0.028672740215296953 
II_1Ip_4
0.0008130499375876237 0.02514945180735469 -0.01844070882900571 0.0886793777677419 -0.029883158033711034 -0.030045883675968808 0.027729531176054985 -0.06400166014991665 
0.01762344791465992 -0.0817893331343218 0.05328691601624749 -0.04062701701460208 0.06806474682469235 -0.027603609276696386 -0.02268495893715652 0.03372980760654102 
-0.04782842663425036 0.01632742993692855 -0.011597439286010515 -0.06642055775476177 -0.030462896732585065 0.10302494028332697 0.06220595296504486 -0.02524900277687061 
0.02184377457563772 0.07590655277407675 -0.003668643244436997 -0.03159037611388487 -0.006861561096200581 -0.0506101846164171 0.0524087493976006 -0.05742831167584162 
-0.01832216902468832 -0.059117793739456984 -0.008149433517013282 -0.060056619166414964 -0.012081884688918498 0.1596524631191447 -0.012539741270132831 0.010615178287482567 
-0.03795065048024971 0.1379963529617817 -0.058722273543047376 -0.06325777414668499 -0.040284647160701785 0.08828705846102486 -0.005999847533491156 -0.020068218557894042 
I_2II_5
-0.8163770386926152 1.342639496109292 -0.6106760813711518 -0.7973594888357961 -0.4120332080604123 1.5520644616063588 0.44763923022708857 -0.7058973709653193 
0.28162730773884503 0.23835373221102973 -0.014379076137343917 1.3340565646148028 -0.5275782650469687 0.05752460968195818 -0.2957620450817324 -1.0738428279796255 
0.3728241129822861 -0.7211653184355229 -0.3362413896125138 0.07184034894975902 0.1758924129264671 -0.7407581251509524 0.22386944494069552 0.9537385133912758 
-0.380804820883516 -0.9201315240494201 0.2454085740884388 -0.49921302694135467 0.6639667181970477 0.30246048402363657 0.19231829224763045 0.39599530331990535 
0.16324931579636587 0.2872245818515338 0.19442592904291203 -0.19835929725168977 0.39828045978613524 -0.18282859988821165 0.014942579132527068 -0.676934968464519 
0.8250073075667363 -0.8695725057021202 0.3009420816571797 -0.5887147172785292 0.9091443280942998 -0.6720722008652839 0.29851403558738404 -0.2032483290700664 
I_1II_4
0.28876876319611977 0.2527149788414842 -0.013729746328182297 1.264562463530837 -0.5210456797415509 0.06767508279570328 -0.27945493200313803 -1.0594909302916786 
0.3833740022820964 -0.7043162799869467 -0.32179946210767313 -0.00020374964960813308 0.18018581661206534 -0.7309683577543934 0.2388055311147256 0.954922499483786 
-0.3721139804267512 -0.9081298856173147 0.19255636448858235 -0.4981228814298228 0.6688231145254122 0.3149942670866289 0.20367638671110622 0.3983166146619972 
0.16841861382193513 0.2991398079623977 0.12509064678172904 -0.19887808769356893 0.4129880161690351 -0.16739510680199832 0.028651660537559135 -0.6680155507765582 
0.8299194344606509 -0.8537628678152097 0.2964608271172309 -0.5960087087662377 0.8648867573675744 -0.657406015085481 0.31448372799195706 -0.19857315528275166 
-0.811351803210102 1.3560477544992577 -0.6124668609455144 -0.8004945468547603 -0.4639027572219147 1.564191643080066 0.46262896259460595 -0.6946523919285033 
II_2I_5
-0.3616985397861288 -0.9114401150028958 0.19095990204774818 -0.48976678543321234 0.6697055148289602 0.3118126787626311 0.20169522216746727 0.38873212241523236 
0.17901835750361925 0.29644927266602583 0.13267403793260982 -0.1963296381519984 0.4101309847648661 -0.17085300100003134 0.02703848914896846 -0.6781285028645705 
0.8407688136862635 -0.8566740264650375 0.304213043536671 -0.5923020443356488 0.8613339779823102 -0.6611983388546028 0.3125833744281337 -0.20872479999020693 
-0.8003906033717831 1.3529270609395974 -0.6095258558841171 -0.8003845625567432 -0.45939466817506014 1.5603852544897359 0.4606741125094685 -0.7042907379404126 
0.2999093278995743 0.24995366829707596 -0.009518631178528822 1.2646920563849828 -0.5171856167559276 0.06404225797085668 -0.281409550806986 -1.0704835118080418 
0.39421844333046235 -0.7074877497120534 -0.32195698919300897 0.00933016979082998 0.1797244428719654 -0.734310811885318 0.23653741567582318 0.943945079111811 
IIp_0I_3
-0.2623321876775224 2.586825121508543 -1.0777470114397132 0.1744558277978479 -0.715726216730112 -0.19369837069438564 -0.4527650392955594 -0.05901212345946176 
-0.17986516723621676 -0.8597736171841817 -0.2937871930179013 0.11546757845907564 -0.13532078867366065 0.06507281693887695 -0.378560963646522 1.6667673343560405 
0.10891135789101615 -0.0004619598813298936 -0.7441232772660689 2.772767938641464 -0.5640351302303312 -0.11898107847992094 -0.2776805536940423 -1.1763972969719192 
0.9262639672868086 -0.7031018471197218 -0.3787378515040598 -0.03708521457179974 -0.13910478615613012 -0.5945163396676632 -0.0991154441779149 1.0253975158985367 
-0.11084629191472213 -0.6401692540197921 0.15828739586223062 0.5907061059368678 0.15407997819214395 0.024067986212327693 -0.12874501872222355 -0.04738090154795779 
0.5461932228989381 0.3758354380285477 0.5433673709439037 -0.6685746703936047 1.186431833854767 -0.7517926631298767 -0.3802563361842263 -0.8512041960191936 
I_0I_3
0.0825087193408002 -0.5484108846249086 -0.15064537047010246 -0.11845468114957493 -0.09858170781825175 -0.3553367656190551 0.0718745233486584 1.117046166988184 
-0.42081218850984836 -0.7323199290377037 -0.08818424169238159 -0.21185193079996592 0.1465655347159252 -0.0834835564910116 -0.17914886185542436 1.5692351736723569 
-0.3185835576245369 0.4628122524091938 -0.5119431803893935 2.5451096363285637 -0.49572560442309865 -0.2425012310333144 -0.8003237695331744 -0.6388445457221333 
0.0809775990922012 -0.5476275425563991 -0.12335921469645082 -0.1245752026908903 -0.12464161082987156 -0.35584294457054705 0.07366972905334943 1.121399187198349 
-0.4195788992802836 -0.7311542348365315 -0.055493043500306656 -0.24688989841608636 0.14585005559303013 -0.08616214360179603 -0.17804140267393392 1.571469566715987 
-0.31581914814605344 0.46319460454217876 -0.506538137970651 2.5161921902540776 -0.47038118053405126 -0.24467363919228502 -0.801011516056052 -0.6409631728883494 
Ip_2II_5
-0.0480764536953903 0.016022746555463995 -0.012066605324593322 -0.06453568736381411 -0.031162099477756437 0.10290546024385729 0.06198737474822534 -0.025074735685124968 
0.02169420880545128 0.07577793453755684 -0.0019816091255619853 -0.03282749806412338 -0.006824039646045516 -0.05083662263056449 0.05231323628047126 -0.05731561015719939 
-0.01833098337829138 -0.05923370666312939 -0.006063099209938296 -0.0608558124778304 -0.012475857095505782 0.15934701961241998 -0.012742491561955624 0.010354930774271543 
-0.037996075570601126 0.1376935754660881 -0.059589992056082904 -0.06291126819283743 -0.0388108471979749 0.0880532267645101 -0.006305947743569351 -0.020132671468873445 
0.0007210752577325377 0.02494421635504415 -0.019214796849243015 0.08872141716547194 -0.0282957535609227 -0.030172283324305993 0.02749947886749112 -0.06420335391062505 
0.017469622680443043 -0.08198376915971275 0.0533106806585067 -0.03860868454110571 0.06704765473268358 -0.027694662760722626 -0.02293472642731197 0.033393884816547884 
I_0IIp_3
0.9339050846055427 -0.6918099994634487 -0.41546053048181986 -0.03176924119859495 -0.15555935149847505 -0.582815933080171 -0.0872899821512171 1.030799953252622 
-0.10441167280332016 -0.6279066989861255 0.1183159448208712 0.5602447328221811 0.16853793923139662 0.036717476576858504 -0.11445972962607745 -0.037037992033765295 
0.5540645368754641 0.39155936196667285 0.551989641918599 -0.699681303476757 1.1572697211028118 -0.7399251476984038 -0.36540911770006335 -0.8498676929940987 
-0.255367849218781 2.598463218489166 -1.1024087870309462 0.17706643587133794 -0.7436996627497149 -0.1822217030420225 -0.4401460685482866 -0.05168558376480777 
-0.17288541518816372 -0.8469958072631422 -0.31930862822544864 0.06951888108329266 -0.12117908048684127 0.07653833032097847 -0.3637861604434903 1.67809788019511 
0.11800458366495946 0.01543096962058562 -0.7331118938433232 2.7288793465977026 -0.5819946151566898 -0.10807380109497779 -0.26313732982279686 -1.1759972599617454 
IIp_0Ip_3
-0.012178446373082848 0.2294669572811659 -0.04736887799369726 -0.012104965434748859 -0.048971626087447234 -0.037944350431671596 -0.03035046337371413 -0.0405482275859797 
-0.0069653007070658544 -0.04248997389312294 -0.015673981395463724 0.07489225858935811 -0.02468582917729918 0.0016023891080838698 -0.011272013245613059 0.02459245072106937 
0.010857704329135624 -0.04112263647098708 0.062286608498893885 -0.016529432020597184 0.01707893216822153 -0.012581665987986473 -0.008292371736196586 -0.011697138780695109 
0.0016951935839640375 -0.03997157060431701 0.011362188407707622 -0.04022195708983122 -0.02138803859104613 0.09540927870538526 -0.008698302393997433 0.0018132079818545086 
-0.030297588798249998 0.03513127006966303 -0.0068003722421910604 -0.022172163148030218 -0.042130216389532384 0.04777666711011681 0.04730774381829049 -0.028815340419256562 
-0.027050464623044765 -0.05993933848213041 0.10921812699804566 -0.07488370331577018 0.009371688869404232 0.044475743700990146 0.04279448331926481 -0.04398653646646382 
II_2IIp_5
0.21241818756991543 -0.6025623968515406 -0.14737452505617593 -0.026818056606459344 -0.148740872316557 0.08132921254281808 -0.19154711547120706 0.8232955661825243 
0.1048370653928793 -0.3823761391470661 -0.014811058041342374 0.0642455529128872 0.2387813788226061 0.0372485452772988 0.5511407053521523 -0.5990660505663858 
0.4606707549904462 -0.7876995423769684 0.2113440455937397 -0.2334112009984028 0.8975790998769958 -0.5631120573332854 0.12713287867123038 -0.11250397843164905 
-0.542051847087899 0.4378968235108464 0.04910513377187833 -0.4477499915130822 -0.4980474524297738 1.1136503066139136 0.3131633158924064 -0.4259662887499581 
0.1843015744281874 -0.6482502625766177 0.6437248163952733 -0.86317810812815 0.46631641655119777 -0.029550559512292403 0.15114359427488472 0.09549252856526272 
-0.31287176234114916 2.2092313835762853 -0.8067583601997783 0.06061343842071573 -0.41437209245455253 -0.4302584319355742 -0.0008810361277316081 -0.30470313892708006 
II_0IIp_3
0.4568605796889378 -0.7830571861637925 0.2140545652218274 -0.246818724036888 0.8944411828335997 -0.5595295863656226 0.1308788498929965 -0.1068296810789006 
-0.5461419233036359 0.44157277912909937 0.037426167157105644 -0.4523405986850541 -0.49506045684836786 1.1176590316511208 0.31633842744559176 -0.41945342653876755 
0.17983358130553892 -0.6442179576090226 0.6318398533608622 -0.8695571791370023 0.47035029402139544 -0.02501768764518449 0.15476237958140146 0.102006716117048 
-0.31752528661828155 2.2135696931883846 -0.8113991049360905 0.06019673029114397 -0.42297785729679144 -0.4256912987906245 0.0028084092269093815 -0.29898128506003024 
0.20746904884726164 -0.5987852821131643 -0.15403955139540518 -0.027315893927165085 -0.156287511833139 0.08563515258084031 -0.1878456422892422 0.8311696801239226 
0.10035335873773411 -0.3779386284594766 -0.014330816437005567 0.048968436845188576 0.2377494689924603 0.04109396996673641 0.5553423781533751 -0.5912381677998925 
II_2Ip_5
-0.037794753926338735 0.13746257874823614 -0.05882039924362519 -0.06303472183807934 -0.03859851350014278 0.08778758670598454 -0.006511723638408774 -0.020490053306664154 
0.0009516917222904228 0.024695523428113337 -0.01837091511904099 0.08921678602336944 -0.02861728904315025 -0.030460963009427567 0.0272451267469271 -0.06465996074865603 
0.017676222877181395 -0.08230040099994451 0.05316407163502181 -0.03808718794983946 0.06761876159790586 -0.02796725219893455 -0.023203866658842946 0.03309965169689715 
-0.047855293176325336 0.015781599997759757 -0.011650561901798364 -0.0645798368127465 -0.030612105067337192 0.10264637879548236 0.06175833819741435 -0.02548852003165248 
0.02190884542092923 0.0755141375969416 -0.0015613104482318273 -0.03187813883212629 -0.007136304595172058 -0.051090595600345554 0.05204453470306946 -0.05780116824436168 
-0.018160201905610643 -0.059555292677368955 -0.006279741896807292 -0.05995962970894978 -0.012233140409945019 0.1591025782792223 -0.013002720594528163 0.010088148914050823 
IIp_2IIp_5
0.04010446519289013 -0.12045637974091197 -0.07205153001165708 0.015575828396532163 -0.058691518753244465 -0.04035271433372919 -0.037235626995378156 0.27310747624394993 
-0.05657845961189245 -0.12578610031791193 0.278158920079508 -0.1728508467046789 0.009194490139234937 0.00820378638545518 0.12019033188153429 -0.06053212185039846 
-0.09785338593562072 0.39039126645281547 -0.12224542661637336 -0.06339225018436558 0.07805492370893188 -0.07992030585848614 -0.05074862238305601 -0.05428619918196806 
0.03995195726470309 -0.12037835459824377 -0.06933368006622982 0.014966191067025321 -0.06128722723514299 -0.040403132518254566 -0.037056814715407144 0.2735410608000845 
-0.056455617277679185 -0.125669990817219 0.28141514173133386 -0.1763408193913072 0.009123224516124058 0.007936984499116177 0.12030064085662802 -0.0603095641158541 
-0.09757803567326354 0.3904293508107976 -0.12170705491002057 -0.0662725855415295 0.08057936656767671 -0.08013668956034309 -0.05081712568797598 -0.05449722600360182 
Ip_2Ip_5
-0.04313511445958399 0.27684821966175094 -0.05292661169033708 -0.07291621174734711 -0.06634104999016038 0.023364484651602357 -0.035142518721772764 -0.029751197702800762 
-0.02520745853242268 -0.05920144934646885 -0.020802477342335618 -0.006445643959238284 0.1035511181859212 -0.02810518060031294 0.07890866959263142 -0.04269757799770903 
-0.025065340875764307 -0.056593048410168864 -0.04144843255252083 -0.06552171112105325 0.06896346431623016 0.13923438153626191 -0.025129875255273645 0.00556056236228147 
-0.0431146493205523 0.27683774941658357 -0.053291321759696024 -0.0728344041136971 -0.06599273016406444 0.02337125030087664 -0.035166513659094165 -0.02980938069920194 
-0.025223942825854523 -0.059217030156548396 -0.021239431864487637 -0.0059773222320267765 0.10356068136677826 -0.028069378279859624 0.07889386715889185 -0.042727443166206816 
-0.025102290308323064 -0.05659815897517657 -0.04152067700540921 -0.06513519702758705 0.06862470767089608 0.1392634182073456 -0.025120682751786957 0.005588880190089113 
Ip_1I_4
-0.05377936528504236 0.8564855984486028 -0.24338475518325825 -0.11058798881052698 -0.0373491593055567 -0.1505416824087395 -0.15819247490221408 -0.10265017254976225 
-0.02223509898433767 -0.09341004241145129 0.17115784861659913 -0.16207178457837715 -0.14023903248774172 0.1374654950191672 0.04758967800716792 0.061742936817917905 
-0.12428489821055193 0.7727870538346042 -0.19258109730852152 -0.12565428484052932 -0.18296848119124 -0.023519508385222182 -0.13159402733379488 0.00781524343787343 
-0.12224930257744154 0.16145131252214442 -0.09221780059237959 0.0341031204744145 0.05802132469448108 0.19652456192418757 -0.1000515595465375 -0.13558165689742488 
0.15903299488946115 -0.0757877129490337 -0.09998398481589112 0.2381621028661689 -0.029288436098170945 -0.11468272475498116 -0.0857166861752793 0.008264447036115454 
-0.15070754452193286 -0.15107457252484285 -0.027694556071528594 0.4612724418893471 -0.058538531768960685 -0.031652359543815775 -0.04314475711187858 0.0015398796551616479 
Ip_0II_3
-0.018733438080697735 -0.0600072993776987 -0.006143797076171029 -0.059891208697848426 -0.010236863825697835 0.15871859639094874 -0.013570747008054829 0.009864757675308956 
-0.03847200996015905 0.13692332691723344 -0.05889100155638468 -0.059599972542224225 -0.03949870002539935 0.08746928352241834 -0.007162125213258972 -0.020768801141572202 
0.00013367931651255466 0.024050982580115118 -0.019082500576238018 0.09186309043983774 -0.02860960727669759 -0.03078389881880082 0.026683181421056232 -0.06425492708521414 
0.01699330418555762 -0.08267241932116848 0.05598110141659322 -0.038988290837234936 0.06745980107435647 -0.02842850400328997 -0.0236093632867989 0.0332643707716984 
-0.04839426984156508 0.015343410073064008 -0.008957604038407986 -0.06441430001821385 -0.031234436711438097 0.10207865903170386 0.061189984521476684 -0.025611443015499693 
0.021338794900155018 0.07489067027603082 -0.0021904206903277075 -0.03153152301859769 -0.0046955308398807525 -0.0515856780739634 0.05140210749042663 -0.05762842004351627 
IIp_0II_3
-0.31842042019185757 2.2123909370739887 -0.8059924316036556 0.05929926669306639 -0.4225775683636565 -0.4269829940266685 0.0016264651065690645 -0.29934325467830697 
0.20685013760553417 -0.6000486976745425 -0.14799669879143332 -0.025875582561538213 -0.15788816876865064 0.08412628480619393 -0.18932956148793295 0.8301622868662065 
0.0996600947920446 -0.37961723645140205 -0.014976579926471237 0.05080150051472372 0.24223552375158994 0.03969627715148633 0.5537030109910973 -0.5915025908224264 
0.4562001766068501 -0.7843560336096912 0.21527809698269085 -0.2467778726776293 0.8988366209746153 -0.5607436811428435 0.12942168929725192 -0.10785899643689696 
-0.5469499056435575 0.4401306552181526 0.038457250741662764 -0.4455287435910556 -0.4965514262743899 1.1165608083511505 0.3146847276969746 -0.42080336648928157 
0.17871651576948733 -0.6459551826196958 0.6303654624228742 -0.8632908866971095 0.4709508870814551 -0.026082336445261152 0.15322844834392405 0.10206709214075821 
Ip_2IIp_5
-0.006864212211569019 -0.04234622360861182 -0.01560965639101376 0.07311263773328346 -0.02358757867958345 0.0016570157116152504 -0.011109234376304634 0.024747251822087996 
0.011005462072367345 -0.040941023126270744 0.06264608703907983 -0.017013286743722957 0.016932499240381718 -0.012502902803408714 -0.008195767562429882 -0.011931068116165107 
0.001730663379849046 -0.03996403713097413 0.009684192496295973 -0.03891947429833852 -0.021313269403789182 0.09556283223013112 -0.008663627676583942 0.001882720403390798 
-0.030308125491688785 0.0352414545513021 -0.007505866189757348 -0.022380875504936205 -0.04183636247341651 0.04795015220475687 0.047472531386772245 -0.028632908482353052 
-0.02700244532775401 -0.0597394249238019 0.11035920509014757 -0.0750382124858903 0.007923085382820091 0.044577752979633865 0.04296151570553257 -0.04404147642026447 
-0.01213108983628274 0.22952635677091382 -0.04749545540125666 -0.012044045589498667 -0.049394630877413956 -0.037886409304047776 -0.030247369143052025 -0.040327356618738326 
Ip_1II_4
0.0216536363650724 0.07573361176905956 -0.002021225480452528 -0.03190785091991336 -0.007516342801199389 -0.05083744229947557 0.05226327220933906 -0.05736765884221988 
-0.018390234561422927 -0.05929413519914046 -0.006247469927202746 -0.06078804669129257 -0.012365940860831698 0.15932925766815675 -0.012754098245016613 0.010510667816514762 
-0.03798863765586113 0.13772979544141192 -0.05867937337949611 -0.06375505348468488 -0.03884293344878173 0.08799620963869992 -0.006289527532047608 -0.020170479578453224 
0.0007463727928552806 0.024913346432021026 -0.01899349570181867 0.08885542795625591 -0.028436613339953197 -0.030232325888754883 0.027439298532139503 -0.06429201078218712 
0.017455936757842537 -0.0820596697249781 0.05255284225273189 -0.03853317668357253 0.06783838293079184 -0.027710828282710535 -0.022988615293219893 0.03344512804267761 
-0.04808932049578267 0.016030041655897866 -0.011990371838993857 -0.06458609423140123 -0.031064817141414146 0.10290926243569834 0.06197172904095827 -0.025180429424438225 
Ip_1IIp_4
0.010994837332072233 -0.0410187576056197 0.06272149899369044 -0.01811803264359544 0.018312386152315598 -0.012621150491042345 -0.008285881715569907 -0.011984900022470442 
0.0017186341432704106 -0.04003759517685671 0.009899448746888077 -0.03820145172045038 -0.021594472079818766 0.09548453781467015 -0.008818071023978144 0.001548969296199742 
-0.030438264463829422 0.035022440648447 -0.00879078436825066 -0.02061836643832419 -0.041825522212115177 0.047921679611855485 0.047301849352404765 -0.028573032129658574 
-0.027128105663647952 -0.059816253054335924 0.11072141844322198 -0.07531372411661788 0.00804513684237373 0.04452101731113799 0.042923921862249574 -0.04395341162409924 
-0.012171659754515987 0.22949776367230604 -0.04584767008231819 -0.012115560225121303 -0.05052843069409468 -0.03802629688958074 -0.030325196231078624 -0.040482949795003255 
-0.006907856269747861 -0.04252117891298876 -0.015748846899607 0.07325637531725729 -0.02317150010653522 0.0015054379295218734 -0.011255820461143892 0.02484338940325571 
II_1I_4
0.16709538011773534 0.2973251032407772 0.13261785154496136 -0.20008650198991879 0.41426952190663086 -0.16934848809234565 0.02680600523069652 -0.6686788719580465 
0.8289454152908694 -0.8557163167748733 0.30481712824398416 -0.5929123496735544 0.8624684206024059 -0.6596339838316206 0.3121960931700159 -0.20016440703905222 
-0.8124785041650519 1.3534824330106598 -0.613589354017353 -0.7969581301043711 -0.45772699352308405 1.5621198685966 0.4601509793348625 -0.6950002991208901 
0.28772389670512094 0.2507578576454035 -0.011163334904652315 1.2644667982329674 -0.5150263210654703 0.06581372799680911 -0.28162696690587 -1.0609456577026584 
0.3821757634359001 -0.7064816594251826 -0.31938662475195156 0.009262730533755502 0.17789755841404792 -0.7327093426546467 0.23631655330407886 0.9529250211324444 
-0.37374326827042 -0.9107647211091278 0.1904512009863106 -0.48932909258633406 0.6703911038538026 0.3133174499584973 0.2013234400594269 0.3983538871049571 
