II_0I_3
0.8292929455968873 -0.8554873646131316 0.30379415530906845 -0.5970926818525845 0.8692349143387775 -0.6601084102677465 0.31147129548770686 -0.20110485400936395 
-0.8133657354710161 1.3531813390296314 -0.6049811776593212 -0.8008137372823035 -0.45913720262645813 1.5616520276556443 0.45983391532481477 -0.6963694289613606 
0.28938666254878415 0.2511087216795828 -0.013683963341043319 1.2650260318844153 -0.5152627185554732 0.06593471026367882 -0.28154805517180664 -1.0609613893058278 
0.3821053426392684 -0.7064379994709606 -0.3221012460104111 0.009089747976103265 0.17908025387825924 -0.7322705580314639 0.23685747358094797 0.9536769854323127 
-0.37202479618905027 -0.9107922518870838 0.19027017685808037 -0.4894474728156972 0.6684256188367735 0.31371384854620366 0.20114257215127113 0.39871230449590456 
0.16611130711123662 0.29643300634651476 0.13160790471767944 -0.20123414639515508 0.41126766116964864 -0.16163503801895845 0.026596487651747935 -0.6691471825831764 
IIp_1I_4
0.5492495674058588 0.3850257891217009 0.5452734325437534 -0.6739973519157411 1.160118232215084 -0.7439842273830556 -0.3717383195774447 -0.8499471224132871 
-0.26005571753412793 2.5937268970555136 -1.0743304282107533 0.17224415724010037 -0.7464404158482053 -0.18744107575950808 -0.444762591445315 -0.052940825493591755 
-0.17459054239012808 -0.8514603802881416 -0.2933189199861442 0.07040733329215315 -0.12730046778726575 0.07054368791839447 -0.3692610352087912 1.6749803244480532 
0.11523988697025361 0.009150996604438764 -0.7348847708631978 2.7318158301000803 -0.5620102590287334 -0.11346777337181221 -0.26919381406096005 -1.176650096348879 
0.9321978129618138 -0.69699637476929 -0.4147025837928763 -0.030724923107115144 -0.13622504529309712 -0.5871982529135731 -0.0933155612256143 1.0269649281257938 
-0.1086717436890964 -0.6341209167696216 0.11733280590010602 0.5888641737426807 0.16256533199790946 0.037591454023701454 -0.12109941568229284 -0.042461689527925325 
IIp_2Ip_5
-0.030016815230185772 0.0352600360762179 -0.00892954094190413 -0.02285940158966617 -0.03879863295002752 0.04772784825152282 0.047008585967239704 -0.02939207958236028 
-0.027415300465137484 -0.0600086218216599 0.11314881686944743 -0.0756815949537681 0.00742027539917545 0.04440361627003518 0.04277001344132752 -0.04463720473895166 
-0.01127972934649501 0.22973333193974618 -0.04755482316388979 -0.012086627450700032 -0.05038635070833267 -0.037852477012718 -0.030152433935172026 -0.0404208903215072 
-0.006775127149898222 -0.04234678402798986 -0.015726758256431793 0.07302630706635554 -0.024081001664965466 0.0017529499171145908 -0.010869705219817224 0.025020119335666134 
0.011979693296722445 -0.04102769795491099 0.06250129261641058 -0.01809506416970199 0.017098011407285875 -0.012433129778348095 -0.00831253092356993 -0.011710574493943264 
0.0014663284070245447 -0.04036721887413462 0.009490248989427378 -0.04047802489193611 -0.02182349545364161 0.09916764751731862 -0.008796200046867635 0.001340714352876627 
IIp_1II_4
0.17903028381028424 -0.6471100367666106 0.6253553811802682 -0.8697924073843857 0.4999680508931443 -0.02981908100302673 0.1471600987015199 0.09520771056461244 
-0.32462062658594815 2.2081964442753264 -0.7677070745318041 0.0531521779408644 -0.430635484273398 -0.43070492017528994 -0.0022064353146430135 -0.30547408132585463 
0.21332493944041864 -0.6000881099313647 -0.14925712659117893 -0.026344917753115742 -0.15965521997357537 0.08264550679072023 -0.19058136442955076 0.8299562924444138 
0.09853926692575227 -0.3812036345309363 -0.01552395288185488 0.04919489409949894 0.24518139210465742 0.03923560242157664 0.5540788580108584 -0.5895024261479885 
0.4635528387023266 -0.7871258891187856 0.21264268140631 -0.24578043419940934 0.8986185912074003 -0.5611384517651734 0.12591689037688367 -0.10668622661309961 
-0.5525902396208086 0.43381344974699926 0.032957119876636756 -0.45061555911531653 -0.5016593061044861 1.1516540185282569 0.3113369022031183 -0.42489638550513625 
IIp_2I_5
-0.09290445343548571 -0.6340878749115412 0.11786286590148945 0.5888048946897132 0.16310383960279026 0.031136540274038105 -0.12030677151991723 -0.05360904060026713 
0.5638781134497077 0.38423270571025553 0.5483829197655468 -0.6738717095391688 1.1540014664154135 -0.7454450470414681 -0.3704619959675657 -0.8607164528004533 
-0.24386492464281265 2.5935546367737756 -1.0790734508691013 0.17273103658790925 -0.7474884443768411 -0.18877919937257265 -0.44363022173648053 -0.06344943235575654 
-0.16046343253025144 -0.8522548892714783 -0.292941900319523 0.06993513412055208 -0.1287401488380737 0.06897211119488081 -0.3683621626925053 1.6638552883303022 
0.1308391793108192 0.008498365967817625 -0.734615760338061 2.7315790629682573 -0.5642631603997726 -0.11516995574301844 -0.26872686975797405 -1.1881408620076972 
0.9459606651421872 -0.6977128855491131 -0.41448366454945534 -0.03146425096601239 -0.13835684846230054 -0.5868708029626288 -0.09235139440479435 1.015279181736737 
II_1II_4
1.3862397409303189 -0.5875980201178872 1.3287697093058795 -0.6919590422828936 0.20089657451458395 -0.9477129252373432 1.1155378862062622 -1.8041739233236949 
0.41467303652786214 -2.0464210246741463 1.2499504635957732 0.02162342398320966 1.9238407271259008 -1.5301852663897468 -0.058423813476603685 0.024942453298519563 
-0.8764067733246343 0.14350804765924402 -1.3577754943700489 -1.2135886477595714 -0.7306913715613758 3.0358075345473554 1.7433968315895523 -0.7442501267729729 
1.3872486203493088 -0.5873048992123213 1.3259543600681767 -0.6958508650527048 0.21865696779295918 -0.9499213109040529 1.1112765873858694 -1.8100594604249622 
0.4057797314174104 -2.0473776449481176 1.2762796269237784 0.017057797863144597 1.9192769519087864 -1.53236551879994 -0.05868137764723205 0.02003043326980185 
-0.868453775687899 0.14761696558317758 -1.3557364861870227 -1.209738412797667 -0.7284739306355149 3.011774394268484 1.7447521440162965 -0.7417408985439309 
I_1IIp_4
0.11540881181335226 0.009388245149156507 -0.734788194792333 2.731866459107527 -0.5623400856899701 -0.11339434429613435 -0.2692208659448692 -1.1769200253449672 
0.9312623116885366 -0.6966233437490926 -0.41443647817817814 -0.030839613107230896 -0.1361971391023135 -0.5871267459785909 -0.0928481905911197 1.0268091990043509 
-0.10792563801825399 -0.6332842981841631 0.1178933381236328 0.5895151553168261 0.16325206761056021 0.03310857183621557 -0.12064196096476518 -0.04191723572344295 
0.5492193462432745 0.38520517757331485 0.5459257396038169 -0.6731785032899059 1.1562826234714347 -0.7434748778414518 -0.370924219757624 -0.8490552860021991 
-0.259235740241877 2.5942887584785597 -1.0792615222080104 0.17303069110362562 -0.7455116511495642 -0.18693920167460057 -0.44424437937723105 -0.052126954925505564 
-0.175414304919232 -0.851434834442899 -0.293160874253114 0.07029830440152222 -0.12705144008746735 0.07080478584788324 -0.36907111004161797 1.6750294734901385 
Ip_0Ip_3
-0.025168509103953317 -0.05670977917565522 -0.04159712180417564 -0.06514624346912687 0.0692356889032432 0.13914109536319924 -0.02528223044057413 0.005527099726932862 
-0.04326421519014421 0.27672834498818466 -0.052544864526599615 -0.0729585545626192 -0.06608838699172673 0.023259320018077605 -0.03527390524433235 -0.029857738489759162 
-0.025230425951171226 -0.059291228047686606 -0.02082205275306073 -0.0059562407839171055 0.10344835070699979 -0.02817715383946495 0.07879136890001509 -0.042762618231560655 
-0.025183143346255644 -0.05671403102410384 -0.041556283918160755 -0.06508979085834965 0.0689780665423592 0.1391731289741254 -0.025220418416245192 0.005612472046009749 
-0.0431352138655307 0.27674222118844366 -0.05292678068738465 -0.07289232813611464 -0.06602218741338842 0.023290945543747582 -0.03527016916208038 -0.029786487466381663 
-0.025345787699841252 -0.05935082971968977 -0.020851629468644845 -0.006012090145127446 0.10341618574555081 -0.027828542508564803 0.07877170949380928 -0.04279901569691495 
II_1IIp_4
0.0998977091451785 -0.3796468833063494 -0.015807173345693232 0.048291581303401145 0.24869363949451162 0.03899907663544668 0.5525803732676443 -0.5930083231937427 
0.454996829526774 -0.7851210664351775 0.22251247491282503 -0.24791522795487148 0.8973650017837955 -0.5613780579495562 0.12872273930008282 -0.10918269319123207 
-0.5454976682201459 0.4402639350024785 0.03705585588292559 -0.44539232968316383 -0.49672543007715 1.1164602146435691 0.3145854489582758 -0.4207500265045203 
0.17852842878161063 -0.6460937782929087 0.6302634515177004 -0.8635194937030446 0.47073147800341586 -0.025983510849860843 0.15351912629408734 0.10255429824748596 
-0.3167780545927312 2.21196520230267 -0.8063862644002159 0.05943605301374441 -0.4234738177935408 -0.42692430601751885 0.0010743424344572424 -0.2989131549391184 
0.20575278545019063 -0.6012141581731758 -0.1489181672659393 -0.028221230025309536 -0.15881013709307304 0.09176699364909588 -0.18983191115440504 0.829475824607006 
Ip_2I_5
-0.15121645118772006 -0.15202746026443406 -0.026874469200067332 0.4633709365785556 -0.061290269987835655 -0.031870264623919724 -0.04296434641319136 0.0028723250989973565 
-0.05279509816292414 0.8564811105152841 -0.25200890756842376 -0.10898500698599262 -0.031607305012384034 -0.1505599522473983 -0.1584220897237708 -0.1021027508139398 
-0.024349861560392323 -0.09448648264119931 0.1713650897105604 -0.15607928873119728 -0.14090498770915072 0.13707139481710845 0.04663917378577877 0.06074496232930276 
-0.12491522714345178 0.7718710798649817 -0.1936727881052077 -0.11995600635419844 -0.18385713002027665 -0.024137023362933885 -0.13278583578403325 0.007452930906471134 
-0.1246377408633861 0.16124667078132915 -0.0869535558951193 0.03305950209153872 0.05769663223023041 0.19565700988849502 -0.10006327920478794 -0.1360052390275666 
0.15991101373794256 -0.07522726544743412 -0.09345552684079331 0.23949029810833622 -0.02930167908470861 -0.12394086929363668 -0.08600324526210999 0.00852727408113047 
IIp_0IIp_3
-0.09760570257408928 0.3910824367909341 -0.1218838566616584 -0.06710179457247178 0.08042510371940521 -0.07973619958258005 -0.050556731468887624 -0.05462325564912552 
0.03960051357568582 -0.12017488047415696 -0.06934767083079817 0.015018387596524234 -0.061553653841935306 -0.04007163310583767 -0.03687255218775208 0.27340148926660274 
-0.0560407618968644 -0.12512987416954316 0.27810989146717224 -0.1763705523401652 0.009739338326608395 0.008566896023661686 0.12081882561406641 -0.05969376302478511 
-0.09771872802058405 0.39104959825687396 -0.12156845117415047 -0.06666579102397038 0.07843539479683571 -0.0794887926362071 -0.05007933526747408 -0.05396389492984732 
0.04059683658802411 -0.12006770965501551 -0.07229734488235946 0.015529877792008455 -0.06104237100436576 -0.03982737794732692 -0.03684369709869934 0.2739517862069602 
-0.056931741624024375 -0.12559019903540022 0.2778814599955679 -0.17680189677807692 0.00949091691362441 0.01125934505366088 0.12066698904243715 -0.059974873567540464 
Ip_0I_3
-0.02293302474894761 -0.09426546976270915 0.17208862342241482 -0.15462036362942508 -0.14734690048697738 0.1374888443536138 0.04755757861455159 0.06203071223762173 
-0.12395613228475924 0.7723243138391404 -0.2015372185289633 -0.11883978626508855 -0.1817412503455722 -0.02349566444440704 -0.13193818499336857 0.009183923024446953 
-0.12424843912395889 0.1606214204577167 -0.08707484850553078 0.03309068347713234 0.058027941061756905 0.19584695982432804 -0.10060722301464448 -0.13565649417526168 
0.1588534271328144 -0.07635403145353474 -0.09430115922394361 0.2384193180126054 -0.031118329676768055 -0.11579042869332935 -0.08685460928806128 0.007145813188657653 
-0.15260888855855365 -0.15176261646984787 -0.027717073215868467 0.4617378127482676 -0.05435126124906085 -0.032664179082348276 -0.04368521950304853 0.0010514253300656362 
-0.05309743107056002 0.8567707951448441 -0.2423026964277235 -0.10937964396264474 -0.03219767962140666 -0.1584406286138575 -0.1586439716274368 -0.10270874381848574 
II_2II_5
-0.8563301367590833 0.14168269464825925 -1.3615315057089588 -1.21742354254297 -0.7152427943967518 3.030407428515491 1.739159809918945 -0.7607219536621103 
1.398199159402195 -0.5920492950742408 1.3497212261395328 -0.7003468521558949 0.21408331233554367 -0.9546111831881217 1.109546228440243 -1.8245425959025614 
0.43026195478220874 -2.0502503734677644 1.2746709942045313 0.017735123741664527 1.915873630113694 -1.5356212665763482 -0.06132679881691705 0.008656736011791349 
-0.8572901685142972 0.14140376599491813 -1.3588524693266935 -1.213720153047119 -0.7321432695230775 3.032508889132788 1.7432147862690253 -0.7551213809823664 
1.406661870754186 -0.5911389921942477 1.3246668614679875 -0.6960022833463492 0.21842611985868807 -0.9525364936778693 1.109791321935454 -1.8198684047955125 
0.42269402333838263 -2.0541603468613276 1.2727307101945828 0.014071308465024052 1.9137635526715449 -1.5127517567008673 -0.06261649007580888 0.006268998949037221 
I_1I_4
-0.31315993613173937 0.4707132415548714 -0.5042701310248784 2.5127991466204183 -0.49575723621792434 -0.23789967811420798 -0.7932844175901791 -0.6391409890892991 
0.08550134569237475 -0.542278254443555 -0.15353532936501663 -0.11932794050068754 -0.12202953622069794 -0.34980739657363047 0.07885988094316337 1.1226172304639033 
-0.41728236504726535 -0.7256678894510765 -0.08761935066173461 -0.24788056071831072 0.15321752427271643 -0.07891371257655283 -0.17150389004422328 1.5756502442245068 
-0.3130924351103297 0.4707328533738218 -0.5044584973902502 2.5125387567192368 -0.49456894288500375 -0.2380474344123663 -0.7935695279984329 -0.6395347722893071 
0.08490632197834172 -0.5423422589662344 -0.1517737259616671 -0.11963341251331548 -0.1223348843950988 -0.3499532705620738 0.07884264811601564 1.1222885822993829 
-0.4167502544165996 -0.7253929743803517 -0.08748292689051887 -0.2476229533295881 0.1533658864303952 -0.08052169613388933 -0.17141321025492173 1.5758181289739248 
I_2Ip_5
-0.12456687088330856 0.7713260718427539 -0.19415531127339475 -0.12046321902609783 -0.18146207449953247 -0.024592927739765798 -0.13310701686905616 0.007021348451129563 
-0.1227216625443811 0.16027004888182392 -0.0850020947085619 0.032865231189601565 0.05711190146514351 0.1952082264421976 -0.1011278449656443 -0.1366038057595181 
0.15961135972213603 -0.07677392997539018 -0.09452938251041855 0.2383593251967553 -0.030736969896973394 -0.11608695143127666 -0.086888967527231 0.007045516421100292 
-0.15060789419240453 -0.1524968692870284 -0.028083100889460203 0.46185998140895834 -0.05431462008887845 -0.03289573515953886 -0.04438456180020123 0.0009228000088255943 
-0.05317269784704282 0.8552577660700652 -0.2432668750442388 -0.1103568014374247 -0.03336908195940367 -0.15157104598551527 -0.15955308402405882 -0.1039681797696977 
-0.022598352874341514 -0.09497341352224352 0.17081711594397725 -0.15621724508389034 -0.14176837691565744 0.13872691011361185 0.04610300101434122 0.059910361324835806 
II_0II_3
0.41049475930637747 -2.0491226308995567 1.275913691142671 0.01849444518058714 1.9148899286557741 -1.532203999937242 -0.060217695441853465 0.021751501980421778 
-0.8713456058489317 0.14394674920691045 -1.3639964417938133 -1.2122104908125755 -0.7309928571351784 3.0352769102498565 1.7429686854243205 -0.7436469492809245 
1.3854949012549462 -0.5884926731698384 1.3256013054789757 -0.6962684960286842 0.2208483197197025 -0.9500969990359635 1.1115811638907305 -1.8086675221136566 
0.41070967384674345 -2.0490601893993174 1.2753139569453635 0.017665397340506657 1.918673301268282 -1.5326744369216136 -0.06112545018605624 0.020497747092408092 
-0.8732400845622058 0.14374296706640616 -1.358387723907961 -1.2131830742776646 -0.7319650463153358 3.034812466296311 1.7429138183261097 -0.7446933226225483 
1.387189072828381 -0.5876173790659995 1.3260356611586515 -0.6954483073506367 0.2213206856811253 -0.9552166111599127 1.1118698766356296 -1.8081329987397075 
I_2IIp_5
-0.1661046468281275 -0.8520603880063928 -0.2936719230870623 0.06924399200119842 -0.12421414269651367 0.06914696383749831 -0.36947987959522893 1.6671400243688157 
0.12384147653081662 0.00835728802286735 -0.7295127767697039 2.7308494805736867 -0.5644964026950855 -0.11498822649954363 -0.2693247168981483 -1.1847261222581058 
0.9413885913190043 -0.6970994740618024 -0.4145024177731308 -0.030937621757941163 -0.1376028941126045 -0.5884180077581112 -0.09261491119445447 1.0197867353289802 
-0.09883755111447914 -0.6339781777561103 0.11794736431424593 0.5892397130847259 0.16249150755928723 0.031950310773029136 -0.12019163315265122 -0.048621533707712335 
0.5594533722323054 0.3843683918214547 0.5458684962645443 -0.6732803903824892 1.155088590178407 -0.744632539299056 -0.37098532607467827 -0.8558805947408928 
-0.25073791550118735 2.592979278984439 -1.079682118597749 0.1721437372348922 -0.7473760277006785 -0.18337326971499684 -0.4442858499781882 -0.05966783471644021 
I_2I_5
-0.4124699969250196 -0.7250288142024259 -0.08445205720085741 -0.24401081380487163 0.13408149921556486 -0.0770748842667885 -0.16743971329481927 1.5763947804758982 
-0.3045873303702234 0.4731491092420638 -0.5281199865542512 2.516188724658155 -0.4905509282334988 -0.23619959657259365 -0.790828931033543 -0.6390510611303991 
0.08597066649088723 -0.5425288479943391 -0.1509747905427009 -0.12019325473203381 -0.12169205923424598 -0.34950955959655433 0.07983514837379238 1.1190926972302302 
-0.41152279642679085 -0.724753613557183 -0.08709528705992658 -0.247664705838065 0.15075609189946865 -0.07914825792041572 -0.1714404930660177 1.5708690619641976 
-0.3129369337831272 0.4722509729696991 -0.5034004847191528 2.5119022229629127 -0.4948356921827152 -0.23824655692491434 -0.7910707487433378 -0.6436627795730815 
0.09343744913016669 -0.5386711331529759 -0.14906043930163348 -0.11657840799379393 -0.11961018392646791 -0.37207340820211987 0.08110760232813967 1.1214485211130774 
I_0II_3
0.3822703703146255 -0.7053460632212746 -0.31941057099101755 0.012349430371830178 0.1636565947553057 -0.7301728733763914 0.23996896643293802 0.9566841457072889 
-0.3704081953917802 -0.9079904277249266 0.17159433604640387 -0.48658927824168813 0.6720735413596868 0.3157793358026558 0.20393275167646077 0.4016079364740397 
0.16416361917146569 0.29792974023995444 0.1331571713479352 -0.2005693590403344 0.413380551057878 -0.168111859958446 0.028097163064962107 -0.6680470258835915 
0.8298974663218001 -0.8542677375824667 0.3052583939502239 -0.5955283745666368 0.861548125698491 -0.6589727535139914 0.31272646024285117 -0.20066158055555736 
-0.8156232802925497 1.355566435529698 -0.6121873779413385 -0.7999444433714846 -0.45747737446723113 1.562767742558508 0.4625118934698838 -0.6956135954764978 
0.2909034988282299 0.25439540274906486 -0.011246453867776875 1.2673680776621752 -0.5121838560690715 0.048988452725970764 -0.27945697184709706 -1.058768150177916 
IIp_2II_5
-0.5455672344164051 0.43997054437520694 0.03630475290941556 -0.44690397655083647 -0.4902982524335434 1.1158493934631581 0.31366486921860043 -0.4230200965547485 
0.17875981408530026 -0.6466613072581784 0.6383564081641971 -0.8647065243861692 0.46846479546661424 -0.02680194507620675 0.15270809375938038 0.099880665240752 
-0.3157715440841207 2.212482821155728 -0.8062763605925378 0.05939370483039553 -0.42397590385898365 -0.42727807220545433 0.001609921653753403 -0.3001845668888161 
0.20796042848496316 -0.6002596763933975 -0.1481239271307457 -0.027260346215915287 -0.15721525043910428 0.08401183264176211 -0.18897776793995755 0.829864706989285 
0.10258188946907516 -0.38001075572203247 -0.015031774177315795 0.04980139571433836 0.24206434091425913 0.039582555180340144 0.553239137753941 -0.592226789131195 
0.4564150774476186 -0.7855767901204657 0.21340098227120555 -0.24767342704926743 0.8976571765945486 -0.5535038045775983 0.12891836470273513 -0.10963757927735684 
I_0Ip_3
0.1586168647823452 -0.07689461819362431 -0.09506527354631845 0.23757085355642568 -0.026998645599223395 -0.11638397403977217 -0.08757677709382596 0.006731570132265399 
-0.15191174224536516 -0.15287538359759734 -0.023503192068991385 0.4611789884492962 -0.05526731906267934 -0.03324768880179651 -0.044904956027455 0.0005312933562917545 
-0.053493969630390076 0.8554346296599932 -0.24333028425579273 -0.11029826021228094 -0.03350865752849834 -0.1516547880396858 -0.1595398311120148 -0.10360883887995913 
-0.0230442781254919 -0.09476964909956875 0.17097482556196836 -0.15595221619864222 -0.14102126729546702 0.13662100404471825 0.04630613151790781 0.060885449594365974 
-0.12436358868083207 0.7710927286415521 -0.19405309479201718 -0.11996568916080116 -0.18322415686250323 -0.024349974804381783 -0.1331899125580705 0.008053688218829368 
-0.12365716689497368 0.15979560762750192 -0.08784917908713782 0.0326502898812933 0.05699238283552946 0.19964773786787865 -0.10133474443356143 -0.13624492779405473 
IIp_1IIp_4
-0.05668401153765257 -0.12503578406450594 0.2784385553500121 -0.17612772443589284 0.008513592727376548 0.008892177773323082 0.12121854705670444 -0.0592153528693131 
-0.09749308871774125 0.3914003457773585 -0.1233004328980184 -0.06634263815537599 0.0785789849292025 -0.07924170507820202 -0.04990723769332825 -0.05369422816279877 
0.039604245436381524 -0.11982932709723851 -0.07211964092739107 0.015435986088949126 -0.060906696841011715 -0.039687443616859316 -0.03650890825516591 0.2740117852112324 
-0.056612539637105844 -0.1250150185420997 0.2782391079660152 -0.17640343228058192 0.009771789731788218 0.008735729422897725 0.12091666447293285 -0.05963230113364021 
-0.09812311586145162 0.39133257606399013 -0.12143519974066708 -0.06666608015445608 0.0782556740533759 -0.07939616038823588 -0.049925484275007495 -0.054042209696076315 
0.040167658511993394 -0.11953823961170383 -0.07197519176200341 0.015708747734350853 -0.06074960699030762 -0.04139001994129691 -0.03641289405059499 0.27418954610818247 
II_0Ip_3
0.017388492495358808 -0.08210849633648536 0.05351169376362157 -0.03819289574514212 0.06618274037599925 -0.02766900801053325 -0.022813027730608813 0.033700501187193026 
-0.04783227886599005 0.016087512919664117 -0.013955810975621033 -0.06419965674049428 -0.030176247915727535 0.10296078950048297 0.06201277549613078 -0.024897083417801474 
0.021276399896384014 0.075617296882644 -0.0019309000176100898 -0.03192249012087384 -0.0068962329143855815 -0.05087255774087258 0.052190378665623885 -0.057461894650620925 
-0.018407921558803192 -0.05934617153992219 -0.006218096683986847 -0.059977136110652474 -0.01265493692221363 0.15926170187443608 -0.012926890065194405 0.010269451005810724 
-0.038468577132111166 0.13770613256235723 -0.0587602841238969 -0.06308316508346012 -0.03885608516460918 0.08792942488520526 -0.006253024680761846 -0.020214421262267506 
0.0009405992991837028 0.025126727616594867 -0.01815101499034731 0.0889997428844656 -0.02821804888401624 -0.032106661075630476 0.027508781571996405 -0.06410012642174245 
I_1Ip_4
-0.12297866804328876 0.16057087176496032 -0.08731684043507917 0.03326679932681982 0.05754516438385756 0.1955297582320642 -0.10089362064170965 -0.1357234645861021 
0.15860820691791644 -0.07671462404934813 -0.0945692676584888 0.23834299857214125 -0.030517163088236536 -0.11590293389153235 -0.08681545573844221 0.007568238934413457 
-0.15118327878752322 -0.15235291696641834 -0.028041669945717218 0.46190052198349213 -0.054405493553430495 -0.03277985167675358 -0.04441829019851561 0.001280979145120924 
-0.05424182435615246 0.8554720084782114 -0.24317656648884003 -0.11039070532564181 -0.03328005382551467 -0.15145893955920964 -0.1593604255516232 -0.10356349336909085 
-0.022908861753156973 -0.09454095140020075 0.17107514048412317 -0.15589934057625426 -0.1413642141292077 0.13669562660002219 0.0462998409216799 0.06064275985312955 
-0.12520141632591225 0.7714603987716252 -0.19384686840211185 -0.12004923337129798 -0.18317394354442973 -0.024375405964810505 -0.13274387742188848 0.007930346262872267 
other
-1.3055356526393525 0.8476001643752138 2.2115825647894662 -0.5328171987014825 -1.9861448795433314 0.6318498463142166 -1.8656216736458078 1.9990868290567225 
-1.2985594794302957 0.8507977758186246 2.1651049791264576 -0.533101779913259 -1.9464379952659279 0.6317874173901606 -1.868039220882074 1.9984483031628317 
-1.3120894495363842 0.8463752750620206 2.2075102880381876 -0.5404874529760698 -1.9520364812200186 0.6293556257114581 -1.8707738241873955 1.9921460191070217 
-1.303896009790564 0.8480765479611545 2.207007025667361 -0.5391422354320135 -1.957280476809452 0.628260751618434 -1.8725471872553248 1.9895215840435887 
-1.3130129848410335 0.8492430651538899 2.207895449027259 -0.5405218898731702 -1.9538550971163164 0.6282440452005039 -1.8684578172398028 1.9904652296959948 
-1.2991641430326915 0.8530531374219329 2.210824108428341 -0.5342300052477288 -1.948432669810544 0.590296679823747 -1.8685711542852326 1.9962240467176902 
Ip_0IIp_3
0.0019046949958611535 -0.03970307770345755 0.009953681773654039 -0.039933976990473075 -0.021443630899058003 0.09572842469266186 -0.008409171843971299 0.001903055974579085 
-0.030134895735235187 0.03543305011910998 -0.008645141762217817 -0.022185185524240213 -0.04172082532341192 0.048161742519944456 0.04765756524712869 -0.028566309540655265 
-0.026955784097061695 -0.05956129981023933 0.10932857820726737 -0.07507359150757462 0.008169349155721761 0.04481862455412773 0.043178943107694434 -0.04390481960984735 
-0.012037408091679407 0.22977754397424463 -0.0474248794538979 -0.012159864538793034 -0.0501873269682474 -0.03767003553123069 -0.03000794387042198 -0.040290085519520395 
-0.006818027340506849 -0.04213771684756268 -0.015638953348572196 0.07307105363922704 -0.024352400996543302 0.0018332409896375794 -0.010868549256699762 0.02491135316093452 
0.011161350939475467 -0.04068941942277615 0.06268764983472913 -0.018145116842764313 0.017175050869170462 -0.01255829570947099 -0.007930786025158733 -0.011700433643560772 
Ip_1Ip_4
-0.025280659152314304 -0.05935526837072572 -0.02104899885528319 -0.006263730366420403 0.1048727360095959 -0.028348237595284737 0.0785079943457888 -0.04308383601515884 
-0.025466895562948642 -0.05690344259832476 -0.03974473340261754 -0.0653727648497751 0.06861027525037292 0.13899501733219027 -0.025413353974286648 0.0052958978051672705 
-0.04290560839968256 0.2767576183951536 -0.05297128641172477 -0.07286296814370474 -0.06611331688295793 0.023219577653657394 -0.035306402644126475 -0.029817613565351765 
-0.025352731985168665 -0.05937620848859302 -0.02084787452697149 -0.005985704383043989 0.10360396014392972 -0.02819047383439971 0.07881241514422514 -0.04266338206932844 
-0.024831571180517646 -0.05683510308030776 -0.041625649352687324 -0.06504660336547405 0.06893630450894235 0.13915077129529912 -0.02539495397612404 0.005646805150917826 
-0.04347375862595154 0.2764640834597355 -0.05311695009888601 -0.0731380231561871 -0.06627172753772394 0.024936469159907187 -0.03540322413159543 -0.02999686906755034 
IIp_1Ip_4
-0.026915492626137023 -0.05958735282516935 0.10923333637047627 -0.07517926105298156 0.00867428839634315 0.0447405757866098 0.04306075118210411 -0.044026845231105796 
-0.012153830136069499 0.22969069761131022 -0.04676665002154527 -0.012268165308805206 -0.05029560841477216 -0.037741192861111245 -0.030077555715000547 -0.04038769515340673 
-0.006666907955519461 -0.04215939311620608 -0.015670483968369148 0.07308946917201273 -0.02438865366192252 0.0018014549264726647 -0.010915961290096829 0.024910475893623798 
0.011105706177434801 -0.040759049260945736 0.06264851222879274 -0.018182238737953806 0.017194370206429003 -0.01236849624040136 -0.00794894337922858 -0.011689860994385019 
0.002030555159467262 -0.03976225061815761 0.009896117828707699 -0.03995640421721298 -0.021277006661255614 0.09569521956455808 -0.008509234303551808 0.0018830032472751078 
-0.03027022482905572 0.0352951504213804 -0.008500278800586639 -0.022307718432965147 -0.041855145241066934 0.04874184862048147 0.04757232357892528 -0.02867595531652214 
II_1Ip_4
0.0006649391554538458 0.024726493828937095 -0.018635940782161946 0.0884132061127739 -0.026925158748777316 -0.0305681284367614 0.026998647186828262 -0.0646740583159172 
0.017070288579091833 -0.08240969678748668 0.055261529367331086 -0.038831657810033206 0.06730120418017557 -0.028072311265775227 -0.02334312342616602 0.03302376716241711 
-0.047816111030632824 0.015852672135299277 -0.012101948740205733 -0.06446433583006314 -0.03064278902019684 0.10267919237996671 0.061729407889851644 -0.025236087783450177 
0.021525614834239325 0.07550634913029702 -0.002037224876112237 -0.031907193650171875 -0.006844588235249258 -0.05098685486334519 0.052121625792877976 -0.057377728131866035 
-0.018096867450637714 -0.05959372705018346 -0.006344262720777373 -0.059957411108987634 -0.012525165692005997 0.15919946610132055 -0.01311239196199427 0.010430359883290413 
-0.03840727081450346 0.13721787036262828 -0.05907108693175847 -0.06330620135270744 -0.039151503775027435 0.08972156161599458 -0.00662439239233476 -0.02037897671120744 
I_2II_5
-0.811186455813375 1.3542788185633103 -0.6121968312885756 -0.7985684471635219 -0.46236608617674274 1.5629808982662365 0.4617085187181315 -0.6946504150916278 
0.28993224421380465 0.25180503427690387 -0.01934343556311405 1.2657868792866933 -0.5138358044716742 0.06677934461926409 -0.28055789581177704 -1.0605663665478087 
0.38229278196834876 -0.7060496461881572 -0.3217185152450102 0.009043974034667333 0.17867174465179753 -0.7319920110687476 0.23710511312879315 0.9526465587145901 
-0.37243244436721284 -0.9099295949822135 0.19075363890497002 -0.48956804925002906 0.6679271004062185 0.3138305865123453 0.20193252137651216 0.39748624139562533 
0.1670896665467293 0.29820910784332527 0.1327923048859248 -0.20032500859938696 0.4123247544319546 -0.1689360101129504 0.02795645523032116 -0.6691112702224858 
0.8310316451070551 -0.8542251065048878 0.3055508529687109 -0.5949963646890183 0.8637078687707571 -0.6647844904836795 0.31339120889199906 -0.19967561407236173 
I_1II_4
0.288267761124512 0.24982937292958368 -0.01821218080781726 1.258846334264863 -0.48666582555605886 0.06253298067697276 -0.28720356910537365 -1.06739487352582 
0.3764386294010809 -0.7102033195438439 -0.2857618490651454 0.0034237528151697056 0.17165424684408695 -0.7358312111778337 0.23298628496024051 0.9472934657622144 
-0.3675475625511818 -0.9104315724705648 0.18940658208718733 -0.4888732364879936 0.6666035442468139 0.3122933440509723 0.20048080232716853 0.3980680987967393 
0.16607293570979734 0.29603868723767085 0.1317601810774681 -0.20061610600353272 0.4151273094176403 -0.16950579692085252 0.027475636239288916 -0.6663528467530586 
0.8360453401684479 -0.8579754322739799 0.30331157348693566 -0.5949825194577669 0.8627060486295123 -0.659844543807245 0.3093223771379975 -0.19858284388923958 
-0.8174566793718491 1.3479598683649483 -0.6171272988562688 -0.8043049349467427 -0.46268634898039523 1.5953510031079996 0.4573124810790553 -0.6990480903803772 
II_2I_5
-0.3614807199649286 -0.9101579681341486 0.19298116722357045 -0.48719031318478356 0.6542962462152768 0.31411228350978665 0.2051640941477694 0.39227521018524975 
0.18212962792826504 0.29908058153226386 0.11644955587510013 -0.19786040789481832 0.41395299719441436 -0.16867666481242835 0.029636614976804733 -0.6747123048000857 
0.8386977155184047 -0.8556601381542507 0.30560982456483665 -0.5963733943377783 0.8623295136468787 -0.659995036432921 0.3140027298151567 -0.20861121462743068 
-0.7993467148291786 1.354308450697407 -0.6124473759372344 -0.799616297049639 -0.46036422601871796 1.5613187721848105 0.4611892923815391 -0.7050419014250703 
0.2971443103322054 0.2518344899295981 -0.012511231014330037 1.2642328117198813 -0.5162246008141224 0.06511962976197029 -0.2791044442822279 -1.0704909656308934 
0.3969590881460654 -0.7038680045380082 -0.319864806789921 0.011055924706474212 0.1792451830497523 -0.748356548998433 0.23890958128308437 0.9459195831315695 
IIp_0I_3
-0.2589039855142171 2.594157600496755 -1.0796837266791588 0.17248263844804554 -0.743023777962021 -0.18731183740215582 -0.4447598156416264 -0.05295709573633626 
-0.1756153654417691 -0.8518136448951952 -0.28990460918210575 0.0697812556383087 -0.1276954573955344 0.07038579104790652 -0.3693955685949485 1.6742575988189397 
0.11626881607036792 0.009351705965505658 -0.7348834616947332 2.7319352302585096 -0.5625924643842527 -0.11356491324713328 -0.2693251402715217 -1.1771897726906946 
0.9314839737803284 -0.6967900629903944 -0.41455478250497135 -0.030877579325805194 -0.13598125521868698 -0.587210838738897 -0.09281553098335894 1.026746075975424 
-0.10700147818337971 -0.6335492201345871 0.11776211582310062 0.5895762809103264 0.16318957384540986 0.033022512750034955 -0.12093630277489043 -0.04206348223625473 
0.5490596941124609 0.3846413315599536 0.5455622976637984 -0.6736129947544602 1.1557843449556675 -0.7405623040324939 -0.3712119982723829 -0.8496603712393421 
I_0I_3
0.08528482444825215 -0.542852670353487 -0.15321067920322165 -0.12130874328228512 -0.11432882448249672 -0.3510455681776187 0.07698068676442511 1.1204809742803075 
-0.4186917836135248 -0.7268623270210446 -0.07738202640240402 -0.24948592493904953 0.1511886543746673 -0.08003611222780921 -0.17266408903915514 1.5739336088668134 
-0.311445309311985 0.47057771611355537 -0.5048373874487946 2.512730632032465 -0.49497760508282346 -0.23851477038653665 -0.7939707740362165 -0.6395625018744745 
0.08487353701681029 -0.5429721662429743 -0.15206295258787558 -0.11972217330577699 -0.12156916105202782 -0.3501452809331911 0.0787178801488269 1.1228803169561168 
-0.4150662714295393 -0.7264723439478474 -0.08811557273396532 -0.2476246671816936 0.15304915757889323 -0.07914729400124444 -0.1725590884767966 1.5759360801910833 
-0.31468748862178963 0.46890264348257055 -0.5056686249822043 2.51116101605893 -0.49588158386092746 -0.22871723821731574 -0.7945232909743202 -0.6405854328767213 
Ip_2II_5
-0.04815074011306237 0.015886055681734203 -0.011966323556347226 -0.06441945337128013 -0.030942469946433786 0.10281857149355543 0.06189441150179411 -0.025120051689253284 
0.02167938661255423 0.07566325254473859 -0.002513674544733769 -0.03180019941708605 -0.00689851086784435 -0.05090174548352024 0.052169448468450806 -0.057397957312471076 
-0.018559450066142458 -0.05943574541760516 -0.006241298773878935 -0.06001116536172612 -0.01248253775041353 0.159253020768603 -0.012899384763614762 0.010376561364651428 
-0.03808982012144546 0.1375834648078541 -0.058831430047422646 -0.06303561595934411 -0.038910295880904076 0.08790768614206898 -0.006439337201662527 -0.020184651738766237 
0.0005559231826915685 0.024840475574795344 -0.01834800609718425 0.08873536266322392 -0.02848275697043691 -0.03035249427186181 0.02737946477527985 -0.06432796885608492 
0.017477087274266414 -0.08209136277566483 0.05331622254098557 -0.038443870476781744 0.06775168391675512 -0.028339393991126116 -0.023081826832025344 0.03341146034283081 
I_0IIp_3
0.9318189720785593 -0.6974250062385463 -0.4173111711282849 -0.03438527075908483 -0.11963067953754354 -0.5893775282729851 -0.09634304632033673 1.022653730160799 
-0.1110114144082834 -0.6357531097261699 0.13922124409789205 0.5861073552063334 0.159183085741022 0.030886934468312633 -0.12288458838217639 -0.04574950699708444 
0.5531735148870167 0.3850361712560303 0.5452232499072017 -0.6727476004545969 1.155114987355862 -0.744434670383569 -0.3717486077208545 -0.8496170448499286 
-0.2595504176731925 2.593237511395104 -1.0797013643230595 0.17276088350809052 -0.7439503818915921 -0.18733022564282004 -0.4441419709078535 -0.05132403445802968 
-0.1709739600368367 -0.8530869413392174 -0.29405829683711154 0.07075373735545086 -0.1272623386235295 0.07037114623256083 -0.3710932976770315 1.6753499509192002 
0.11264601939117996 0.005749420605461148 -0.7372060415754126 2.729055144380131 -0.5654189321645723 -0.09405801795961674 -0.2711801876540663 -1.1795874050186377 
IIp_0Ip_3
-0.012036691118647577 0.22973686801139423 -0.047536401580351544 -0.01229673191695345 -0.04954274101963117 -0.03775749502109478 -0.03014016193032442 -0.04042664542366252 
-0.006905432759847429 -0.042247506729510345 -0.014841777164870383 0.07294719262162687 -0.02450662079790693 0.0017470982472212778 -0.010975225863284775 0.02478227244660611 
0.011265451074844198 -0.04073276169924315 0.06263565433059662 -0.018157627301366146 0.01710172798091244 -0.012392744252709743 -0.007983107662545882 -0.01173659247079856 
0.0018819965419027262 -0.039750556809529006 0.009907502049076764 -0.03998051772493487 -0.021211251983234227 0.09569222037987707 -0.008442487964341376 0.0019030955109076105 
-0.030015893399205365 0.03534546276378624 -0.008459048121601559 -0.022203081366059387 -0.041769122907233336 0.048126202000272185 0.047556866535337576 -0.028581385504683216 
-0.027036267799731284 -0.05970000736593774 0.10922925866595404 -0.07517546338420197 0.00804456092381961 0.045541969370995666 0.04309516556141608 -0.043999215971894205 
II_2IIp_5
0.21348409976026286 -0.5998333342381852 -0.14679660521262491 -0.025944652681002028 -0.16475408850950898 0.08435717600927754 -0.18742897442060638 0.8269163792845412 
0.10772206882777638 -0.3787314251070788 -0.02266851534985017 0.05079562915735749 0.24298903091216204 0.03991241301265113 0.5550998032318698 -0.5951190046815674 
0.4615613056766814 -0.7844334091759383 0.2146625393611838 -0.24691990083892737 0.8985250917465752 -0.5609552068930299 0.13021973836553463 -0.11266015824565381 
-0.5400368590424238 0.4403988343463508 0.037613366566523095 -0.44561414454496634 -0.4977190710175471 1.11618006189977 0.315185346005745 -0.4260075342080933 
0.1838408965938564 -0.6453883334749376 0.6308946267625116 -0.8637426299587061 0.46935915874838796 -0.02648657522642887 0.15456704769925877 0.09695580885466848 
-0.3105724674370759 2.2136535062464104 -0.805001254101639 0.06017281621423431 -0.4230932536036495 -0.43488917700268953 0.002920301494765253 -0.30319047179968805 
II_0IIp_3
0.45638974679836763 -0.7844379827126967 0.21333872078230848 -0.24778483685264666 0.9044516587107947 -0.5612738563388079 0.1284239781335826 -0.10910742852991644 
-0.5480265382246596 0.43950630680411656 0.04443470288575685 -0.44669421259919195 -0.49763590073384806 1.116087414842135 0.314156663521975 -0.42182843649053253 
0.17998545517407724 -0.6457445097470988 0.6302001018876421 -0.8632729164083254 0.4697382943677852 -0.026154944794246814 0.1532080271395599 0.10204049237763631 
-0.3185683178771359 2.2122539443988827 -0.8061842740989454 0.059172991077523045 -0.42287203681017027 -0.4269095456588309 0.0018905631891408424 -0.29878332421430615 
0.20831889149878974 -0.6003630769724556 -0.14828250244583294 -0.026983314271367728 -0.15771364029128881 0.08417253345287525 -0.18974638071520694 0.8305974897387712 
0.09878818845644674 -0.38054925302314796 -0.015526376810813843 0.04872364472805362 0.24128645961210762 0.0463095215482374 0.5532771805270772 -0.5923093650387433 
II_2Ip_5
-0.037734999341602016 0.13738943164510478 -0.05938206598109327 -0.06373428109284643 -0.03570771274741366 0.08743266713905382 -0.007100970370196037 -0.02116206925018572 
0.0003262812124101885 0.02431097946885426 -0.014248208740531638 0.08808268008528256 -0.029306039320619516 -0.03082104053090266 0.026908618574938935 -0.06525327074893124 
0.018429436054705466 -0.08222544632219432 0.053125783374698886 -0.03843530771588976 0.06742138375498694 -0.028084366098842163 -0.023276961972537764 0.03304547892459501 
-0.04793964851277035 0.015650263289436216 -0.012115873068202792 -0.06456367316345674 -0.03027010668549678 0.10265816834466099 0.06183986077732305 -0.025258990981096855 
0.022716722066187238 0.07527004056212153 -0.0021648398631061026 -0.031802443811658684 -0.007071618722030008 -0.05105968386979763 0.051735295936594095 -0.057623472297644855 
-0.01874011857582927 -0.06015520258845442 -0.0067222235696751 -0.060551123168977095 -0.013128743816161633 0.16293191029415088 -0.013287603378051663 0.009653104803426531 
IIp_2IIp_5
0.040393173133684214 -0.11998113377510411 -0.0725883573766203 0.014938760371074932 -0.0586070575692776 -0.04014493598952847 -0.037077392211831886 0.273066943416594 
-0.05671575124293656 -0.12548620160589088 0.28135659610742436 -0.17693747199407298 0.009254977650132888 0.008330750066164457 0.12061087783835521 -0.060413776817893984 
-0.09679133455660514 0.3911496968079238 -0.12160841106348314 -0.06657358924591164 0.07801888595336921 -0.07961392256989372 -0.050199815296412695 -0.05438151002748829 
0.04026743240278179 -0.12001766662145116 -0.07223746899012709 0.015423814016910918 -0.06082060736773828 -0.03986969593296056 -0.03654628926829418 0.27380048176024724 
-0.05560734258191707 -0.12536697414407802 0.27807508576739726 -0.17636843950606307 0.009823779452605283 0.008602483760596408 0.12064297910467663 -0.05980157185308627 
-0.09778254888597158 0.39063758571353485 -0.12186254091734892 -0.06705345963428086 0.07774251730356199 -0.0766185748883903 -0.050368733377097546 -0.05469424531152983 
Ip_2Ip_5
-0.043164877787064404 0.27672672616171173 -0.05306172678492024 -0.07309051194586111 -0.06513516396052242 0.023174856333503753 -0.035421758385685245 -0.030027543630053243 
-0.025445663221603156 -0.05942115677289422 -0.0196691689160681 -0.006146210832836914 0.10324844579088865 -0.028281587465174614 0.07868627442530823 -0.04297093300749677 
-0.024949354438805752 -0.05670590692781195 -0.04158602104125317 -0.0650625613788396 0.06888689801769812 0.13912648477560222 -0.025265366265166463 0.005555827258348164 
-0.04321043130822835 0.276713490992973 -0.052934606468238214 -0.07291478605853555 -0.0659370917593526 0.023274570671452825 -0.03522934969683976 -0.029761796372122715 
-0.025044107440679215 -0.059377962887536904 -0.02085799889647873 -0.005940060977478777 0.10345451207318011 -0.028183143416701268 0.0786979041153543 -0.04274914256916503 
-0.025308452899464474 -0.05689143522397881 -0.04167808754654841 -0.06523640946865719 0.06878677481149184 0.14021164336325279 -0.025326562134640566 0.005442529098968487 
Ip_1I_4
-0.054208553315107 0.8552296102587339 -0.24403024901815312 -0.111459785938391 -0.028268965019732466 -0.15212546000085084 -0.16042050353338938 -0.10471609342923495 
-0.02394369998099471 -0.09528676355244231 0.17749244879202952 -0.15692031656747327 -0.1425757310252961 0.13603891891218992 0.04560750261445379 0.05958764080695222 
-0.12415478550579154 0.7713968048142062 -0.1940731575291709 -0.11993070625225756 -0.1835233846432065 -0.024553357293944575 -0.13300798360856833 0.00784657002154252 
-0.12319774189818976 0.16025515698948853 -0.08746633671865421 0.03317115676170152 0.05811395363477206 0.1954156079159342 -0.10088784577008436 -0.13540395091343407 
0.1597977972100428 -0.0772211625688878 -0.09473751343704016 0.23846399497779922 -0.030587170542587784 -0.11601430825480326 -0.08744337108029329 0.007741733694574102 
-0.1521258830759004 -0.15344424966626827 -0.028777963833954513 0.4610560131619489 -0.055309569714169414 -0.02694653925169101 -0.04502139246958231 0.0005695848517145608 
Ip_0II_3
-0.01848491240726489 -0.059366875636400813 -0.005998222898706023 -0.05967392491251466 -0.01403951990686105 0.15943415229970997 -0.012595622899329029 0.010724926361370077 
-0.0377850022688663 0.13778385311698307 -0.06080619934504698 -0.06272899827929858 -0.038500800668823554 0.08809966968473065 -0.006228852284177179 -0.01983366995492188 
0.0003284996257932272 0.024814477874077503 -0.018304679493151812 0.08870597480421089 -0.02838447787124038 -0.030276674081467725 0.027407392961127323 -0.06429051381894815 
0.017466710585288956 -0.08208410586211985 0.05329844604903546 -0.03848841386004769 0.06753046785142086 -0.0278363020473544 -0.023137331145996382 0.033250528429216095 
-0.04851687587812234 0.016018064234308148 -0.011951171276949802 -0.06454787911260124 -0.030523067847927528 0.1027956179399936 0.06199732347302779 -0.025272011531210465 
0.021887812466789947 0.07593717500156417 -0.0017708775824544349 -0.031623926877524265 -0.006721524352502903 -0.052739898815428204 0.05229749525280273 -0.05726625509294111 
IIp_0II_3
-0.31839609256444934 2.2130540507410426 -0.8044008617807409 0.06130796027846827 -0.4330087542682301 -0.4255198928092714 0.003899412416529422 -0.2969358220033459 
0.20900735438203158 -0.5984009483992659 -0.16030004871126072 -0.0251726367473385 -0.15533547371374273 0.08554054996499602 -0.1877554378971788 0.832416641116351 
0.09781183973078769 -0.37925536473216476 -0.014304837348977115 0.04940605140422197 0.2429224319934234 0.04037791865882347 0.5544274454551423 -0.5913854851605088 
0.4567704138299914 -0.7835773154904471 0.2145404617700209 -0.2464539461292122 0.8979843657962324 -0.5603404717957509 0.1295524124833033 -0.10847592046666636 
-0.5491754959171564 0.44127079077247977 0.03785695046995317 -0.4458268261542083 -0.49620064282553444 1.1170049755800902 0.3160943917363914 -0.4210241436561948 
0.18065225276029073 -0.6436016895641405 0.6318429150535552 -0.8617950235941624 0.47183240593670506 -0.0370519667157477 0.1546383093282789 0.10348279679160728 
Ip_2IIp_5
-0.00677560066426257 -0.042161004410333554 -0.015671037059953756 0.0730473708710032 -0.02422096556303662 0.0018120953589767516 -0.010917945211493854 0.024887086678997118 
0.011100309980210367 -0.040746496925952926 0.06283340191915458 -0.01820142207701899 0.01711197720012113 -0.012375281648008425 -0.007969504274797848 -0.011752984173772674 
0.001934239869239485 -0.039712436113388115 0.009918746783079269 -0.03996711333550421 -0.02128075157695985 0.09569829233863415 -0.008452349102539884 0.0018613711373205496 
-0.03017695984287406 0.03539942468224972 -0.008428246273598962 -0.022222395379031867 -0.04174945952396387 0.04813650559604389 0.04763476380064585 -0.028593633058996384 
-0.02688717782121031 -0.059576020529258825 0.10931392033339035 -0.07506537043567202 0.008156530682805377 0.044806523770737676 0.043153803686972435 -0.04390220968770451 
-0.012070505339301514 0.22973781355870393 -0.04744903061129634 -0.012185076372668122 -0.05019455187174611 -0.03751820825464122 -0.030023082582796505 -0.04029735852525963 
Ip_1II_4
0.021609437344308213 0.07550562755449719 -0.002346825754179383 -0.0323241293583546 -0.0049287321859285554 -0.05122939864725597 0.051676099969403665 -0.05796207892216211 
-0.018909535449783015 -0.05974426279475681 -0.0036046928151432446 -0.060423333620903116 -0.01300989554042038 0.15896014364106703 -0.013201820584248146 0.00993339716414585 
-0.03766847006523234 0.137539452465429 -0.0589308770323138 -0.06298714576747129 -0.03900930539550577 0.08778591617330335 -0.006542506256698556 -0.020187064120981438 
0.0005626329454448959 0.024671694215875995 -0.01842613632672034 0.08871427493361672 -0.02828592744839056 -0.030403245931059714 0.02733929073268492 -0.0641725831208249 
0.0178983513435575 -0.08238374513029245 0.05314361741237243 -0.03845526544159543 0.06765844773800803 -0.027909397756727093 -0.0233850338926235 0.033433025726837456 
-0.04854456320040657 0.015416197704930417 -0.01233791658446375 -0.06485561221569298 -0.030909687539492237 0.10517743423973268 0.06156125168885849 -0.025507104092500437 
Ip_1IIp_4
0.011132535748891524 -0.040753564906025865 0.06256666764094673 -0.01829435962348178 0.017707248633300744 -0.012432667318445341 -0.00807069567403352 -0.011855164501410683 
0.0017872536186761276 -0.03979423827003296 0.010647169946167705 -0.040085799159849896 -0.02140809967482245 0.09563187809714044 -0.008522352781501402 0.0017441882240434936 
-0.03005153691775599 0.0354025954873068 -0.008448745441118715 -0.022205404884670977 -0.041800049648326745 0.048108359167521035 0.047605535134596956 -0.028610752897150923 
-0.026944025495638985 -0.05959795353303017 0.10930598458247073 -0.07507781745844991 0.008212562022477285 0.04479759027241642 0.04317283843261425 -0.04386917882270878 
-0.011909109946742874 0.22971120467037415 -0.047460415514721764 -0.012147020690451234 -0.050176263435983186 -0.03768489258229221 -0.030076540312407783 -0.040256962187115164 
-0.006884642231185627 -0.04227742566614411 -0.015730841552496024 0.07298050037887795 -0.02445524054188664 0.0024867884031714985 -0.010957122749452616 0.02483798395913235 
II_1I_4
0.16712216063743543 0.29900417157417053 0.1368631763519634 -0.19473374108684582 0.3868863267995634 -0.16553585069196364 0.03275010957708695 -0.6623563531573762 
0.8346237650015117 -0.8514309707256661 0.27212161020221826 -0.5905432158360778 0.869159154188518 -0.6559391235397362 0.31627275314564984 -0.19426397244662794 
-0.8174648092556998 1.3543346674937053 -0.6119084067181545 -0.8002115687645682 -0.4559198599143714 1.563869230116747 0.4619815168671005 -0.6946807698155638 
0.28917975654266875 0.25275498645795275 -0.012726236897936612 1.2652580715941735 -0.5173226073470316 0.06680331531467916 -0.2813494665884693 -1.062597819072617 
0.3762267368576056 -0.703528736864144 -0.3205331503307627 0.008484080737061332 0.17872812494029944 -0.7316292292358245 0.23997169528841017 0.9522804785989475 
-0.3686374728213895 -0.9046156754085753 0.19434812483378475 -0.48530358587215616 0.6730684131934223 0.2840806000459549 0.20496548619380117 0.4020941098324038 
