II_0I_3
0.8394702381793223 -0.8535330863147084 0.31363256355527735 -0.5869779602108323 0.8187630907169893 -0.6566975887943985 0.3177888299514597 -0.19244608709235386 
-0.8158873276892199 1.3639532322947132 -0.660913137434468 -0.7973503981843266 -0.44197896155725824 1.570120290020701 0.4703352197783682 -0.6882789172179178 
0.29861376944977064 0.2545257522962473 -0.007279830244531302 1.2715204993010918 -0.5575924845537804 0.07101965530308803 -0.27654829269223374 -1.054259068856333 
0.3717584344120244 -0.7024200262006113 -0.3206895680958977 0.005453841585733241 0.18377104670046557 -0.7310655451917568 0.24289034405610233 0.950301472727512 
-0.37017980554437163 -0.9121666691849427 0.1892431840785253 -0.48682030617471617 0.666617075609361 0.3111718689397671 0.20303410265092475 0.399100549622725 
0.15670959830642814 0.30114025314188236 0.13493247201237948 -0.20128631882196624 0.4147389458132624 -0.16496454700011223 0.02920156035731784 -0.6704719638056439 
IIp_1I_4
0.5419238992389169 0.38402438279544926 0.5396632515545238 -0.6794458837674043 1.1878454379516703 -0.7453160404888178 -0.3744886113194948 -0.8542064359679017 
-0.2565061232811304 2.5872616216428783 -1.0450593371200627 0.17146944344804274 -0.7566795006692085 -0.19239904628850776 -0.45112678070330736 -0.0569602770237265 
-0.18293925701912736 -0.8538238500627195 -0.29753485867553964 0.06555180602503785 -0.09653089024964255 0.0673694348937646 -0.3724081449137172 1.6703157599984606 
0.12298982176269002 0.006800207980361578 -0.735667784329237 2.7345404650980156 -0.5661647675410618 -0.11415678380407208 -0.27353868790197616 -1.1748024712656875 
0.9288786428490436 -0.6951953153492143 -0.413514274994244 -0.03282894838641179 -0.13485120787023186 -0.5852170336633048 -0.09364284042136761 1.0263709778219172 
-0.1003681524493082 -0.6356718447488826 0.1161752553604436 0.590305925096075 0.1615780710621794 0.03028416588421575 -0.12196543511423828 -0.04033798509318862 
IIp_2Ip_5
-0.030085607626516707 0.03539376275571766 -0.008462539615413678 -0.02226355623574238 -0.04157631683227064 0.048112043185475344 0.04761741083026979 -0.02873519646089313 
-0.026769410349350837 -0.05961433629665943 0.10954288515884557 -0.07508207730308551 0.00806980865968916 0.04475877943596071 0.043132163078109374 -0.04403781238319888 
-0.011960958829842452 0.2297450849415694 -0.04745534543288459 -0.012196065235478538 -0.04999132185309808 -0.03771068224115859 -0.030022452042904938 -0.04040825930552789 
-0.00659563619702779 -0.04217767320486661 -0.015651784367244993 0.07308985364031008 -0.02439478601225426 0.001809469471119092 -0.010911347485602161 0.024831904155575617 
0.011245348985848384 -0.04072411432058862 0.06267104329979893 -0.018190035665514775 0.017136353191663168 -0.012361026148601026 -0.00795035447701061 -0.011827214865729782 
0.0020868146872785077 -0.039732909694325275 0.00991569574712917 -0.03996858976622701 -0.02129901559733132 0.09567207328257583 -0.008447957013863003 0.0017738883545108056 
IIp_1II_4
0.17714132802379187 -0.6459647405047615 0.6290047073670475 -0.8648528615995044 0.4773269415592377 -0.026272507548873395 0.15267421147283586 0.10094292122536584 
-0.3176987147849025 2.2109909810769195 -0.7982139092608922 0.05890252087315329 -0.4259636225447793 -0.4280441419645332 0.0002897396388615602 -0.3002628530259076 
0.20526093696407977 -0.600364658620104 -0.14898054853472115 -0.028222955640392185 -0.15068090564984746 0.08350972069231613 -0.18982848602636765 0.8293068968104297 
0.10158404546687316 -0.37993505687547124 -0.014918573162492734 0.05026968869486206 0.2414157755450491 0.0396756051050186 0.552950263447142 -0.5910417482203438 
0.4558017578567553 -0.7838504345138821 0.21450421596907668 -0.24706049667146246 0.8992223077574819 -0.5601029854945516 0.12941407766260876 -0.10792844257111374 
-0.5451293549006638 0.439776278103836 0.03693708955212906 -0.44538112276537967 -0.4966800054086375 1.1161656668099986 0.3146081528549148 -0.42029670424384524 
IIp_2I_5
-0.0923050335786859 -0.6339074479186373 0.11867950868782158 0.5896959229735239 0.15874459999518034 0.03151848350277194 -0.11964502952000691 -0.05278100413995769 
0.5640091667429833 0.3850748061937587 0.543317463442659 -0.6733907880885498 1.1553523768658518 -0.7447629406924826 -0.36965093253175285 -0.8599491519408318 
-0.24359659857828733 2.5937713857596614 -1.0786327914899403 0.1730844091709389 -0.7499331567621006 -0.18840138835120906 -0.4432629354754356 -0.0630289242665526 
-0.16102413819581568 -0.8519309827779935 -0.2928211818881128 0.06973831245978751 -0.12858927632984354 0.06907183212427341 -0.36800722403365427 1.663562658637196 
0.1306269178812932 0.00854825152341618 -0.7346038670875971 2.7316994700228787 -0.5643580685328614 -0.11529525597478125 -0.2684487638332621 -1.1881686839998293 
0.9456545257776593 -0.6971394952166255 -0.4140887211427689 -0.031240998144945624 -0.13790879513345713 -0.5886309561253485 -0.09203531264852442 1.0153897526263167 
II_1II_4
1.377574246800318 -0.5899597407731602 1.3178593642961007 -0.7037253537714241 0.2586811525115791 -0.9525509515397026 1.1070649505502592 -1.8149436680802595 
0.413833916191837 -2.0578108531601114 1.3164923746384647 0.015716513170948198 1.905596160897071 -1.5393539417380977 -0.06942196218194907 0.014947792173619615 
-0.8813245077918201 0.1404331148037654 -1.3639062561439959 -1.218807167337189 -0.6951666796263626 3.0306413964462067 1.7383620513613567 -0.75023195169994 
1.3955383149389118 -0.5916580259501272 1.3243510485729744 -0.6929401121068864 0.21600244865784085 -0.951254390819834 1.1061439783472224 -1.8061832616362627 
0.4076366980973123 -2.0476048751966514 1.2763809490164448 0.01518754296141386 1.9206928229924185 -1.5304619405710127 -0.062072475049910134 0.020241277737826593 
-0.8630933259836083 0.1404457870472848 -1.3606941910902142 -1.2121114218529987 -0.7340315369177689 3.0313152874562594 1.740796759607029 -0.7426273582614554 
I_1IIp_4
0.11494373355945862 0.00931491941245568 -0.7351797653491409 2.7314764773232656 -0.5603728343273737 -0.11350592003776305 -0.26943870504079187 -1.1772379055369302 
0.9314459330327602 -0.6970647943976851 -0.41231380199696405 -0.03093013260765861 -0.13689797638476817 -0.5874688743619145 -0.09328096984566249 1.0265106165485203 
-0.10841459953695909 -0.6334366582757629 0.1176162109474552 0.589211245735722 0.16519828206234055 0.03289536089354231 -0.12085262660272224 -0.042217215226081364 
0.5497040899391414 0.38504291114227623 0.5458704208469456 -0.6730081127368153 1.1560375877929059 -0.7435229114299313 -0.3712000016315566 -0.848923983922422 
-0.25939855977141746 2.5943835721806887 -1.0791968846787061 0.17290223839026714 -0.7454261646075605 -0.18681706619486224 -0.44429003860811606 -0.05215709670524234 
-0.17492409902693817 -0.8515774993883658 -0.29326408542026533 0.07035605416268723 -0.12715047762510426 0.07057432544051236 -0.36915036726372064 1.6751361491164405 
Ip_0Ip_3
-0.025808427280270323 -0.05679968929912815 -0.04209602617327236 -0.06563319291693429 0.0717094121653556 0.13901801045429887 -0.0255332706591454 0.005143183709037318 
-0.04296456646621373 0.27615584585883074 -0.04992194479219064 -0.07303654853278427 -0.06699548328960572 0.022819394450965497 -0.035837011486357394 -0.030219685741565045 
-0.025949457081238966 -0.05949826131400763 -0.021192692423147412 -0.006379299217530588 0.10613435746233565 -0.028457352635665695 0.07851374640272984 -0.04317104119286696 
-0.024507979288253465 -0.05692263091425525 -0.04162608263287715 -0.06485243180220332 0.06861983165890229 0.13911187058493082 -0.025599941328937285 0.00577736372216563 
-0.04341319312276937 0.2768946731361036 -0.05282567586856946 -0.07307484154307045 -0.06590261146571 0.023463100819465538 -0.03530497020754027 -0.02983648174671648 
-0.02462967229783802 -0.05949734394977363 -0.02096016583074935 -0.005894583355635104 0.10332086748664751 -0.02840856857382805 0.07868999887656446 -0.042620532355336534 
II_1IIp_4
0.09750851274710946 -0.37972258464308845 -0.01672590985443117 0.04764875876693289 0.25241109680722273 0.039260108483179866 0.5527958921393298 -0.593175874444687 
0.45722826577827086 -0.7864320737437015 0.2252561810921748 -0.2471042282859025 0.8953327550772473 -0.5622908628259915 0.12738670432046212 -0.10937674142047411 
-0.549277240377619 0.439552619416517 0.035924644250077645 -0.4470878229836033 -0.48650426941973113 1.1157257703612888 0.3138387032499421 -0.422172404490132 
0.1812430586225191 -0.646525329528896 0.630152392405142 -0.8625643378133826 0.4688948704942219 -0.026097808323739452 0.15210061261810076 0.10279654152449104 
-0.3190931872672595 2.2130551140963965 -0.8057207086259913 0.058618001445628246 -0.42298115824947796 -0.4261843707108635 0.0016078608184955192 -0.29930155149919185 
0.20941190523821732 -0.6005825488884868 -0.14853085833728968 -0.02688174524527389 -0.15819649489237372 0.08337658016289914 -0.18948965379482302 0.8308928157529416 
Ip_2I_5
-0.14987153011715781 -0.15214377982316024 -0.02693435751068328 0.46301434757712345 -0.06000940882093657 -0.03245770442131847 -0.043790387974861344 0.002192821091710656 
-0.05473140157652576 0.8567138661820769 -0.2492441131656954 -0.11011532033755914 -0.031291330911309735 -0.15049219277489873 -0.15813850753507075 -0.10270099987965922 
-0.02155288615789449 -0.09412376591500055 0.1718474467473378 -0.15505397537489654 -0.14677645717236124 0.13729427736516667 0.04688238117070243 0.06148297933759223 
-0.12656183700857418 0.771901713171547 -0.19370168732759982 -0.1205358323314817 -0.18251816318436348 -0.02414262761260051 -0.13198639505725981 0.007544829352924779 
-0.12255370030828715 0.16031481883734156 -0.08750431055697465 0.03360351542641506 0.057391055954413996 0.1951810816914366 -0.10076918234651425 -0.13566327869702563 
0.15724882231235524 -0.07630332343602081 -0.09415803948645565 0.23818563137958548 -0.03023979018331857 -0.11541244009484233 -0.08659163006307809 0.007270769571087128 
IIp_0IIp_3
-0.09805221215037126 0.39111716160111626 -0.12187810850498931 -0.06700100578043151 0.08008249213502748 -0.07955196105279501 -0.050299749766218926 -0.05441661647987397 
0.04022669966330149 -0.12026452984620929 -0.070160022265959 0.015377144300696857 -0.06167883766533335 -0.04010505521450742 -0.03697817594294713 0.2735827769692912 
-0.05695295294997498 -0.12525121829920827 0.27794596802107363 -0.1767092167725045 0.011685762450913368 0.008488232394525516 0.12073374242677826 -0.059940317271836914 
-0.09717496117162946 0.39103422814063954 -0.12156109588062829 -0.0664743230862486 0.07799833533700869 -0.07948864526315084 -0.05034472419859827 -0.053988813875960245 
0.0399240668968997 -0.11976613471144644 -0.07211880950246395 0.01535131275587036 -0.060941612583554204 -0.039670826360001805 -0.03661927367575112 0.27384127717978773 
-0.05606265783622342 -0.12525059946728428 0.27810282487507226 -0.17638223909487818 0.00978784969327661 0.008521140950896454 0.12085263811209701 -0.0595689572331926 
Ip_0I_3
-0.02234877106601538 -0.09446152784387137 0.17153422089907555 -0.15543311540084365 -0.1437015455660145 0.13683030774313162 0.04655345519502283 0.06102697603939228 
-0.12542010554022862 0.7719628092964657 -0.19639036374605845 -0.11994776431213862 -0.18236215702918301 -0.02387467683554455 -0.13224397059689663 0.008276228765740488 
-0.12242046729205254 0.16074447416208137 -0.0870067019871047 0.033601005305963154 0.05536942705613957 0.19576930699796088 -0.10066377658946261 -0.13539326765131107 
0.15802961403315147 -0.07653511134681092 -0.09439741885412768 0.2381288367398798 -0.03025729065264255 -0.11585690777106113 -0.08650646497146028 0.007394742821410519 
-0.15098860072226458 -0.15245889757167275 -0.028117576520373028 0.4620506130763498 -0.05450987474344681 -0.032925323969572644 -0.04436324004507606 0.0013129004957940465 
-0.054805521251906374 0.85564360116807 -0.24305150112819704 -0.11045061033928426 -0.033147897253473044 -0.151251415100255 -0.15926191753967178 -0.10367473855253885 
II_2II_5
-0.8678583302849968 0.14072308615777157 -1.3681224855624798 -1.2232119129678745 -0.6846902353390728 3.0300196670492356 1.737564370203273 -0.7644241592415038 
1.4064225374241033 -0.6002644302975985 1.3790747486386052 -0.6989533341985416 0.2011810465079137 -0.9606837097721945 1.1013477151159163 -1.8281245734233142 
0.41452822139783263 -2.053823530903989 1.2686352763056845 0.00981923816253453 1.9647515960512278 -1.5398776280015223 -0.06559240569436484 0.0015592326724588842 
-0.8446348392039501 0.13852758620694175 -1.3597302009914105 -1.2092690264428858 -0.7398641798387208 3.0316958278183517 1.7363737607249214 -0.753098928268011 
1.398410931253992 -0.5870704011706307 1.3272197162437966 -0.6996371734506988 0.2206976278794217 -0.9491883564785397 1.110848945437914 -1.8212812897151036 
0.43809703024988583 -2.053807148549764 1.2727877524349716 0.018475327882590153 1.9145080955353777 -1.5390064388178837 -0.062444876705270366 0.011390257947218608 
I_1I_4
-0.3133299022469195 0.47062169021590566 -0.504648344584501 2.5123639098709956 -0.4936638363989743 -0.23811992671049495 -0.7936511524180627 -0.6395724377214415 
0.08529132318877708 -0.54264543233756 -0.15100386021245474 -0.11963554171384552 -0.12262301861343723 -0.3501141733665509 0.07851084018541275 1.122219862865625 
-0.41718833197333494 -0.7257389287217548 -0.0877835447129447 -0.2479627439620636 0.1538807882809627 -0.07906926720798765 -0.17165305487287016 1.5755150831675675 
-0.3129635610037796 0.47058705708597587 -0.5045159596665642 2.5125838533051565 -0.4945341832109536 -0.23809348594775873 -0.7936699338044417 -0.6393937867521303 
0.08516494331959508 -0.5424373018279434 -0.15182185251903124 -0.11964632900335882 -0.12231515238184307 -0.3499328387858697 0.078660718277227 1.1223278129172665 
-0.4168165434807417 -0.7257386702964821 -0.08771804106978176 -0.24782619762354266 0.15308821724266117 -0.07905552454834372 -0.17160340386716896 1.5756701636425101 
I_2Ip_5
-0.12348451629779976 0.7715893968722876 -0.19290753018118972 -0.11913669132412542 -0.188007519743222 -0.024076397145419398 -0.13218911091317018 0.008212368735641027 
-0.12275236267955428 0.1615920291535033 -0.0924549338091404 0.033468793433205385 0.05922576025665292 0.19626456175358795 -0.09984746797373935 -0.13549638013362242 
0.1603589620007754 -0.07639736848996166 -0.09379439057680589 0.23902526196811055 -0.03519761269544082 -0.11547964219307388 -0.08629539578257119 0.007780185767332124 
-0.151666917234986 -0.1519954405839974 -0.027901053226251107 0.4614880191927254 -0.053922275422758556 -0.032743162754142865 -0.04374329246106814 0.0004841224903362563 
-0.05324908428928751 0.8552227309130268 -0.24331461415694722 -0.11010656050580547 -0.03355155783589243 -0.15182064543127693 -0.15921032286895728 -0.1039699458227558 
-0.02338790820251396 -0.09422124828300016 0.17133983117406784 -0.1560305487326288 -0.1411922859153802 0.13704428404287344 0.046518207026918605 0.05992966888971971 
II_0II_3
0.43419065947841573 -2.0454833383590536 1.2955133204035765 0.037927121776969316 1.816709880801964 -1.5267871342641102 -0.049547401423988675 0.037476891573870796 
-0.8811149380829792 0.16613147965856612 -1.4695261943002917 -1.208008357055682 -0.6957886346435601 3.052437123038014 1.7647339531301116 -0.7288644317364811 
1.4108148520866552 -0.5807528032956862 1.3396270969606825 -0.6807410736511014 0.12161635475028973 -0.939349738281258 1.1222068918210921 -1.7934215804005555 
0.385939730766274 -2.040921797151355 1.2780768581940924 0.008958297863575809 1.931343552946134 -1.5302696560585742 -0.04707369870617506 0.013946712133049526 
-0.8644694028864316 0.13871854003785805 -1.3617881517036585 -1.2065875595148887 -0.7363377998450744 3.0285534842553226 1.744993459105798 -0.7430825694480158 
1.361846464355026 -0.5807868405491261 1.3309995900527238 -0.6987256379259306 0.22600615355395995 -0.9411597885915974 1.115667341140268 -1.8138472820345568 
I_2IIp_5
-0.16687022601941529 -0.851991078316199 -0.29362659038538774 0.06946097216670455 -0.1250089772582614 0.06948993808476808 -0.3689959368847907 1.6675418986056054 
0.1249569437042524 0.008234637552057805 -0.7311705520834555 2.731506023465901 -0.5646601359483816 -0.11501810749684811 -0.26947701543202784 -1.1843717937536942 
0.939783408000429 -0.6973052115742471 -0.41477398499442547 -0.03152264937653597 -0.13425834003735987 -0.5885411686197106 -0.09274990276604393 1.0193678493522669 
-0.09789793092468642 -0.6339914795516789 0.11796559575979561 0.5895705928189944 0.16172337376972637 0.03195486354363236 -0.1206467228048386 -0.0486782926130635 
0.5582518472830564 0.3849050380603147 0.5461854370696462 -0.6735916900961623 1.1552630859248065 -0.7443604659241237 -0.370575598453765 -0.8560776538650157 
-0.2492107611034432 2.5936058480094504 -1.0792727836189775 0.17289712960446213 -0.7468304735674585 -0.18830210284045654 -0.44394321014928767 -0.05894364632444208 
I_2I_5
-0.41457225184000385 -0.7262676373695652 -0.08951657682896977 -0.24987533457660183 0.16223366053424407 -0.08009411750959686 -0.17244776453312774 1.5705400221213721 
-0.3076406254996567 0.46826919698584274 -0.4939226888177299 2.5119327981041106 -0.4984461271323481 -0.24029280227885444 -0.7954599035970781 -0.6444398477567632 
0.08758209182109392 -0.5434327580732016 -0.15310908591982447 -0.12116226943797874 -0.11356726630756658 -0.35156119507608913 0.07787152179272629 1.1173789611951817 
-0.4100081650186601 -0.7266991165282219 -0.08786725049480403 -0.2471351546261485 0.15139038670877467 -0.07976470350163042 -0.17268175368710448 1.5727657571434621 
-0.30921513753229934 0.4708622048261017 -0.5041137005462084 2.511798403937626 -0.49461055514546587 -0.23803363330707472 -0.79359263739062 -0.6430949448362382 
0.09221404355983494 -0.5434295384667299 -0.15229300441309343 -0.11946109777118291 -0.12344156547080577 -0.35138998123604676 0.0784901021579289 1.1193110416371694 
I_0II_3
0.381244395129422 -0.7062327829501894 -0.32290660622973494 0.00821198889115294 0.18338428472401536 -0.7324283199714382 0.2362738730133888 0.9524531673872757 
-0.3731057471039183 -0.9112688630470709 0.19593343609149594 -0.4898623939867523 0.6667505565133742 0.3129898572974945 0.20084102317634453 0.3977221310601386 
0.16613831339987847 0.2974216849632741 0.13184143721351116 -0.20091643230154008 0.4171366325126851 -0.16945138408271823 0.02682437765818406 -0.6689946293620241 
0.8304263114293173 -0.8555940665173993 0.30471937073220606 -0.5953447603726622 0.8623992957918514 -0.6593977624315501 0.31212233923530774 -0.1993307278721608 
-0.812420855625877 1.3543235998959022 -0.612848058892864 -0.7998468546638708 -0.45741764658197065 1.5627662033365903 0.4605611642974538 -0.6951175517566218 
0.2892370700492975 0.2507941127325018 -0.01368410141825299 1.2649837425492887 -0.5151058031704666 0.06583770147447511 -0.28143687033105574 -1.0606258518800828 
IIp_2II_5
-0.5430312035695082 0.44068097094594155 0.039567648101377806 -0.44337345205917067 -0.5076179749185283 1.1173186334334115 0.3162298971136141 -0.41977451903579854 
0.1790877693831817 -0.6432667864019531 0.6183604409951916 -0.8628962121890046 0.4739045066703135 -0.024064628570614977 0.15598353673836118 0.10289137337072898 
-0.3144133985047861 2.213387291915159 -0.8044634383100754 0.06091236344186095 -0.4343582415859794 -0.4257430798197931 0.0031048481060823004 -0.29842634523245526 
0.20554873003852225 -0.5989599850810006 -0.14764363263222557 -0.028107097796555718 -0.15647533524003968 0.0844104410204384 -0.1874757792231665 0.8287026589113825 
0.10194386601424453 -0.37990570204725466 -0.015040098793178705 0.050338626725521064 0.24165339552723591 0.039032651526358576 0.5542806918611396 -0.5923034308120706 
0.4549192554306392 -0.7833908199777581 0.21491057486906656 -0.24691225524843452 0.8993554388294306 -0.5596834866506203 0.13012386876034437 -0.10932257601767759 
I_0Ip_3
0.15894266780168181 -0.07666975045895179 -0.09416101182729633 0.23862834497026356 -0.0320594600892024 -0.1158249360348368 -0.08665485832178768 0.007799003958242425 
-0.15129784260428558 -0.15201459051431981 -0.029694450492552704 0.4619779452095683 -0.053872451694100834 -0.03252105570275612 -0.04409034285794487 0.0015127886576843425 
-0.053882176961942904 0.8555825135594889 -0.24296757131817096 -0.11016274896153626 -0.0347434528691089 -0.15129741216417525 -0.15919886667601785 -0.10333028460598039 
-0.02325449984023285 -0.09442422308381525 0.17111337357001333 -0.15602556524510705 -0.14118268476995624 0.13673100843419964 0.04649830621205439 0.0605442847229663 
-0.12510190646658076 0.771373806169577 -0.1939061330660947 -0.1199668762821752 -0.18325320432788336 -0.024370684406816622 -0.1327151765158463 0.007940174897925518 
-0.12334294962431198 0.16068210354461307 -0.08724797957471879 0.03321095203161676 0.05770876655591694 0.19565508144596971 -0.1008472291805949 -0.13581874519739234 
IIp_1IIp_4
-0.056236736113647955 -0.1250309948879852 0.27857648265763085 -0.1760497969323325 0.008016811804855889 0.008817305559558704 0.12113659677869106 -0.05922966886689444 
-0.09795098543358208 0.39161594949036754 -0.1235596755354651 -0.06653424063498253 0.07891055460980191 -0.07909715536192627 -0.049684779771669164 -0.05369966736152394 
0.04035132711283517 -0.11969838886728489 -0.07191698601876022 0.015757580129929807 -0.06282712868468081 -0.03956119929885071 -0.036379569935676676 0.27427436556146534 
-0.057127734120783535 -0.1249467618123037 0.27825450226280257 -0.17658473304782762 0.010133628541254262 0.008752997575074329 0.1211822759864255 -0.05966417538411279 
-0.09764361023713995 0.39110974421673284 -0.12157019297379003 -0.06650800429480243 0.07816177678622324 -0.07953818883270714 -0.05004930624410024 -0.05396221841915631 
0.03944708056151322 -0.11969901739664705 -0.07207630091005592 0.015425478523645232 -0.06089947454018808 -0.03959462355125313 -0.03650032878489893 0.2738971860969837 
II_0Ip_3
0.018043233695662044 -0.0820750569135302 0.05380955663259637 -0.037959352642585015 0.06489455808522193 -0.027705358911478295 -0.02281580266317102 0.0338082227166895 
-0.04838946023250438 0.016487137726312988 -0.015051886094535245 -0.06436808946338843 -0.02955319236394377 0.10324656489259132 0.062416324670826924 -0.024787399134711303 
0.02225869889268091 0.07581523828584372 -0.0016085662858860217 -0.031463515019887305 -0.009687856219340379 -0.05065606961707046 0.052409167628269276 -0.057067097664193864 
-0.01914238097658043 -0.05921095215497114 -0.006180360319745076 -0.060235522681863767 -0.012175997589227688 0.1592986107082861 -0.012538231736747762 0.010184834750308194 
-0.0378964961802261 0.13743287489909134 -0.05892860936635689 -0.0628656548152509 -0.0389888384917129 0.08773139594583833 -0.0063668378600381425 -0.020117834130925858 
-1.4040286198238822e-05 0.025011187545593283 -0.018218457735683154 0.08867664756156393 -0.02833887526601341 -0.030111263568811754 0.02744659497851081 -0.06445179322851739 
I_1Ip_4
-0.12298920136750716 0.16056514115851583 -0.08734048604562902 0.033239569207251976 0.05767610631078019 0.1955159510772168 -0.10091660057404993 -0.13575047976547142 
0.15859494771300717 -0.07673756003599827 -0.09441084227232978 0.23832369440493237 -0.030554239396476182 -0.11592210546067547 -0.0868372545610443 0.007543359606956203 
-0.1511772116711059 -0.15235733298134557 -0.028051900830077636 0.4618954542086966 -0.05436443120125948 -0.032789560080770344 -0.044427597810379374 0.001272580368011438 
-0.05423388004443007 0.8554628970452304 -0.24318016032432294 -0.11038792563874042 -0.03327779045272131 -0.1514618185503143 -0.15936664767458872 -0.10355467435802626 
-0.02289255471203871 -0.09454695543750949 0.17107209490018732 -0.15590011115714617 -0.14136300138697433 0.13669687155691512 0.04628842099897987 0.060645235237737995 
-0.12520574008626217 0.7714387170330346 -0.19386161256829643 -0.12006202614244409 -0.18319136370113173 -0.024283180737581865 -0.13275580594908962 0.007921012154956783 
other
-1.3110255772184507 0.8451555411128733 2.201227014065401 -0.544558699215001 -1.929405951949673 0.6261562274049769 -1.875194805722263 1.9876462515273072 
-1.3031498975465736 0.8405670627861003 2.2329760463711836 -0.5408646422218997 -1.9629375339269033 0.6233169027660721 -1.8778025675778327 1.9878946293605675 
-1.3112106735051512 0.8442022512256298 2.202704750519078 -0.5433705727879918 -1.9302331327686977 0.6249456377171279 -1.8750206308861943 1.9879823704943045 
-1.2993512582919533 0.8440518755816085 2.2054457685268645 -0.5375496882319782 -1.9571415849021587 0.6269988240382119 -1.8757933184399207 1.9933393817221914 
-1.3071772871074938 0.8471996273478022 2.206908811948928 -0.5412084043850832 -1.9531266577550925 0.6290955524981278 -1.8730263522975164 1.99133470976134 
-1.2993627652682278 0.844210486544203 2.2047921770182666 -0.5390192049547623 -1.9554902591380563 0.6253835796423484 -1.873438385687174 1.9929243718518106 
Ip_0IIp_3
0.0020335080660269975 -0.039690538125326705 0.010033925508508871 -0.039861084897770294 -0.02182358800261823 0.09573779389192633 -0.008383287383183497 0.0019532709423128814 
-0.03021900472620032 0.03553062050685555 -0.009022400493426215 -0.02219305260179802 -0.041567191644123036 0.04823469555609774 0.047754529862797004 -0.028518196459739274 
-0.02678763283115613 -0.059520943277662004 0.10939778534896862 -0.07498595195792129 0.007624546158505419 0.044868362682680615 0.04322863133223857 -0.04382479745559351 
-0.01217746065937073 0.22981210893335471 -0.047414026698620805 -0.012209118341451 -0.050104543946702225 -0.03766015088600428 -0.029931514691138066 -0.040315293709535495 
-0.006734760855156343 -0.0421795387174975 -0.015665464838208517 0.07311071406986759 -0.02437745925327877 0.0017965089768913144 -0.010875729722214662 0.02492573033951669 
0.010996129320692315 -0.04068512798763725 0.06269255186184299 -0.01818803041157346 0.017173507945851457 -0.01230844065720145 -0.007928179108130345 -0.011752410964305753 
Ip_1Ip_4
-0.025413848451002752 -0.05930854921958562 -0.020915262835286365 -0.006069298577385151 0.103998745217547 -0.02819250244636423 0.07874587731126728 -0.042845160999047484 
-0.025124495562038888 -0.05681459561871111 -0.04097293531447503 -0.06511160079001362 0.06876236900111404 0.13908710180241582 -0.02533767699432784 0.005511833475740867 
-0.043330849671814636 0.2767300467151764 -0.05298485409173432 -0.07298020671523371 -0.0655057684327949 0.023239707355945848 -0.03529125354664108 -0.02987682161142863 
-0.025163421921394244 -0.05933222401636776 -0.020824766075166777 -0.005918947853906372 0.10340378645820499 -0.028174427854378816 0.0787330385783964 -0.042723037314864105 
-0.025210887341865627 -0.056672320070452475 -0.0415321051548727 -0.06511897485315862 0.06897282270617783 0.13921105997141955 -0.025235222108080026 0.005585626850939871 
-0.04307669946738532 0.2767302233714553 -0.05294007657823062 -0.07288686525766007 -0.06604756059587896 0.023249101674934228 -0.03525731270811531 -0.029770810437989403 
IIp_1Ip_4
-0.026898882261976086 -0.05955955243125462 0.10933875164173709 -0.07505150151606582 0.008069529081962656 0.0448143540992129 0.04318018831153254 -0.043892886925020004 
-0.012052618415254684 0.22978651388696933 -0.04752522819884786 -0.012158176788124335 -0.05013938646687411 -0.03765829712181961 -0.02998786994968926 -0.0402649369457358 
-0.006755503036136167 -0.04214797903625778 -0.015636119509972672 0.07308909146212376 -0.02443949927177298 0.001839260621916621 -0.010880369634696935 0.02493111840499521 
0.01110716818014056 -0.040719617698851955 0.06266497206037502 -0.01818164569799931 0.01715478007700551 -0.012355698654205327 -0.00793924178841774 -0.011730716478369482 
0.0019126576874477837 -0.03971520173726515 0.009921711003466116 -0.03996504912116396 -0.021275583952773444 0.09570026974071642 -0.008443343635961194 0.001864540015328273 
-0.0301922864501852 0.03541440475254064 -0.008419829526858536 -0.022222535860891693 -0.041757703058147924 0.04814716099176123 0.04763785290875158 -0.028607063756658637 
II_1Ip_4
0.00042112153619525215 0.02476287145835476 -0.018569566997924246 0.0885469700486261 -0.02748191249995725 -0.030419254062441597 0.027216196847187766 -0.0644764263297452 
0.017486754731707153 -0.08240328601430559 0.054345728049948534 -0.03856192354842556 0.06732358185308468 -0.02804168016881508 -0.023349461291476796 0.03320028638778226 
-0.0483875672702515 0.015790542590152886 -0.012174537797065718 -0.06465703255943382 -0.029567031203028598 0.10265711849510147 0.061702360188016385 -0.025363852442641915 
0.021835524992642973 0.07552121969914441 -0.002023190999637858 -0.031798023091270014 -0.00711667963314308 -0.05097910981772374 0.051976607164008204 -0.05741634831341981 
-0.018549797057551776 -0.05939416935929364 -0.006227475664895175 -0.060064068916727595 -0.01246705070944491 0.15929146118295365 -0.012945401557272307 0.010356502082186756 
-0.03786669305029504 0.13748226418148674 -0.05889711923914883 -0.06301670580577148 -0.0389244163200558 0.08780936819002304 -0.00647965463981903 -0.02010704331568423 
I_2II_5
-0.8138987455024813 1.3536138708932488 -0.6153421006491144 -0.801915565546195 -0.4458559811780382 1.56167244380359 0.45938581050818045 -0.6976597323138218 
0.2899874469539249 0.2484761226062825 -0.0005295830784550365 1.2642528782628735 -0.5191594087014918 0.06411800679642941 -0.2837813795292604 -1.0633640833078557 
0.3804407376116607 -0.7069944818600179 -0.32356527645296473 0.007377457060479776 0.18984597775671577 -0.733519964277864 0.23561201300430398 0.9508035371507569 
-0.3697824070417289 -0.9111929151370564 0.19029452237333813 -0.4886372897510919 0.6669536645658792 0.313446018444746 0.20032558411364812 0.3985928224305829 
0.16730602826491256 0.29828673394927346 0.1329063093738994 -0.20094942331433005 0.41278112119842064 -0.16831243262551138 0.027084568071274972 -0.6691029049150773 
0.8329909599922143 -0.8561329868800718 0.3042254950530502 -0.5954818009716161 0.8622452993862803 -0.6604464066511404 0.3123380958033907 -0.1997386557398252 
I_1II_4
0.28552539769490975 0.25075456331085205 -0.015592013687923881 1.2626835284141336 -0.5038811042530917 0.06563769076351325 -0.28246854296983487 -1.0626595192716688 
0.38333133175814615 -0.7084908051905546 -0.31005390899415003 0.008645290063389807 0.17459436294216676 -0.7340383556680439 0.23443612560058288 0.951575959482756 
-0.3761484619758735 -0.9110079900697546 0.18909151178473668 -0.49127078066016233 0.6790857054612798 0.3126637468967246 0.2007517536438552 0.3968345149192479 
0.16994341997840948 0.2968952301277234 0.13221484208983236 -0.19925133935767914 0.41107629992199063 -0.16919158627704245 0.025841491315143978 -0.6675283577955686 
0.8284158056609805 -0.8546973513813758 0.30519691968566026 -0.5964533315157564 0.8634514240765508 -0.6586169402039642 0.3125174562312162 -0.19981398255969496 
-0.8094205589211085 1.3532730520707625 -0.6135975234751699 -0.7992609463796169 -0.4582078242975745 1.5614881912885865 0.4602252765561543 -0.6944996668344103 
II_2I_5
-0.35910975623641117 -0.9103901529508505 0.19277710390938918 -0.48794156041027714 0.657130025486004 0.3130015053977211 0.2035875902666906 0.3909452445350337 
0.1786000286172284 0.2994046795294278 0.12205907362674764 -0.19996803343963698 0.4143687127881204 -0.16863334232547816 0.03005658515247504 -0.675887703949189 
0.8437427515742867 -0.8550271376168618 0.3064338176780907 -0.5945537689223646 0.8519585856088836 -0.6596346371060073 0.31440124681333276 -0.20732085804059672 
-0.8022697498715444 1.354326222251853 -0.6125139243065506 -0.8006456672604668 -0.45795168677204656 1.5612969551614966 0.46259878728662907 -0.7048409364850973 
0.3009515288593556 0.2501373991379869 -0.013512212328519768 1.2652061075943328 -0.516768123060207 0.06427047647010396 -0.2804181011841091 -1.0698670754871404 
0.3921630942283032 -0.7058879579702699 -0.32118595459897026 0.008661947430279688 0.17749023346064627 -0.7326723191070699 0.23780477945661127 0.9436261770907506 
IIp_0I_3
-0.26139180499673154 2.5938770042147037 -1.0813729829578578 0.17090119485257962 -0.7348701372129544 -0.1875992578772089 -0.44543006475065494 -0.05411395125971485 
-0.17415533620440368 -0.8538201770703044 -0.28157690162849913 0.06977034078334435 -0.13086277904196136 0.0688690026334485 -0.37138152164056404 1.6731573721641213 
0.1131830333615529 0.008563172732913578 -0.7362574114594903 2.730259745999225 -0.5520989329349394 -0.11457158195300775 -0.2703276063344281 -1.178750419406979 
0.9341602255626259 -0.6975089419456181 -0.41478648161730364 -0.029936508618142812 -0.13750633273015 -0.5874186505356127 -0.09429141317191485 1.0272881030468723 
-0.10842091511660164 -0.6328184357749954 0.11823157918046674 0.5888304890701231 0.16366670628076038 0.033717574775135165 -0.12089565160905916 -0.04231134680499079 
0.5521050842778636 0.38438430050451183 0.5453505212753795 -0.6729172792886269 1.155670892569042 -0.7444681086169347 -0.3713579930783829 -0.8487674176412076 
I_0I_3
0.08453920347846484 -0.5425837246497462 -0.15243512088626351 -0.12018681265577394 -0.11937872425112452 -0.3501532145763666 0.07834522682228515 1.1218531667117726 
-0.4167432784526766 -0.726341412130308 -0.08445845713253249 -0.24799249334439594 0.1520786711527288 -0.07949982853878203 -0.17221861357944973 1.575175412025255 
-0.3138570738068313 0.4704251198718464 -0.5049061498770334 2.5120710047881336 -0.49157093804874746 -0.23839320534459088 -0.7938777155529848 -0.6398910420217607 
0.08593885250966604 -0.542716044521304 -0.15192932901623826 -0.11934649336196917 -0.12270398476550523 -0.35005219458728526 0.07827347036776694 1.1225357233745603 
-0.4172261273390906 -0.7255462254803154 -0.08758369121363463 -0.24803370742984823 0.15325490964748387 -0.07880701883007944 -0.17164598701952025 1.5755878476652365 
-0.3124366129320129 0.47042610721469225 -0.5046558856437576 2.512592695844074 -0.4945990472391416 -0.2383406999269738 -0.7936880181520339 -0.6392985391570326 
Ip_2II_5
-0.048225845708441836 0.015854228591174798 -0.012102123311454875 -0.06457277543869017 -0.030200565604427382 0.10274516059341667 0.06177061445886497 -0.025268693579691377 
0.02162350661602327 0.07552842991855846 -0.0016289957098273248 -0.03189954555109431 -0.007115811190194474 -0.05101308934167416 0.05204064595724008 -0.05753514069892584 
-0.018554237766081103 -0.0594650902515353 -0.006305470538374872 -0.06005132942959807 -0.012183055946829282 0.15919462790192665 -0.012955681532574195 0.010320237563036792 
-0.038026439578009184 0.13753056452241552 -0.058851859009689575 -0.06301340009508569 -0.03891149971970649 0.08789113375261029 -0.0064837558065677404 -0.020134744065532284 
0.0006278157101301936 0.024815758461053876 -0.018359712367438767 0.0887251210631484 -0.02847250407368379 -0.030340240768206156 0.02732109042907643 -0.06431732845359873 
0.017480498500382597 -0.08220500572494349 0.05323863083222145 -0.03850378779825199 0.06766116123594557 -0.02789809608653117 -0.023144387779960366 0.033370986820306286 
I_0IIp_3
0.9241096616951973 -0.6978678612615244 -0.42099672989128895 -0.037357186232701185 -0.10342025891307535 -0.5890856511132605 -0.09652817217814767 1.0211461978817509 
-0.10466104844168282 -0.6406146748667576 0.1534588943975565 0.5878823428763955 0.15159095723892255 0.027384183244038632 -0.1277810072056859 -0.04725964724495225 
0.5418142241626746 0.38269384197407474 0.5413801765094117 -0.6781299358279299 1.1879488063750967 -0.747042620298003 -0.37437950766013317 -0.8542849852387654 
-0.2509390800405703 2.5915797471429705 -1.0801739475086787 0.1757902526032036 -0.7494954012220512 -0.18778642890379083 -0.44871797536482977 -0.0502571666997576 
-0.17746866428216887 -0.8499678234087313 -0.29213076127480037 0.06821845445169746 -0.1257079530903859 0.07268449646436058 -0.36987854023948435 1.6742507913718712 
0.1237003322547199 0.006887177668768613 -0.7365616658365679 2.732689278441209 -0.5641794232512526 -0.11637694814129385 -0.2705702667053079 -1.1755884844280575 
IIp_0Ip_3
-0.011901254017142657 0.2297893808388466 -0.04730923611884071 -0.01204231036192458 -0.05077701401353598 -0.03763864110042759 -0.029938561114020382 -0.04018236411212883 
-0.006825552613018774 -0.0420198975823029 -0.016304776986352257 0.07310565134902675 -0.024140192647935668 0.0019341850796963014 -0.010757344550624378 0.025007927951508985 
0.011276607742954196 -0.040681002055000484 0.06274663248595481 -0.01808302293947648 0.016558058336564093 -0.012293296534103661 -0.007887028314183826 -0.011636948722890724 
0.001764064234374594 -0.03966168157296313 0.009941534103963673 -0.040021873773247445 -0.021199711673866084 0.09571992122994195 -0.008362359690466574 0.0018201071420098813 
-0.030121558777357806 0.0353802596609013 -0.008443346165290154 -0.02218204809093829 -0.04178847934635651 0.04810228113077592 0.04764967767491174 -0.028596786086175094 
-0.027060918340148232 -0.05951720225876416 0.10935430094459621 -0.0750843247373964 0.008189599074215802 0.04486303766999676 0.04319582896041674 -0.04394032131277311 
II_2IIp_5
0.21149346030130808 -0.6004616638927155 -0.1496144390740824 -0.029035440553105873 -0.14965874196824303 0.08300799448952943 -0.1897557992609149 0.8240246299497418 
0.10716212967760226 -0.3816206322812465 -0.005056277349938033 0.04907497133152697 0.23835091001600478 0.03756538464730761 0.5523204045774092 -0.59779689061685 
0.4607929480596126 -0.7851601321007784 0.21317081981378413 -0.24808043288687825 0.906622244314178 -0.5622448348221375 0.12896751960621336 -0.11406813198933548 
-0.5381965146144527 0.43928423310214443 0.03719570547762613 -0.44496823983637374 -0.49816416585179624 1.1158360694176217 0.3140067860777834 -0.4249938737678916 
0.18468897348220298 -0.6456123676129982 0.6308228401753482 -0.8641271812905577 0.4696691635010374 -0.026081352762227342 0.15356910765097176 0.09707081685315866 
-0.30966625275502047 2.2116171967446885 -0.806401674292354 0.0593304402074856 -0.4246898867041492 -0.428346069275251 0.0017980526995731772 -0.3036418066166252 
II_0IIp_3
0.480103534414577 -0.7803229901046711 0.23467036276207684 -0.2261995440618938 0.7961586947937294 -0.55454206214021 0.1411994368118464 -0.09106743248480559 
-0.5557791428595407 0.4632112565296328 -0.07399823890352236 -0.44048385287816394 -0.4599411031204956 1.1345880087883204 0.337332509034151 -0.4049294365837323 
0.20333255935372033 -0.637886623251308 0.644696009800027 -0.8479447272218138 0.37078196058724233 -0.014832535574706755 0.16436893568250877 0.1174844206198329 
-0.34300433757513366 2.2210302255365657 -0.8031472506720577 0.05058475392600342 -0.41110015965850705 -0.4242948093855392 0.015950142014162588 -0.3060185641803493 
0.2147726583048854 -0.6044440374890738 -0.15116145486725047 -0.020631352072050305 -0.16200563001710544 0.0780856052853716 -0.18645825781374165 0.8318424686632432 
0.07521909304712872 -0.37156945535616503 -0.009116958273426517 0.047082453624966845 0.2477391626480046 0.04905310683354829 0.5582551000526274 -0.5966625025776978 
II_2Ip_5
-0.03797760608196186 0.13750597690054375 -0.05902428982758915 -0.06323797322095819 -0.03796715813617362 0.08780349603879822 -0.0065282305400747405 -0.020574215131675865 
0.0010845466300366449 0.024572778046185174 -0.017338005654368688 0.08869170627471751 -0.02886517247423477 -0.03056504961835649 0.027139159019485985 -0.06471996222292092 
0.0175224108020344 -0.0822682104694279 0.05313162252755038 -0.03866288575660292 0.0685513508223505 -0.02800999867913648 -0.02321431807961186 0.03295002883234033 
-0.04757137183399605 0.015772385003013055 -0.012055693563358592 -0.06443373505611308 -0.030695093332680348 0.10270123511208798 0.061695090079381204 -0.025412816407811192 
0.02187130459920533 0.0756295337228233 -0.0019596051207421104 -0.031950794034798814 -0.006999510905239975 -0.05093811337070006 0.05210649506903151 -0.05775930995915142 
-0.017897679618886175 -0.059527867764203914 -0.006304187320261972 -0.05998468710476922 -0.012603155694708849 0.1591054448627295 -0.01294352810758005 0.010155660747319712 
IIp_2IIp_5
0.038721896134991066 -0.12013298934415588 -0.07359012212542812 0.014042020654684765 -0.053907381768414774 -0.040236456309521516 -0.037365170232001754 0.27246820298892876 
-0.05557809928416231 -0.12671766818186483 0.28595744608974044 -0.17678945241929708 0.00731813332522182 0.007414645426917177 0.11938476547903318 -0.060989770434663464 
-0.09901865109080919 0.3906286641660428 -0.12249580397117799 -0.06771549734050372 0.08509543094473346 -0.08024625232815535 -0.05083241139636289 -0.055415478981993206 
0.042092616376709156 -0.12045165013868306 -0.0723720432680176 0.01606572887648823 -0.061915477143685865 -0.03999317380657378 -0.03753797850830728 0.2741119776115188 
-0.0567409254498701 -0.12480265114646107 0.27843106658414896 -0.17688870669612652 0.010150822675879795 0.009083112062335374 0.12076379971855668 -0.05999651774799389 
-0.09559781049478278 0.3906310419454428 -0.1218931023662306 -0.06645912909097813 0.077802953530542 -0.08011980557598905 -0.0503755705345431 -0.05398857741157847 
Ip_2Ip_5
-0.04322866111437093 0.27675956321192813 -0.05295968991727643 -0.07295010012305292 -0.06577580987544872 0.02327843770762097 -0.035261441608253376 -0.02986229827981694 
-0.02523690926480333 -0.059345345812005096 -0.02054105306263309 -0.005976781566990622 0.1033757958589964 -0.02820812091983068 0.07875335967250002 -0.042820944905073204 
-0.025197069327642065 -0.05671662905521755 -0.04158235188506552 -0.06512337318247141 0.06918560360549354 0.13914866983118082 -0.025246448601874198 0.005531598615795571 
-0.04311197077920844 0.2767485315533091 -0.05291752147258769 -0.07288004174570106 -0.06605304063523139 0.023286859859178305 -0.03526742402575482 -0.02980539275285369 
-0.025277164926858067 -0.05927905019450136 -0.02080160739053934 -0.0059802176322505595 0.10347386020317569 -0.02815036058462573 0.07880110020158909 -0.04278655967558797 
-0.02507864388533549 -0.05671654673939084 -0.04156148707072233 -0.06507987920451137 0.06893314669034437 0.13915304726762873 -0.025230633313384578 0.005580996254975577 
Ip_1I_4
-0.05477468315596724 0.8553810221286742 -0.24363306557904138 -0.11084657349380996 -0.030982679177522877 -0.15159423686452106 -0.15961852604969998 -0.10393125780455421 
-0.022690184414483745 -0.09505906562820561 0.17355087744883682 -0.1560101998648241 -0.1421749988027928 0.13629793624216757 0.045790124332540066 0.06029551068644313 
-0.12576362909043556 0.7712684216744162 -0.19417665989994076 -0.12040799649820032 -0.18097592188181574 -0.024524349160570263 -0.1329961687349352 0.007576303593655139 
-0.12242823652104662 0.16037910741882616 -0.08739524486314168 0.03344239923079942 0.05735365746285569 0.1954630531167496 -0.10122496379769082 -0.1355897720459621 
0.1584172317032686 -0.07662371961129787 -0.09439216414792169 0.23818116302228107 -0.03044033191990782 -0.11577567867265655 -0.0868847942289647 0.007518293854596918 
-0.15061695016492868 -0.15252685112891778 -0.02816994655111987 0.4619601457238648 -0.05453263957375731 -0.032989397580452065 -0.044518635648651314 0.0013942749243942842 
Ip_0II_3
-0.018205098983883162 -0.05939587533908981 -0.00602810789629896 -0.05976980832934287 -0.01367116753972457 0.15929863283641693 -0.012788762441439084 0.010560187693401705 
-0.03820839310029386 0.13781702219660932 -0.06010085436681179 -0.06298450803411576 -0.0384600645958334 0.08810029737144777 -0.00618399929691069 -0.019979500173509388 
0.0009306287687204228 0.024888803525771892 -0.018208987156295483 0.0889214338440379 -0.029609605443720596 -0.03023605681739659 0.02745264348153539 -0.06413886020201158 
0.017120552069351903 -0.08208414305334456 0.05328967307397255 -0.03861032060071898 0.0678182556131811 -0.027839580082197196 -0.022970977751316443 0.0332765407305435 
-0.04805970960898976 0.01581457851592472 -0.012071074460538131 -0.06443217416677488 -0.030587496611143006 0.10269480633487461 0.06183821206296163 -0.02519714206572372 
0.021315747914300843 0.07569154220721222 -0.001931666486011702 -0.03191199280817086 -0.006934596949730872 -0.05085063619061665 0.05216313131804201 -0.05754152900450414 
IIp_0II_3
-0.31978534591156677 2.212362077453096 -0.8072877050229721 0.05800514563029812 -0.4170937902158208 -0.42716398646374343 0.0011516477345155428 -0.3001880431919661 
0.20753181337835697 -0.6012230517353016 -0.14113616486480168 -0.02744802674054591 -0.15989290082964733 0.08319117615399717 -0.19044231692284624 0.8294194715545583 
0.09834314598002204 -0.37982265621996086 -0.015592170089275095 0.04870917960163889 0.24838551615382243 0.03917400879202464 0.5532710137196454 -0.5924680379383284 
0.45786579922500803 -0.7846937549409224 0.21410318832317324 -0.24607039733534156 0.8981603228132046 -0.560692088855801 0.1287313936087593 -0.10740446284090649 
-0.5473383922815418 0.44060678064330616 0.03752600468915489 -0.44596200811343184 -0.4960293448958855 1.1171930377325592 0.3147511240551828 -0.42074720182513414 
0.18032397432480052 -0.646171890278689 0.630092908315575 -0.8632610829158034 0.46977292003310717 -0.026416864267420945 0.1532240027706977 0.10243603201711313 
Ip_2IIp_5
-0.006898556678431425 -0.042174472220170345 -0.015753072609926092 0.07297101974207242 -0.02382648017158836 0.0017989991983303076 -0.01094929673941761 0.02483185947891782 
0.011174181866663548 -0.04084439411397073 0.06323413413801278 -0.018200265079584693 0.01695752276266675 -0.012449123078484559 -0.008066476874280132 -0.011805579621069021 
0.0017800452295009866 -0.039751313044901135 0.009851230581219995 -0.0400500996239867 -0.02076183102766024 0.09564901930402418 -0.008501448167611643 0.0017843967494891506 
-0.030044392552817885 0.03536442988961753 -0.00843946742065421 -0.022175778519152155 -0.041825601936470044 0.048126410974937125 0.04756181861950932 -0.028567419054542024 
-0.026959296851765954 -0.059539101362286115 0.10933756610141132 -0.07510244013770553 0.008180183223129757 0.04484102553381742 0.0431568339473765 -0.04391477045389479 
-0.011918475667116978 0.2297269243516921 -0.047458277443719256 -0.01214930547905283 -0.05019866681512507 -0.0377208265683322 -0.03002930177515643 -0.0402520706022574 
Ip_1II_4
0.021630168615353607 0.07560950631595797 -0.0019640713296101716 -0.03185194490915607 -0.0071519561017016845 -0.05094557311486624 0.05213192383736174 -0.05745805331301986 
-0.0184871377970738 -0.05940475438991267 -0.006427233267781029 -0.05999276801170936 -0.012454493829101717 0.15925777496055518 -0.01288595513980319 0.010394567474769342 
-0.03807041937957667 0.1375701065711573 -0.058820769331591645 -0.06301847460046645 -0.039021490250722185 0.08791604445729206 -0.006420974187548729 -0.02013402327780484 
0.0006160374726601294 0.024813317173468158 -0.018365800721905953 0.08873336315286089 -0.02846814859557953 -0.030356827613909704 0.027350992574441475 -0.06432293344153904 
0.01741132863168026 -0.08218646317817664 0.053252214477297 -0.03850240906771511 0.06767251999295365 -0.027877236332164695 -0.023126254850576636 0.03335630032622743 
-0.04818506950445195 0.01587866734056247 -0.012026617201828202 -0.0645096078910617 -0.03053008527979436 0.10277881028730776 0.06181529039566115 -0.025221388146013945 
Ip_1IIp_4
0.011076670362993294 -0.04073525208120644 0.06261810317714148 -0.0182186071680787 0.01736789623521643 -0.01237090180251996 -0.00797660710564622 -0.011761301618201032 
0.0019253792635322443 -0.0397610512158008 0.01016680153439357 -0.03998169572052352 -0.021350990285161686 0.09566690074313583 -0.00849439317703913 0.0018290488573023764 
-0.030224497003925103 0.03539072637393179 -0.008455683113374518 -0.022254007478341827 -0.041546168483702864 0.048115263954670584 0.04761045903161236 -0.028636093280290136 
-0.026865577355273396 -0.05958121858878327 0.10931493918069092 -0.07505015719759854 0.00813106389816074 0.04480375592705783 0.04313955199050067 -0.043892357854594756 
-0.012061907410023125 0.22977691283439183 -0.04742260084454681 -0.012176702123401328 -0.05016117420042861 -0.0376600845260349 -0.03001281642243631 -0.04028162730679069 
-0.00672296216229708 -0.04217161240711452 -0.01566056485105554 0.07308140102806138 -0.024366000455128278 0.0018097570338134403 -0.010899116193459395 0.024929098007030748 
II_1I_4
0.1649420789243101 0.2974107396516578 0.13049015415280524 -0.2022110359687987 0.42263409520997575 -0.16952258249482097 0.026187649951130623 -0.6699310994237364 
0.8301360876900045 -0.857473017209055 0.31595619669225483 -0.5962656118570431 0.8593631544029474 -0.6610504156137386 0.3105602302256925 -0.20122662434205918 
-0.8144933632912728 1.3533240661780654 -0.6144216984226244 -0.8010787445440791 -0.4477231161698435 1.5613714772080847 0.45960106238925114 -0.696579683338178 
0.2905202668547943 0.2503250521686008 -0.01370436614673834 1.2657253422656172 -0.5160721219908716 0.06602817330013919 -0.28263486467398974 -1.0601874817743593 
0.381603135729293 -0.7055872952107397 -0.3216148681061923 0.008538661172549067 0.17890671871081132 -0.7315238253021913 0.23656856446293592 0.9531089085358976 
-0.3710764191768142 -0.9109499244192543 0.19005470912091138 -0.48936269230059926 0.6679438376683084 0.31292202338842773 0.20148234704275508 0.3989861186705251 
