II_0I_3
0.8299317480934194 -0.8598555547493659 0.3050834941537206 -0.5951426920799135 0.863697682713929 -0.6584195445640177 0.3135125985930855 -0.1988077321722821 
-0.8132694962487732 1.3542559940121786 -0.6130023327037851 -0.799549391495246 -0.4572985328003385 1.5630116422321831 0.4606375146082043 -0.6947853975971626 
0.28798784409077394 0.25118938298958754 -0.013147518628548965 1.2649328760965601 -0.5149838781868653 0.06647746099385286 -0.28157270796912187 -1.06088345938292 
0.382350329116227 -0.7059821668996609 -0.3216248099854742 0.009174174052804083 0.1780679765872535 -0.732200801811575 0.23699711202639376 0.9532181869093309 
-0.37477101750638825 -0.910039505253913 0.19104029835373595 -0.4890688719712175 0.6685237503183808 0.3135757794470524 0.20218684184737729 0.3985527247629782 
0.16793433747329595 0.29306955293856857 0.13314029501811322 -0.19891072804581214 0.4130749944653176 -0.16861230081786402 0.027873077382743312 -0.6675692284142012 
IIp_1I_4
0.5456777916529861 0.4093406973450502 0.5447569121324936 -0.6763681763197431 1.1526045455466698 -0.7479167739556656 -0.3746345435166288 -0.8534604528912807 
-0.25292952286811765 2.593498514035603 -1.0792479015857954 0.17309881935135832 -0.7472024138891215 -0.1897407591293269 -0.4439897165056647 -0.05348701940419791 
-0.17503319004894893 -0.8515484051688202 -0.29454633773694416 0.06993137757619922 -0.12632476526965872 0.06971965192627544 -0.36729610752691755 1.675097776248589 
0.11556026015884537 0.00904624951431783 -0.7363709640389887 2.7319426991957463 -0.5602861458239016 -0.11308306253438224 -0.2700847744308589 -1.1767242620384948 
0.9376817249172955 -0.6973178280591809 -0.4167033354307714 -0.033680602632572505 -0.13637145737415146 -0.5857571935562006 -0.09426134640359539 1.0264100385266195 
-0.11116355542177102 -0.6088363655517028 0.1147008853224648 0.5829632589576815 0.1597092548210102 0.031494228973202525 -0.12337537421538126 -0.045492332889710566 
IIp_2Ip_5
-0.029809928202142805 0.03384262795050375 -0.008346791102303616 -0.022017286223270753 -0.041541513472757995 0.04841081653011162 0.04787990860809215 -0.028417834087409884 
-0.02719497534439903 -0.05951791518923255 0.10932277952658423 -0.0750765474394859 0.008250682354908077 0.04497481506463558 0.04316024075925065 -0.043919079732316395 
-0.011936716193223831 0.2297684139284205 -0.04733735220014676 -0.012141399319684634 -0.05023348419415823 -0.03762213799748217 -0.03011532536659224 -0.0403819986564239 
-0.006654070138307417 -0.04213883709443158 -0.015543389699000772 0.07306843148384935 -0.02450598346387332 0.0017946624552606454 -0.010827200482264668 0.02480638693862616 
0.010846659770405508 -0.040687965808230975 0.06280760417182844 -0.017993149238515933 0.01713972121152579 -0.012461333148610355 -0.007853563743079946 -0.011797973215573989 
0.0022468199537663282 -0.04129664550508356 0.010133046789049152 -0.03955056003873067 -0.021059243936637356 0.0957946286880944 -0.008262761807320336 0.0019947158566447722 
IIp_1II_4
0.17654126803845335 -0.6302426109253749 0.629687921030947 -0.8654622095540856 0.4677561620518526 -0.028695858927488008 0.15111376787020722 0.09930156041224336 
-0.3142809369695531 2.212090167773411 -0.806027264337219 0.05930364606280846 -0.42449256265588936 -0.4285897330538025 0.002024416167089684 -0.3000277329780206 
0.20722228909939064 -0.5998949495028544 -0.14887001277986092 -0.027375503948085068 -0.1571980442990809 0.08362126883683027 -0.18793104816394587 0.8304260007559539 
0.09994757561040014 -0.37956305650157773 -0.015733860253016835 0.0497032348305621 0.2436232363409753 0.0400468945003454 0.5533807267261438 -0.5914047512510677 
0.46045323798807913 -0.784624264602174 0.21286476675453725 -0.24842822555965233 0.8987986153338058 -0.5596651312899716 0.12868856732026546 -0.10808756594898719 
-0.548926904541154 0.45597533344144375 0.03528517819228115 -0.4497564544031676 -0.49856675077336954 1.1157769414297218 0.3131597717737086 -0.42294711511277183 
IIp_2I_5
-0.09219068882492348 -0.6389538200092062 0.11839400463822043 0.5898242118493233 0.16214532664412482 0.032274735542311264 -0.11918340976908857 -0.052310360070914684 
0.562944099895025 0.38464793712523104 0.5461835760075732 -0.6735358438440628 1.1547623534012565 -0.7446464600601298 -0.3702797351794924 -0.8600759273458732 
-0.24430485608002622 2.5935954358481546 -1.0787148680387701 0.17276241323767175 -0.7475213512263829 -0.18847317997498053 -0.44390606058181287 -0.06343753317641704 
-0.16041938585933538 -0.8520776919079097 -0.292569604446325 0.06994807594077414 -0.12933634326487944 0.06894476886126848 -0.36819116343863856 1.663701344110263 
0.1291121495602181 0.008811161211727356 -0.7340685439653943 2.732116079178844 -0.564208181069291 -0.11541515006481701 -0.2682250093443234 -1.1881225055079476 
0.9469510352715799 -0.7023514020481856 -0.41357815966046557 -0.029831706712143826 -0.13732258799342445 -0.5885366261940754 -0.09158571337270227 1.016255160696291 
II_1II_4
1.3911889535490258 -0.6212494188083888 1.327008166792863 -0.6918321120417295 0.2255490181792082 -0.9443035086851493 1.1163983242295643 -1.802759423219802 
0.40196174754646113 -2.0482441617681535 1.2751852822053455 0.017506097407331153 1.9213732843929003 -1.5289613912363433 -0.06144396757987186 0.022623109023590462 
-0.8727345504640868 0.14349566252175305 -1.3567306430213244 -1.2125601715816787 -0.732981595755265 3.036131080664553 1.739997850769945 -0.7446176331264752 
1.3861790824192024 -0.5880643864779636 1.3275777623626632 -0.6962483507954806 0.21772481667266091 -0.9507411518531166 1.1125519289436403 -1.808979701267224 
0.40183476796023726 -2.048371141354374 1.278198668433654 0.021463793288293505 1.9193309258475275 -1.53460996729142 -0.059182020250792965 0.021334973350632842 
-0.8678516589179102 0.11018365060767774 -1.354286852360253 -1.2041862369444034 -0.7271997527915209 3.0369201477800125 1.746106193387521 -0.7396854907494457 
I_1IIp_4
0.11467132296076996 0.01441082152433014 -0.735024243196123 2.7312119715046688 -0.5631476048988009 -0.11431286702468645 -0.26998354956433845 -1.1778258513021307 
0.9325855200480571 -0.6967822607924837 -0.4144896084246093 -0.030816353361576593 -0.13653851286578653 -0.5877040968354376 -0.09279042710708835 1.0265357393305377 
-0.10785725509722696 -0.6333094913544172 0.11760564332232637 0.5894361545948407 0.16340451843116688 0.03289568510283384 -0.12027157476872218 -0.041903680236099417 
0.5492528170472301 0.38513629661202803 0.5455961042902683 -0.6731638877028993 1.156714711475726 -0.7434104232560613 -0.37110605191437057 -0.8490195665510692 
-0.25791258468417594 2.5941472243554804 -1.079719202408242 0.17243662933740392 -0.7455496596690963 -0.18665459238743093 -0.44453426786785294 -0.05221354667167678 
-0.17607770926242694 -0.8463394151742021 -0.2938190788794781 0.06894281762159837 -0.1277813169506773 0.07041802288825116 -0.36963504547357806 1.6742917252280765 
Ip_0Ip_3
-0.024782140892500134 -0.059341959595789265 -0.04142029239924106 -0.06473558150421528 0.06935311693000284 0.13966608056443738 -0.024815002739422984 0.006075779636778595 
-0.04389655714588812 0.276857518956571 -0.05291236132973217 -0.07290779374981886 -0.06583392879292314 0.023603913216711014 -0.03526233510464526 -0.02964845604955767 
-0.025331897917535984 -0.05927514600186335 -0.020657253753108423 -0.005922771012066169 0.10338861787768396 -0.028048062128874788 0.07861183849931519 -0.04276532556350601 
-0.02518725230067579 -0.056658530257277386 -0.04137423339761216 -0.06509269023098666 0.06872043133638128 0.13914551573925332 -0.025126032418726008 0.005572791529190605 
-0.04390682505037985 0.2768472510520795 -0.05266869096238725 -0.07258776401052885 -0.06599907929757244 0.023147154442080757 -0.03507942807085111 -0.029752618101232246 
-0.02493705441394712 -0.06196884324496231 -0.02045964238748686 -0.005245632546100237 0.10385615296656113 -0.02798425607841649 0.07910577521231658 -0.04236649950768826 
II_1IIp_4
0.1011281048713005 -0.38804461056461814 -0.014293874821027576 0.050810704038907646 0.24360522366927884 0.04145325124019409 0.5552775244919781 -0.5899363229255715 
0.4540712601824358 -0.7838890416746076 0.21427659227510293 -0.24662856447874315 0.8995267340143872 -0.5595278892377556 0.12950723366536893 -0.10733632474802257 
-0.5469940750857583 0.4403666825853518 0.037832244783776746 -0.4454272679208103 -0.4965557739083734 1.117185168838566 0.3142731305617031 -0.42068010985153664 
0.17875530595997996 -0.6455700533153441 0.6310104020531655 -0.8634436947556346 0.46935223880636223 -0.025961452065276242 0.15380405567561836 0.10205319763991653 
-0.32063671959084145 2.2128515858853364 -0.8052370837024914 0.060286856407928004 -0.42334311672270103 -0.4272872210548465 0.0023764553083656602 -0.29901075652470105 
0.20814780507984673 -0.6086315168463388 -0.14682708666310754 -0.02477381379030498 -0.15637982960636285 0.08486671607137182 -0.18807780661803694 0.8316755323686837 
Ip_2I_5
-0.1503989236515788 -0.1575758854308127 -0.027792030598570543 0.4625930876596767 -0.053616018668070996 -0.03182299557551114 -0.04361964328643622 0.002232409551787296 
-0.055612345311293894 0.8556387810028822 -0.2431812403351086 -0.11040699535290534 -0.03290605038061167 -0.15085421544502275 -0.159413995125521 -0.10326393905131734 
-0.02296957724097462 -0.09452251183465485 0.1713717784717955 -0.1558160761484894 -0.14152060978206227 0.13691786914680104 0.04590666185174812 0.060632465536315336 
-0.1252501365664767 0.7715168130832584 -0.19351489177147263 -0.12007773751818884 -0.18364261618334382 -0.024344981088090002 -0.13256485416388228 0.007878404209916737 
-0.12436521295675915 0.1607186099132894 -0.08685238868132496 0.033865828652430534 0.05766788555656525 0.19522362458609527 -0.1006040833507527 -0.13565426371861225 
0.15928944550565244 -0.08201713969038522 -0.09377183796226572 0.2397436244640556 -0.029769913362745447 -0.11556391825837044 -0.08623476525646478 0.008324504559076533 
IIp_0IIp_3
-0.09861454127495106 0.3979469657774325 -0.12183653799191019 -0.06752511116179646 0.07719217403337379 -0.08068785514557505 -0.051128874010444664 -0.0553462202248443 
0.041834547859632504 -0.12007251336701151 -0.07217330211645731 0.015488543300906456 -0.06149408555809618 -0.04056809830347849 -0.03650222998084611 0.2734871381639408 
-0.05640435686535417 -0.1251442577189926 0.2778143671792902 -0.1765337618866425 0.01008809959094537 0.008397968897891593 0.12142656005024044 -0.05964461924704648 
-0.09757944594069778 0.3910905674324825 -0.12195422279857983 -0.06661266690711579 0.07880874145858852 -0.07935776616050395 -0.05033416578117761 -0.05406104130157459 
0.0418607832603536 -0.12004627796629098 -0.07279590136985539 0.014670839125646146 -0.06107211147027144 -0.03940103939790354 -0.036969573564342106 0.2737532813819069 
-0.057413216798932305 -0.11826162397336676 0.277309452732517 -0.17826391031662756 0.008893506253510238 0.0082349388183508 0.12016450823743263 -0.06066365495239546 
Ip_0I_3
-0.024864426196744095 -0.08109472923767266 0.17041831170389923 -0.15767572383143263 -0.14341328130683761 0.13421704631373382 0.04422119700570742 0.0581916055498133 
-0.12169567556286545 0.770999410391106 -0.19385271405144078 -0.12002458880887783 -0.18413166817586385 -0.025841256697605113 -0.1326147728698559 0.007161265777474495 
-0.12277020466011264 0.16049837922328497 -0.08810686544368813 0.03304049658684559 0.05802870554460226 0.19494189964985792 -0.09992445251632388 -0.13570795838266098 
0.15867537579837937 -0.0769186324908325 -0.09534958492420623 0.23836343951404085 -0.029367990408454007 -0.11574342402396015 -0.08731348471870845 0.0076543012523765264 
-0.14759187240607452 -0.15274440759325023 -0.029278091508090062 0.46031389351622976 -0.05451404187067506 -0.03202400040601228 -0.045213633632319776 0.001052153900305682 
-0.056045526021165894 0.8690967062401058 -0.24495967553289513 -0.11404413300409412 -0.03524879608164111 -0.15236198666964015 -0.16088518131471435 -0.10555140761412347 
II_2II_5
-0.859712735412623 0.16466728776935863 -1.359417101907407 -1.2163495770254844 -0.7373257945144257 3.0288268636361466 1.7397304328052867 -0.7604193753334937 
1.4079294822475261 -0.5900168931488728 1.3257040074769848 -0.6964548366584338 0.217064620992175 -0.9547263230752551 1.1123267796946354 -1.8218268375282864 
0.4266279152343478 -2.0501925292235117 1.2741979434700859 0.016896593036255837 1.9177837415892445 -1.535541660557265 -0.058755170797245404 0.008983167237272193 
-0.8563292503284905 0.14225532166571903 -1.3598017860779437 -1.2133670096972018 -0.7320416128639368 3.033174614121698 1.7423281485427216 -0.7562184253592378 
1.408015239649442 -0.5899311357469621 1.3236688758140882 -0.6991277207789768 0.21844395580811268 -0.9509114798716435 1.1107991425844 -1.8209568774594407 
0.4233301875498474 -2.0276948057202318 1.2725474959754501 0.011241141585165666 1.913878894752418 -1.5360745678414776 -0.06288052364718102 0.005652177329595011 
I_1I_4
-0.31442332052953625 0.4793212806639199 -0.5049144784224083 2.5113720123838146 -0.4957610290757534 -0.23967077803196227 -0.7948963693997054 -0.6410273175835397 
0.08749330409181026 -0.5427577591669897 -0.15184188279924205 -0.11957222500216583 -0.12295564725964453 -0.3509865768249729 0.07877001085415436 1.1218507761041252 
-0.41686890184047587 -0.7257240628980784 -0.08817573689786039 -0.24798015331544632 0.15338779684026865 -0.0793576740770717 -0.17093489842077955 1.5756536306063924 
-0.31309570079591525 0.47052722136915337 -0.5050654216897895 2.5125423190775513 -0.49368760961042885 -0.23796479760131764 -0.793877071666727 -0.6393789390783587 
0.08752695378012527 -0.5427241094786778 -0.15264043248641482 -0.12062101747938862 -0.12241442066221764 -0.34948969979167777 0.07817059305784418 1.122192133055632 
-0.41816287188546425 -0.7168963539146728 -0.08882334331732918 -0.2501992524860816 0.1518556039726943 -0.07956677747409398 -0.17255361394974295 1.5743466090530496 
I_2Ip_5
-0.12616794080951405 0.7822251372933022 -0.19437225193231555 -0.12150735142114762 -0.18491401962837012 -0.02634370016054048 -0.1343866951038295 0.005466821766201698 
-0.11951059165485907 0.16018027848339614 -0.0873148935181674 0.03326561637035183 0.05679108589757816 0.194188941014016 -0.10076991688553993 -0.13683051970667126 
0.15939492143452955 -0.07681259620681055 -0.09507571611109807 0.23814380170284874 -0.030294078475249238 -0.11645151031827182 -0.08600419309678252 0.007099371070079176 
-0.15046059969468784 -0.1525384939192219 -0.028746727960092377 0.46191815714807677 -0.053550357869536956 -0.03272159695734855 -0.04478418039826715 0.0008837996497134221 
-0.050736024687734256 0.8551221488946479 -0.24415869752519423 -0.11168353142921535 -0.033433834925065575 -0.15092362363833936 -0.15996636892156055 -0.104220067765188 
-0.02369853019120143 -0.08362533633180183 0.1696502851695691 -0.1588469060961177 -0.14303282402442494 0.13589543477421842 0.04509338992122836 0.05856448677903233 
II_0II_3
0.41484040160913915 -2.0787070011484126 1.2766251973798777 0.02148484720102805 1.9235539605409158 -1.5273510196768607 -0.056588244127131364 0.026141858205243774 
-0.8799206360975435 0.14429636615028682 -1.3586312941355798 -1.2131519638328856 -0.7299476081939944 3.0381406654681484 1.7420937261258418 -0.7428792554782907 
1.3859308733079998 -0.588381070989875 1.3271166537975556 -0.6957017925632443 0.21969268442022877 -0.9490669849535501 1.1092131914858805 -1.8088035545080166 
0.41034086831141076 -2.048902410555526 1.2771367702656453 0.017518475051244216 1.9165267827365702 -1.5331328829308546 -0.06004282074538076 0.020555217856641255 
-0.880034680721961 0.14418232152586744 -1.355924870891152 -1.2095974244163747 -0.731781918905241 3.033067489855519 1.7441252568909056 -0.7440361733304733 
1.3903163619812475 -0.6182997062072396 1.3293115041561587 -0.6881808809970036 0.22488555151327458 -0.9483582973122405 1.1146992988691373 -1.804373832011652 
I_2IIp_5
-0.17006347868253738 -0.8251098121469587 -0.29429211104677955 0.06655544802143927 -0.13226786599120716 0.06474899580894787 -0.37275065241103883 1.6631794764434928 
0.13168528329194967 0.008062962524229668 -0.734608473707522 2.7317402877989934 -0.5654088090617994 -0.1175749028149293 -0.2685056177244669 -1.18539073029945 
0.9409568686352767 -0.6971996245426649 -0.41587547319766904 -0.031458050690796664 -0.13653952353261312 -0.5893470948401333 -0.09045007440185984 1.0199129725637806 
-0.09849450561260412 -0.6341116926550546 0.11629172650689684 0.5893760621599404 0.16443050353151456 0.0323711897032454 -0.12117835732625587 -0.04868492630878348 
0.5656018958566357 0.38398440066761425 0.5436345044034996 -0.6765503850778783 1.1549234453251973 -0.7430400873487768 -0.37206847186619235 -0.8564853019595805 
-0.2535546365219347 2.6209576279903932 -1.0826415519070176 0.16555284117513946 -0.7505932664628044 -0.18980975037279188 -0.44684309133272526 -0.06306817255999794 
I_2I_5
-0.41033560413692555 -0.7395131548267224 -0.08693541306936949 -0.24615354248402638 0.1546220743531498 -0.07702376293898493 -0.16926228971622428 1.5746016928148963 
-0.31204311348441943 0.47087413499158437 -0.5044199494448119 2.512372261567583 -0.4940665479849505 -0.23703741435550593 -0.7934876696578002 -0.6421917016241004 
0.08968270757631071 -0.5426276743368145 -0.15098057362287734 -0.1194929853587937 -0.12333257135865293 -0.34993938312529443 0.07789874533369287 1.1187917348880039 
-0.41241934683484893 -0.7257105904502817 -0.08669850266252194 -0.24799037720833933 0.15136777452526934 -0.07970135515543855 -0.170862110925803 1.5720145087089339 
-0.31209592777386236 0.4708213207021438 -0.5031665995307659 2.514018375744821 -0.49491602087415826 -0.23938681193481612 -0.7925468637750053 -0.6427274725513106 
0.09171363598535992 -0.556483053002131 -0.14996413411511478 -0.11601003645667536 -0.12092774441941799 -0.349611188487587 0.08043937242662663 1.1208431480673169 
I_0II_3
0.3819812981029606 -0.7033355844845673 -0.32206368627259174 0.008828459448163743 0.1780602905995062 -0.7326412172414853 0.23641126144309035 0.9527591783976413 
-0.37282188831067076 -0.91026428944896 0.19061414243576694 -0.4896118986674269 0.6682979076656865 0.31352433874633456 0.20194059686763352 0.3983210907116441 
0.16735219460020292 0.29778098918070456 0.1323664253224005 -0.20021894196355336 0.41247049705942346 -0.1690411068511898 0.027543303254515285 -0.6682533606035219 
0.8292639255282024 -0.8552297981993632 0.3046785888704179 -0.5957517936652013 0.8632233569157219 -0.659243904679335 0.3126973468164832 -0.19963772159041365 
-0.8113279401872115 1.3540236366829794 -0.613248768559131 -0.799856378966017 -0.4576461828737278 1.5626233172549024 0.46052617344930596 -0.6950938567896716 
0.2876969196366642 0.2539140719638346 -0.013775639264271155 1.2641240883860738 -0.5152435432018112 0.06609571537055126 -0.28153817708202883 -1.0612734358058002 
IIp_2II_5
-0.5467562817204508 0.4480512661752438 0.03697427463597774 -0.4466204553204449 -0.49763698166237386 1.115233087120968 0.31377161942786763 -0.42301652864547734 
0.18209577059912285 -0.6460105608441328 0.6304621690521076 -0.8634257050174711 0.4694079169470082 -0.026900834286573264 0.15362749484288027 0.1007437487039621 
-0.3169579357622469 2.212499155621373 -0.8064621689663233 0.05910992720750337 -0.42333238886243524 -0.4272744436922952 0.0024937689259062527 -0.30007591446288934 
0.20827958906860322 -0.5999872631867896 -0.14847060468591455 -0.02714280787630708 -0.15713615542848397 0.08423731239529696 -0.18928822389397973 0.8295081536021559 
0.10316637279070791 -0.3796289981669789 -0.0154079816328203 0.04871198612428218 0.24206617880721676 0.04014640729674844 0.5535394996339592 -0.5925934648530974 
0.45655385666530796 -0.7763450220843249 0.21327118107301415 -0.24874639464811185 0.8976178569375369 -0.5612052516414014 0.12877198939721604 -0.10991821570771931 
I_0Ip_3
0.15857797129130682 -0.07663970098365155 -0.09446729184593658 0.23831455931139695 -0.030550447575432727 -0.11592980536328072 -0.08684013031921632 0.007534845483112952 
-0.151142904199652 -0.15235653864727777 -0.02804517113583406 0.46190296389981944 -0.05441713196504161 -0.03279450803143709 -0.04442159387225523 0.0012748839521377103 
-0.054244111409317175 0.855466408301527 -0.2431838303814177 -0.1103933460094582 -0.03326942052034539 -0.15146438085872888 -0.1593536508018262 -0.10355766831866124 
-0.02288835285822418 -0.09455036844958147 0.17106486143429583 -0.15589681785361584 -0.14135746985139813 0.13669506694006917 0.04628649163770726 0.060646589000641044 
-0.12519415323866223 0.7714398334548622 -0.19386696938945705 -0.1200735235786764 -0.1831894700213743 -0.024273940254898266 -0.1327589044310938 0.007917127462603337 
-0.12298971377619203 0.16065520612145787 -0.0873424526547271 0.03322549224751115 0.057615100732217456 0.19551292756312436 -0.10092103355736685 -0.13575552667411284 
IIp_1IIp_4
-0.05598233654079524 -0.1298106445402172 0.2784296771790641 -0.1758026567458928 0.010624022666369581 0.009573868573830016 0.12164707401224428 -0.05867900460428529 
-0.09901939835377663 0.3913499040629586 -0.12151384081444559 -0.06664118899530405 0.07857173508886954 -0.07887735894922517 -0.05014589642738199 -0.053723955610389035 
0.03982745988472728 -0.11981801947704919 -0.07190773228739095 0.015545923214618881 -0.06114016740546274 -0.03956201161725711 -0.03692504316981831 0.2739795908565382 
-0.05670334470609301 -0.1250347374061387 0.2785116519535052 -0.17643823081934484 0.009497983088401406 0.008647379015742118 0.12109351039025934 -0.05957421151603933 
-0.09903767293914634 0.39133162947758904 -0.12108016177962963 -0.06607160726911372 0.07827780393807315 -0.07969028793497107 -0.04982036260586609 -0.053909340885402425 
0.0405301934646191 -0.12461220119653418 -0.07155602802705212 0.016751079014224794 -0.06030805897832782 -0.03944845104495182 -0.0360459457263547 0.27468941249324214 
II_0Ip_3
0.017538421851948323 -0.08312538092973555 0.05330289532221296 -0.0383872106749327 0.0678231090902891 -0.02769370497253263 -0.022984777576814455 0.033526647888893285 
-0.048395350968101 0.015898035070164872 -0.01203553893956088 -0.06450842015883629 -0.03047206451271946 0.10287471771998494 0.061798980508385414 -0.02516035871888318 
0.02157957295408761 0.07560849152627612 -0.0019404029236285598 -0.0318681829022661 -0.007024482145284635 -0.0509140988993995 0.052044977745784655 -0.05748587535529691 
-0.018479575760043346 -0.05942593994802541 -0.006196270598190094 -0.06000308729095536 -0.012591764849600107 0.15921887272809426 -0.012885696238332262 0.010363461956590079 
-0.038358827723195904 0.1375857514380004 -0.05875568900143172 -0.06293021112229451 -0.03886379288090104 0.08784589362689142 -0.0063818321642477825 -0.020141292172041282 
0.0007799760795605015 0.023842282315666576 -0.018244967925913885 0.089003270872011 -0.028347814596606253 -0.030297245534553638 0.027436883678658496 -0.06417238488828686 
I_1Ip_4
-0.11644159349052348 0.1160500901490058 -0.08517267405699194 0.039134245641302426 0.06440495932783251 0.2037141954996577 -0.09406724364721746 -0.1276219794218613 
0.14693870427489442 -0.07526121354416017 -0.0944838205112613 0.2381982057198667 -0.027417505808330432 -0.1107442437223765 -0.08728667751732014 0.010056551108350867 
-0.15185343589232733 -0.1521267939251746 -0.025477827233029684 0.4625930600340274 -0.05573717731049693 -0.030875707219253572 -0.04768722728140069 0.001165108828128629 
-0.0545254160413007 0.8561014981257854 -0.24024556813929282 -0.1105156180215107 -0.037140554124173365 -0.152024261438462 -0.1577495254347977 -0.10390055492305944 
-0.034713728158051814 -0.09325628566256834 0.17514985814477257 -0.1506400958540117 -0.14102419191205687 0.13417804280268197 0.048907304504109454 0.06139909613543652 
-0.11926136829673949 0.7263449677281337 -0.18796658375488248 -0.10797932644713565 -0.17664818699479032 -0.021296576704383837 -0.12770751323225668 0.014514587705157825 
other
-1.3256251833526047 0.9845108028263588 2.1994305546722446 -0.5579404975632403 -1.9752480051794088 0.6021175984911805 -1.8936795988445372 1.966434328958863 
-1.2690673627778628 0.8415267864432762 2.2062062258573096 -0.5392429491660142 -1.963875261403665 0.6115267624383929 -1.8709680174268721 1.9838938160322064 
-1.3031613162142996 0.8453786665722605 2.1981583275837075 -0.5417872234638208 -1.950050806369176 0.6216664500762273 -1.8622464223959552 1.9920423242103857 
-1.3044292886419215 0.8441106941446413 2.1970206947392628 -0.5392561583421137 -1.9421451673977117 0.6293541487400902 -1.877406168373453 1.9927512451316205 
-1.2685301342028716 0.8420640150182684 2.1934571120451296 -0.555987273124303 -1.955234397088298 0.6354249067607198 -1.8805379237556434 1.9893436943570921 
-1.3238199823513166 0.9863160038276458 2.1878190737031913 -0.5772158866445591 -1.9745127798368267 0.6183280441483189 -1.8880897591971444 1.9711752863611818 
Ip_0IIp_3
0.002141066099383795 -0.04131240887398338 0.010002074730375404 -0.03975896465463849 -0.0210280893074718 0.0960003715467715 -0.008199421390452667 0.002155371849884714 
-0.030590215170747646 0.03546043785371706 -0.008425388729185234 -0.022224919170548158 -0.04165018657249507 0.04832518873824321 0.04761760018240767 -0.028512517131217545 
-0.02694403819836768 -0.059554703801967195 0.10941356830684125 -0.07504421058315516 0.008110161940191046 0.04487785126358152 0.04305278872828146 -0.043911417655410775 
-0.01205502070309504 0.2297896653375186 -0.04732402617989488 -0.012166988675051187 -0.0503097817841336 -0.03769384965826696 -0.02994921633886605 -0.04029078199770285 
-0.007201898996339694 -0.04210818944359537 -0.015501653704625057 0.07326487199926829 -0.02434185763327634 0.001739295990642086 -0.010795569717214406 0.02494500150508931 
0.011342605682355381 -0.042348931451482344 0.06287442849427492 -0.017739554180171754 0.01737945194614181 -0.012250581103094852 -0.007769845194314736 -0.011487574194020765 
Ip_1Ip_4
-0.025957170618541733 -0.05475181816202908 -0.021029789419497794 -0.006563563479844659 0.10277676822877738 -0.028996712943904705 0.07810838862805677 -0.043586102232529164 
-0.02398312676434898 -0.05684561177178612 -0.041546445690209606 -0.06507231148865385 0.06863241166863603 0.1386521748753426 -0.025174874382556268 0.005337783553367696 
-0.043133967908618176 0.27674729388402336 -0.053172775810988365 -0.0729705488885587 -0.06588418556311931 0.023102161648850667 -0.034902283849574674 -0.02978569351055219 
-0.025262493876708703 -0.059353307807566195 -0.021108770451791346 -0.005951200752495687 0.10386168452075507 -0.028104059048258526 0.07864173594897933 -0.04272358853206458 
-0.023965519571955717 -0.05682800457939279 -0.0419642866430972 -0.06562109192792749 0.06891560837019231 0.13943541546312882 -0.025488519616127657 0.0055163985054339495 
-0.043811037458099826 0.2813663907219115 -0.053511635731624374 -0.0741316920552237 -0.06668590515358261 0.02299274834094864 -0.03574927640411041 -0.030469592258992883 
IIp_1Ip_4
-0.027002619104767808 -0.0589954292050334 0.10929371432149539 -0.0751440555948585 0.00807147712432199 0.0447047363904827 0.04308297879850205 -0.044010802729848086 
-0.011896427955783547 0.22974815694510095 -0.04742926454542898 -0.012160912282920435 -0.050210402986169 -0.03773947089429962 -0.030001280786590027 -0.04031039749305565 
-0.006767816693796817 -0.042157582309044615 -0.01568110187029703 0.07306698966488333 -0.02433721350402427 0.0018054597343895782 -0.010848107940340591 0.024919372918261812 
0.01113195102124668 -0.04073495489424821 0.06262510161615455 -0.018172613245535166 0.017193509033569115 -0.01235066406778741 -0.007971878154963967 -0.011720451308669706 
0.0020566874928306064 -0.03972770282382985 0.009872450454985337 -0.040037648464059966 -0.021276191619195677 0.0957376669645067 -0.008478949802421924 0.0018536877969826783 
-0.030247030467289902 0.03598255747060902 -0.008499749911867829 -0.02237434765275497 -0.04184576545615732 0.048101237227422815 0.04756982102597662 -0.028686722235312337 
II_1Ip_4
0.0012006637089900746 0.021073520433063406 -0.01818948211665495 0.08923921360209688 -0.027919407952772177 -0.029674480283888898 0.027902640628466334 -0.06363266801887009 
0.0164240003757509 -0.08205674994598432 0.05325529783526723 -0.038522967388207534 0.06794028973530093 -0.02743504663939595 -0.023168709252847683 0.03356388527968041 
-0.048205336967899845 0.015885887179646976 -0.011820152277958303 -0.06444790611278121 -0.030649381338842836 0.10292466998317092 0.061535424787348456 -0.025223205252064656 
0.02157074770978379 0.07565680428662462 -0.0017493811066216752 -0.031893201829925395 -0.007320183547178198 -0.051001842916862335 0.05224918421823347 -0.057512126813383434 
-0.019463621185377228 -0.05933118660439407 -0.00591707613538091 -0.05956033869921055 -0.012481026800303538 0.15902021176867887 -0.012700762736812931 0.010433800392735872 
-0.03760892479837741 0.13378265126443115 -0.05834904639780207 -0.06203023011345461 -0.03832344425699177 0.08814903586567246 -0.006014972230353315 -0.019605069332341 
I_2II_5
-0.8153121669873157 1.3823901858328145 -0.6143582282385858 -0.8033018415246834 -0.4620495598426913 1.5571500813865449 0.45637171045057384 -0.7008901810591645 
0.2963716672834164 0.2501897465673524 -0.01338786359115378 1.2649214013053882 -0.51694148883239 0.06288328105683971 -0.2808963949160262 -1.0631403488726743 
0.3837136358552593 -0.7062361894172777 -0.3235506004274406 0.008727265922294914 0.17920611748548348 -0.7334607116455669 0.23894759404906946 0.9526528881741805 
-0.3724575579393311 -0.9106220006097567 0.18876159714310475 -0.48956153614308784 0.6708388319651047 0.3140938223059674 0.2009291480347277 0.3980176952372707 
0.17573199582227123 0.2969289027758894 0.12994227843136774 -0.2035429631208242 0.41206158159329404 -0.1674278920247452 0.02571996006879312 -0.6694138635436422 
0.8263527596807846 -0.8265339038333465 0.301122837761051 -0.6034701463542254 0.8587139126941903 -0.6612804693748231 0.3096255399013432 -0.20453053048580982 
I_1II_4
0.30071005451366334 0.16501123878764642 -0.009239628115731865 1.276250103738064 -0.5017291479324081 0.08213825442152002 -0.26798546741498996 -1.0451554079951675 
0.359829198159882 -0.7032122419165986 -0.32197231455372816 0.008939655814882925 0.184510895540743 -0.7221370650731165 0.23593823061949093 0.9581036414036009 
-0.37486299707297344 -0.9097358893293261 0.19558158863215394 -0.4882836505085197 0.6659215103368672 0.31753330955148446 0.1955942616928499 0.3982518666970117 
0.16676847126999175 0.2990230589959182 0.13819964866636367 -0.2004161189832456 0.40490281479471607 -0.17001555943313187 0.030461195416684163 -0.6689235107242382 
0.8063620368402084 -0.8526890589599496 0.3127520217757689 -0.5855854197066174 0.8636472404811039 -0.6641473670533902 0.317861511706774 -0.19820096508934107 
-0.8005219794859751 1.2668245304838959 -0.6015964733704394 -0.7761497608423329 -0.44496722404304795 1.5682416651517797 0.47045185149452234 -0.6822826093766055 
II_2I_5
-0.3603828396206607 -0.9175993910167656 0.19115391811073199 -0.4889934971163903 0.668022895982739 0.3136858326833504 0.2035268075837084 0.39058627338974483 
0.17766484940009 0.2974354688154507 0.13272913793710903 -0.20047455081417978 0.4113625882904966 -0.16954326704036987 0.027836359257233018 -0.677010585845534 
0.8412860702273055 -0.8557407948023978 0.3054612583201276 -0.5959312931014635 0.8612774132376988 -0.6603977578511457 0.3128565764345458 -0.2088114724712462 
-0.7999467449267469 1.3536154063778159 -0.6123400426986091 -0.799833022614627 -0.45972621608907854 1.5609706189882997 0.46149585162577866 -0.7042358506554005 
0.2983879266391657 0.2507797183848386 -0.01258032871943804 1.2653902248578717 -0.5162989711991962 0.06447813927540681 -0.2802657422367361 -1.069890966999511 
0.39543964843494545 -0.7135622855632651 -0.320817369077594 0.010765750534696748 0.17797184922614762 -0.7330962941149238 0.23816640244404613 0.9451322981096603 
IIp_0I_3
-0.23752202640871303 2.4485277694458665 -1.0721873996585405 0.19229012294518466 -0.7233630337572448 -0.16014385152587315 -0.42181685855216444 -0.02578472247662001 
-0.21323170697002852 -0.8466425331101237 -0.2932169098947096 0.06987955726113067 -0.11686987636828529 0.08764191485824505 -0.37055680927372525 1.6829963634920546 
0.11348038497699003 0.01011752367791868 -0.7263695579519072 2.734128492905148 -0.5667652935405663 -0.107177142725305 -0.27988556210256815 -1.1775288452348684 
0.9306783653312027 -0.6945546923466562 -0.4048828508430167 -0.031242927220891087 -0.14889253602391445 -0.589004021197897 -0.08755442953185895 1.0254530918253852 
-0.14632616060422296 -0.6290666725122744 0.13125638903163414 0.6067180800168782 0.16433077762918502 0.024836096931071187 -0.11205446521638024 -0.03969404527580565 
0.5690446842535057 0.23754191218537776 0.5652244114242717 -0.6336221130556781 1.1776524905167074 -0.7337475138772713 -0.3543877793625009 -0.8277060920901415 
I_0I_3
0.0842968678108325 -0.5361467428560311 -0.15215257086058473 -0.1204334191827945 -0.12331124933732636 -0.3511444658994441 0.07770802297520607 1.1211835573435591 
-0.41534533010857494 -0.7258882185094166 -0.08767271296435715 -0.2478275676521654 0.15268598790168367 -0.07972070126382712 -0.17150532376836566 1.5752738663637231 
-0.31305069203135333 0.4706185045536814 -0.5048589042250352 2.5124201046019237 -0.4942528609462686 -0.23834599828371306 -0.7930994070296465 -0.6394307466331619 
0.08526545158879559 -0.5425625733465377 -0.15226269365796813 -0.11957960536079965 -0.12179855680381833 -0.34989984371700056 0.07845166607144526 1.1223861552255803 
-0.4153207805015322 -0.7258636689023718 -0.08825530619649168 -0.24859272905547244 0.15308084743057995 -0.0786286334264592 -0.1719426375096093 1.5755229081620816 
-0.3139947262015895 0.477058884651906 -0.5053313746591083 2.5108011293772896 -0.49537069395020406 -0.23849855262810923 -0.7942803638664497 -0.6403843027161478 
Ip_2II_5
-0.04808416420524007 0.015433776173377507 -0.012014099809043423 -0.06444844528743843 -0.030472417968724765 0.10284460736760248 0.06187533997085546 -0.025134596240651803 
0.021480820289284653 0.07561792998974552 -0.001995158551499603 -0.03188409599425511 -0.006965950898698601 -0.05090436036908768 0.05210987436904197 -0.057459058834269834 
-0.018480318078258676 -0.05943721803842508 -0.006233619468087825 -0.05999374388878521 -0.012522465710355023 0.15924941896511496 -0.012951681138102017 0.010369627356697983 
-0.038110288670204676 0.13756445482343618 -0.05881382985104137 -0.06304311781708453 -0.038908673547362334 0.08789387024348257 -0.0064217850675512755 -0.02016063011328658 
0.0005383731215137593 0.024813124176875926 -0.018330485947810306 0.088797649285135 -0.028483478324977853 -0.030385093499588994 0.02735512469600506 -0.06430521350676487 
0.017457476950259822 -0.08261821790471739 0.053314364038318025 -0.038394694201560206 0.06774274046493338 -0.027838832199932467 -0.023081105716820885 0.03341826856887341 
I_0IIp_3
0.9323251280376651 -0.7009189910374221 -0.41427704248155894 -0.03027448475203687 -0.13558759510389645 -0.5863823071665751 -0.09216436865980261 1.0272796611465667 
-0.10863045427311512 -0.6331634018150992 0.11790052171665583 0.5894919816361581 0.16350228291470048 0.03355869636012805 -0.12066430883957938 -0.0419953177023108 
0.5495801375236957 0.3852092342532329 0.5461811658809336 -0.6731211637288 1.1560981573801525 -0.7433398556825365 -0.37121872527026395 -0.8493889503598689 
-0.2588480540551203 2.5943336105971335 -1.078969707827827 0.17300787943598625 -0.7459360098970841 -0.18704198401869018 -0.444064463446951 -0.052481270778966665 
-0.17611826619300947 -0.8513215279670385 -0.29275487884629 0.07080149411009255 -0.12706361690250717 0.07046293915790076 -0.36879448154813155 1.674788338184083 
0.11640636304586705 0.005032440349558579 -0.7342067886011986 2.7330281634396654 -0.5618069554370911 -0.11315121313592076 -0.2687066708947843 -1.1765953387626253 
IIp_0Ip_3
-0.012670844403069427 0.23405402486636373 -0.04763732451766799 -0.012729411991559948 -0.050823777310891285 -0.03846329057523107 -0.030666103983668102 -0.041063272083354065 
-0.005650762959719658 -0.0422960158065407 -0.015646315503616972 0.07308802127769637 -0.024655019180554842 0.0013314970584667003 -0.010845257633060327 0.024673852747057443 
0.011198241860643016 -0.040748890026518346 0.062415291216498935 -0.018240758366358443 0.017271468848846474 -0.012542092774413472 -0.007636759507707712 -0.011716501251185434 
0.0019365497246786028 -0.03977252000201166 0.009642012948115649 -0.03995881749728322 -0.020899722723365655 0.09575945715751265 -0.008600522358122498 0.0018935627498024089 
-0.029028654188549503 0.03528303643634959 -0.008817447676254116 -0.022726694279405997 -0.04179567174472638 0.048381134411200295 0.04738220778796817 -0.028677910746164634 
-0.027489284399901264 -0.055219766774681246 0.10875379732534544 -0.07623290963062102 0.007527493106949687 0.04452155766956038 0.04268438325903303 -0.04454527055518927 
II_2IIp_5
0.20957924747000523 -0.57322147541099 -0.14917062439573398 -0.030843232881599503 -0.16256703574327638 0.07856816212035206 -0.19289793867343655 0.8205528975071608 
0.11344078005156341 -0.3805438170775917 -0.014590311583241337 0.04958774366992255 0.23958263509301858 0.03596478950601044 0.5545210815016831 -0.5979629011594222 
0.4633115098608364 -0.7846277734317998 0.2128415974544931 -0.2471707527697764 0.8989065064086957 -0.5624537358195574 0.13187395406029104 -0.11268130576852337 
-0.5401435449634988 0.4396235983892 0.0356701863161513 -0.4456373621417676 -0.4947701244516269 1.116391198803306 0.31424109132042893 -0.4253750432670813 
0.19250484249899935 -0.6467907151157265 0.628084076828867 -0.866747170869264 0.4690903393216262 -0.025092013123358986 0.15221023189275293 0.09674040856677343 
-0.31537869628427134 2.239544524473742 -0.8094834462486804 0.05180482750341761 -0.4281755108290217 -0.42935975087480377 -0.0008822979019047324 -0.30806964982896823 
II_0IIp_3
0.4587636201036799 -0.8006209363941066 0.21507794790850607 -0.2444294951148356 0.9014205010393361 -0.5575108358869396 0.13212541688913612 -0.10482621855483129 
-0.5511641440911758 0.4408637593562332 0.037322724555222515 -0.44560944994882445 -0.4951440764676527 1.118721797031417 0.31474138582142214 -0.41973199625525626 
0.17855596992165784 -0.6456102966644118 0.6313854764565312 -0.8631645022013038 0.4696185265440779 -0.025146174913849302 0.15228318681095093 0.10207781404288378 
-0.3184287096576957 2.2128333213905527 -0.8049508713265816 0.05921359410408147 -0.42483885796059845 -0.4270036377739179 0.0024597297090554783 -0.299284568476936 
0.2026152582222898 -0.5993386012814275 -0.14647193315590193 -0.025193862956502912 -0.15753242587142802 0.08335432896715465 -0.1880971990994993 0.8306644351708034 
0.10205064097030275 -0.396002645343011 -0.012538983423047486 0.05412436112416978 0.24469672596541628 0.040952983165801385 0.5558039167105646 -0.5890869991699816 
II_2Ip_5
-0.03788638943583796 0.13841144670230113 -0.058878528306308055 -0.06316491098696822 -0.039046752639551326 0.08769860892043646 -0.006555033951807432 -0.02057844030122037 
0.0012300402325776923 0.02475511127570618 -0.01836375176905859 0.08874101402493628 -0.028591038243074737 -0.03050222724529963 0.027354810800513475 -0.06462395907600454 
0.017761882568821476 -0.08220068004510159 0.05321287960078443 -0.038533740465024946 0.06766174286418396 -0.02794573535834028 -0.023050236228086322 0.03309388706232916 
-0.04779337552578821 0.015837697093884176 -0.012086403236839837 -0.06451127491277753 -0.030506031999075468 0.10273529843099316 0.06179344634892733 -0.02546935619909942 
0.022174182772138153 0.07556161246036519 -0.002068657689674859 -0.03199357255013789 -0.007046242205168552 -0.05094607698152195 0.052079360015709224 -0.05776060582126991 
-0.018241106533159045 -0.058574913848827244 -0.006367732250184355 -0.06024459499264387 -0.012680659761481883 0.15913198055338038 -0.013002367369702695 0.009979394202740861 
IIp_2IIp_5
0.03967192722587258 -0.11507596575830412 -0.07240328238778018 0.014828939082652592 -0.06178783997596377 -0.040700769184149145 -0.037293948397552366 0.2727609393940822 
-0.05494537604602493 -0.12528238648463821 0.2782118098595565 -0.176422270440073 0.009512675108714345 0.008095641915447736 0.12099463842054803 -0.06016473233281957 
-0.09723803364911472 0.39114761657088576 -0.12177964337983559 -0.06671279914869742 0.07832550818513905 -0.07968473441301226 -0.04972403968712854 -0.054333874477365596 
0.04040520496784133 -0.11993314570070812 -0.07248665214743767 0.015475328879426823 -0.060642638300288314 -0.039758513321043236 -0.036730964644646584 0.2736713802662234 
-0.054926790477463475 -0.1252638009160762 0.2777707507999332 -0.17700154488122202 0.009811608159547423 0.008922404717431238 0.12066356490841738 -0.05997619231013535 
-0.09795272582233833 0.3960233820820341 -0.12213733267961939 -0.06793846338643927 0.0774792395604794 -0.07980022747395252 -0.05061809695198229 -0.05505577532664068 
Ip_2Ip_5
-0.04355201717442983 0.2793608526325562 -0.05303622993425993 -0.07324360308180458 -0.06641797965624334 0.022815703069258737 -0.03563197738230374 -0.030294748471358986 
-0.02457995417339897 -0.05937553548041637 -0.0208080667649927 -0.005957101041584421 0.10328174212135548 -0.028466290717382187 0.07883415889324993 -0.042928952836702935 
-0.025097944473682837 -0.056711028573202496 -0.041697484738418826 -0.06512628565273071 0.06902351368928578 0.1390640833965987 -0.025030146275238727 0.005575292627359915 
-0.04315512887985171 0.2767318926164021 -0.05308135401197202 -0.07289374309099508 -0.06579813656809926 0.023325701261188016 -0.035327261108018995 -0.029801970217778386 
-0.024569894690832487 -0.059365475997850095 -0.02104679101360812 -0.006270634689057758 0.10344354033508524 -0.02801880341502245 0.07865496457972672 -0.04282690510792415 
-0.025484773285789634 -0.05407200907457674 -0.04189108490941717 -0.06578967929110817 0.06856546881477638 0.13900157250693435 -0.025514056863141565 0.0051845621024625725 
Ip_1I_4
-0.05616113074914241 0.8685136248367641 -0.24381133382274334 -0.11211677125228525 -0.03525820135185174 -0.15386252049991617 -0.16136581929028856 -0.1059378478666819 
-0.01947397500270456 -0.09497865958366859 0.17107668393860734 -0.15585958400908362 -0.14227934020888933 0.13517890668561294 0.046424440654267055 0.059911527524455825 
-0.12501573915420203 0.7713758718150471 -0.1946114219844155 -0.12026555863558638 -0.182800141518216 -0.024838251293480145 -0.13179697025998224 0.007952211033273962 
-0.12289600888811325 0.1603809496957929 -0.08819057922919013 0.03328537182490545 0.05876167237490298 0.19568394571264006 -0.10138315913735824 -0.13564219235271635 
0.16205632322780894 -0.07710572166769303 -0.09565859555269975 0.23678539270220722 -0.03063707879175275 -0.11517641326801767 -0.08759390712937434 0.007330000477961951 
-0.15291124026247863 -0.1391367568765065 -0.029772126809093205 0.45836122356860526 -0.05632791679526669 -0.03365842451136391 -0.045901428436693335 -0.0006533298759375605 
Ip_0II_3
-0.018581270049501886 -0.05870631787685281 -0.006294140443137649 -0.06009737687119097 -0.01262116841925194 0.15909588578512393 -0.013032623841207845 0.010237011716259412 
-0.03791567774973192 0.13753414440641665 -0.058842026359762 -0.06303980926403437 -0.038922410635878826 0.08781422166308048 -0.006429879849488167 -0.020198562210111255 
0.0006647456255472564 0.02479680955884509 -0.01841245404499542 0.08873513417936375 -0.028464955370068414 -0.03039204779539107 0.027383420677675123 -0.06431065283066076 
0.017404140516315274 -0.08218990456817739 0.0532087304501451 -0.03851022597934498 0.06774281247190808 -0.027858566001605394 -0.02315672431843396 0.033359737428609856 
-0.047953026941900526 0.015845602091317856 -0.012102275523011966 -0.06459227519960149 -0.030543966927132203 0.10280630421069245 0.061765645812808155 -0.025226007522629476 
0.02149610359890268 0.07634633853172244 -0.002091993240793304 -0.03208185076984505 -0.007104014529535524 -0.05100376861969974 0.05203124687312496 -0.05759206184347764 
IIp_0II_3
-0.32519622858358066 2.259393697974154 -0.8083031537665949 0.05307301200528224 -0.4305335900842733 -0.43541022619619224 -0.005329349817898703 -0.3076941615198461 
0.21923188924351056 -0.601356807788309 -0.14795707671963138 -0.027001475127738126 -0.1609376577899956 0.07884970790334941 -0.18858073819166843 0.8277521584663065 
0.10057332360600234 -0.37958126119722857 -0.01741451337053581 0.04893465406102286 0.24367450411469033 0.037844914294922934 0.5573715180972294 -0.5914031396051189 
0.45664320537592124 -0.7848426496117836 0.2111973145611994 -0.24647362021476635 0.902983416612063 -0.5599459336630613 0.12790421350492168 -0.10746594656985209 
-0.534429728130916 0.4389633377883879 0.03304239536135927 -0.4510881795329315 -0.49665483790596354 1.1194567361897076 0.31215968798301114 -0.42144941174787404 
0.17254933329795968 -0.5982890377786192 0.6242431117858983 -0.876121783676491 0.46323312747690426 -0.02898617420908543 0.14818475330833134 0.09518666979143188 
Ip_2IIp_5
-0.0073005489944365344 -0.03858619735513399 -0.015821382782717178 0.07260403632023349 -0.02489736960575726 0.001172839023073353 -0.011438333413774182 0.024266956808429555 
0.012062417268583548 -0.04084434930130057 0.06266415370875647 -0.01816393880613862 0.016894123673641532 -0.012772239677240699 -0.00791448060356305 -0.011925686262896678 
0.0019610907436519096 -0.03972941013424808 0.009718643970249956 -0.040025978985082276 -0.02116554209658457 0.09555259670691686 -0.008183881128954105 0.0018724809239515769 
-0.030148671517676667 0.035356849215920055 -0.00865977207211429 -0.022210410213420663 -0.041452291467671584 0.04818443073475692 0.047505043736582285 -0.028575178415808863 
-0.02597141801856844 -0.05966649885464974 0.1089942292842748 -0.07549044179962702 0.008130538405443921 0.045010877062832515 0.04296038188484257 -0.04396766796442221 
-0.012522381116361276 0.2333818676007098 -0.04790186691216916 -0.013131194232100407 -0.050694936912735356 -0.037912639088744995 -0.03041165476223007 -0.040807194575777674 
Ip_1II_4
0.023325458432520128 0.06381277085617075 -0.0014233153857990985 -0.030324101312470177 -0.005201306352241657 -0.0487839837462415 0.05392705368333646 -0.05533257617482897 
-0.021559834500622373 -0.059051238761305525 -0.0062640948170096244 -0.060034328844856315 -0.011683273573290713 0.1606000678052852 -0.0130417393563035 0.011034442047652665 
-0.03828971907929236 0.13761837152118434 -0.05816236114893303 -0.06285906735706917 -0.039222284676385194 0.08840489487469823 -0.007302163537927602 -0.020187670595504737 
0.0005792691579549641 0.024968640419696743 -0.017593265926975334 0.08871375960480084 -0.02951142989668201 -0.030509896833338 0.027756223622396884 -0.06440330014733792 
0.014267562584824076 -0.08183702657857764 0.05433748216592759 -0.037119882892305174 0.0677693835334662 -0.028534223855509844 -0.02243687884005341 0.03355358388166967 
-0.04657025045071639 0.003922229543640187 -0.010474414485648675 -0.06130511420008772 -0.028805982048228446 0.10355477145955513 0.06314532698324066 -0.023466566801125074 
Ip_1IIp_4
0.011349551844388154 -0.042233148118875845 0.06273551712470339 -0.01797505924295258 0.017373508761394065 -0.012080545687432104 -0.0077197774359058025 -0.011450047245570714 
0.001511700347153197 -0.03966163292104197 0.009923744580186848 -0.039974967155617686 -0.02116628880924898 0.0958805149057933 -0.008461146413281936 0.001948075465713554 
-0.030194383271718625 0.03541539937849192 -0.0083377716852079 -0.022196961177130905 -0.04180726732449409 0.04820383367296056 0.04752367709924846 -0.028606526691854563 
-0.02692877469812462 -0.059541390086078984 0.10942047416616092 -0.07507322394525125 0.008026964256666259 0.04479012895884431 0.04322470861410191 -0.04391888726625162 
-0.012445058734146796 0.2298105832152031 -0.0472915024065036 -0.011984666341268754 -0.050159104906341095 -0.03775870677324503 -0.029918571647609925 -0.04025297240546856 
-0.006575056714379219 -0.043680616377396383 -0.015448999965996055 0.07348466312672533 -0.024132807506965805 0.0019306981717218158 -0.010718975213737391 0.025141094480111415 
II_1I_4
0.16633767278563671 0.3044188044317913 0.13220175326893882 -0.2010525564731673 0.41138126683256115 -0.17014424017615062 0.02632597814271755 -0.669468678810861 
0.8309806583748682 -0.8554091983670539 0.30486044295986425 -0.5957403010111546 0.8625233890721846 -0.6600474652846255 0.31286393761822007 -0.20003146336692523 
-0.8119462722367216 1.354068670261021 -0.6133821781616673 -0.7996387149661999 -0.4574280821982474 1.5621859774411198 0.46117149029854393 -0.695030890428388 
0.28810156070025517 0.2510711775021092 -0.013852984646327173 1.2648789370203417 -0.514269297304521 0.06636133541012222 -0.2814702724719478 -1.060820456206 
0.3841391653068368 -0.706241035711409 -0.3225391342197686 0.008404905127093553 0.17842260104309032 -0.731767384389597 0.23643886291440358 0.9531420199193251 
-0.37441824888138486 -0.9034645972175067 0.18973610412494413 -0.4914177447868575 0.6675148105038797 0.31339563902494616 0.20116169466432035 0.39749234256373295 
