II_0I_3
0.8306289305180219 -0.8648260403936625 0.30578576652815065 -0.5945377609150214 0.8639793880852519 -0.6574727004856711 0.31388718121273135 -0.19744476456246926 
-0.8145327243470112 1.3546801960337596 -0.6133232781438562 -0.7991314244698156 -0.45657951488881815 1.5629758825523115 0.4608442411721765 -0.6949333779023733 
0.2874970295648726 0.2509539682278575 -0.013286030969746284 1.2652992043334437 -0.5149227816826762 0.06639525161739993 -0.2814776407490903 -1.060459000338921 
0.38266656310766484 -0.7063712861491444 -0.3212985551488688 0.00945320383323024 0.17850654705778873 -0.73240884959871 0.23672549848321675 0.9527268784106883 
-0.3762211361595108 -0.9094804299138655 0.19123601764047668 -0.489972145360674 0.6688545094924647 0.31411679169068224 0.2023141216083515 0.3991522710006011 
0.16856944344117977 0.2987348113733667 0.13389874618280811 -0.1976413167533997 0.4138288226328355 -0.1681872903270199 0.01765271673629904 -0.6668559332854372 
IIp_1I_4
0.5471779737893401 0.39945229141645217 0.5445543309375004 -0.6749838137831601 1.1548121331982184 -0.7461433463370154 -0.3725383806129119 -0.8523311886160829 
-0.2555736036313002 2.593438848279854 -1.078781446035201 0.1724313787868045 -0.7470574871847243 -0.1876862610696398 -0.4444734327488659 -0.052297996392017584 
-0.17457384914695992 -0.8511125180488878 -0.2933474719907334 0.06965709299630254 -0.1269285745983807 0.07058023068731056 -0.36870075556122545 1.674425845659794 
0.11498433523866268 0.00986726340218226 -0.7357175597659233 2.731482310477098 -0.5624324268059497 -0.11299371249788526 -0.2690596281339953 -1.1761305819120678 
0.9352470505738674 -0.6976437882454979 -0.41541320892342704 -0.030309701389558394 -0.13672848093049078 -0.5875311950470304 -0.09343596497225558 1.0258152889233123 
-0.10979638161980299 -0.6346736085852511 0.11586110710222597 0.5857654099030393 0.16112729852039775 0.032020623219674804 -0.10631152332121814 -0.04399292522487497 
IIp_2Ip_5
-0.02993473421642324 0.03467588649970333 -0.008352455225155335 -0.022131370303860164 -0.04170412919927378 0.048259809665776095 0.04772247268054364 -0.0285354799005151 
-0.026974030202035187 -0.05952572908464284 0.109299176629916 -0.07504160784234469 0.008220200370615098 0.04483189980659111 0.04318828222405763 -0.04399819190219755 
-0.011955017861284778 0.22974453421656074 -0.047417421589171005 -0.012132541952500402 -0.05019291220691154 -0.037680100836245144 -0.03001961170270373 -0.04034692806703089 
-0.006622665237589862 -0.04218535078669289 -0.015598387854877197 0.073092794481425 -0.024368027349366078 0.001794285373860394 -0.010891336830676068 0.024778688203800827 
0.011058219179902448 -0.040680938007417414 0.0627116916344135 -0.018203756360374846 0.017155380462280757 -0.012352353195247226 -0.00791498387971958 -0.011773259834141903 
0.0021330868655497306 -0.039646814376433165 0.010030324151276021 -0.03978275349007514 -0.021179897385870287 0.0957457359422108 -0.009169190239449797 0.0018695085326091293 
IIp_1II_4
0.17669196847926488 -0.6309282866004099 0.6290142136817691 -0.8652916200682093 0.46858846892725253 -0.028618349111476513 0.1518162070811412 0.09872739760754869 
-0.3145182943317976 2.2117134240903438 -0.8055392758951354 0.05863924830768874 -0.4250126107178468 -0.4275707318577707 0.0016218147926673305 -0.2993335743792752 
0.2078462057464724 -0.5994918528119171 -0.14817888009874872 -0.02780815303767887 -0.1575390248670652 0.08410325725905955 -0.1886856664669276 0.8297541142746708 
0.0994107201897589 -0.3788483473085241 -0.015686760613472215 0.04925255513957511 0.24222956912253155 0.04026061100335206 0.5540973697558765 -0.5907157172875 
0.4604700723251844 -0.7852399299664833 0.21332566698143945 -0.24606342281847565 0.8983552901079603 -0.5609635091426557 0.1289817425102995 -0.10886591000106265 
-0.5487893494610422 0.4388817618253327 0.035221854531130026 -0.4494480261102352 -0.4985020873771742 1.1156818434116238 0.3297640092948668 -0.4228100061069306 
IIp_2I_5
-0.09313309853493111 -0.6325007547028186 0.11800904864692081 0.5889792734811078 0.16123717953077388 0.031081774887862134 -0.12011459828355325 -0.053558825025236484 
0.5646272529439827 0.3843947595589258 0.5462363864110799 -0.6735848684985125 1.1542521916561423 -0.7453000162913466 -0.3702534016308243 -0.860372304148883 
-0.24414045139879134 2.593603303465942 -1.0790205754231588 0.17261713213277505 -0.7473618084551226 -0.18870369927536346 -0.4435046464484748 -0.06348925459210704 
-0.16043311735562335 -0.852097793074901 -0.2929946042698328 0.06992022578234182 -0.1289116304965781 0.06904915155399383 -0.3683540601479655 1.6638218280035957 
0.13084654293104145 0.008558931705193822 -0.7346192651628293 2.7315869675986706 -0.5643033396093328 -0.11517891602263244 -0.2685786710623829 -1.1883122503774926 
0.9460923502870083 -0.6974867002735873 -0.4144480239793253 -0.031570889680044394 -0.13827438090135477 -0.5889833158193353 -0.09063168277761141 1.0153026431285652 
II_1II_4
1.3812512614321413 -0.552742656649601 1.3219734051508143 -0.7006949085064581 0.21688411650242048 -0.9570335020143499 1.1073132801739773 -1.8169509960967722 
0.41975274341493407 -2.0514674133778152 1.2764007386661254 0.016097338919346588 1.9151955151360005 -1.5346399588543684 -0.06169478816731546 0.02035582425408134 
-0.870138337935754 0.14411504617938736 -1.3591023121528445 -1.2146969327203603 -0.7317177224569447 3.0342907664437218 1.7433148282357802 -0.746065335582964 
1.3853191751082259 -0.5873324791100252 1.3230684718655559 -0.6971458129205867 0.2204446537382917 -0.9493347771833579 1.111750333272747 -1.806769564766292 
0.42051417441682115 -2.051901149671835 1.2728859289206076 0.018909240769326777 1.917719176008753 -1.5337912065904515 -0.06259747287215858 0.018261309004052352 
-0.8769061530143174 0.1398373746807784 -1.3637280909533562 -1.2224856700816618 -0.7373525183884945 3.0319888971692097 1.7783961053666706 -0.749749944767535 
I_1IIp_4
0.11836414210562583 -0.011214671004972181 -0.732795365995565 2.73448809058794 -0.5602622676210671 -0.10952729617840355 -0.2668770669036666 -1.1721755649861245 
0.9259589548961658 -0.6953813758626423 -0.41518296373076113 -0.029965575122829866 -0.13394996040652168 -0.5860391886069094 -0.09250326133127129 1.0270633701569643 
-0.1091385620571646 -0.6337365180087922 0.11817426272315269 0.5904521207352635 0.16308845633699623 0.03336282537321956 -0.12116801051815594 -0.04103457458761655 
0.5498348003337283 0.3845179213458278 0.5472819011866389 -0.6726088057278051 1.1563494868312154 -0.7440452055043272 -0.3711444059496642 -0.8501856925157686 
-0.2649970265745008 2.595778347550293 -1.0779265223248644 0.17227575263172834 -0.7447274907204146 -0.18634510128881954 -0.4433802971690494 -0.05067766209897841 
-0.17271320240460053 -0.8494151674056236 -0.2902121880457485 0.07572807702237234 -0.12396595831702206 0.07233153842282253 -0.3897921521275406 1.6780390528529159 
Ip_0Ip_3
-0.025193564790687167 -0.05653624874428758 -0.04156397802026089 -0.06510562871117308 0.06893387499756037 0.139149028961803 -0.025239876692778017 0.0055563929998941304 
-0.0431628039640312 0.27676082083912373 -0.05290576217842484 -0.0729069125190313 -0.06603670487167818 0.023288278784707513 -0.035237632695163994 -0.029799283394562 
-0.025281677880973852 -0.05928511506183447 -0.02081200474689735 -0.005971083968642595 0.10346872612898406 -0.02816345429002211 0.07880996893033612 -0.04276535911076036 
-0.025175378212657362 -0.05669089079383792 -0.04155908226346563 -0.06508976163313103 0.06894979322822699 0.13918344794689028 -0.025220039788935653 0.005601911516404863 
-0.0431593998051078 0.27675888171765567 -0.05292147597345962 -0.07289434124123362 -0.06602542224390218 0.023292073334155238 -0.03524166836232626 -0.029808647424375875 
-0.025311935012089958 -0.05930423941228608 -0.020832685394050254 -0.006005905376269299 0.10344353443014032 -0.028173745345488232 0.0789668081451228 -0.042781832034717554 
II_1IIp_4
0.10050911017528195 -0.3839348702108812 -0.014273263650685751 0.05024253655592181 0.24275319401386422 0.04071181135850944 0.5544600312153565 -0.590468549457511 
0.45516496564961706 -0.7839001590439377 0.2141266468118833 -0.24641074782068553 0.8994154051420348 -0.560297274518147 0.1296726986242117 -0.1077715348472883 
-0.5471279140724841 0.440221463405897 0.03739258647429243 -0.44535314133782317 -0.49633365457670686 1.1168682084751573 0.3147935705419052 -0.4204611189064023 
0.1789467696331171 -0.6458478738663368 0.6307390120830665 -0.8632927151348511 0.47012426992473794 -0.025978584277024895 0.15344021727278095 0.10186890436344301 
-0.3196069442721448 2.2129298940936923 -0.8057374729324367 0.059091280165384834 -0.42323507888252254 -0.4266632171387758 0.0020561591005725196 -0.29883462012700657 
0.20758371217177382 -0.5993681915627957 -0.1473231471188304 -0.025927421167312843 -0.1569724306169736 0.08463525560082358 -0.19368333197472523 0.8310555546632025 
Ip_2I_5
-0.15039761380720573 -0.15770834888836502 -0.027529240196368144 0.46258160853183605 -0.053859826837475464 -0.03178094116065502 -0.043815783876272704 0.002510146235099871 
-0.05562602542368544 0.8557879506910665 -0.24335838214762967 -0.11016715285291259 -0.03269075199534268 -0.15117948885335253 -0.15927193338682444 -0.10349421603004065 
-0.023201722162380218 -0.09466674850330585 0.1711431259354576 -0.15565327008558957 -0.1414083099931226 0.13675942143604786 0.04615236668685656 0.0608751366864136 
-0.12505784807389406 0.7712630642327399 -0.19350686000527034 -0.11991536137743039 -0.18317033590951706 -0.024427308467370897 -0.13281094971108237 0.0076255993143685185 
-0.12447255225680076 0.16095294306873173 -0.08698460630341288 0.03305326232046973 0.057831571102047674 0.19567292912180426 -0.10068799014127548 -0.13536555691081517 
0.15929055229642317 -0.07620441323364124 -0.09369842834055066 0.23973522855640514 -0.029737367497712625 -0.11550390000593753 -0.09221292455670628 0.00833125278043243 
IIp_0IIp_3
-0.09828033050867656 0.39577670428968276 -0.1219510665248884 -0.06721335435822685 0.07774883070915688 -0.08030346030997247 -0.050609645775801834 -0.055167677519883766 
0.041248500169665074 -0.12012518556930393 -0.07202252961373638 0.015276402212993959 -0.06151858294891357 -0.04002408341959112 -0.03664759411477113 0.2738130732821027 
-0.056240655599400634 -0.12500898601652652 0.27814206863817864 -0.17663789501004823 0.009923807656821819 0.008631701630601776 0.12104846684341017 -0.05985850814273313 
-0.09775862849928406 0.39134062689823157 -0.12181062635076507 -0.06675818975887068 0.07820546267784993 -0.07931611383840456 -0.050040602354088255 -0.053861928773075475 
0.04134615221352263 -0.12018081140440248 -0.07247329712077324 0.015637023151273164 -0.06119492835481813 -0.039915232593875416 -0.03676336167061157 0.2735444557790916 
-0.057108614707705445 -0.12555758905849868 0.2775488215124305 -0.17763678541358696 0.009201156048366754 0.008336491377388924 0.1255475723393919 -0.06033105209750042 
Ip_0I_3
-0.022325470296682033 -0.09847701662528431 0.171449089552134 -0.1553990607866833 -0.14096071168781188 0.13743003816334468 0.04673469182278146 0.06154843985867962 
-0.12623000188008185 0.7716779032702493 -0.1939907131123539 -0.11989830395956438 -0.1827624205714772 -0.024072623384167224 -0.1326891514786385 0.00796531111787188 
-0.12320752590121364 0.16048066750809048 -0.0872777214204152 0.03342797139467989 0.05759616114926582 0.19556677998132557 -0.1010118562987906 -0.13557447641161197 
0.1587077247065086 -0.07685834643728323 -0.09420476821239705 0.23843454881956155 -0.03052363816942847 -0.1160226569953965 -0.08686867180444005 0.0073358080910861006 
-0.15226198471210178 -0.15207052648689984 -0.027791174851807963 0.46175902808549535 -0.0542616257219007 -0.03267130422378028 -0.04425879080437664 0.001556378715215351 
-0.05373213168996817 0.8558500623103903 -0.24261790931250593 -0.10935832065237054 -0.03268531516258989 -0.15115999050934284 -0.16331104389907342 -0.1029853510819016 
II_2II_5
-0.8570569196909483 0.14667443502267594 -1.3587412737731983 -1.2139487116713155 -0.7343843159598921 3.032125756624408 1.7426625508531075 -0.7573315213894588 
1.4032038564413405 -0.5895355109276271 1.3258313427254806 -0.6966906385261423 0.2181676342023447 -0.9523758064438763 1.1120309482630737 -1.8206318257368996 
0.42652630784173284 -2.0499897625523165 1.2754167365804674 0.017052409428653506 1.917158640515859 -1.5346444122571479 -0.060270478914217794 0.008750559346869281 
-0.8565904221965125 0.14270776639051336 -1.358615694443289 -1.2135417108523914 -0.7339760030430531 3.0330086258631006 1.7431713802724986 -0.7561639419877827 
1.403291175319329 -0.5895852506490717 1.325428273714128 -0.6963681771174307 0.21845704090418142 -0.9522784737963446 1.1119274307879956 -1.820872019161721 
0.42575019284911814 -2.050480314517385 1.2748862645979988 0.016159217790227914 1.9165124571386336 -1.5349083844902365 -0.05624745157327136 0.008328018186997355 
I_1I_4
-0.31293575206404795 0.46915563758427625 -0.5043500461499689 2.5127078097996174 -0.4942871642361313 -0.23779437750891236 -0.793393982986804 -0.6391021244327302 
0.08483836067276185 -0.5423826450940743 -0.1518960679708966 -0.11953434726425004 -0.12218572737746172 -0.34990121257017837 0.07870503125480591 1.1223566083461964 
-0.41709019857009505 -0.7257127184036128 -0.08765544209768299 -0.2477776224178108 0.15311742326843128 -0.07896764615172314 -0.17160909529428264 1.57569529966498 
-0.3131057052198796 0.47060076399432005 -0.5043957968858018 2.5125595323180434 -0.4944359197378122 -0.23811602213687127 -0.7935793583995525 -0.6395274939275896 
0.08480654888593546 -0.5423645240480396 -0.15174922291590942 -0.11965182556697114 -0.12229116327525148 -0.34993667254751515 0.07874274447232973 1.122444114990647 
-0.41680744637278583 -0.725534001786603 -0.08746218192364519 -0.2474522171610603 0.15335283911718844 -0.0788714764740132 -0.17307475416375076 1.5758492387621386 
I_2Ip_5
-0.1263155893021809 0.7835098305097014 -0.1950137635528174 -0.12161168676988668 -0.18451318471382855 -0.026620127555470465 -0.1340950381718715 0.004659559559936716 
-0.11922175713328553 0.1598108086394435 -0.08691420753987082 0.03272655703154808 0.056235593753203375 0.19480941888589257 -0.10108070397244827 -0.1363657096643291 
0.15993464303575466 -0.0764917361329685 -0.09461593918812161 0.23776068338451414 -0.03051844855004918 -0.11613577037671563 -0.0864870609620791 0.006553628788924583 
-0.15088885098502242 -0.15197923297384153 -0.02882980380227359 0.461554027945287 -0.0545317749221193 -0.03252311398666762 -0.04426381251785109 0.001462561241430862 
-0.050231756275031736 0.8545640887101368 -0.2439502678182903 -0.10996402040869521 -0.033811203942707695 -0.15188307139612342 -0.15983473722894243 -0.10488903163793893 
-0.023832869318529227 -0.0957600994539905 0.16935399428349335 -0.1590954222954454 -0.1432511377424241 0.13569381715030077 0.05848848388548717 0.05840323349135175 
II_0II_3
0.409844941794677 -2.0445757264910904 1.2747432518643287 0.016998404321493746 1.9185919079337885 -1.5336501522837134 -0.061643624754487716 0.019690997601396063 
-0.8710055539859098 0.1430443396675898 -1.3584584449024284 -1.213266823575185 -0.732522062329324 3.034479077302829 1.742319249029037 -0.7445897812010924 
1.386662083664307 -0.5884265892992702 1.3253576437404555 -0.696373551517394 0.2206064265376395 -0.950384922744758 1.1114899102717564 -1.8089310006557116 
0.4103843588335864 -2.049162436313009 1.2748884608562947 0.017469024591273922 1.9190640453992258 -1.532629279255707 -0.06105525876773318 0.021041084643115725 
-0.8709045860473916 0.14298682498940396 -1.3589245187710493 -1.212893957311979 -0.7321874176477086 3.0345916242915383 1.7421995504444625 -0.7448675199396366 
1.3857646519430298 -0.5889938208286015 1.3247442521829127 -0.697406360466085 0.21985923640999477 -0.9506901572234331 1.1161417883941422 -1.8094195904185537 
I_2IIp_5
-0.16877238895225577 -0.8334784650794903 -0.2947670057995327 0.06776136197304042 -0.1300871128478804 0.06622895175184561 -0.37072038497926035 1.6638350439296186 
0.12942272590087153 0.007841065233402873 -0.7340041085124469 2.7308910884395243 -0.5655300048169847 -0.11543294696722392 -0.2690847615769207 -1.1841030576942893 
0.9416179675176016 -0.6966592054568939 -0.41458117649443693 -0.031880453029603156 -0.13718812663434965 -0.5884245109932283 -0.0919411665244935 1.0190566716071936 
-0.0992105031429849 -0.6331142777061082 0.11684553300965693 0.588793800157356 0.16204144952333335 0.032542268566467254 -0.12001380489891889 -0.04788446550976338 
0.5636268115759524 0.3834357242999461 0.5448972164032544 -0.6727172562767619 1.1544287482653353 -0.7450821186555694 -0.3712614085822757 -0.857327717030764 
-0.2523779173452818 2.592052300426589 -1.0817257826093734 0.16797682596675978 -0.7494086489211459 -0.18942479430526765 -0.42530801747619074 -0.06178396572542795 
I_2I_5
-0.4122034496831259 -0.7268130763632791 -0.08750763710811763 -0.24783740458381057 0.1526438821253604 -0.07935881492901761 -0.1712515014762564 1.5723280020151962 
-0.3087153716941473 0.4704805842121375 -0.504444072558109 2.5124494978854206 -0.4949215988745604 -0.23857000759037753 -0.7933321199978907 -0.6429469113756257 
0.08983986875206625 -0.54271698505035 -0.15175310435788528 -0.11966265890103399 -0.1229345155309466 -0.3505117516172469 0.07887346572008645 1.1188656809807596 
-0.41230671314451023 -0.7259350182032143 -0.08753543523469613 -0.24792749791521976 0.15255349834914814 -0.07955424606098727 -0.17136413549404614 1.5720695477005167 
-0.30873470052131974 0.47049159455187006 -0.504354849568145 2.5123781181215277 -0.49498566167860275 -0.2385915530564674 -0.7933092054635286 -0.6428937423773452 
0.09001166886083956 -0.5426083969136126 -0.1516356795624046 -0.11946494281243483 -0.12279147696637308 -0.35045331896388604 0.0779829320471224 1.1189592143075235 
I_0II_3
0.3834013143568438 -0.7131709891958398 -0.32124585171055886 0.010090133714097496 0.17920647612620122 -0.7308070454537936 0.2376353565065508 0.9548906056483438 
-0.37536833393481017 -0.9097478709419289 0.1903740210584926 -0.48932062646115027 0.6692611828108402 0.31421336525644467 0.20202975751220723 0.39855850470084925 
0.1668941933477029 0.2976383655640266 0.13261935968003946 -0.19985260107450034 0.41233212185450047 -0.16883771625024055 0.027161740490620003 -0.6679554636128088 
0.829458945751808 -0.8554296080396616 0.3053257223592003 -0.595562638712883 0.8630121521039191 -0.6594757020555024 0.31271945954453956 -0.20004833095537208 
-0.8140364501046542 1.3546158451413857 -0.612539520845638 -0.7997965339846017 -0.45735450572178726 1.5626750413406507 0.460982544862496 -0.6945464206782023 
0.2889907014715181 0.25186047420793123 -0.012399469963731279 1.2667348726684793 -0.5137810786945445 0.0668226394497566 -0.2883948682424815 -1.0598332708930467 
IIp_2II_5
-0.5478296523324921 0.45571809531803115 0.035862591385844904 -0.44755032696717545 -0.49804221142565086 1.1137706471397757 0.31321786173404814 -0.42514700484033496 
0.18404193371946015 -0.6466809491658713 0.6309768681906249 -0.8640970639439974 0.46827599172983525 -0.026807874258411458 0.15329270902101133 0.10099838470520844 
-0.3161753351780176 2.212878356542289 -0.8062222969532993 0.058527038328292015 -0.42343952796703965 -0.42712942532294174 0.0023187872324325143 -0.3007575966712409 
0.20777037711818344 -0.5993586906246541 -0.14897376598741324 -0.02759126249208311 -0.15786632278286672 0.0845671696128563 -0.1888414275007308 0.8302939226520036 
0.1054111452343128 -0.38051693208492116 -0.01569385410386179 0.05019716336986041 0.2415379411742938 0.039261222683489506 0.5533533495875352 -0.593550035859401 
0.45557606802027517 -0.7857434334113881 0.21209509180901912 -0.2506995028474587 0.8964536471023794 -0.5618664932818094 0.14520164612527126 -0.11101702352607483 
I_0Ip_3
0.1592915643815918 -0.0816123751029087 -0.0939923010174948 0.23894549331054238 -0.030034275661674364 -0.11499822937077789 -0.08627318050413885 0.008673303963189986 
-0.15242532368769696 -0.15206070358294949 -0.02820905524415417 0.46210785724243053 -0.053880687550212435 -0.03252786667914978 -0.044342106414767324 0.0013378859173261346 
-0.05453087230415999 0.855359535151181 -0.2431126357357755 -0.11016956379766307 -0.033311494254137194 -0.15140092272235015 -0.15948528995174763 -0.10334875638310882 
-0.022743423071256905 -0.09471271728625368 0.17139187807311013 -0.15576214102779065 -0.14134819161170645 0.1365585247668619 0.04623748385580734 0.060378586301171475 
-0.12658085610072103 0.7717945410621989 -0.19354301223981796 -0.1202419531265486 -0.1830029765146644 -0.024138205420213697 -0.13255016573430803 0.008262628076519663 
-0.12233957774351027 0.16104358920558687 -0.08663327168433917 0.034534836376822024 0.05835764572792156 0.19589272195596166 -0.10582545936898052 -0.13503048446779287 
IIp_1IIp_4
-0.05625042036776747 -0.12805293543539883 0.2784857503249188 -0.17605100229733203 0.010210955302721205 0.009260016472607699 0.12125752780558237 -0.05885989180483981 
-0.09854775817999141 0.3913718426638709 -0.12161061371478213 -0.0665037485222957 0.07856209650740302 -0.07926921507533387 -0.05004868879229803 -0.053953914885166404 
0.039727802413959956 -0.11990684120479912 -0.07213932836199245 0.01560725900608496 -0.061023740138611504 -0.039727828013700034 -0.036655371452293556 0.27411804775017806 
-0.05658585772040404 -0.12520068256030054 0.27839545187989295 -0.17634365826850662 0.009917355860988821 0.008625184939297748 0.1208916514710503 -0.05969944560172984 
-0.09861054525467758 0.39140760825911425 -0.12132078493028263 -0.06673561600721677 0.07835399717442752 -0.07933920260098924 -0.04997425403491769 -0.05378120260401724 
0.040285871772008076 -0.11955410736685176 -0.07175788983630586 0.016249512910595884 -0.0605590987570499 -0.03953801746281302 -0.039548149340049486 0.2744218780792336 
II_0Ip_3
0.017525474309792066 -0.08305745842846156 0.053341638988562715 -0.03840094359473963 0.06776948513190074 -0.02770331225927196 -0.023030720120312244 0.03355583597188001 
-0.048374130628208 0.015919543125029453 -0.01206454304847983 -0.06446883575484333 -0.030443044111859212 0.1028109729818673 0.06182320050725393 -0.025203163070308364 
0.02154289307187277 0.07558438422113849 -0.0019830649003662556 -0.03184287776733051 -0.007003397940667837 -0.05094392299950519 0.05209184001762204 -0.05744585370246143 
-0.018447482519207917 -0.05946882505269226 -0.006200860220124771 -0.05997621358006153 -0.012506535193912767 0.15920650846836984 -0.012929291515735951 0.0103226996129903 
-0.03835261675716431 0.13762157162392255 -0.05878558298877785 -0.06307403323430939 -0.03883763976284143 0.08792463222488714 -0.006400861458654154 -0.020095469646155932 
0.0007681642569901404 0.024886205098526817 -0.018244796354431613 0.08897756112740071 -0.028355648736647525 -0.030293409715566943 0.02644648488338845 -0.0641845605591004 
I_1Ip_4
-0.12234084573810172 0.15612469861387815 -0.08690287012877272 0.03381235329069348 0.05808517722906488 0.19635122765363847 -0.10040783009337599 -0.13472191082546542 
0.15744544195828591 -0.07646043879966029 -0.09461204480539567 0.23851260611130648 -0.030054967132184324 -0.11568051854300425 -0.08675364304720451 0.007603564256845479 
-0.15142522495917668 -0.15245124985204964 -0.02798504570721166 0.4621049619773196 -0.054446922835254444 -0.03273008737527622 -0.044536379052142396 0.0014699478039651723 
-0.05411317992430732 0.8553181052653583 -0.24288668152444476 -0.11026931839681466 -0.03325669556002468 -0.15158379521923976 -0.15940746683472087 -0.1038009678029435 
-0.02412873577280123 -0.09422890465666692 0.17135790510005486 -0.1560595610666921 -0.14119607573398868 0.13682185951780504 0.046474783715876176 0.060958728896173764 
-0.12463674903184839 0.7718757551881935 -0.19322463976905085 -0.11889420085859766 -0.18252527345496022 -0.02393883811036642 -0.13722217177499305 0.008566117815718638 
other
-1.288503808598806 0.7289926296386918 2.2174245187816846 -0.5247950773659001 -1.9421213523672207 0.6495441473321764 -1.8591312029111922 2.01859014550311 
-1.3354889086834432 0.8531056504974712 2.2022148758626305 -0.5347239137827219 -1.9414639366159072 0.6337496579848728 -1.8704715788567292 1.9930781535917046 
-1.3121403399458758 0.8435120876195215 2.2077275884631753 -0.5343095841991035 -1.9551206907207166 0.6290329349667797 -1.8754000708517908 1.996698074668292 
-1.3018131816129852 0.8421633816273193 2.213841686761951 -0.5364069847894585 -1.9537706945054383 0.6243555104337125 -1.8736483238431512 1.9852786059263294 
-1.3379801535924938 0.8545247460297791 2.2137146071029434 -0.5439238756291874 -1.9497208335425331 0.6309727159491795 -1.8675181810204404 1.999930974710427 
-1.2899974474032085 0.8575077448932703 2.2228621809012505 -0.5088264448949054 -1.9366848027175567 0.6365641756124512 -1.9901787609702244 2.008753354591701 
Ip_0IIp_3
0.0020370473659073814 -0.04062506918929918 0.010012504026371877 -0.03985477823442712 -0.02117777756800564 0.09587684951458997 -0.008342040761894336 0.0020732648465639327 
-0.03040672506024978 0.035462522352237257 -0.008455289328988296 -0.022181947663843998 -0.04166319513774451 0.04818723404155673 0.04764917991867462 -0.028591779121438773 
-0.026972688995619866 -0.059582937848952355 0.10933360162072467 -0.07502743512086633 0.008150476557288514 0.044820370776836774 0.043146786795229194 -0.04386817378457494 
-0.012017739441256009 0.22973623858394912 -0.04736943416622707 -0.012137305556509862 -0.05016748630373407 -0.037698911458092316 -0.030016899924373782 -0.04032846173314968 
-0.007031637770758752 -0.04208881541640752 -0.01558927355687344 0.07304235992828072 -0.024319358356321194 0.0018560990840038878 -0.010851635457764469 0.024982261545791595 
0.011247810596979334 -0.04063770942452822 0.06279298590192767 -0.01793369890893902 0.017280697835521715 -0.01228789915206147 -0.008870572806570038 -0.011591614042722187 
Ip_1Ip_4
-0.02503102883641338 -0.06110116343523631 -0.02063518373252974 -0.005733996689213322 0.10365401179094758 -0.02782183527838587 0.07901123561020809 -0.042342039428980224 
-0.025637929771060608 -0.05658755800876968 -0.04160934634677048 -0.06500923509486818 0.06914710014606767 0.1392741825878997 -0.02519192430154203 0.005614710788815832 
-0.04330994439190043 0.2767306008365313 -0.05288657893311083 -0.07281767248006905 -0.06603398294869227 0.02331883690386918 -0.03528146759869417 -0.02971979138665589 
-0.025237053054935128 -0.05934932165250541 -0.020690644659606777 -0.005913744762229247 0.10347368424226219 -0.028211746150075052 0.07878651589635657 -0.04285768985844602 
-0.025676493329610806 -0.05656559092977266 -0.04143133471987879 -0.06515164713398787 0.06901928640643167 0.13923119654248955 -0.02514620678494432 0.00572078994933999 
-0.04296718052697032 0.2769472484840965 -0.0526523009864315 -0.07242320281891194 -0.06574860215603738 0.023435417750157846 -0.037058199674521446 -0.029533180069651048 
IIp_1Ip_4
-0.027084011207856987 -0.05841461257815909 0.10921058006496472 -0.07521462249914208 0.008039662325694119 0.044594020881287055 0.04304011259878843 -0.044171129585288835 
-0.011748903583321568 0.22969798236179742 -0.04739102092670279 -0.012210757096067514 -0.05029528354809957 -0.037733868408027914 -0.030026036928726817 -0.040292111870230116 
-0.006709501742609576 -0.04212946767027804 -0.01566392863231861 0.07302351117365227 -0.02434483869863253 0.0018157521654621376 -0.010860284428962773 0.024868757833704652 
0.011094190900439218 -0.04068841660504219 0.06258698063945559 -0.018205898968530924 0.017140238588119038 -0.012326015941757588 -0.007939090622975898 -0.011661987989976539 
0.0022264399285241423 -0.03979399588274034 0.009850183422330409 -0.03992863646464529 -0.021315521778166136 0.09567253873658112 -0.008493439570245174 0.0017824316081009382 
-0.030321175115842043 0.03529569784354584 -0.008588610826404757 -0.022522496907284844 -0.041933907296774965 0.048051359666307955 0.04878915178567034 -0.028770019148489236 
II_1Ip_4
0.0009328706250605622 0.02285238850153592 -0.018182451614097747 0.08899350070008676 -0.028286255166477366 -0.029995536889639293 0.02755039209773216 -0.06386490825373428 
0.01689724716792547 -0.08206263006415576 0.053191701223207474 -0.038430458993675407 0.0678905824348025 -0.027765556323051162 -0.02309814696406464 0.033377261518497084 
-0.04826157097684644 0.015824099040108276 -0.012008712041222882 -0.06441700666293215 -0.030554096157894794 0.10278868677854613 0.06175880917126895 -0.025130209150422658 
0.02165219682933624 0.07553843737958461 -0.0018668449373495525 -0.031829051853588586 -0.006989584348877929 -0.0510086636106697 0.05209355014489872 -0.05759003960263797 
-0.019017359040727246 -0.05929899150582698 -0.006132600876329966 -0.06007172570545628 -0.012435463292522217 0.15928693772856994 -0.012838724060967968 0.010507926752983385 
-0.037852965328089606 0.13774834490312574 -0.058564174300212844 -0.06252923266346755 -0.03858004334044886 0.08804847284149461 -0.008397075402424112 -0.01987332670912106 
I_2II_5
-0.8156765259752773 1.3855993575666412 -0.6160238719940546 -0.8035553314477928 -0.4609832547779199 1.556455212312813 0.4571535966706197 -0.7029691823384628 
0.2970880075105928 0.24923114210994413 -0.012343332564643839 1.2635156606106022 -0.5183798534600811 0.06451714240890782 -0.2817080699957008 -1.0619206966178871 
0.3851185372251982 -0.705398987076199 -0.32234387591294233 0.007730640662081417 0.17861700819876472 -0.7326315666633164 0.23767847714534776 0.9512297664170952 
-0.373574898312855 -0.9091619996227163 0.1885542446701118 -0.4905112171308403 0.6682680878596028 0.31460949823440065 0.20229082408909604 0.3995254602082933 
0.17700943296253724 0.2954780960254444 0.13049849206962988 -0.19904362540799053 0.41107884536298517 -0.16993710643896237 0.026071361611233104 -0.6711554961822945 
0.8260212721148426 -0.8583113479813476 0.3003689388934924 -0.604080017323702 0.8581653411197899 -0.6617967083212571 0.3445626916765388 -0.2049301701900966 
I_1II_4
0.2844172833129596 0.2765597168861971 -0.015863477845003065 1.2616409412109255 -0.5174589432253193 0.06151869548210903 -0.2841079032211357 -1.0667063125981275 
0.3889268893098082 -0.7075714461696087 -0.3210805268430769 0.008120832611771269 0.17571672417012207 -0.7334751079439998 0.23641052554141073 0.9529521093185769 
-0.37204849423178254 -0.9096171552077309 0.19026893870461206 -0.4907758436308567 0.6686932371419644 0.31352896862926866 0.20256358927762347 0.3973867593158198 
0.16655411770809894 0.2986451281315739 0.1308529666408173 -0.20087814900686873 0.412302096370487 -0.16822079703081247 0.027615449213822293 -0.6668708120246183 
0.8363343760750884 -0.8570216663067463 0.3032149873884918 -0.5948303898827505 0.8620217008585234 -0.6600093690133413 0.3117371461630974 -0.2014467852896163 
-0.8153672931780506 1.3516249473684068 -0.6166263968754742 -0.8062187755439658 -0.4614184739929267 1.5605262274491438 0.48622924413693785 -0.6987494793499334 
II_2I_5
-0.3628268829238719 -0.9007225622732096 0.18985515996237312 -0.49117026384171475 0.6659484379214381 0.3105457370110037 0.20133802736535805 0.38703234677561826 
0.18204292569366795 0.29660840753103307 0.1330689285958479 -0.20087635332894133 0.4097937233679792 -0.17086455637989686 0.027741878650833413 -0.6775149541297075 
0.8419780977612502 -0.8555551800298364 0.3049308461799819 -0.5964943282183446 0.8615622774383769 -0.6608137168744024 0.31361550842711955 -0.20922350469173748 
-0.8002026012072417 1.353853977949858 -0.6134507600770399 -0.8000912070566218 -0.4591664412471552 1.5613354648503213 0.46135555801839817 -0.7036339912229782 
0.30300609470644857 0.24985755933963016 -0.01385623547742573 1.264949667039965 -0.51673310581604 0.06457573263787628 -0.28108624927820136 -1.0707134631491129 
0.39321283595269 -0.7076124152086124 -0.3231559792813545 0.006267743708964227 0.1754677055640868 -0.734322777884549 0.24748705961017245 0.9426558275303119 
IIp_0I_3
-0.2617541333124439 2.6140169567869003 -1.0811556511968026 0.17051941322577427 -0.7475832941813128 -0.19067508913772596 -0.4464606406698001 -0.05690756150122148 
-0.1699931447228513 -0.8526246839580535 -0.2924869753067194 0.06946935270820326 -0.1292265817874811 0.06968026733321088 -0.369375743404697 1.6745575091330636 
0.11688521539379218 0.009808324891944416 -0.7350426136975063 2.730969568719384 -0.5622639238539576 -0.11366754032208505 -0.2686906582841902 -1.177998372841512 
0.9310071741194227 -0.6959715743898385 -0.41578444812750237 -0.03138330458002897 -0.13629488898311423 -0.5866114976859204 -0.09261656349405183 1.027655103130573 
-0.10210197079784093 -0.6347224080804124 0.11662411213471147 0.5902286914714133 0.16246401717176462 0.032504992496776394 -0.12144746090858699 -0.043549973488492835 
0.5469650772209278 0.38326648798693813 0.5431137187661446 -0.6783799372518692 1.1532898468462653 -0.7450225555638978 -0.3510537739150172 -0.8521788640944337 
I_0I_3
0.08736652189078901 -0.5573970894149546 -0.15040776438544856 -0.11770493853201665 -0.12081194104848592 -0.34718308999306724 0.08037155104426684 1.1257667504319844 
-0.4208489911615148 -0.7247849883107144 -0.08817618131622719 -0.24721905188082147 0.15474939401429327 -0.07820248786227364 -0.17132510627488298 1.575807412792287 
-0.31402031898680893 0.4703229034281107 -0.5042919493615607 2.513197696670406 -0.4945619022503225 -0.23789233782956531 -0.7939459326985069 -0.6388081589663142 
0.08567008514269114 -0.5429721407408263 -0.1508644386317896 -0.11918501324674274 -0.12229678725962749 -0.3503936791948186 0.07852117256283263 1.1215208013677924 
-0.4211665297423297 -0.7246041078285633 -0.08671040477988426 -0.24839169565254182 0.15369695500241704 -0.07855644191541933 -0.17094866084688776 1.5766808857624268 
-0.3111979458662193 0.47210681521026093 -0.5023628668440495 2.516445823682733 -0.4922120306309966 -0.23693239227917354 -0.8085758320725324 -0.6372715711896437 
Ip_2II_5
-0.04811513785365694 0.015639476550831734 -0.012013184378776038 -0.06447687001837991 -0.030514944039678145 0.1028074888731175 0.0618345209967789 -0.02516135012945786 
0.021535552828720442 0.07561730790998601 -0.0020025833480727365 -0.03187330273369376 -0.006971616498013287 -0.050942715174875815 0.05211809119779468 -0.057480734181448764 
-0.018486912684363418 -0.0594444208556617 -0.006255518109962682 -0.059990106571682265 -0.012511400900439763 0.15923362888195658 -0.012925747888264122 0.010380478128271435 
-0.038100793078420146 0.1375506652396059 -0.05882741312331748 -0.06303563476113071 -0.03887025118816687 0.08789304929801015 -0.006439882162355988 -0.020169740223778345 
0.0005899480523079314 0.024816939185435583 -0.01835546595844817 0.08873818378743613 -0.028478144554474186 -0.030354067947507966 0.027339134818142565 -0.06429652738247324 
0.017429250550563446 -0.08215726615412255 0.05328950993644159 -0.03845241435799548 0.06771307371896992 -0.02785044042086762 -0.02335895660799616 0.03338724333427981 
I_0IIp_3
0.9319427107996108 -0.6983541303191416 -0.4143191996685615 -0.030622852332119244 -0.13606268823143058 -0.5868488265737782 -0.09262809535008898 1.0268930816589377 
-0.10795238529835575 -0.6332014181862908 0.11784494580699233 0.5895763640777657 0.16338858932307762 0.03315163809680883 -0.12059182558453058 -0.04221590823746353 
0.5495459921099154 0.38514970418651256 0.5459574899382988 -0.673109401590333 1.156211832433604 -0.7435024443319433 -0.3709487390494339 -0.8493044337000636 
-0.25877000965456104 2.59421508827704 -1.0791389310035684 0.17306717749121248 -0.7455580194375192 -0.18703536735748547 -0.4442376882369658 -0.052542250069035124 
-0.1754601052560949 -0.8513221221310859 -0.29303618742368437 0.07023308916815646 -0.12703110292196781 0.07075434158005504 -0.36897469691333235 1.674836783892871 
0.11605788248124285 0.009537320813194828 -0.7345283684130129 2.7323177237189684 -0.5621796016222965 -0.11330664233778162 -0.27091881600064704 -1.1769794986360658 
IIp_0Ip_3
-0.011447543806196794 0.22562718008012025 -0.04703058996701706 -0.011637799210032133 -0.04974497751144642 -0.03689827296345708 -0.029537952596909393 -0.03933004402406144 
-0.007840218645453258 -0.041906636825465776 -0.01578713723306685 0.07324952246623222 -0.023905215547550557 0.002046717837796356 -0.01082144229994858 0.024964410247232765 
0.010890178171062368 -0.040817968690403265 0.06271861806022828 -0.017985808112003017 0.017110299309817837 -0.012307667366341654 -0.008057304846668273 -0.011550346525915241 
0.0020328491636792062 -0.03985000712393424 0.01019672361403048 -0.03985640804636634 -0.02125802050756409 0.09559041968612973 -0.00848961015986622 0.0016340533733621761 
-0.03132282082098364 0.03570594497979957 -0.008156858044651605 -0.02237182872682741 -0.0416053959902851 0.04825800805209613 0.047806833138988716 -0.02831388258767235 
-0.026374698568272587 -0.05915918524461192 0.10991239877904982 -0.07397976613346485 0.008775717348436764 0.04512562900883259 0.03900654025185616 -0.043306635441614394 
II_2IIp_5
0.21263584657978102 -0.5938946782561074 -0.14846694893189752 -0.0280764809617407 -0.15911238285858614 0.08235346371917043 -0.1894675255928524 0.8240287062955117 
0.10800522636647142 -0.38003186177750453 -0.0143937026420099 0.049248572475536094 0.24079143654726623 0.03876223013420907 0.554140435135984 -0.596522336238825 
0.46326013262994314 -0.7843536346061184 0.21430907691215564 -0.24703739117373005 0.898155262490694 -0.561376201473838 0.13006035481465725 -0.11301759959856766 
-0.5404984848877274 0.4402160640756234 0.03703316485322295 -0.44588432038040254 -0.49713011127975043 1.116223394815631 0.31528120932553283 -0.42524091651689544 
0.18709754354644914 -0.6464587808737081 0.6301465763851172 -0.8633412674595543 0.4690591620237285 -0.02679240978720321 0.15353264730133814 0.09675652886334819 
-0.3125934687297193 2.2116753161587885 -0.8068121504703687 0.05746813683730751 -0.4251533500932637 -0.42803437316008186 0.008441426577152179 -0.3049915371085612 
II_0IIp_3
0.45595997198233906 -0.7814640159330624 0.21401937014270891 -0.2469473492755 0.898637804041374 -0.5610465192654289 0.12928991259011288 -0.10844917429297284 
-0.546160548206699 0.4401597359878709 0.037421325093820616 -0.44567606785281516 -0.49659088902493753 1.1166697004184796 0.314866681529606 -0.420689937943874 
0.17896843738718446 -0.6456345476170484 0.6304003089790632 -0.8635429805121382 0.4701303436029653 -0.02588442697531299 0.1535587583559427 0.10200410677543456 
-0.31840602839804344 2.212689664634438 -0.8062127776633459 0.05918438214240096 -0.4234190947866888 -0.42672025730714147 0.0018937226840332092 -0.2990096112967135 
0.207740368381055 -0.6000116629369735 -0.1481542585769384 -0.027036699987676754 -0.1577614770277139 0.0842056935794804 -0.18917722291575406 0.8301952594798857 
0.09949604341931913 -0.3796073138890109 -0.015102953139651444 0.048946757087503505 0.24187548014070523 0.03964371823687877 0.5566671937097922 -0.591918925567396 
II_2Ip_5
-0.03754394134375039 0.13604465512467007 -0.058692118053686494 -0.06286012640480143 -0.03876023280632081 0.08813926769053387 -0.006251690397289181 -0.02007581380835981 
0.0006164125946194885 0.024873511521536922 -0.01841435556325223 0.08880136687382978 -0.028367587815739552 -0.03032260938491115 0.027370451602133687 -0.06455718982792012 
0.01766099758976878 -0.08222912611661039 0.053283325240971006 -0.03845210124898865 0.06762373153059095 -0.027890137564036625 -0.023152410446374998 0.03315572101419401 
-0.047754275210043676 0.01579997865839446 -0.011930648818651565 -0.06447235447885266 -0.03057646972492146 0.10268278836179359 0.06180893880472256 -0.025557957592238653 
0.02152533218500378 0.07569477734192591 -0.0018921320027392762 -0.03194559501169012 -0.006982647885243099 -0.05095214887253052 0.05219289866737991 -0.05764048442163145 
-0.01792909728902039 -0.05931018574943412 -0.006038836182771648 -0.05961453782133518 -0.012329262762413196 0.15930483410856403 -0.014409391874002545 0.01032647757051222 
IIp_2IIp_5
0.04072648288724417 -0.12231457982086882 -0.07193505736547261 0.015772617016338242 -0.060806629090112356 -0.0393600771652451 -0.03628015011501483 0.27419739365186463 
-0.056830442738078205 -0.12497782441330388 0.27812742325848744 -0.1763331634001115 0.010114196820041969 0.008780380167646982 0.12098546800959532 -0.05986603770361978 
-0.09745512844066793 0.39111821203649066 -0.12147027766132343 -0.06652700393570786 0.07816305212489322 -0.07944946136883714 -0.050138046488083995 -0.05424134626554617 
0.04044803355978468 -0.11994690106096685 -0.07201001485326478 0.015529680868332932 -0.061050348420849984 -0.039887056084375705 -0.03658386709371722 0.27350047308437164 
-0.05688256280940623 -0.12494813509621719 0.2783680125354283 -0.1765256385218297 0.009941451838315837 0.008722282942270329 0.12104725691877957 -0.059722667807130474 
-0.09699187043947231 0.3914110193200027 -0.12115364237852796 -0.06599386364451498 0.0785487547881905 -0.07929189805672102 -0.052539365396799 -0.053989134190228036 
Ip_2Ip_5
-0.04372055716765999 0.2805970246267642 -0.05327944497125213 -0.07338629823312508 -0.0664174484411061 0.022575495765357566 -0.03566723905853055 -0.03070153251888929 
-0.024271399804531364 -0.059519760376157874 -0.02068089199639441 -0.006125291034101647 0.10304782781109555 -0.028366298850336483 0.07874438926987326 -0.0428285750193762 
-0.024914344617200122 -0.05661372796036555 -0.04159984704203252 -0.06526038074353388 0.06897723230686581 0.1391284200449784 -0.025122094100653025 0.005404742111903802 
-0.04328542171849042 0.27689703019667017 -0.05316230818224421 -0.07300665957194968 -0.06603658589272247 0.023399010804051653 -0.03519261760710312 -0.029612448027518532 
-0.02418995126649665 -0.05956615615830254 -0.02105686317955347 -0.005824508305349106 0.1033177780598199 -0.028275509756030475 0.07864783114561452 -0.04305262053919735 
-0.02563828236280117 -0.0570713007257518 -0.04209465605167829 -0.06609352421760335 0.06837449103567964 0.13888219433787619 -0.021369529885448577 0.005010607869828437 
Ip_1I_4
-0.05380434940879562 0.8523917195191405 -0.24288248912081883 -0.11000211312897058 -0.03295546791008836 -0.15088437528288545 -0.15901161310580744 -0.10285131155814685 
-0.02368174577850717 -0.09436472316036908 0.17096747325305184 -0.15576793544262055 -0.1410312273355793 0.13685542906429776 0.046340242165262883 0.06068248723317195 
-0.12539694485724967 0.7713748145381332 -0.1938173363525631 -0.11992322972034794 -0.18321365200814943 -0.024241272497986664 -0.13283261810079186 0.008050239002066402 
-0.12288648915881104 0.1604639787862735 -0.08712869882202368 0.033334063467762784 0.057638506445261736 0.1954335140334495 -0.1009439888230523 -0.13591088592805936 
0.15773249174795345 -0.07650515007059037 -0.09426418337539312 0.2382135857595711 -0.030420219078074972 -0.11582523121830746 -0.08669857375202597 0.007767279985434531 
-0.15076382680484207 -0.15205365648782154 -0.027606087595858572 0.4627119739963706 -0.05395170049499509 -0.03254900921620136 -0.04751572239692009 0.0017280290017235218 
Ip_0II_3
-0.01852764306098157 -0.059062858565392985 -0.00629488385295908 -0.06004820361708416 -0.01254832625825467 0.15916028143063254 -0.012962584448182945 0.010284218372440812 
-0.038010476669803485 0.13753569899627024 -0.05882973944465375 -0.06305772703697507 -0.0389119127721741 0.08787958152574296 -0.006443650283294438 -0.020161774314589397 
0.0006754191699204594 0.024808817532384883 -0.018375274371708317 0.08872935839616204 -0.028483751634233077 -0.030365218712207334 0.027339310732067322 -0.0643286611119796 
0.01738831705699456 -0.08216684396909407 0.053232272060325374 -0.03852266103298851 0.0676778063540768 -0.027857408349611503 -0.02312618188262936 0.0333746997623889 
-0.048042659170027285 0.015839747701656158 -0.012059452491909125 -0.06449192792473638 -0.03055267686100929 0.10275403017017291 0.06179305945823864 -0.025240120881833996 
0.021544973792561654 0.0755669323433374 -0.0020487297975624124 -0.03198195025445344 -0.007052550088326971 -0.0509834798422401 0.052493131981203575 -0.05753832813401683 
IIp_0II_3
-0.3192078143807211 2.2187513056050157 -0.8066273099497719 0.05847922418222268 -0.42404306260819447 -0.4279483738046569 0.0011676741029086712 -0.3005716431346615 
0.20856983273524712 -0.6001851388332191 -0.14777256101877947 -0.02739422920437031 -0.1583262045139364 0.0839607157938893 -0.18916544790436424 0.8303130329411229 
0.10020983035155194 -0.3792076294763041 -0.014799082272563135 0.04938021586912094 0.24233020866730667 0.03977605765731353 0.5540974540989927 -0.5917870548933698 
0.456165719126042 -0.7839695164379463 0.21387606189836308 -0.24677347398765673 0.898895703314012 -0.5603678302315173 0.1296628248858848 -0.1074894885730738 
-0.5451424940686239 0.43987883311154585 0.036932481256241476 -0.4453371505637108 -0.4965305609826876 1.1166349399809599 0.3146548813099474 -0.42109093003756576 
0.17800598474529092 -0.6462943487500928 0.6295584757455818 -0.8650386213949596 0.46918945658402145 -0.026322210161563775 0.15967788277856573 0.10122338045029965 
Ip_2IIp_5
-0.006602152474009114 -0.0433707114773571 -0.015531202066806093 0.07322996285291611 -0.024228942559827677 0.002057667318582222 -0.010751941046236047 0.025197319452608176 
0.010814862323154636 -0.040653945513077744 0.06262170930068837 -0.018123128474187792 0.017276200797324566 -0.01229399892732865 -0.007931341117802283 -0.01171035838900182 
0.0018349219274323876 -0.039737935001577435 0.009940916611837049 -0.03991527704413125 -0.021281673212882476 0.09572046281175203 -0.008476758625100517 0.0019153425324145263 
-0.030134903541656204 0.03536700473205801 -0.008344676206529907 -0.022186738423954994 -0.04175820160456697 0.04810554000519452 0.04762116076467437 -0.02866918572478331 
-0.02725869427361364 -0.05947520663394673 0.10939987079972914 -0.07511352409141567 0.008204113485540458 0.04484420972904137 0.043220895136766586 -0.04382166415197754 
-0.011886032538197241 0.22988547492730818 -0.047255883162255846 -0.011842530770691717 -0.04998900344086826 -0.03758049881928574 -0.03123032015797315 -0.040101206037039774 
Ip_1II_4
0.022117537350260893 0.0719551895301047 -0.0016433925905321143 -0.03142027787914485 -0.006620735826678655 -0.05027094218225517 0.05252773924073024 -0.05664511764201491 
-0.019414295354059925 -0.05922064074339147 -0.00638095490682118 -0.059847261299440825 -0.012113511396742658 0.1594224186557189 -0.01285988503404968 0.010414130078382332 
-0.03832070989053041 0.137478136816833 -0.058792952911265434 -0.06287580570974584 -0.03890051756004758 0.08794395416288615 -0.006530989567121879 -0.020001115340266273 
0.0007620613162009059 0.024678377777817524 -0.018130248354366642 0.08884725882796139 -0.028474211762763758 -0.030461760009159043 0.02729070447975289 -0.06451218227494954 
0.0163812364981939 -0.08191645060836815 0.05349300133976302 -0.03864572635850213 0.06781787835615044 -0.027762805254954715 -0.022978143997373725 0.0336110100245574 
-0.04767094882970587 0.016222843201501438 -0.01151410057267402 -0.06354555879150744 -0.029993387845163637 0.10304413978678258 0.05813880305330929 -0.02468179000201377 
Ip_1IIp_4
0.011264283835488343 -0.04167428564643492 0.06275378266764772 -0.01805406998114434 0.017241724170147844 -0.01218030463454627 -0.007844002553796149 -0.011507127857554493 
0.0016616938269431276 -0.03965441065015149 0.009892673767687599 -0.03993085845241581 -0.021169002121882736 0.09575534366687603 -0.008429994751800786 0.0018745547145875728 
-0.03022646163104803 0.03538691148489087 -0.008411810398448204 -0.022177185410943635 -0.041770051144640136 0.048150832610944015 0.04760985455160367 -0.028562090062343476 
-0.026891090503984128 -0.05959458811645854 0.1093835272406702 -0.07504287717626168 0.008161128449923696 0.04478293485328363 0.04316009992357864 -0.043959134670856714 
-0.012309376789209785 0.2298351336115685 -0.04736825451628336 -0.01219719963260709 -0.0501346019523952 -0.03764630056436836 -0.029967657674494413 -0.04021174248173877 
-0.006652766968879413 -0.0420622588883682 -0.01551308652536728 0.07332511488506446 -0.02421260313364439 0.0019023077908956593 -0.011842717287113624 0.02505601012745911 
II_1I_4
0.16872812266472867 0.28791049715574457 0.13347533783295976 -0.19892368178447414 0.4134071466047947 -0.16707249188058937 0.028464273657677973 -0.6659892042492814 
0.8266984423775914 -0.8545983971323478 0.30452587128373143 -0.595344286855863 0.8640605566131974 -0.6587592610511007 0.31295813763557384 -0.1995410628752523 
-0.8126260482523964 1.353885307667382 -0.6128662845954749 -0.7990859765040916 -0.4577052814724316 1.5625908139125055 0.46043230453120915 -0.6946248352775909 
0.28835423014026307 0.2508346384264843 -0.012766529482565686 1.2651335062666007 -0.5148108366051516 0.06600345401791607 -0.2813361602216667 -1.061412302538076 
0.3796209426031408 -0.7053361485051456 -0.32129288207356377 0.008825550363844584 0.17884927752336735 -0.7318571699290269 0.23724031385877764 0.9539501161494357 
-0.37224026743948035 -0.9092106410803421 0.19202434297400126 -0.4870185073735256 0.6699644364264046 0.31459597696092273 0.1919700825051537 0.3999145770229973 
