II_0I_3
0.8218947061352604 -0.8613096228055755 0.29828444350248334 -0.5997222698145389 0.8575434950213054 -0.6198789921838277 0.3048948534531574 -0.20170661331905604 
-0.8105608474961506 1.350559202167861 -0.6150733519533328 -0.8062334467239362 -0.4636275482573443 1.6025917358851314 0.45334703504849155 -0.7110027786556103 
0.27965835033754016 0.24808851916265257 -0.019060861951865453 1.3098661325391956 -0.521435002617548 0.05971760778981567 -0.2853084734659745 -1.0715262717909948 
0.39008695705562674 -0.711931904862976 -0.32455395710758317 0.008372837437623315 0.17939041387815466 -0.7333375778928173 0.2388084828521665 0.9531647486365664 
-0.3747696787322204 -0.9099219890353405 0.1871134378835138 -0.488608499699479 0.6694998162849122 0.3110120450074103 0.20532139515885978 0.40035347312936 
0.17485169360499744 0.29158318357432117 0.13122693484438047 -0.20102948216444178 0.4154580940104689 -0.16799547769045078 0.02140488536298691 -0.6654998315390487 
IIp_1I_4
0.5466072228525483 0.3830324690738077 0.5435899450630844 -0.6745868329050982 1.1543428060305916 -0.7294657857641573 -0.3737334544438447 -0.8497863699138714 
-0.2587172022292149 2.593033252819346 -1.079996264741105 0.1706482553427441 -0.7476452482214733 -0.17267325486983043 -0.4468482792684646 -0.057801258823169374 
-0.17839313931891135 -0.852519458128062 -0.2951613586516856 0.08630711967446962 -0.12938674606305184 0.06842203469150919 -0.3705157919342308 1.671247339726567 
0.11814878105582388 0.007298539137773898 -0.7357130092814529 2.731586166037619 -0.5620572325971108 -0.11381377328327753 -0.2685076849217455 -1.1769417861458844 
0.9308313808631292 -0.6965270268706951 -0.41573615631631083 -0.030471250375641832 -0.13582694839413625 -0.5881263374055387 -0.09163030697130939 1.0274866454602112 
-0.10525350606579764 -0.6354924180531286 0.1174344164076255 0.5892108683448808 0.16434591802211412 0.03344135217010919 -0.1227515050632246 -0.040935125764763186 
IIp_2Ip_5
-0.02989531620034346 0.03552076059087808 -0.00829408634462024 -0.022146009863029125 -0.0416725626883464 0.04735495939113512 0.04779445955370751 -0.028662204438537127 
-0.026816021152809313 -0.05950008429293607 0.1093639657586861 -0.07494136536494864 0.00825858427847572 0.044010808179046595 0.043319563786789604 -0.04369545119212457 
-0.011748674603026086 0.22982052127605326 -0.04731709482498193 -0.013043881998695009 -0.050058440709743635 -0.03756094961284972 -0.02992143154944378 -0.04017004797661782 
-0.006794679979819354 -0.04204624385878295 -0.015594928875309345 0.07308865140303439 -0.024388426980827743 0.0018377344243760282 -0.010922234709833627 0.024820128577044437 
0.011284851354519431 -0.04073817074885308 0.06273306552345038 -0.01819695213864195 0.017108041148735924 -0.012318062530911047 -0.008011744619661974 -0.011861027989065291 
0.0018911022536418757 -0.03959636827283544 0.009952019891288843 -0.03995703034783563 -0.021348141011760392 0.09567207007313688 -0.008323541486966337 0.0017098889009647413 
IIp_1II_4
0.178977304424208 -0.6455549029100033 0.6305865788069591 -0.8633293661066248 0.4702322952863848 -0.026747681040340428 0.15366899707112844 0.10216677446404786 
-0.31835913638078805 2.2126794851377602 -0.8059872986720331 0.05941164142092326 -0.4232731844930446 -0.42770826532652995 0.002031741088126781 -0.29879498276302074 
0.20717473306701284 -0.5997461931277388 -0.14785047282181354 -0.02815984354067794 -0.15750840665340102 0.08443300809307694 -0.1889714369977393 0.8306286119765258 
0.09967504972812534 -0.37920892148394586 -0.014656102851831181 0.049678852594136125 0.24225962756082267 0.03987847444248402 0.5538946742839701 -0.5915216542725746 
0.4563770796937165 -0.7841812840808324 0.21436026705327163 -0.24662657552134934 0.8988939019277025 -0.5604740633244133 0.12951958293787014 -0.10786890869040865 
-0.5470312229769957 0.44046365966796674 0.037359876221970185 -0.44554281345549274 -0.4963663592895602 1.1167909297883014 0.31504642975718183 -0.4207204997108096 
IIp_2I_5
-0.09589859414452602 -0.6364879420535655 0.11548865284588579 0.5875631175223242 0.1591844600008729 0.04734154092764348 -0.12314790996145288 -0.054043325134717254 
0.5648423095589306 0.3830481833783127 0.5453451414445804 -0.676237647218205 1.15198162395026 -0.7289503981257864 -0.37320466878106145 -0.8668245442179615 
-0.2476355055377734 2.592322372409866 -1.0812891219273641 0.19093678089376315 -0.7500464468960075 -0.19134550656038146 -0.4451969383679014 -0.0677456340030887 
-0.1572627408326968 -0.8545340456999464 -0.2939587907772481 0.06963159570248184 -0.1285345277378342 0.06852245829825505 -0.36756714190638184 1.66370319294862 
0.12992432418566166 0.008770079563487364 -0.7359409926216264 2.7319419464808408 -0.5638357528904203 -0.1162821318474935 -0.26713352700526094 -1.187443945863592 
0.9493474232991794 -0.6998587763189436 -0.41475852557180853 -0.03152033810495485 -0.13680510568699225 -0.5884911843865025 -0.09455512012012808 1.0166416268806926 
II_1II_4
1.3925771142965693 -0.5833775932833969 1.330957878168591 -0.6928197489394928 0.22515330469960443 -0.9835104886224902 1.1180224768137421 -1.807002943140829 
0.40927262340209175 -2.0463370992501924 1.2769466583161517 0.023240932429818718 1.9241356443863837 -1.5665529254001564 -0.054925012009391094 0.03421917810778103 
-0.8651529783130045 0.14592056046176854 -1.3538637186523974 -1.250972999767919 -0.7264564966263406 3.0402532236723907 1.7458318491960556 -0.7355594399636235 
1.3798934635207933 -0.5835757406274945 1.3276301040233471 -0.6954716652662726 0.21979566577474338 -0.9493197354512847 1.1097005152810873 -1.8086526072532831 
0.41156807089442493 -2.049534409983974 1.2781478978036334 0.0167484138974986 1.9182282519731484 -1.530379535526562 -0.0639769719694369 0.01919828289961994 
-0.8785807590104797 0.14856059150015394 -1.3575260881361821 -1.2123494520872171 -0.7345912548471445 3.0339455579699517 1.7473997668261803 -0.7468583622129383 
I_1IIp_4
0.11201217762690074 0.0065638632557984775 -0.7378171844762718 2.7300450088078874 -0.5648981901063618 -0.09518818579659867 -0.272861394698562 -1.1778560946080092 
0.9319586893407593 -0.6982537591764094 -0.41544965681563645 -0.033924650592241846 -0.13895935809168017 -0.5685869192412776 -0.0962323841821956 1.0194480387468594 
-0.1118158976986068 -0.6347053615559924 0.11528779794846176 0.610304259428716 0.16021068370455452 0.030080626283019544 -0.12252351639448665 -0.04683859171588664 
0.5527816140428998 0.38249011880455924 0.5447157712563132 -0.673553989303135 1.1567020755816557 -0.7440263988190635 -0.37000970880435313 -0.8490994827589962 
-0.2598178990960012 2.594409891612263 -1.08087571131686 0.17349661809073566 -0.7450438295838174 -0.18824442244316222 -0.442664350594643 -0.05126029666180972 
-0.17192226956617382 -0.8542948663730415 -0.2937532110746597 0.06991175487654513 -0.12562622809031124 0.07118365006683977 -0.37180965417867035 1.6763108243361065 
Ip_0Ip_3
-0.025793504291080464 -0.057214620914665185 -0.042105431665290106 -0.06542109197663858 0.0684891098221384 0.14251700166111855 -0.025891107541117373 0.005419644905636715 
-0.043078009875664326 0.27647022566346685 -0.053086773354214675 -0.07346761666201487 -0.06652785044714607 0.026695879958026695 -0.035856747919429825 -0.031149107361588484 
-0.02600282255085791 -0.05954932742134579 -0.0212880377850508 -0.002150830116397042 0.10290910786689204 -0.02871726395090952 0.07846038367262588 -0.043661209714634865 
-0.024517635534997275 -0.057194688955794194 -0.04177068553151564 -0.06515433146383141 0.06902804330679059 0.139077699011694 -0.025053988095257267 0.005585587262175788 
-0.04330891261715673 0.27679184827364467 -0.05320760795911843 -0.07281452381907522 -0.06593361637814266 0.023057140705711947 -0.03494619676197534 -0.029638131442785216 
-0.024652100573598464 -0.05981489237397888 -0.02091963417006623 -0.006036034668785339 0.1037273962315784 -0.028082765750414764 0.0783026643257061 -0.042524633020001146 
II_1IIp_4
0.10003121482680657 -0.37919230343278315 -0.014554106346319425 0.049757786405774565 0.24241437918757225 0.03888232452899585 0.5541340252986552 -0.5914733204665011 
0.4563123326341117 -0.7840883901059154 0.2143316346909591 -0.2464388592695004 0.8990645317280619 -0.5615251012065824 0.12977761896582307 -0.10743376744457354 
-0.5466530242606696 0.44039800906807625 0.037469201578605824 -0.4466690305293193 -0.49613447829521196 1.1169733992094115 0.3150115831482777 -0.4203956599120518 
0.17862048544601047 -0.6455494232844647 0.6305015116650531 -0.8633995040525837 0.4700858787943982 -0.02582187149436531 0.1534405469640458 0.10212237595946234 
-0.3182948498096697 2.212592649184484 -0.8059484059470302 0.059234394744083256 -0.4234346260183738 -0.4267258941025438 0.0017809407067974666 -0.2992042087498287 
0.20679811804704604 -0.5996634400763589 -0.1479470196685519 -0.0271149211712453 -0.15773380355086836 0.08426090568828774 -0.18891814649867855 0.830318307225913 
Ip_2I_5
-0.15066558460206314 -0.15193746527308424 -0.027598095954946823 0.46217228884876743 -0.05404069752255124 -0.03546448679443224 -0.04388506037127523 0.0014191016711779334 
-0.054346660508152705 0.8557078767940414 -0.24303777894633755 -0.1099364073369278 -0.03286372634067485 -0.15418988785789406 -0.15886083416182004 -0.1024725816401889 
-0.022317393415524953 -0.09433981028967238 0.17145455222173958 -0.15895852046874576 -0.14091675728370393 0.13714019210345918 0.046567034596806736 0.06137070253665208 
-0.12574157601648694 0.7718425651992733 -0.19368064039662705 -0.1200078442063172 -0.18325118747346256 -0.024197518793797126 -0.1328884771838107 0.007924678873688995 
-0.12289386745377419 0.16054973979995865 -0.08709287502756542 0.03318035567657698 0.05755907570166643 0.19571109174025092 -0.10114304001932203 -0.13587048041655161 
0.15807776633547707 -0.07630428237763724 -0.0943749116805205 0.2383840749118932 -0.03074591073529891 -0.11597698153797392 -0.08642271135047461 0.007362956433942228 
IIp_0IIp_3
-0.09689912644665846 0.3917884849973226 -0.12086258133528835 -0.06624182025344001 0.07875653132892231 -0.08331691699590363 -0.04931284691115826 -0.05391172438248915 
0.039918876137243826 -0.11950160139073915 -0.07197262606306727 0.016127590157312497 -0.06043024837084298 -0.04372768594094199 -0.03585056721316255 0.2754362626830102 
-0.055682786391886716 -0.12480727952748719 0.2787591590853891 -0.180853684374781 0.010534627138867455 0.009332745746070285 0.12133171560212135 -0.05861449727838066 
-0.09837970616967127 0.39176535498956816 -0.12125103691562752 -0.06655138203582649 0.07813112688534606 -0.07932578409961367 -0.05028428074508378 -0.05410429190730492 
0.040186826830038304 -0.11987482780036914 -0.07183240375173808 0.015369709681150005 -0.06111982628313089 -0.03950511717869441 -0.03690721475149999 0.273682853253944 
-0.057250229407750985 -0.12449910513093339 0.27833164573841324 -0.17634510537529413 0.0095850458010436 0.0085964433909655 0.12151474074937603 -0.05993343576608777 
Ip_0I_3
-0.018821116801954713 -0.0911638957112462 0.17470724664055778 -0.15370445278417877 -0.13835294559666897 0.11489523476545059 0.050660894043167606 0.06177903544578201 
-0.12604043749378788 0.7734027515667289 -0.1927119344773594 -0.1163576844963069 -0.17986795422720586 -0.046477330368004666 -0.1286934588525616 0.016746048351537642 
-0.11832966652983103 0.16226943447026124 -0.08420803674201167 0.00834855603995855 0.06127404315294712 0.1991481893408919 -0.0986549795771127 -0.12984754015303587 
0.15432649025913128 -0.07347175742134172 -0.09301248197092914 0.23877660499658482 -0.031044592927055206 -0.1152521398886428 -0.08792229197806216 0.007600168928428308 
-0.15048094066861678 -0.15249363792581633 -0.026109050099905783 0.4613432437302781 -0.05497082170474007 -0.031220081440449136 -0.046308522946682404 0.0002398110557814228 
-0.05841795198312834 0.8589036094812109 -0.24246178040086241 -0.10992026309445124 -0.03496970347248794 -0.15197480879588776 -0.15607387610580334 -0.10508522562513835 
II_2II_5
-0.8699981837195 0.13131063219753836 -1.3704417528345039 -1.2207212640601042 -0.7439804626499491 3.1054002113069905 1.728588225429487 -0.7601574056525271 
1.4048835974977743 -0.5958099061658362 1.3218784661625071 -0.7088434446605156 0.20756757625787425 -0.8783253763272283 1.0985933250951099 -1.8499442378697535 
0.410825402294027 -2.0557426002346966 1.265085210386804 0.10006179178972835 1.904997941832247 -1.5466661750233144 -0.0678800319031089 -0.010681539156861564 
-0.842284696208113 0.13174357962307176 -1.36317064226485 -1.2149268874010741 -0.7322741438572201 3.03069419584247 1.7467715214760364 -0.7565529272109552 
1.399868097110653 -0.5888238551706465 1.3192537852967547 -0.6946574398203585 0.2204750938801079 -0.9573634077413045 1.1183716510497936 -1.817123924605778 
0.44016479670171177 -2.0615110078111867 1.273087404133919 0.01567022147394102 1.9227722029122893 -1.532884069402645 -0.07130589614758384 0.014006348120985761 
I_1I_4
-0.3137630377420499 0.4701408463082352 -0.5050419804672295 2.512187925931364 -0.4948948472269104 -0.23479060213903566 -0.7942219223977248 -0.6396163822610259 
0.08534786420238315 -0.5427676373752371 -0.1520187275704546 -0.1201553699079565 -0.12284831879596664 -0.346635530271332 0.07806874317795878 1.1210089765373417 
-0.4177031273794704 -0.7259363534987953 -0.08814615429326833 -0.24409443303930017 0.15258021554742637 -0.07953269537138928 -0.1719106556830357 1.5747432037167348 
-0.31250781671295663 0.47016045570299353 -0.5047126516200054 2.5124503693872087 -0.49436463544760756 -0.23817424562880743 -0.7933983502808003 -0.6394531253941214 
0.08512069822207789 -0.5424512196701997 -0.15213760667642082 -0.11951284624205509 -0.12226370137663818 -0.35021538282792913 0.07896455864124448 1.1224954999266248 
-0.4163742644992403 -0.726197620742495 -0.0877837126531378 -0.24791676228189016 0.15338526133139274 -0.07890846542597059 -0.17206582261545494 1.575861386885032 
I_2Ip_5
-0.12622478479523666 0.7700430600197312 -0.19531828527310263 -0.12096428593972543 -0.18448560959547142 -0.01553980827791358 -0.13449154822936832 0.0069812620947789375 
-0.12200815913068104 0.15974370495044807 -0.08778368431689096 0.031736411351799144 0.056206266146688735 0.2044194324595873 -0.10252321716030476 -0.13979075429872548 
0.15734853566664442 -0.07744579695774766 -0.09571465523606339 0.2483787310570564 -0.03209033467945772 -0.11745524537907165 -0.08770938506892534 0.0046881505960528185 
-0.14880456929936 -0.15370034836473043 -0.028620693285158226 0.4617059809280443 -0.05428490740928464 -0.033125996854072984 -0.04395004565793741 0.0007805799422173536 
-0.0538852025357084 0.8554927769167693 -0.24395060432422003 -0.11018038813673715 -0.03312471684449508 -0.15216720359144412 -0.15856800540726987 -0.10361665607493642 
-0.0205648680481961 -0.09596926201392923 0.17079169696050667 -0.15610236507482497 -0.14075769485346826 0.13682772682457744 0.044990574417662056 0.06078419178832646 
II_0II_3
0.4007017967931678 -2.0574968188367233 1.2664178815958826 0.01230483885333753 1.9118060728704873 -1.480115972739488 -0.0716626820383879 0.018044883485405717 
-0.8702411659702098 0.138594493926811 -1.3613877742808784 -1.222016620514554 -0.7400269060470622 3.0883385027166645 1.7325914805268388 -0.7658520103401104 
1.375158779608126 -0.5926424093786281 1.3178800192072002 -0.636021510305569 0.21176248922192037 -0.9590921284838052 1.1059194807429336 -1.822964720626325 
0.4208240723129016 -2.0571824633285045 1.2716973070095412 0.0165120337653942 1.920305824914063 -1.5343586957198097 -0.05846011080735819 0.020662031844568537 
-0.8738828325297141 0.14366694259548696 -1.3632935088649731 -1.2117164120801667 -0.7306549846799026 3.0309503791949104 1.7469521748961294 -0.742021758528023 
1.3964615975087122 -0.5968307485920217 1.323690271248602 -0.6972967441951886 0.2246680673627501 -0.9490851841590205 1.10343202101353 -1.8050392801849529 
I_2IIp_5
-0.1695815915825557 -0.8547407790539491 -0.2960768382935112 0.06823504055387049 -0.13074660940606814 0.08815097126510565 -0.3723411366073065 1.6671009431169683 
0.12537814476076178 0.007282533911720546 -0.7355931158912586 2.7285228317877364 -0.5663479113460309 -0.0956531987817251 -0.2722233833052968 -1.1913659011290507 
0.936603757285148 -0.6985061517158547 -0.41697881215392396 -0.009938918881498822 -0.14042698925971825 -0.5912757313320547 -0.09432489992220378 1.014847745967862 
-0.09504868479085805 -0.6364889495564522 0.11682565625941334 0.58891990607172 0.16253492991789295 0.031471613091693385 -0.11928165455176326 -0.048932816444198654 
0.5579128890725252 0.38488023543441335 0.5444458350965101 -0.6729159251805249 1.1556027968921436 -0.7458783721168672 -0.3688963564232303 -0.855151102776633 
-0.24643782092365987 2.5909339931783437 -1.079706965034313 0.1724174245033486 -0.7452224436029677 -0.18758113963989442 -0.4465946036662047 -0.0578084448049385 
I_2I_5
-0.4132713734798015 -0.726684880745252 -0.08843340972220252 -0.24845797376405382 0.15185608892805222 -0.07450453809908483 -0.17236199265769558 1.5718580795353503 
-0.30829141245171077 0.4699742446084783 -0.5046779964976235 2.511557235858389 -0.4957856592696339 -0.23350104814510184 -0.7942829569101265 -0.6449924071839227 
0.08882150603108885 -0.5430894456593264 -0.15248522156505193 -0.11396453186274437 -0.12376759610836788 -0.35135942568095235 0.07837671583949482 1.1174679990021983 
-0.41135086652499425 -0.7266548780778752 -0.08792953165861277 -0.24805643135000194 0.15266732088327897 -0.07968156326361706 -0.17110191499672558 1.5721078649843236 
-0.30863897980046556 0.4704583684312589 -0.5048598833084766 2.512540306680396 -0.4948911858712573 -0.238978276117594 -0.7929123458484266 -0.6427180041574304 
0.09085468612016867 -0.5434891884509696 -0.15193068043266447 -0.11981275279236131 -0.12253586401378685 -0.35040434452466884 0.07813930811155397 1.119178835979877 
I_0II_3
0.38154245992188024 -0.7067453891448023 -0.3226806208423686 0.008735860032730816 0.17785338994850589 -0.7276552837919437 0.23592870340807975 0.9530208804603401 
-0.37336260960931583 -0.9105784413260953 0.19037679948877115 -0.4903823425000029 0.6678045624966183 0.3184081293152316 0.2010768983743256 0.3966570037605982 
0.16635358145097962 0.29744442232923185 0.13188016426273796 -0.19505200354098057 0.4116392511808389 -0.1696717651921789 0.026879983168727528 -0.6694736336603759 
0.8301245065020415 -0.8558610545764075 0.3045588055086498 -0.5958520524671675 0.8630920201055525 -0.6594144256494366 0.3130209792501513 -0.19966877867810878 
-0.812189538329772 1.3541312360115927 -0.61339864560878 -0.7994208470801876 -0.45751019670621357 1.5621480291133156 0.4610738761689662 -0.694833913559048 
0.28891865743809647 0.25045828162086325 -0.013564099992663533 1.264763453669878 -0.5144955190881884 0.0663832923969773 -0.28190696766010176 -1.0605570983790595 
IIp_2II_5
-0.5315056695514073 0.4520021922523255 0.049963668485781286 -0.43798686577122803 -0.4860053702454494 1.0410696817920848 0.33012843793110164 -0.4176660748788362 
0.17720241939253495 -0.6389555627826589 0.6344364782082758 -0.8505973400820042 0.48147035811324945 -0.10297994814266528 0.167628096288597 0.13179549899864898 
-0.30095778560106445 2.218443021155831 -0.7951828956547543 -0.02712375694669527 -0.4109197105280761 -0.41435375170836686 0.009746907936179725 -0.2796520286429383 
0.19344223595000365 -0.5885877547256867 -0.142926798418831 -0.025602019427406506 -0.1595726961393486 0.0864331996412127 -0.19280579128452077 0.8296196244002125 
0.1034721778487846 -0.37988819775413474 -0.00797969943694125 0.04769155311245348 0.2401844635103671 0.04513118393963452 0.5474568111173375 -0.5960682923371592 
0.44312585866623466 -0.7723169783223665 0.21678877565204163 -0.2449961657025271 0.8928747154515475 -0.5624665545469049 0.14105123300062386 -0.11406088420338527 
I_0Ip_3
0.15948494742020267 -0.07598267803662125 -0.0936636575066692 0.23880805759854243 -0.02987506306183003 -0.12070558299191442 -0.08586584419150813 0.00779982076805953 
-0.15134665175469145 -0.15192273611790555 -0.027793065819033395 0.4627172712327166 -0.05368103462018873 -0.03766407809472053 -0.04352995017060556 0.0032202453463457594 
-0.053223643738856435 0.8558410943373961 -0.24249233064446596 -0.1158656642035212 -0.03247051757873384 -0.15066282190541241 -0.15886408489159742 -0.10226203137210794 
-0.02382627716185072 -0.0938335950462438 0.17138947106857644 -0.15579802425692726 -0.1414765797280095 0.13683940328671185 0.04604881747959158 0.060656784358155684 
-0.12506676883429368 0.7714115958111573 -0.19343337728241497 -0.12018621864446308 -0.18331185763144 -0.023934996070670532 -0.13316837014648722 0.0076899928007060254 
-0.12389525932333874 0.1613224195238484 -0.08717330375625537 0.03335283754459888 0.05725471378405284 0.19540574018836868 -0.10018879023415994 -0.13607835772626395 
IIp_1IIp_4
-0.056755082271696726 -0.1251695672513504 0.2781286602565188 -0.17646900378133862 0.009846940428506453 0.009142941020428327 0.12083573879892641 -0.05956062719943719 
-0.09777043829249474 0.391155673913758 -0.12153458521942324 -0.06670176948515154 0.07817533806472729 -0.07898022634995806 -0.05017844711912313 -0.05416554551091181 
0.03980724281501641 -0.11987606481314501 -0.0722417512798994 0.01597088013341361 -0.06107281158405787 -0.03983648658905541 -0.03662483606382478 0.273873827380668 
-0.056588452267541174 -0.1251669641134047 0.27817237850683535 -0.1764341645354272 0.009917325794045818 0.008693763930624812 0.12094506761199698 -0.05953895492678905 
-0.09780059447006556 0.3911976782160275 -0.12155036636510248 -0.06661647476919065 0.07825294575355514 -0.07945545010152295 -0.05005952803559539 -0.05396821022665047 
0.03998364874049726 -0.11991074791745847 -0.07219363732177048 0.015463467715272872 -0.06096594213296715 -0.0397536203559129 -0.03664543440146923 0.2740222656729839 
II_0Ip_3
0.017088944380782647 -0.08243792422367724 0.05297936810116912 -0.03867967299026864 0.06744912384537986 -0.0262034587261391 -0.023463958429224822 0.03326757804127628 
-0.04808491018513471 0.01571721205020966 -0.012122678312600856 -0.06478863139125175 -0.03079190912793463 0.10445978171554829 0.06149873761757029 -0.025887602365416946 
0.021239269711209215 0.07547368150345508 -0.002233396874581781 -0.029981628292405228 -0.007274695411066795 -0.051231771994750604 0.05194208426000505 -0.057933542901707755 
-0.018148038776684822 -0.059687957961112495 -0.006369354218135033 -0.060034859445112755 -0.012470821300279232 0.15918033197206458 -0.012836269189620827 0.010366968918403809 
-0.03815984860658024 0.13756896706434368 -0.058990199027177934 -0.06299919808982973 -0.03882829370105956 0.08777991476036763 -0.006293451045098988 -0.020077891354277094 
0.0009720007422475994 0.024538140544115596 -0.018424920870500176 0.08871048492369753 -0.028357171726228286 -0.03032135773396206 0.027078749710078658 -0.06419592558901172 
I_1Ip_4
-0.12541466525686243 0.15853919114997764 -0.08950927553907029 0.03193576676737692 0.055823652374757185 0.20857622915937837 -0.1035295421451888 -0.13642135650829224 
0.15908382681977254 -0.07790109728946705 -0.09515015336424221 0.2361064472259212 -0.03252637696892773 -0.1026168583449219 -0.0892588746677792 0.002263086588676461 
-0.15395009978043792 -0.15337346157518045 -0.029915823166865193 0.4768181941617109 -0.05659507015656333 -0.03495842118241121 -0.045773947468103336 -0.002251370829359101 
-0.0516911525247352 0.8535170643736273 -0.24404770871106893 -0.11066186194443038 -0.03296807763260142 -0.15185696063197499 -0.1587038009572765 -0.10358750196813028 
-0.023299077100302847 -0.09446528569094637 0.16991083874660395 -0.1555619366309565 -0.14102972282044665 0.13575694057778423 0.047419377109970004 0.061268865808672385 
-0.12271796562548194 0.769383741902051 -0.1942884852326473 -0.12034580342134973 -0.18217188603061493 -0.02397087957839235 -0.13472219771528934 0.008833475704839899 
other
-1.2778208223951475 0.8689523175163738 2.230708237758532 -0.5248289007434469 -1.933826979147787 0.48034511311840117 -1.84286921129158 1.9993402451879096 
-1.310860385334412 0.8593271101441126 2.2138903467965507 -0.5146085452815635 -1.9317412632341477 0.4776447777060772 -1.8449696150938593 2.0513175743073027 
-1.273898659443317 0.8575849111781387 2.227237643184748 -0.7078509165243828 -1.9295438162467626 0.6521193392626936 -1.8571571108474472 2.031508609446529 
-1.3341061761085824 0.8680730128420401 2.2159408061883146 -0.5365971251420825 -1.9576022002827624 0.6320710372822921 -1.879799000416067 1.9920196456399968 
-1.3006740378652761 0.8451386269705621 2.2192210036075073 -0.5434199426114368 -1.9579560871358737 0.6381689106871435 -1.8851388673979592 1.984660393752828 
-1.3334861866791576 0.8693003930567954 2.210985401190188 -0.5364538888760199 -1.9656428662648255 0.6241282504674421 -1.8501992719744456 1.981368169083999 
Ip_0IIp_3
0.0017198082730399502 -0.03986614179968762 0.009758023121374438 -0.040070980679027896 -0.021409689387674253 0.09670317220249112 -0.008645625125255416 0.001811433394640582 
-0.030133443702809723 0.035318009569174136 -0.008477134786110813 -0.022389896894906603 -0.041914367264677704 0.049155118633111984 0.047448330968695024 -0.02900661652171836 
-0.027132026112881198 -0.05964077491722768 0.10917831201339724 -0.07392951641885497 0.007991002741958455 0.044643106337744806 0.0430669654652625 -0.04417706910926703 
-0.011849805346547568 0.22961787692612243 -0.047495912186658495 -0.012183159702014466 -0.05014741743589954 -0.03770385547886581 -0.029957007565021055 -0.04028071921052375 
-0.006807919806381716 -0.0421482850946652 -0.015736981156150357 0.07310139217911411 -0.024328499423791 0.00175820136101878 -0.010803411643665316 0.024965503584403633 
0.011319328247843378 -0.040884141567102496 0.06262967696975384 -0.018195776858017675 0.017221889861777015 -0.012334318570639123 -0.008101734306269445 -0.01165492377777563 
Ip_1Ip_4
-0.025550520420678787 -0.059504582997650615 -0.021041829458267942 -0.00610367199356008 0.10327528324262153 -0.026770896406822564 0.07852701273715926 -0.04283079470249829 
-0.02511810331913006 -0.056821306957767354 -0.04162173425436155 -0.06532173058141064 0.06873849878742763 0.14059511472338734 -0.02548076735024651 0.005030028952311781 
-0.043500589694098334 0.27666180901287485 -0.05311034550753932 -0.0713117160997902 -0.0662519341336485 0.023065148631998482 -0.03537892796610865 -0.03017344424244786 
-0.025018995157448168 -0.059496279369432546 -0.020902374654542383 -0.005992539911040191 0.10349980223095638 -0.02820370541394052 0.07887575560881993 -0.04276166333265676 
-0.025214297100697333 -0.05668731939698662 -0.04167207379348885 -0.0650496529530971 0.0689860559271288 0.1390792206869919 -0.02510143292320954 0.005659499553424234 
-0.04293788067649068 0.27655117499922094 -0.05295686904108677 -0.07293028725944156 -0.06591103626603206 0.02332947975643071 -0.03544463364079262 -0.029699947870854126 
IIp_1Ip_4
-0.02740622812622871 -0.059968086575478946 0.10888590695995838 -0.07533150276958515 0.007797304014558459 0.0474185741305873 0.04264696281152076 -0.044042930445015935 
-0.01194641845288411 0.2295321739221503 -0.047566834653013 -0.012606107973152305 -0.05056815369466601 -0.03501635318773221 -0.0304931764746209 -0.04133512948519251 
-0.00733300947386516 -0.04235848320800007 -0.01602219544750538 0.07605646533444488 -0.024790571668638652 0.0013953354995334623 -0.01115979334862708 0.02421225231296262 
0.011638829062385786 -0.041116506616466944 0.0624888505920495 -0.018228118619644074 0.01720493697666301 -0.012437046939867202 -0.00782020835791098 -0.011730736097545467 
0.0018239934043302022 -0.03969446906393278 0.009692682295614473 -0.03990367022227665 -0.02120483779899081 0.09551834509077688 -0.008219820309175554 0.001987776603425836 
-0.02967165277653441 0.03499633239235057 -0.00851047244710663 -0.022276787645388617 -0.04155917698333863 0.04820079792581641 0.047240779502192576 -0.0284198199676377 
II_1Ip_4
0.0008956216851325458 0.025002107217602203 -0.01815364314828242 0.08887705379461312 -0.028307450117498887 -0.031658542673983665 0.0275899272228983 -0.06424507398006951 
0.017350519058550423 -0.08206272888586993 0.05332533234545373 -0.03829162805483712 0.06787683309010732 -0.02918957584759739 -0.022888444851673358 0.033879693145310495 
-0.0478709874245736 0.015968261138639785 -0.011849157020806257 -0.06598831920418441 -0.03032125732473247 0.10298097293252123 0.06194308973258802 -0.024862602828622387 
0.021340285444858904 0.07579748187738672 -0.0019085866923299688 -0.031856026810800415 -0.007026514909260223 -0.05091526186364284 0.05204911833064422 -0.057480495376234494 
-0.018432854978924208 -0.059447759246720806 -0.0061433164345214095 -0.06003377208761166 -0.012542894226038319 0.15932399007697975 -0.013032214505088246 0.01030882140190918 
-0.038356001125924535 0.13776290957922266 -0.058799675398348586 -0.06301382747013401 -0.03897211822250998 0.0878687398020829 -0.006241791337843756 -0.020248235825990064 
I_2II_5
-0.8100854881107497 1.3549471023343373 -0.6120309538045677 -0.7989814781583731 -0.45694663041183525 1.5566487757098557 0.4618736402665405 -0.6954249678069153 
0.28874032292440655 0.25163660456565434 -0.013100244279461616 1.2658118428295557 -0.514085172051325 0.06035142686896843 -0.28012424288875254 -1.0592305379685714 
0.38449504949590485 -0.7056453085100591 -0.32109768653206183 0.0026361678953541207 0.17931838334173977 -0.7312941545818662 0.23746159730579497 0.9541259515781679 
-0.373754076446219 -0.9093644317356686 0.19100876529447688 -0.4895220550998804 0.6682437891229432 0.3139086509989742 0.2016667718619178 0.3978125859987262 
0.16838616549899985 0.2977149693379921 0.13304612949034308 -0.2003441147749969 0.4121316884630333 -0.16861878834109595 0.02689123021445047 -0.6692072798877957 
0.829048879963541 -0.8543329328838023 0.30506085869112887 -0.5956561303352507 0.8624311782294153 -0.6595173618551727 0.31369885771910666 -0.20073334953317903 
I_1II_4
0.28851664545112765 0.2515457140015127 -0.013008194425753976 1.265106734125479 -0.5145067191070054 0.06382985024390489 -0.2807398163416718 -1.0607442139457444 
0.3822872382474711 -0.7058285468032943 -0.3218033578340037 0.009603196507330996 0.17884619236487415 -0.7346342508676471 0.23728426788507861 0.9542452604926057 
-0.37301008906309213 -0.9099838081416783 0.1909635236150443 -0.49241559721320605 0.6688974352545631 0.3142469170737939 0.20216589558745454 0.3991357228859519 
0.16683147681232546 0.29816030373586216 0.13268577033037782 -0.20012628226208143 0.41233270161026386 -0.16885049287262138 0.027221322123827774 -0.6682547994771795 
0.8293237509625788 -0.8552068356455762 0.305074752549942 -0.5958221466776098 0.862924733526852 -0.6591026093166633 0.31258373116877103 -0.19977537657250277 
-0.8125171033721391 1.3544883173132274 -0.6129196487072843 -0.7994830259503919 -0.45781603082585887 1.5624122527806046 0.4610546862337251 -0.6952194474628063 
II_2I_5
-0.3617932154524497 -0.9110974326575405 0.19045928145020213 -0.4901166038053413 0.6666809377148432 0.31460268650324236 0.20203889939036745 0.3892254468508306 
0.1795373254857239 0.2970145863759519 0.13261782203861772 -0.20082481050485762 0.4105517546921013 -0.1681215871580676 0.027501706090691466 -0.678276797021566 
0.8409277119365091 -0.8559456044345158 0.30475504497871064 -0.5935516614044555 0.86111719631188 -0.6610533291735881 0.3131329704088852 -0.20938232863342146 
-0.7994780488949053 1.3531929578982929 -0.6129355311541869 -0.7998590022775142 -0.45908117409833554 1.5609911700889851 0.46135776447645427 -0.7041881360329081 
0.300136420956474 0.2505950493304787 -0.013400372257004328 1.26463835634769 -0.516295460100287 0.0647085461822197 -0.28047966554908443 -1.0699028749078332 
0.3949410565575848 -0.7069762728797918 -0.3217942970815447 0.008862001521800797 0.17713637382635952 -0.7335031877441697 0.2370630162316585 0.9442713095591513 
IIp_0I_3
-0.2567814180013393 2.5960593839732007 -1.0773393050238254 0.17417624369421064 -0.7439658347817146 -0.19845044585829263 -0.44192311171239984 -0.05177551227498048 
-0.1755157624864275 -0.8504090715124606 -0.29254517738057434 0.07224874966489944 -0.12533577146675512 0.05903183217645188 -0.3669136626668261 1.6794388636678756 
0.11817886311071145 0.010270881969827473 -0.7331314283297748 2.718761035192817 -0.5605041650341446 -0.11151577038467145 -0.2680091023528876 -1.1740503141630343 
0.929350319349229 -0.6949191336383596 -0.4137228060118934 -0.03060103085736284 -0.13649390303943082 -0.5868104547281968 -0.0934039899694294 1.0266009988909588 
-0.10725082937747282 -0.6333731530223851 0.11891992957155455 0.5892121084037457 0.1629201605423735 0.03389673276838183 -0.12161754844301792 -0.042707400442680024 
0.5473484509865606 0.38700134889421217 0.5463099184283928 -0.6729369249049597 1.1553446608333464 -0.7437822693513614 -0.3691796508016626 -0.8501055340815644 
I_0I_3
0.0791483287534918 -0.5475299881503574 -0.157279105676035 -0.12287296571299658 -0.1268483831206493 -0.31741224006500474 0.07214978666083377 1.1206445673067138 
-0.4157712469162394 -0.7286088165659103 -0.08938937741988927 -0.25338189693466484 0.14816787318144606 -0.04582122926172103 -0.17763687405747466 1.5624415679745467 
-0.32009319474763515 0.4681071981376597 -0.5091597349871664 2.549720118843895 -0.49988870265956004 -0.2434972089725219 -0.7969340818546106 -0.6482543937459282 
0.09159657106076888 -0.5473355184177577 -0.15401309499399368 -0.12027026893300116 -0.12159018193519947 -0.3509684130929257 0.08031729264706115 1.1222636136665232 
-0.4180240909183726 -0.7254708478964703 -0.09056832191014326 -0.24700987950054515 0.1539656244331885 -0.08132324126975474 -0.16875291841075987 1.5771836754726152 
-0.3069146335680143 0.4655161660556727 -0.5055653390569157 2.5118134239386216 -0.49190492549619125 -0.23730661350306173 -0.7984728989457472 -0.6371651794164503 
Ip_2II_5
-0.048370807356581905 0.015681270908952334 -0.012234505515743283 -0.06462592991717706 -0.03070351551551626 0.10396015792071737 0.06156906562243852 -0.025275736146123468 
0.021639321556759364 0.07549617705461059 -0.0020578527374318246 -0.032086037767011105 -0.007178394646261354 -0.04973745121055693 0.05189171025543187 -0.057967472505306566 
-0.01872851145495069 -0.05953277751640146 -0.006429834839619525 -0.05863509078838455 -0.012709491542041824 0.15903183718626984 -0.013043630313526103 0.010047499268709245 
-0.03787374268794 0.13737979573504908 -0.05892190786050291 -0.06306661879700255 -0.0388432128549484 0.0878630749511075 -0.0063773817841641265 -0.020160006701342676 
0.0006158723356062312 0.024808220597329653 -0.018476339365118298 0.08877718018561682 -0.028456099383363673 -0.030446390953793364 0.027433073079412985 -0.06425551649523369 
0.017628319842763505 -0.08236790030441975 0.053217718724778575 -0.03853812821063707 0.0677721940711927 -0.027839654645992404 -0.023310391908047248 0.03343784242949566 
I_0IIp_3
0.9336892801551389 -0.6949789950936235 -0.41270301661512265 -0.02976634044341177 -0.13476376790679293 -0.5978497908184278 -0.09068111742929691 1.0270537481327964 
-0.10791303734853498 -0.6323439621103926 0.11846446153131866 0.5913196401063872 0.1648291304119715 0.022186407471551567 -0.11863090870367032 -0.03791173135906926 
0.5519235423152773 0.38602146641752305 0.5474641487827437 -0.6853864281080208 1.1580119599586671 -0.7417453640451127 -0.3697994201692272 -0.8464899051576334 
-0.2609102077237365 2.59586723708156 -1.078541175760609 0.17324048439505255 -0.7458125207582784 -0.18666364353246448 -0.44475607600588396 -0.05242409768881093 
-0.1746455034215132 -0.8515144418667702 -0.29219868418122513 0.07002180163373646 -0.12737064443220644 0.07147127626556429 -0.3699702150726327 1.6742064110703336 
0.11378941425349248 0.011053514452470662 -0.7344222377883471 2.7320970547916223 -0.5632677236664551 -0.11368993494444729 -0.2675821119517767 -1.1779779751424764 
IIp_0Ip_3
-0.011876719741901283 0.22990365004460725 -0.04728230670923526 -0.012073899523488698 -0.050049200670679916 -0.03855610283079766 -0.02983008919593662 -0.040235331371675495 
-0.0068062668388481525 -0.04207553617818732 -0.015601897750707514 0.07322565437816651 -0.024220186061131507 0.0009310877606373191 -0.010725249635966393 0.025272394326091012 
0.01132010866514301 -0.04065814733964631 0.06278892279436164 -0.019181894817445637 0.017291293156374985 -0.012211402202691946 -0.00785988362203196 -0.01148899663435989 
0.0017370299125917638 -0.03957967917647434 0.009983208447356203 -0.03995249247357935 -0.021292829335734918 0.0957319493043621 -0.008489748344207307 0.0018625616652727566 
-0.030139778337049495 0.03540188435313783 -0.008346231403406654 -0.022243042302741944 -0.041785497606186994 0.04820213039067522 0.04755799160623372 -0.028647456700140798 
-0.02708452026857108 -0.05942396735883935 0.10935030199743549 -0.07505003497646598 0.008088713026375323 0.04478797185574348 0.04330336017561811 -0.043971824451010076 
II_2IIp_5
0.21337764450217095 -0.6002584692393484 -0.14800260383124503 -0.027368133061648127 -0.15858354614019113 0.08434105344240918 -0.18892509210215996 0.8254191464211176 
0.1064281918563897 -0.3797315182785211 -0.014645944967852646 0.049371248970098446 0.24134369080929602 0.03992357675117955 0.55409052808843 -0.5967797732275387 
0.46272117162725146 -0.7845545833526688 0.21427623541251967 -0.2458180613695253 0.8979678998118509 -0.561436301504225 0.1298157147458451 -0.11297207537833502 
-0.5401525894109663 0.4398849570479021 0.03738879713305653 -0.44572901459807773 -0.49708954187853877 1.1160256468113188 0.31525577960022694 -0.42558403470149087 
0.18533117390001977 -0.646003952813252 0.6304771994741867 -0.8635483921205207 0.46931740637221664 -0.026671615853560125 0.15386342032802075 0.09723476071136113 
-0.3116216814795891 2.2121546680797906 -0.8059485050752893 0.059091663663513955 -0.42415802512510903 -0.4275376847676505 0.0020446576206765653 -0.3040250929079872 
II_0IIp_3
0.45433494536139185 -0.7858515691824358 0.21248013196042612 -0.24768913737382683 0.8974256216941064 -0.5497457553515862 0.1274329165951902 -0.10838715371449269 
-0.546452101903433 0.4393517387532287 0.03676248123480223 -0.44739684446427197 -0.49794071254635547 1.1278026195064643 0.31290101569150625 -0.4250281962612672 
0.17650859382129172 -0.6465370167289252 0.6288908817938225 -0.8510911539817072 0.46830321378645323 -0.02764822296200989 0.1523722013190538 0.09920150294524466 
-0.3162140292356004 2.2109872753610382 -0.8067526581487119 0.0590362046207307 -0.42315852356051975 -0.42712300079318155 0.0024071875272116054 -0.29918245576202146 
0.20664455250598127 -0.5997469037583114 -0.148937492209707 -0.026858893700320855 -0.15738118546335325 0.08350926426783539 -0.1881304346374562 0.8309010929908368 
0.10191622207237082 -0.3810443270148856 -0.015070755493235008 0.049426769836575096 0.24312102474702993 0.040105831483301255 0.5523127329190901 -0.5907674985510121 
II_2Ip_5
-0.037986552123851894 0.1373518274889795 -0.05904009640495833 -0.06317274484641579 -0.03908306800814656 0.08908005241968402 -0.00666619026723173 -0.02048322825710711 
0.0010484497722962728 0.024673920717945337 -0.018428421543527255 0.08853090951961624 -0.02871612514551606 -0.02915752131442027 0.02711834060850031 -0.06506955261440459 
0.01748801402857487 -0.08229162912424233 0.05308809070064595 -0.03712517998831748 0.06743154968726339 -0.02811177600969281 -0.023240440150464885 0.03276137085559025 
-0.04755993819883218 0.015667732613859005 -0.012110351078993085 -0.06453893189012833 -0.030553204109083933 0.10268721609331331 0.06188629855918403 -0.0254788219891306 
0.021904734527290477 0.07559471924376716 -0.0020974143978365325 -0.03185949500612044 -0.007008218409445999 -0.05108288509150328 0.05223618086377224 -0.05768762172952332 
-0.017890947899368594 -0.05964876487452672 -0.006292753195302118 -0.060034877230549864 -0.012457727465241758 0.15921906746252498 -0.013087861134666449 0.010193864336815923 
IIp_2IIp_5
0.04041334302683271 -0.11983303785501698 -0.07213690855073995 0.01548265004480319 -0.06103047024788236 -0.04002414618357538 -0.036516604739141555 0.2736451745033989 
-0.05620658916911037 -0.1251062872979201 0.27822036462869726 -0.1764011780707794 0.009879505284198975 0.008442993081903785 0.12098334468434678 -0.059812153140728935 
-0.09726830123594045 0.3911880335299494 -0.12147408805867344 -0.06687270760324694 0.07821713673583483 -0.07944527525558116 -0.05005402609137425 -0.0542907720196765 
0.04033498586160843 -0.1198342619713149 -0.07215746690201692 0.015466267013686141 -0.06106356871499939 -0.039812922258791905 -0.036568016223590225 0.27363498319450624 
-0.056192408334188176 -0.12512603967132338 0.278227785656133 -0.17644128760684996 0.009843010545225826 0.008666465356416136 0.12092742340932953 -0.05990494935451392 
-0.09735125549326913 0.3912043431361523 -0.12149671347583574 -0.0666340987229371 0.0781668817576258 -0.07948424280614409 -0.050044339796472666 -0.05436057459724022 
Ip_2Ip_5
-0.04301846984332182 0.2768961389246516 -0.05277381764188924 -0.07281849310581497 -0.06591012042764777 0.02247319316687156 -0.035069117521353936 -0.02977931354984268 
-0.025289351244942693 -0.059216484044410635 -0.02076614282857278 -0.005825207595965604 0.10358825928880344 -0.029000016272126047 0.0789600578401911 -0.04245111514252529 
-0.024963195522315067 -0.05663380052677236 -0.04143056907385423 -0.0660224196076132 0.06908340300356383 0.13931169333331214 -0.025135397936243652 0.005790286329980201 
-0.04333177780753985 0.27689124434474977 -0.05285601938034222 -0.07288399999505724 -0.06604246331337715 0.02331776350833915 -0.03527468426807376 -0.029820063087565317 
-0.025232649748414947 -0.059295463112388716 -0.020736470149566984 -0.005985583957591646 0.10344233654754002 -0.02810647139794379 0.07873645887829041 -0.04282215705942587 
-0.02529488477393338 -0.05656858722471022 -0.04152103589194087 -0.06506835162636299 0.06888246050030257 0.13915588315412059 -0.025096667677210055 0.005511183539318111 
Ip_1I_4
-0.05442698213782349 0.8553157864270381 -0.24334109112136876 -0.11048984003258015 -0.033406430571135556 -0.1504878774317931 -0.1595551070423021 -0.10360845808646037 
-0.022852168024454052 -0.09463660870928717 0.1710194147502779 -0.15606241995975692 -0.14151323359694423 0.13768457022959887 0.04610845163431253 0.060251993676561116 
-0.1254247293778551 0.7713663901835954 -0.19399834476980346 -0.11895204713202671 -0.1833515120164478 -0.02444082709225557 -0.13285446347475133 0.007655533682054098 
-0.12278776460939701 0.16042169119301883 -0.08739565333940844 0.033229036196164734 0.05765054411209011 0.19548923895567485 -0.10086226862493905 -0.1357448238817532 
0.15856020572715246 -0.07672057647910259 -0.09454946924907698 0.23835104307163757 -0.03051220370975881 -0.11598357382397857 -0.08674257244274243 0.007597146904565766 
-0.15097951028971826 -0.15250703563329093 -0.02807720900392077 0.4618816626206101 -0.05433526731910377 -0.03276144650451468 -0.044569139026780155 0.0013479451564325329 
Ip_0II_3
-0.017417778002486388 -0.05856074243025129 -0.005314657346320247 -0.05943133930519654 -0.011727732717938831 0.1535726904397577 -0.011785299773095968 0.010664859135887902 
-0.03832122278099332 0.1380671257029437 -0.058544635169893444 -0.06208008859956915 -0.03800906376492889 0.08213743813357297 -0.0053835418855472635 -0.01786601163465451 
0.0018599736059360858 0.025242449325329885 -0.017559586805644078 0.082283215316813 -0.027540388454192544 -0.029418548424484214 0.027915278688705122 -0.06278239325187977 
0.01629267967578749 -0.08133455647745941 0.05363355473239117 -0.03839532103901718 0.0675474002617796 -0.027696113431636683 -0.023414568647935063 0.03336692492555477 
-0.04797001854759782 0.015830562214640707 -0.01153254072699646 -0.06465092113218215 -0.030683656275225957 0.10317090976270049 0.061319209062341194 -0.02548354435739445 
0.02051115823754901 0.0764957280336968 -0.0018088428680581572 -0.031760407439667335 -0.007436961145288131 -0.05108811417692472 0.052967318072531154 -0.05787987871309354 
IIp_0II_3
-0.32036249982659126 2.2109034919965 -0.8078557582837689 0.05816116960411551 -0.4249182497213693 -0.4158782682718431 -0.00032441971654484744 -0.2997254657669581 
0.20739582654929187 -0.6007979964522537 -0.14855335323059224 -0.028991689696832443 -0.15932147731532964 0.09540111350347921 -0.19109769059717094 0.8259652672338451 
0.09752241380843041 -0.380195407995931 -0.016279744680037678 0.06213094464590707 0.2404544456812302 0.03803359192909506 0.5528097945861002 -0.5944760379751561 
0.45848453838385195 -0.7858057180033018 0.2135541716762893 -0.2468292010657306 0.8991710400228617 -0.5608697437741117 0.1301458116806491 -0.1078508989240972 
-0.5472025854886831 0.44039243243261283 0.03636072963261928 -0.4452820202182148 -0.49601619300498306 1.116028641327691 0.3158558511620852 -0.42013685583762705 
0.18089968356292174 -0.6474152932846955 0.6300779357880544 -0.8636557808170657 0.47095866245414997 -0.025593779105182908 0.15184347944315008 0.10288509195765967 
Ip_2IIp_5
-0.006617954647974316 -0.04202267923471231 -0.015506561274048723 0.07316129255452883 -0.024236656991721114 0.0009797208435016157 -0.010719259686509216 0.024962098436766927 
0.011096283078580644 -0.04065041765688995 0.0627072208552161 -0.01802968654124659 0.017273699180075656 -0.013223504408464072 -0.007793012479745082 -0.011380582027809867 
0.002087231796428322 -0.03964483309276626 0.010046227433915821 -0.040941669085785316 -0.021129661235308628 0.09584713158755129 -0.008357601327367516 0.0020931739232531183 
-0.030337403665787053 0.035534657957796326 -0.00836807493441367 -0.02220275099984314 -0.04178218238817001 0.04816505193995665 0.04759142085223949 -0.028600718761428983 
-0.02689259862201369 -0.059568322313813725 0.1093967274317712 -0.07509085821711253 0.008136031124513839 0.044870201755097705 0.0430966668750549 -0.043947848033383245 
-0.012207662634818373 0.22990085888222372 -0.047401567785656185 -0.012144146434646532 -0.05023684134081124 -0.03769362790661367 -0.029878995473028126 -0.04033801730574094 
Ip_1II_4
0.021176510988077005 0.07525607912760986 -0.002368363101195127 -0.03210798624298728 -0.007305581527852647 -0.048716387864461384 0.05166551433056369 -0.05759978570950899 
-0.01838910766807866 -0.05964071573947809 -0.006376376172942373 -0.06038094212334736 -0.01285054412290052 0.1615101616026341 -0.01333682688436479 0.009464351108765399 
-0.03858485628735899 0.13738347089475192 -0.059163022235987746 -0.060485151914721806 -0.03924541713300678 0.08752668864118168 -0.006669115955631595 -0.02076259600850004 
0.0010912706778034458 0.024466319476028443 -0.018519118627206652 0.0887002431450342 -0.028434694433659348 -0.03042855047837842 0.027442147132951816 -0.06431761689201358 
0.017329219036387906 -0.08216508146082471 0.053058232436108126 -0.038454816093049314 0.06773658415651068 -0.028028469170646567 -0.02293654696198222 0.03346087805690853 
-0.047719332326027895 0.015514010471384329 -0.012108721320225852 -0.06455413994012948 -0.030364037206456997 0.10281766549477649 0.061471334187605066 -0.025056779360591943 
Ip_1IIp_4
0.01077158381791516 -0.04102379508610576 0.06234350811605778 -0.01836650977849189 0.016879997873379078 -0.010445810001693933 -0.008334766461223463 -0.011824208480109207 
0.0019781626628589 -0.039883175680583915 0.00982383509612839 -0.04029566654072004 -0.021563129544905014 0.09765269820223417 -0.008801727994642433 0.001089003799747815 
-0.030578838822715896 0.03525839208639968 -0.008698560745373162 -0.020036207717959244 -0.042082210496399444 0.04782090217764632 0.04743624656420013 -0.029119723045404344 
-0.02654526852752343 -0.05984837657227873 0.10919398877775989 -0.07510855832233282 0.008202367471447853 0.04475116615159322 0.04326630964458253 -0.04391162862335073 
-0.012105014307745967 0.22977911536872678 -0.04759935617123232 -0.012113469246854629 -0.050121536478706326 -0.037810788220559936 -0.029841713633018886 -0.040187237310057126 
-0.006410599606265888 -0.04245613969575398 -0.01571126932248527 0.07303441202318013 -0.024205207544377258 0.0018748877609476669 -0.01117796216258259 0.02505187854706756 
II_1I_4
0.1690414863804781 0.29923553417218846 0.1340706117005635 -0.19924371869633428 0.41367159030831924 -0.17820208823794184 0.029204691591113805 -0.6677781072169972 
0.8288965427835884 -0.854356799546917 0.30534552795860936 -0.5941822849918305 0.864400906569532 -0.6687256842563233 0.31452352957024143 -0.19590173809810488 
-0.8100702986975147 1.3548269887234443 -0.6116710921407386 -0.8101334160981472 -0.4560736507209267 1.5640146290528336 0.4616459121310858 -0.6925390722398288 
0.2862450745075901 0.2525509320024764 -0.012799172858837209 1.2650522822575554 -0.5150608729265443 0.06655905210206951 -0.28169688896669615 -1.0608504061146375 
0.3826710925091716 -0.7061082331889548 -0.32110814220853245 0.008949022743085048 0.17823507562235003 -0.7314759932114314 0.23602569004180876 0.9528114876854045 
-0.3753077922085453 -0.9087123207897648 0.1909180360611343 -0.48941892772362483 0.6677655187898613 0.31362057290959616 0.20331112200172835 0.3978237909526355 
