II_0I_3
0.82937685327949 -0.8551341114080009 0.3049258677330672 -0.5955060835794163 0.8630772529081143 -0.6592253629738132 0.311991715682043 -0.1995061316543109 
-0.8122349750534927 1.3541462456636284 -0.6130061488119797 -0.7995484484168959 -0.4575636051154202 1.562527117591121 0.46064578510425935 -0.694965970956376 
0.28808715841507054 0.25116998006151703 -0.01341938098077056 1.2648829591209103 -0.5148493900088279 0.06625044206936788 -0.28123170140982146 -1.060890067264084 
0.3823488306737722 -0.70606947041414 -0.3219485385980089 0.009231537310892553 0.17845357601711148 -0.7321163364776169 0.2368290545413409 0.9532713469419017 
-0.37367984223778306 -0.9101772236522163 0.19068228622995234 -0.48965244459157586 0.6685077132058203 0.3138612875491624 0.201956688311826 0.39850153518312337 
0.16743884535367226 0.2979554931599424 0.13266161339695925 -0.20005850459287555 0.4125743894806379 -0.16876840359281917 0.02746628426254464 -0.6692697174691018 
IIp_1I_4
0.5470957775990831 0.38427572696414525 0.5448066571433681 -0.6773186318217104 1.154812326243998 -0.7443388131410956 -0.35778173488788756 -0.8515513081056473 
-0.25619881500435965 2.593576579198013 -1.079161200322541 0.17323315380889334 -0.7465217895916113 -0.18787251847814265 -0.4435862925533855 -0.05346911705169439 
-0.1758516551076082 -0.8514968514427016 -0.29310787599139704 0.06993907926786912 -0.12697067690882533 0.07119630815406987 -0.36904845501686223 1.675340127042099 
0.11591263184229209 0.009730492312073699 -0.7345129011706741 2.731149531300257 -0.5620604924907382 -0.11380408403589022 -0.26922300013737765 -1.177192177618717 
0.9336884166274211 -0.6965800884463417 -0.4156268493794401 -0.030295232367871273 -0.13650841569000208 -0.5874790480162934 -0.09356374706861857 1.026364964330436 
-0.1100369737126353 -0.635911137146734 0.11562699409509629 0.5875786351811978 0.16023468453670514 0.030553994787744208 -0.12263377493894372 -0.025412422806514297 
IIp_2Ip_5
-0.03017218247660136 0.035342857287312984 -0.008492662521238824 -0.022483206903697667 -0.04187081308057539 0.04806958670679426 0.048465048917405426 -0.028858627928564473 
-0.02659574880431028 -0.059614193550816846 0.10932965313543029 -0.0750592897273097 0.008078030216043785 0.04473518265160275 0.04321730954497346 -0.04409094346561453 
-0.011940602467003788 0.2297559869349053 -0.04742431863352954 -0.012188573616104002 -0.0501824687048293 -0.03766123453906649 -0.029999915948539443 -0.04035887302496319 
-0.006612630125653253 -0.04213970949882086 -0.01562928031996718 0.07302719011653974 -0.02435027132453895 0.0017883232953049817 -0.010884300293625748 0.02480067815066551 
0.011412377297340794 -0.040730919061383125 0.06259355069867333 -0.018143609947829233 0.0171075960498307 -0.0123957038944027 -0.007990494133668482 -0.011852797008851137 
0.0019063555161284921 -0.03988246510090798 0.00978438694432979 -0.04009512494698459 -0.021477797586247335 0.09552974358050328 -0.008564588308339387 0.0027994899012906654 
IIp_1II_4
0.1791761205892773 -0.6455335568630578 0.6306299860681834 -0.862706318031617 0.47036095370808495 -0.02570232277789015 0.15122554752950595 0.10254958977373196 
-0.31885016318184123 2.2127222719018476 -0.8060513385017573 0.059224185536052285 -0.42323568278630935 -0.4266345228151483 0.0017523422955417335 -0.29892709244099214 
0.20706034109107121 -0.5998038978835245 -0.1479869293460253 -0.027072756779987783 -0.15767091599698688 0.08420763877498957 -0.18906722593153863 0.8303337460694167 
0.09976357097715383 -0.37940137095007986 -0.014761903220369754 0.04978539839305584 0.24222489249835272 0.03992282990698406 0.5539416707028825 -0.5914750883062054 
0.4559326178915334 -0.7841818812336353 0.21447612408799704 -0.24669581093707493 0.8989723371644445 -0.5604767353129324 0.1297214019581962 -0.10774805362164729 
-0.5464975672538489 0.4407748489430384 0.03772106466731427 -0.4452288628038517 -0.49577633565005697 1.1172524817994554 0.315254745388448 -0.42350037508394645 
IIp_2I_5
-0.0936810079084245 -0.6343417382526712 0.11775152322612317 0.5876819314755983 0.16086525853343958 0.031053152761624243 -0.11522026040690166 -0.05410885942763171 
0.5653342507684515 0.38422756146401144 0.5462210875696734 -0.6734484369420102 1.154052450675222 -0.7455567056761558 -0.3699940091627164 -0.8608361986970179 
-0.2443886016756573 2.5935445475582717 -1.0789834050977636 0.17255395549343258 -0.747347739464881 -0.1885264460766702 -0.44353697103525624 -0.06331533969201397 
-0.16020707824819805 -0.852025946463783 -0.2927992701115591 0.06970082288854386 -0.12879041388020684 0.06885807145764748 -0.36837419753348877 1.6636380118846124 
0.13129493869099815 0.008680745866065888 -0.7349297699383975 2.731724361445365 -0.5643616960381931 -0.11526421549209041 -0.2687752081622646 -1.1883691563720744 
0.9455336080983632 -0.6982840496320969 -0.41504820364068984 -0.031870185408704184 -0.139134977346057 -0.5897870553975186 -0.09286318087964858 1.021454044196578 
II_1II_4
1.3926488789243532 -0.585783679312104 1.3287234524490041 -0.6839539902472451 0.22488886940849118 -0.9477781510136961 1.0726349826980983 -1.8013803629106273 
0.4015447149680951 -2.0472098689251874 1.2749118590471504 0.016999883058353617 1.922058698359774 -1.5300076692977655 -0.06302969729553873 0.024732080075737704 
-0.8709157176462573 0.14353945005422183 -1.3587551349052975 -1.2119873168591706 -0.7322220597986283 3.033425772166599 1.742345812677089 -0.7454308056828158 
1.3848990789794884 -0.5895334415888326 1.324632266218231 -0.6940174262186958 0.21961671858589601 -0.9491024284427537 1.1114015336450127 -1.8078963011758273 
0.4034024635788957 -2.049430042755576 1.2785452392644143 0.016021764368215126 1.920028606206693 -1.5317058821443004 -0.05897971802896367 0.02211756949600965 
-0.866033748094536 0.15107172272289007 -1.351932922408558 -1.2073637442335088 -0.7231057624541373 3.04226392408991 1.7482739490839017 -0.7931734186989776 
I_1IIp_4
0.10762793833964976 0.0059780567760595385 -0.7388816737118094 2.716717719907318 -0.5677501526980299 -0.11655441477052786 -0.22110113715807245 -1.1860363366799376 
0.9424266619166884 -0.6992396310785086 -0.4141333850284261 -0.030085271524045304 -0.1398860094235489 -0.5905407984922465 -0.09045278104981479 1.0219112146744047 
-0.10956615549168147 -0.6335454101708767 0.11806602584015241 0.5881722461471429 0.16352219032886592 0.03472875485990768 -0.12057577053575788 -0.040801880982430774 
0.5510667116369763 0.38645321093087814 0.5469077360830202 -0.6758360036268158 1.1574601092330299 -0.7449949155012568 -0.3709657653178007 -0.850091083437551 
-0.25039843588067684 2.5944280463619016 -1.0834136074753102 0.17498992339971742 -0.7466889709968616 -0.1882486945826352 -0.44688001282297246 -0.05378824799799953 
-0.1831012426908225 -0.8610427517345038 -0.3014575737541422 0.06322091645956002 -0.13809979420065993 0.061394307681643626 -0.3763652773591342 1.7354514155992224 
Ip_0Ip_3
-0.024906844701589687 -0.056580569787916785 -0.0414095379454566 -0.06457147184898858 0.06913228708057181 0.13928633684873876 -0.026852748090257145 0.005902548444910917 
-0.043582230417589435 0.2768593263268918 -0.05292328367636865 -0.07292546751274168 -0.06589392530955586 0.02341261171290681 -0.03531600725074638 -0.02963102387230984 
-0.025235720915141386 -0.05927976433024679 -0.02081562928865522 -0.005918312192624716 0.1034583737546509 -0.028216343967051628 0.07880369756521777 -0.04279630062600386 
-0.025233177232612532 -0.05673846669152763 -0.04158181170315799 -0.06499522814650331 0.0689102846631727 0.13923057349885615 -0.025220346379906753 0.005628171991154537 
-0.0435040033909486 0.2767658381143514 -0.052770287447910715 -0.0729666546335965 -0.06597940946582677 0.023341102499839325 -0.035145468656922606 -0.02974111701792747 
-0.02503014844993886 -0.05896259154890458 -0.02052835608338721 -0.005723620437048514 0.10384224745539528 -0.027844182555644297 0.07905332255822947 -0.044806670938718346 
II_1IIp_4
0.09931539309764864 -0.37957740940586077 -0.014997737154659888 0.04861802601701122 0.24191145467010322 0.03963357787538228 0.5572479305558118 -0.5921512356547127 
0.4571159835486119 -0.7843558690807952 0.21430530457664493 -0.24655230649624166 0.8986625464354849 -0.5607735383882597 0.12976144893011876 -0.1081635695266518 
-0.5469718180196731 0.4403043526222115 0.037342138160832046 -0.44565447500341887 -0.49627817190822465 1.1169233179245752 0.3149156975820261 -0.42058104135491203 
0.17893692934064054 -0.645608476555524 0.6305044779789679 -0.8636023126182166 0.4701896884580506 -0.025955863399811232 0.15348640093171087 0.10204915586236386 
-0.31771689489867194 2.2126081548446503 -0.8063201383348381 0.059394066622425 -0.42349072860333226 -0.4268855306725314 0.0016831746387634657 -0.29927210359010925 
0.20645443965404908 -0.6004775148389174 -0.148549828498242 -0.027623051535028833 -0.1584185888284421 0.08364013899454963 -0.18956613609043294 0.8345405411390334 
Ip_2I_5
-0.15077823158430856 -0.15218373892811574 -0.027840987811084482 0.4626575891646241 -0.05414375422010334 -0.032626731673607474 -0.04681842881620648 0.0017342838689736219 
-0.05480099483831295 0.8555974622756348 -0.2431966625820962 -0.11042912145523233 -0.033087787131482964 -0.15129034185980397 -0.15947903941442176 -0.10331351499324716 
-0.02280765906584634 -0.09453610328884672 0.17106209409507464 -0.15583023912730265 -0.14137834910427954 0.13661339592164728 0.0462864565161407 0.0605904040539017 
-0.12530920036146823 0.7713803449258514 -0.1939078318518621 -0.11993085682080255 -0.18324765153728861 -0.024203120878605967 -0.13275172258253998 0.007970039108023682 
-0.12341867997183818 0.1605602244670124 -0.08712402658844601 0.03315151075796221 0.05768655374735264 0.19558402080910117 -0.10077963641452083 -0.13565996680612616 
0.1589739905441614 -0.07624787342493047 -0.09404957230131683 0.2386788990676328 -0.029986583456289805 -0.11544763039537835 -0.08646322498370816 0.004541994948591362 
IIp_0IIp_3
-0.09765769313742717 0.3911712686546947 -0.12152763572692848 -0.06670105704689616 0.0781966428070667 -0.07945789298916334 -0.04986864152460238 -0.05415499103550397 
0.04011637976750543 -0.11986200138369872 -0.07217480662781504 0.015472549634743706 -0.06103734279542426 -0.03979879602607156 -0.03656109889008296 0.27384511631981723 
-0.05651628297101055 -0.12511100685738835 0.27820501724251434 -0.1764350930746821 0.00988794677112647 0.008695238854707589 0.1209310939165529 -0.0596569138817231 
-0.0976134826784431 0.39119266000837716 -0.12150429664429757 -0.06664364793617442 0.07822671896509845 -0.07945033835371548 -0.050089793943994224 -0.054117819415133744 
0.040105781827054134 -0.1198493359078236 -0.07219553405402777 0.015478129530585128 -0.06102576168279027 -0.03978910819281873 -0.036584202898308785 0.27386003137746 
-0.056544133253078895 -0.12515397638355452 0.278166098412661 -0.17646146927396525 0.009835940823586882 0.00864481964963942 0.12089727554277949 -0.05938455551810541 
Ip_0I_3
-0.0228924568723065 -0.09455068599013632 0.1710687276197295 -0.15590398777432743 -0.1413674936921872 0.13669251697491605 0.046311632545031525 0.060641747189594225 
-0.12521219644175052 0.7714411649108073 -0.19385882221456574 -0.12006289472399712 -0.1831904937518371 -0.024280427016163165 -0.13275268941307738 0.007916358651937475 
-0.12297880336086772 0.16056682891526994 -0.08733084286972834 0.03324852775811544 0.05762802315873251 0.19551950346197852 -0.10091112852858483 -0.13574210853348292 
0.15859160692909996 -0.07672625334336745 -0.09446261976787323 0.23832486180758922 -0.030536644467954868 -0.11591446167009051 -0.08682675535999683 0.007550265870720582 
-0.15116166393976857 -0.15235360867270753 -0.028047110553891082 0.4619036096667783 -0.05441156490420632 -0.03278498994083743 -0.044423701055501634 0.0012790293998954207 
-0.054248974449632704 0.8554624566811537 -0.24318260081148543 -0.11039523305021172 -0.03327706908363003 -0.15146492351149188 -0.1593633762172135 -0.10353027955476132 
II_2II_5
-0.8502170233907039 0.14531186266344845 -1.355051043313794 -1.2012498946345893 -0.7296499181999062 3.0354383840795744 1.704473720463445 -0.7490560876552439 
1.3931831809070445 -0.5871822621600568 1.325405622849487 -0.6971172734206038 0.22158532330840863 -0.9494127896144583 1.1101786493457286 -1.816640451216653 
0.42759722570041103 -2.04986981060167 1.2753350651250277 0.018317286085030356 1.916910772026008 -1.5358940534601297 -0.06042711043807106 0.008030625553073725 
-0.8579509324985671 0.14156978921149788 -1.3591338406355176 -1.2112926956959507 -0.7349112585647535 3.0341168220580292 1.7431607812258494 -0.755558665096754 
1.3950371202354783 -0.5893978835591289 1.3290315528806265 -0.6980933864933044 0.21955939382725945 -0.9511075203021879 1.1142203241965967 -1.8192496007839627 
0.43246918485169794 -2.0423529827368996 1.2821432887847153 0.022931378148963948 1.9260083765497455 -1.5270740240249057 -0.054511129579822556 -0.03961409201220019 
I_1I_4
-0.3174073196319583 0.468783841059982 -0.5067378721229364 2.5042246372944073 -0.4973775225429716 -0.2398067307229067 -0.767239936376249 -0.6444390969503896 
0.09132739181268751 -0.5439072805231373 -0.15164973829546063 -0.11918923195307775 -0.12437210325276159 -0.35185079794099683 0.07998784169846195 1.1196539184515666 
-0.4178954285601124 -0.725822956113109 -0.08758222002948833 -0.2485798358030757 0.15327572040806983 -0.07810074611271231 -0.1715357489803882 1.5762412151878429 
-0.3121404891899975 0.47133221163087785 -0.503957466907597 2.5110638346029654 -0.49379452367267906 -0.23890674043572263 -0.7935860165463515 -0.6400108094774943 
0.09006484993915823 -0.5423984313665291 -0.15411901462211974 -0.11852449411154511 -0.12299243523264564 -0.3506966779411116 0.07723544108852215 1.1214307622416488 
-0.4212132568948464 -0.7309419531535726 -0.0922186540934063 -0.25172205537295134 0.14708020662620247 -0.08410722988323363 -0.17556456127325992 1.6086875040467856 
I_2Ip_5
-0.12382512051814765 0.7717428430342683 -0.19345003090746662 -0.11860680423111548 -0.18274699720392942 -0.02404574712026437 -0.1373931919161098 0.008325048866428736 
-0.12342352252653956 0.160790802569259 -0.08735473153773039 0.033162207737558715 0.057907880621152916 0.19577652064558032 -0.10111353220979895 -0.13574562529877518 
0.1593861824289736 -0.0767321084120695 -0.09446866061655756 0.23844170397684367 -0.030642143007668085 -0.11614488032681969 -0.08680342869240705 0.006963334648594452 
-0.15070769840419643 -0.15250518930788431 -0.028129410341871244 0.4621460929094483 -0.05460472873618871 -0.0327109032399741 -0.044388963531791115 0.0009008006522622252 
-0.05446698808470984 0.8554230854978704 -0.24276464687808838 -0.11059683119815793 -0.03323674465296955 -0.15140759235456624 -0.15907422779545294 -0.10387605453174037 
-0.021505006547690848 -0.09364646811558011 0.17188736250847225 -0.15522410462233313 -0.14037111583787937 0.13752820568781923 0.047027532000901276 0.054303594926963523 
II_0II_3
0.4137821261405178 -2.047893190854134 1.2769168886583395 0.02394425978308254 1.921326642425583 -1.531435826458246 -0.08124201794293688 0.024601118231823902 
-0.8768979801624651 0.1444265969661105 -1.3587676679292886 -1.2133795771126301 -0.730458605087215 3.0361595323123938 1.7413972306295828 -0.7424795296134062 
1.387067621275695 -0.5884213826021337 1.3253504165126302 -0.6955959122978903 0.22045623194404246 -0.9510040261825996 1.1113414637123549 -1.8091944123674886 
0.40975327146241397 -2.0498425634053214 1.2747900215260888 0.01871262524023431 1.9185858323845524 -1.5321242727861621 -0.061088620273993956 0.021213705840726585 
-0.8759322004986272 0.14327240488594492 -1.3568787984108202 -1.2138880674071955 -0.7315139802352911 3.035276689811143 1.7435026756778336 -0.7438387238186166 
1.3896055894810386 -0.5845056128809416 1.3288970503508482 -0.6931922757748776 0.22519548166098444 -0.9464093747119741 1.1144232981153277 -1.8340141562551473 
I_2IIp_5
-0.1672914147490798 -0.8523792717112455 -0.2936046822901408 0.0678384968370457 -0.12899211036149547 0.06920484438211781 -0.3614795571034004 1.666703694990385 
0.1263399240615614 0.008553892398405075 -0.7345676103738251 2.731774315426531 -0.5640836767368013 -0.11497588607930308 -0.26842665924652764 -1.1846142994434794 
0.9403007588790587 -0.6971021357433437 -0.4143066446248154 -0.031242637393175378 -0.13729700280463739 -0.5879590046492276 -0.09240318988546578 1.0200098562155522 
-0.09838827976312141 -0.6335449141539592 0.1182009839757794 0.5889063222473855 0.1622806674508564 0.03180611592076711 -0.12021632662298373 -0.049044569054949895 
0.5598094164554406 0.3847816928927465 0.5454687951832065 -0.673098468590594 1.154953151892517 -0.7447474903385937 -0.3708876939315869 -0.8562794035632696 
-0.25111887757798346 2.592416118058305 -1.0803343955993658 0.17176333386508572 -0.748305969764396 -0.18940928575450441 -0.4448952932325158 -0.050115629982155185 
I_2I_5
-0.41381040720365797 -0.7265521938934805 -0.08837345893517254 -0.25082935899728087 0.15153181064466426 -0.08012988861955317 -0.1622237125346007 1.5703872095338944 
-0.3063640327789875 0.46992836189177034 -0.5043455550572239 2.512552837214296 -0.4957222980209524 -0.23926672282184278 -0.7928935707258516 -0.6438890196953747 
0.08958333640815414 -0.5427466593589894 -0.1517329861769895 -0.11995866883659374 -0.12287645736268417 -0.3502158187302735 0.07890890150056651 1.1190383525526602 
-0.41198352061887566 -0.7256682497337276 -0.08740902975055413 -0.24845707115717522 0.15277463261166957 -0.07981771221647979 -0.1713622828660868 1.5719232337266413 
-0.3068019661498981 0.4704517309871874 -0.505202064079631 2.51278341244547 -0.49524373752300893 -0.2388663973566932 -0.7938482860528999 -0.6432726922626743 
0.08843249319438595 -0.5445222675013677 -0.1533412094305264 -0.12104859926796314 -0.12502547300595113 -0.3522992662115087 0.07751144183136069 1.1302928803927674 
I_0II_3
0.38297819862737975 -0.7057861708716188 -0.3216166865822691 0.010353185628915344 0.17888617489212502 -0.7318982097645764 0.2331273561132727 0.9539561519494584 
-0.37439016354049753 -0.9099732143000141 0.19058529439412253 -0.4896770411596909 0.6687726151597562 0.314102463830472 0.20172874706236157 0.39885129855409907 
0.1674357752847322 0.297814933034162 0.13250975252039796 -0.20007365072460961 0.4123691173620268 -0.16904923573693503 0.02733941115163367 -0.6683461028913562 
0.8291048969127929 -0.8552869201462142 0.30478190286707946 -0.5955548421950716 0.8628966852772594 -0.6591612535842503 0.31279868012192835 -0.19957914925742534 
-0.8127292347779241 1.3540920423284306 -0.6126805679383243 -0.7996868030394253 -0.45753480879579095 1.562570786768794 0.4608888682479625 -0.6949202827861068 
0.28865187563372524 0.25190544520057534 -0.012777798660074545 1.2654055479611286 -0.5139944101759005 0.066997512753608 -0.28066911497866975 -1.0655190577343874 
IIp_2II_5
-0.5458738421342896 0.4401477538597676 0.037214215254921516 -0.4460996681711148 -0.49663140942216305 1.1165607237766761 0.3165843208396821 -0.4219020939907611 
0.18043157461052062 -0.645842180831973 0.6304705763641882 -0.863423048892907 0.4698295557650522 -0.02611115401600142 0.1536272454420646 0.10101743155754682 
-0.3171330350281598 2.2125300716695198 -0.806007227488487 0.0591856666620619 -0.4235554486029218 -0.4268861724620035 0.0019246990770206075 -0.300058553816982 
0.20829256479254693 -0.5998344109385614 -0.14792445693186237 -0.02725368232231299 -0.1577733459109575 0.0840876354693639 -0.1890078261486424 0.8294135219855788 
0.1013944767175375 -0.37939826153005485 -0.014833729368625117 0.04969759633925024 0.24208627446877828 0.03966221222569729 0.5539088355271521 -0.5925174043780117 
0.45733758633098526 -0.7845584367172049 0.2140233901522296 -0.2468699767213137 0.8983910504318015 -0.5609977028027152 0.12940985098811797 -0.10673576167138613 
I_0Ip_3
0.15950330399092563 -0.0763266190380327 -0.09398210275749977 0.24010387482525788 -0.029907734623002013 -0.11554246488740834 -0.09246937325421016 0.00862111574236234 
-0.15247404742121817 -0.15204607244799997 -0.028087265822907714 0.4618152775185322 -0.05397715178762768 -0.032383311071701726 -0.04470274798006582 0.0018553190130815701 
-0.054054126027279104 0.85549752292239 -0.24319884255634688 -0.11023462644509409 -0.03330335817912456 -0.15165039017860418 -0.15936754563657118 -0.10368863389681719 
-0.02310534600987253 -0.0946951858480256 0.17095556587611196 -0.1555852964800639 -0.14150363431290458 0.1368723456845269 0.04629449253339485 0.060767058556822955 
-0.12625499897072262 0.771426528064482 -0.19337173171217958 -0.1202931632817751 -0.1830506706418863 -0.024125178602363198 -0.13244403719391992 0.008113252340686149 
-0.12207552431815483 0.16169491561534202 -0.08635710215359017 0.03408006858122941 0.05892461494457613 0.19661655553727672 -0.10005505633689218 -0.1428284718685652 
IIp_1IIp_4
-0.05776249026613685 -0.1255793526321215 0.2776275453645926 -0.178546257399756 0.009156177364079983 0.008263993103886886 0.12765542576421218 -0.06081504129894061 
-0.0962259112863588 0.390827881893152 -0.12146147072334348 -0.06652334278448964 0.07772409163976753 -0.07990269719717981 -0.04976287318791281 -0.05467567835248267 
0.03967192577102524 -0.11987861068261646 -0.07215539189118673 0.01528514428006624 -0.06096249888262761 -0.039537517258166885 -0.036570760532895964 0.2741477091953126 
-0.0564154897399933 -0.12492760267775066 0.27833863855994245 -0.17679712146794738 0.010072535203372555 0.008494167096460406 0.12091737253901608 -0.05968249951280124 
-0.09654880844164138 0.3912137725404111 -0.12209299219471245 -0.06635333499086211 0.07807694399944154 -0.07960752911370086 -0.05046680415920687 -0.05422124763805551 
0.03882338573134711 -0.12118780257367837 -0.07334116750933163 0.014481516470093254 -0.06254701169637385 -0.041073685336399594 -0.037601135886268025 0.2824459008004489 
II_0Ip_3
0.017647013108461205 -0.08207091710910874 0.053387474099599624 -0.0380301191086951 0.0678498132370365 -0.02776714986725938 -0.02466049758266392 0.033644383221956224 
-0.04850258377436735 0.015950313933948978 -0.012046503131898926 -0.06452941592809949 -0.030420686004026802 0.10287364556047379 0.0617327481937374 -0.025057518849403427 
0.021646075782345273 0.07561198862120078 -0.0020003906323314137 -0.031840173216812005 -0.0070048032009515804 -0.05100611522757773 0.05211231372439314 -0.05751889584984819 
-0.018532327410890545 -0.059479037015441945 -0.006289796269135492 -0.05991590956812501 -0.0125471501051048 0.1592792263877631 -0.012918602595293155 0.01040359657589083 
-0.038388992455722595 0.13755398555034365 -0.058710223665005695 -0.06310427198047705 -0.03883357370808406 0.0879410336369674 -0.006353450856978294 -0.0201045065202875 
0.000898189088370295 0.025106452929972153 -0.018106072358803488 0.08897185222540441 -0.02813512290115766 -0.030062891983465272 0.02756183333631736 -0.06623424033631943 
I_1Ip_4
-0.12306120302509625 0.16053048427264704 -0.08737474365209145 0.033087158615018354 0.057570549280887374 0.1954849332376898 -0.1003970342371796 -0.13584014449006496 
0.15870997158518638 -0.07675484902537524 -0.09445923633972517 0.23833404339365827 -0.03057671665557295 -0.11595031054918513 -0.08680120138558671 0.007498298975996516 
-0.1511831407881768 -0.15235646490695087 -0.02804338612750604 0.4618883751653187 -0.05440817088376833 -0.03276710262688095 -0.044421810132363015 0.001291700300528122 
-0.05422573611868432 0.8554801603767802 -0.2431683244908718 -0.11042040099014876 -0.03325938803715324 -0.15147689856313054 -0.15936048185149124 -0.10356893032270807 
-0.022794351327181866 -0.09454768357820045 0.1710262061912294 -0.15587611013238173 -0.14137762655585467 0.13667996101463814 0.04626142142379322 0.06062818296370894 
-0.1252995284558206 0.7713395899361473 -0.1939477146799446 -0.12013894464076741 -0.18330695183319282 -0.024378888267820538 -0.13283178442463148 0.00856422236997733 
other
-1.317598196941256 0.840690578380788 2.199659695229822 -0.5636000672193668 -1.962657653376426 0.622597510113404 -1.7963520416891277 1.977260175507788 
-1.287667252888025 0.8419386293980182 2.2067084608533176 -0.5384621859942265 -1.9600218750216303 0.6221961856932048 -1.868621218600229 1.9839292565562152 
-1.3078784137769044 0.8456707966691354 2.2064117308268343 -0.541761434042369 -1.9537521137594192 0.6301587676151924 -1.8722970660137332 1.993447732478062 
-1.3023827829738521 0.8480525987849252 2.2076920434922114 -0.5438422224584721 -1.952306682017623 0.6251975035890838 -1.8724635703628347 1.9900531119444778 
-1.2913146262861408 0.846297563067028 2.1995749368271746 -0.5365418163220927 -1.956036134393524 0.6255303377548904 -1.876572663997057 1.9890624033566857 
-1.3174633305758239 0.8308824605111519 2.1930174770366704 -0.550839032429766 -1.9716504129290597 0.6128065596680699 -1.8839359534818123 2.087182232218697 
Ip_0IIp_3
0.0019643512196877585 -0.039685616504103044 0.00995522142866071 -0.039856887705799135 -0.021231571499841936 0.09572935554417691 -0.008806629016417697 0.001931776533384271 
-0.030254827523593524 0.03542740445111124 -0.00842733314210619 -0.022225914516480053 -0.041734633811915896 0.048164914188365826 0.04761621126361378 -0.028565820908893307 
-0.02690705957759971 -0.05956090164372512 0.10931994240271119 -0.07505897174956982 0.008155855570402966 0.04479705874555359 0.043169734620877025 -0.043915658368572696 
-0.012058800424141437 0.22975749271268095 -0.047436889671665615 -0.012142593953583752 -0.05017950588409575 -0.037662163688494565 -0.03000683316615042 -0.040270705924151634 
-0.00684298053539213 -0.04215570366460112 -0.015617199587159148 0.07306107719789423 -0.024345278881808347 0.0018396223992798427 -0.010869902863435999 0.02493036593515394 
0.011186131310014854 -0.040654692158544614 0.06272480017790638 -0.018121021937732837 0.01722716915077894 -0.012287605793531916 -0.007896571876056937 -0.012178208873317919 
Ip_1Ip_4
-0.02545480997494196 -0.05936045909700795 -0.02089616246942098 -0.0062828827645022714 0.1033544580994929 -0.028228140474393367 0.0798186205551272 -0.0429506238741376 
-0.024935790068261913 -0.0567514567073826 -0.041541012656336654 -0.06506964986724396 0.06887247217347574 0.13910702561799715 -0.025171447359786082 0.005489858867388989 
-0.043238396381656566 0.27676491053300023 -0.0529075317496812 -0.0729284390285352 -0.06601371112192342 0.02333073565611531 -0.03523365291652395 -0.029773914989699234 
-0.025252176992936567 -0.05926241456453599 -0.020789190770520143 -0.0060197554509730114 0.10349230832151309 -0.028193514769600414 0.07880499673623333 -0.04278025250832749 
-0.024984364372516766 -0.05669340611936726 -0.04163601416255047 -0.06504407512874086 0.0689255527213155 0.1391514285620284 -0.025277341625583535 0.005558220125610456 
-0.043366044586098045 0.2765679652076836 -0.05308591122671912 -0.07304933096313586 -0.06625207372842906 0.023099645680709466 -0.03538865510570395 -0.028525595277148437 
IIp_1Ip_4
-0.0270206955856963 -0.05960733127017114 0.10926778373612096 -0.07526657460108183 0.008087921966044038 0.044767943763044285 0.04379717601220541 -0.04402622402015591 
-0.011899579714663258 0.22973266072520812 -0.04742485638097653 -0.012152827044045118 -0.05021884637600904 -0.03771814202974713 -0.029976004027392908 -0.04034240515190986 
-0.006797841915550099 -0.04215809827841677 -0.015646150357728903 0.07305830374352892 -0.024350634818460462 0.0018508716008229797 -0.01088888796193325 0.024932437987672747 
0.011152432053459753 -0.040710636506023384 0.0626752719946841 -0.018208829459536672 0.017159597964242795 -0.012377668452153993 -0.007951888486742753 -0.011738279108172357 
0.002021262846039545 -0.03970946409820024 0.009870307259411532 -0.03994509288519439 -0.02128719505605518 0.09568852153314754 -0.008479999862707466 0.0018416602633609586 
-0.03027139487768102 0.035282392747620815 -0.008532844651126721 -0.02231264540366074 -0.04190647505142134 0.048017273879082466 0.04753902076238722 -0.027815327404670163 
II_1Ip_4
0.0006747585153496179 0.024809903966569343 -0.018358927447070007 0.08878807413026854 -0.02847207574865649 -0.030351933065926037 0.02719771177198573 -0.06428751212204827 
0.017368936480840754 -0.08217226042762142 0.05325605189084195 -0.038514306383446405 0.0676892505888078 -0.027858468996885346 -0.023136755562199292 0.03336755240923695 
-0.04814328522187335 0.015867609894036617 -0.012035566504523485 -0.06450202322121347 -0.03053908669396173 0.10276043489383457 0.06180857817488419 -0.02521666132069558 
0.021589125055811852 0.07560025529339724 -0.001997646598530017 -0.03187556176337531 -0.006999543907509308 -0.05095048484941652 0.05211446264774035 -0.05748060587746668 
-0.018497892210429356 -0.059439795672171586 -0.006247204498050797 -0.060005836988523645 -0.01250633320531149 0.15923444257893085 -0.012912674737789566 0.010375294733164326 
-0.038086460422336266 0.13758465608265258 -0.05881959675277373 -0.06302248500195265 -0.03884071369311258 0.08792502409994718 -0.006417435490739937 -0.02032298882104476 
I_2II_5
-0.8135798871450335 1.35299465130383 -0.6142641868713595 -0.8042858880202337 -0.4594110740649544 1.5613779688441904 0.47573802108824587 -0.6985696051193773 
0.2924367024885575 0.25030418684183364 -0.013289196553032769 1.2650726245296329 -0.5161103121689633 0.06510623768604853 -0.28044356139368326 -1.0630766814292025 
0.3827669722153355 -0.70617339466383 -0.32186339333722713 0.008747969478186646 0.17844552244171674 -0.7317412424291281 0.23688985758253459 0.9529277087081253 
-0.3720599289044915 -0.9098295531444104 0.19093435770982195 -0.490469577156583 0.6687455548863279 0.31326059354221425 0.20194119317397027 0.3974773598895809 
0.17096712332181346 0.29779380368634045 0.13124213548873254 -0.19958572393317772 0.411911035012869 -0.16943788561596612 0.026561865761640855 -0.669452353719295 
0.8277422019422475 -0.8582349258108222 0.3022822161969253 -0.5979903165458114 0.8594268400017018 -0.662302909704043 0.3105595884848084 -0.18148269457618307 
I_1II_4
0.28749273397950786 0.25091687335509827 -0.013715460258632163 1.2637555907082378 -0.5152361461951129 0.0660466964618878 -0.2777235747193212 -1.0615367133280396 
0.38319283280669364 -0.7062398452697787 -0.3219060141211158 0.009241471177398685 0.1782036530217649 -0.7323910291382028 0.23700254953850025 0.9528963819804095 
-0.37365094086472556 -0.9101940305556419 0.19062533102835325 -0.48971750073248604 0.6685075166273255 0.31395732699469536 0.2019172307014295 0.39855506680027436 
0.16744480783063467 0.2978855962124312 0.13259439271262502 -0.2003706384702837 0.4124758145960207 -0.16903565139898077 0.027341320261253115 -0.6683356417410824 
0.8298918256764858 -0.8551812774758392 0.3045545127408386 -0.5956164212605495 0.8629017357183161 -0.6593737740721064 0.3126029848005901 -0.19977958613275637 
-0.812609554240555 1.353401365526623 -0.6136054140634908 -0.8000524381509799 -0.4584313540299499 1.5617876761318965 0.4601536156715749 -0.6906438968347515 
II_2I_5
-0.36111887139800963 -0.9106418462601973 0.19096370838950003 -0.4893750726078689 0.6671666719191728 0.3125357866896303 0.2008163830331311 0.3896532402277974 
0.17907051702559365 0.2973007127435795 0.1327199630325005 -0.2004806091091041 0.4110108131793425 -0.1702196362267719 0.027824636139866767 -0.6772263967851316 
0.84144798710868 -0.8557666368856958 0.30506089639536244 -0.5959910981566272 0.8614719582174754 -0.6607468046789545 0.313355986880882 -0.20883228888755248 
-0.79996736271949 1.353474954893164 -0.6128245457647485 -0.7997223731122038 -0.45917257121395993 1.5611096593675924 0.4612498261907179 -0.7041475876363041 
0.29989970366727126 0.25057642158353804 -0.013063847153573447 1.2645149108608738 -0.5163107321917436 0.06490988534072195 -0.2805768768124712 -1.0699494652911783 
0.39478987262891696 -0.7063015878946456 -0.32143642739442385 0.009153376231896743 0.17734812253267707 -0.7332317748226591 0.23764274254298873 0.9420356761707213 
IIp_0I_3
-0.2573935788887442 2.594948036657689 -1.0784476680679131 0.17600096726505415 -0.7444966451521201 -0.18635381687732863 -0.4536788517719495 -0.05057844314930402 
-0.17727472512502465 -0.8509255757155504 -0.2932194313686832 0.07015170347234286 -0.12635680961597667 0.07138877244476059 -0.36952053974182497 1.6757566056482014 
0.1160526240302779 0.009426114151915467 -0.7348088343603536 2.732131962015577 -0.5624759487838986 -0.11374417333642446 -0.26920929219705697 -1.1773724515163755 
0.9312322843967341 -0.6968772808697441 -0.414679123743028 -0.030315791341419058 -0.1364590390145328 -0.5868598275683603 -0.0928191833057741 1.0267779614381105 
-0.10935005340597762 -0.6333260105023649 0.11871720960435737 0.5891213372504277 0.16344628126294064 0.0333308219845229 -0.12010576827561803 -0.04183381791733361 
0.5510570634297229 0.38708231803642695 0.5475642169818958 -0.6717929362112534 1.15841106522336 -0.7416721657767249 -0.3694749495460264 -0.8611746121443299 
I_0I_3
0.0852857870675644 -0.5424460283406873 -0.15181420840044713 -0.11948005379702752 -0.12230679217746661 -0.34995547044627395 0.07830878726165365 1.122407978828058 
-0.4170872274096516 -0.7256596979579223 -0.08767843223700694 -0.24785149768283124 0.15315786337868972 -0.0789597124080182 -0.1715891419562825 1.5756678462717182 
-0.3131358106402146 0.47065276322199934 -0.504495410133998 2.5125285669221293 -0.4944433659091022 -0.23808728270307117 -0.7935638057495217 -0.6394556550028524 
0.08521141169442947 -0.5424820150717719 -0.15185347180116493 -0.11957663329738674 -0.12235738937820247 -0.34996817962915777 0.07868083257055562 1.1223454449120003 
-0.417069398465708 -0.725681005121659 -0.08764356243199711 -0.24786088475627335 0.15313838044214156 -0.07897601027558607 -0.1715502740209773 1.5756427546305387 
-0.3130889580356061 0.47072505097150313 -0.5044299368817649 2.512572939673312 -0.49435587616368415 -0.238002462338769 -0.793506913008233 -0.6399138442080979 
Ip_2II_5
-0.04806572535950717 0.015902869454358332 -0.011991861052225612 -0.06434588587434807 -0.030481768679475513 0.10279825038616973 0.06130150242026921 -0.02511738129469057 
0.021476571639526265 0.07563132255106118 -0.0019987371440990617 -0.031890712073304156 -0.006957299424042244 -0.050918600511634826 0.05208915550877394 -0.05743170054588024 
-0.018456427041203184 -0.05943666821103397 -0.006260399463978626 -0.05998631363233839 -0.012512380785809964 0.15921379154880536 -0.0129205923912004 0.010358989976518126 
-0.03812702246947083 0.13754515000412312 -0.058852709408866874 -0.063013888737185 -0.03888349451961499 0.08791538964746239 -0.00643701828853931 -0.020146406227673098 
0.0005601344764935847 0.024799122226296853 -0.0183263718449213 0.08872583324014353 -0.028474376972923342 -0.03034679969737409 0.027357501586867474 -0.064295043014216 
0.017480664403053552 -0.08207805327105668 0.05334457781542317 -0.038437564634369856 0.06779567462196448 -0.02776916046088336 -0.02305324200928688 0.03271710353461999 
I_0IIp_3
0.9328747498855465 -0.6961206793777247 -0.41386358824804237 -0.028544980046042705 -0.13542664488701028 -0.5866910995815259 -0.10010847965551274 1.0278807218909913 
-0.10919912908237382 -0.6329071858093729 0.11784821667965133 0.5893913809650227 0.16376246406723416 0.0335793814127741 -0.12098194140820942 -0.04149318682639079 
0.5498933325436689 0.385227016077798 0.5459083671566799 -0.6729843630952248 1.1561852347099637 -0.7437684316733656 -0.37091441970260297 -0.849546736019722 
-0.259100606074194 2.5940839767951256 -1.079400358644144 0.1734223236965672 -0.7457428944326407 -0.18675744657446564 -0.4442130990463367 -0.052291895713606526 
-0.1763208748668169 -0.8514663184993847 -0.292518063702376 0.06999900061165781 -0.12691804027290188 0.07090335789589934 -0.3686462966079459 1.6749672354366048 
0.11699889873915512 0.010826288760088124 -0.7335160982947914 2.732938860603567 -0.5607616813099205 -0.11202055674250419 -0.2680865995105072 -1.1863791122428606 
IIp_0Ip_3
-0.011942260949477642 0.22981010981113856 -0.04737725314913336 -0.011969628120538601 -0.05010275476076615 -0.03763369082085628 -0.0306195379102586 -0.04016498409920355 
-0.006914990528294147 -0.04212147219145496 -0.01565287951930994 0.07306621415385126 -0.024307465678331162 0.0018729081907586144 -0.010919978222811022 0.024977663795562478 
0.011152778510642029 -0.040723710258886096 0.06266037752297234 -0.01815718813461209 0.017140346481668112 -0.012378868517414994 -0.007951996548755919 -0.011741739055898311 
0.0018860900507080337 -0.039727254239395764 0.009912021011266793 -0.039936878570762314 -0.02128734229722918 0.09572454108852999 -0.008444889371569095 0.0018737123280929723 
-0.03028014074650788 0.03540582915589161 -0.008371683645090935 -0.02224536376289199 -0.04174784944275087 0.04815551333539004 0.0476679370569957 -0.028584241950465685 
-0.026817698136988935 -0.05944058691309345 0.10942700435306281 -0.0749789188273514 0.008298182118293139 0.0449279537153508 0.04326332086395729 -0.044679257173121226 
II_2IIp_5
0.2148264621034728 -0.5995629249956028 -0.147182915403637 -0.024760896664291016 -0.15757643737699206 0.0840495191372569 -0.19677469479186088 0.8269818879835547 
0.10453913537247314 -0.37922101865653096 -0.014662582359550098 0.04938626851215808 0.24208463738592104 0.03965931827551532 0.5538450300417119 -0.5956307885705415 
0.4631675209990371 -0.7844470705955913 0.21436508950936803 -0.24652994933102237 0.8980603534460049 -0.5615694426941399 0.12988980808653308 -0.1129363094250615 
-0.5406201769005711 0.4397997959479265 0.03727991122756313 -0.44526931685040955 -0.49730543647994924 1.1163038427718 0.31522151196067155 -0.4254101316729476 
0.1838831249761927 -0.6460317006841445 0.6312419414349555 -0.8638959575258348 0.46949255659421607 -0.026394585086194737 0.15423247830654366 0.09747214198286787 
-0.3104966209600192 2.213885735339647 -0.8045385293279314 0.06028948744305902 -0.42238017429195013 -0.42599788942856925 0.003383957632185075 -0.3141459663975225 
II_0IIp_3
0.4566405100937767 -0.7840476491194701 0.2144343343473024 -0.24603549940402789 0.8991180533064341 -0.5604197462889263 0.12779411633407053 -0.10748411927995473 
-0.5472777040206918 0.44042062289560036 0.03731695314879658 -0.4455901508237518 -0.49615790905796336 1.1169402323773152 0.31482174602182394 -0.42047379054091955 
0.1788711674362528 -0.6456843089628377 0.6304306314047673 -0.8633692449655991 0.47009841785785816 -0.02591191065663565 0.15348684555709924 0.10207840232717211 
-0.3183944493347943 2.2125521994856885 -0.8060712254823178 0.05935888237905151 -0.4234540289774194 -0.42673842756513813 0.0018663232010993414 -0.2991192736990021 
0.20665200000300013 -0.5998212622480268 -0.14782319597694113 -0.02720935954317418 -0.1576142039839008 0.08433286795707504 -0.1889652405107322 0.8304483942981844 
0.10013879540274312 -0.3789823495983286 -0.014404583634664622 0.04992583704385954 0.2426948393041072 0.04020205069618246 0.5542132802595031 -0.5937878694767919 
II_2Ip_5
-0.03742954155623296 0.13768582163907037 -0.05866288963795679 -0.06240873426073572 -0.03868730053323894 0.0879926772316782 -0.008456323303862404 -0.020033709577863903 
0.0005304759124640204 0.024894688748622693 -0.018379324253764498 0.0887069810189709 -0.02837359435985656 -0.030256552359567365 0.02724474802846472 -0.06436742273494707 
0.017817447051854958 -0.08218518491401966 0.05325582579258487 -0.03846349408361509 0.0676245231838453 -0.027976867404377572 -0.02311674339181016 0.03304449376502443 
-0.0478769082192991 0.015797422706656964 -0.01207056927425641 -0.06440125235933346 -0.030631616158540525 0.10278861805510858 0.061826668256442355 -0.025432363006462105 
0.021568847760843838 0.07558116634445634 -0.0018132099917795204 -0.03197376382819641 -0.006989763390351041 -0.05093981661281193 0.052242225294045076 -0.05767568557575356 
-0.017799212759442778 -0.059049413642556954 -0.005901370592751428 -0.059708771519367154 -0.012085177397343678 0.15958618315427017 -0.012594996216050761 0.007552758973331468 
IIp_2IIp_5
0.040627160088654565 -0.11975432508487246 -0.07203825126156561 0.01595311254381678 -0.06088492349023552 -0.0397165794782196 -0.03811638286968513 0.273930189551225 
-0.05656025167038849 -0.12503975537790724 0.278197960784432 -0.17646017872876293 0.009968124577402834 0.00876254472405126 0.12086774543448597 -0.059736189742749524 
-0.09725916452112332 0.39118049500577495 -0.12150899134099029 -0.06659506501150415 0.07817418960965392 -0.07953182077431996 -0.050077317145664095 -0.05438232582055503 
0.040315299537995314 -0.11990521968045907 -0.07220288513598128 0.015548148711736647 -0.06109708069047951 -0.03976986987169346 -0.036556373835856325 0.27366798096391454 
-0.05648549380453604 -0.12512909763683258 0.27834417203675393 -0.17649953931039158 0.009886431416127791 0.008694206754396952 0.12103072109490004 -0.059841400550109496 
-0.09706270864818005 0.39148360201749427 -0.12123445793862675 -0.06640900731763881 0.07854103953230387 -0.07917616373210888 -0.04983876235741955 -0.056303541553762264 
Ip_2Ip_5
-0.043008503310839316 0.2768402979465638 -0.05282469314441088 -0.07258353054951362 -0.06591100051891409 0.023359177259207668 -0.036240932586387276 -0.029630815094182614 
-0.025491991614920412 -0.059235280992016554 -0.02081678347537848 -0.00598015733799747 0.10354085097356418 -0.028093684312894645 0.07875734175228631 -0.0426802949923287 
-0.025103827094820896 -0.05669234264898572 -0.04155157537044151 -0.06505799323114843 0.06894070226133336 0.13914133980890425 -0.025221576420932052 0.005545272695972311 
-0.04321007399708839 0.2767427674088567 -0.05293110404821451 -0.07284527842804145 -0.06604812806634731 0.02332473307837432 -0.035232622652016446 -0.029800293294539378 
-0.025443671959557247 -0.05929302725195841 -0.020722280010906702 -0.006005598001839919 0.1034880486985503 -0.028137854476109295 0.07886268087146159 -0.04274829786917736 
-0.02497684808123715 -0.05649642980206177 -0.04137413104103951 -0.06493773506791668 0.06917781526091545 0.1393712183038802 -0.025067386824840398 0.004303497252327734 
Ip_1I_4
-0.05405657126288454 0.8555496901213331 -0.24307925125492655 -0.11002400991404196 -0.033141726501477335 -0.1513837900365313 -0.1605280050705953 -0.10333633607686514 
-0.023159712955556612 -0.09448545695931476 0.17106189717559828 -0.15591515812716003 -0.14127523334467942 0.13677698315005615 0.046231633933537825 0.060765047126771415 
-0.12517769145392912 0.7714487120902921 -0.1938631334707453 -0.12003066186835626 -0.18319529048735575 -0.024318139138218977 -0.1327553351264238 0.007891539457166315 
-0.12302285959023906 0.16053671570837108 -0.08735473217268083 0.033313672661765874 0.057599213646626 0.19555568714122049 -0.10091015407759375 -0.1357175433161732 
0.15837596990342706 -0.07673010031517381 -0.09436221164799417 0.2382784841498738 -0.0305085926566965 -0.11588195529791594 -0.08676262271862621 0.007591028581926822 
-0.15097889311767396 -0.15212019332687374 -0.027843641747651325 0.4620747067062637 -0.05414262079486112 -0.032557160021108596 -0.044245290221386936 -0.0001869074753843609 
Ip_0II_3
-0.018309083901299966 -0.05936726341715126 -0.006171873863174183 -0.05967990003031251 -0.01239606511335429 0.159297799443621 -0.013937359441261787 0.010563746323183847 
-0.038343475748820154 0.13761374414428354 -0.05884995101667424 -0.06305768094188063 -0.03879280214596346 0.08797167381866255 -0.006487987685147209 -0.02005352042415148 
0.0006879196140355496 0.024806076095861627 -0.018373787007670887 0.08877487848265592 -0.028492445968915908 -0.03039482889422303 0.02732830340650113 -0.0643361157279208 
0.017360502199046154 -0.08220578960553565 0.05323629275122285 -0.038456046781268995 0.0676541148022614 -0.0278356830950474 -0.02312932787698011 0.03337593760570121 
-0.04833487093708621 0.015864037349191853 -0.01194723958891724 -0.06454716207589731 -0.030513446720445127 0.10279258331011093 0.06186460467161051 -0.025178506008035482 
0.02175692499098336 0.07580705803140343 -0.0018193642825557492 -0.031733024712085285 -0.006762488486050579 -0.05075670977730644 0.05226871563157581 -0.058761111395744345 
IIp_0II_3
-0.31904708728615705 2.2122823183285036 -0.8064149005684117 0.057853062893082584 -0.42390762475003896 -0.42708911848959136 0.006327977965432806 -0.3000046280806416 
0.20801845182339287 -0.600059505572645 -0.1479456272292787 -0.02706672932140001 -0.15800152781966514 0.08396651437689448 -0.18884253999120715 0.8299309637322158 
0.09969906490911327 -0.3793670350550398 -0.014699904831944471 0.04953585099610262 0.24230528415079158 0.04000135121118357 0.5539456621462977 -0.5914202735268562 
0.45652012445180734 -0.7840599985148758 0.214371639846077 -0.2468501672379137 0.8990265461647302 -0.5606794865142918 0.1295933041450892 -0.10792196234327017 
-0.5460388414274856 0.4403348599779107 0.03694498319585141 -0.4453803439088139 -0.4964058071994844 1.1166905111898195 0.31466629603043933 -0.42081165785306884 
0.17809614576233554 -0.6465863070666398 0.6296667641309779 -0.8640767756245022 0.4690827600503361 -0.026719609910125522 0.15281208605739346 0.1077249365967355 
Ip_2IIp_5
-0.006665190180015127 -0.042105838098113545 -0.015589665842653044 0.07329280270725821 -0.024277281161405057 0.0018751131198684835 -0.011578511346907653 0.025048570801840142 
0.01096867518720241 -0.04068931728544225 0.06265735669514605 -0.018184862225229043 0.017197161186059615 -0.012308888892078948 -0.007985559946442978 -0.011654564719420347 
0.0019293176915502867 -0.03970747968441935 0.009922000915100211 -0.03995143070861401 -0.021275672900317587 0.09568243584034741 -0.008446499940114883 0.0018473287862820868 
-0.03019753433983961 0.03538989344700913 -0.008438684605192254 -0.022182263350716488 -0.041779313318728487 0.0481610258375735 0.047634735288919976 -0.028587858958663295 
-0.02704597314466946 -0.05956479713315567 0.10938070296989681 -0.07509710800119239 0.008174722650493536 0.04482795978199023 0.043208024963846715 -0.04388353208715619 
-0.01193478003219076 0.22990452786041893 -0.04731065625675148 -0.0120611119319613 -0.05001234974326345 -0.03753957148369587 -0.029902640229643528 -0.04114341818194865 
Ip_1II_4
0.02155446160549436 0.07558624902655563 -0.0020158940259016557 -0.031960243006316134 -0.007023704309078226 -0.050970819554334634 0.05235998451534877 -0.05753003425140453 
-0.0184166723486539 -0.05945281573355808 -0.006256767547313735 -0.05999665418559876 -0.012528450670254241 0.15921338905256122 -0.012907717650765512 0.01034568908319029 
-0.038115893909978556 0.13755694502990418 -0.05884149587690741 -0.063048765621367 -0.038869671100322176 0.08790761378143211 -0.00643712746503688 -0.020151604837127485 
0.0006628423543488484 0.024806904039007687 -0.018365166384202745 0.08873293118394103 -0.02848076128106233 -0.03036838073862402 0.02732944567674045 -0.0643178148496476 
0.01744470346056988 -0.08217876381286321 0.05323582410811915 -0.038502252596881135 0.06767309187039464 -0.02787453791214065 -0.02314368601427584 0.03334562089652578 
-0.04818704831470406 0.01581779004023748 -0.012077490254084649 -0.0645418749966091 -0.03059480234708219 0.10271708274459353 0.0617714858761221 -0.024905142747903945 
Ip_1IIp_4
0.01111859662275349 -0.0407311570715433 0.06265733240744938 -0.018193253755517978 0.017137448550038088 -0.01236182997195441 -0.007890839208857213 -0.011736297572619387 
0.0019199924946135091 -0.03971452222473483 0.00992489774441033 -0.03996970283498137 -0.02127649976918961 0.09570129663218202 -0.008442578354106198 0.0018571163114634707 
-0.030173164943040724 0.03540739382856526 -0.008424427434412888 -0.022222007485772133 -0.04176205927292222 0.04814128578808369 0.04763422386083831 -0.0286012443411163 
-0.026916980834886372 -0.05956129779746166 0.1093224580760401 -0.0750723842935381 0.00815934726444897 0.04480728666942625 0.04317016286815583 -0.043908591952008476 
-0.012033823002192048 0.2297670081724671 -0.04743475428428757 -0.01216007649361651 -0.0501721192500792 -0.03767522557387781 -0.0300104650689196 -0.04028054449883425 
-0.006786261417319925 -0.042166786515867666 -0.01565881969466369 0.07306687847811488 -0.024368023004313528 0.0018180163120262362 -0.010898902578020996 0.024993898420153246 
II_1I_4
0.1778160664607848 0.30240223012998524 0.1380600932432061 -0.17970965165842076 0.41963632929505773 -0.164650105876109 -0.0376175268531385 -0.6559374347389612 
0.8141843707533698 -0.8516498437039333 0.30437320004025936 -0.596765951910513 0.867982650001733 -0.654660749729403 0.3095690257557871 -0.19303270121054822 
-0.8098458686805157 1.354455529760016 -0.6132308339545085 -0.7977242601250764 -0.4579862438899162 1.5602855147615529 0.4605992972343346 -0.6965531350969495 
0.28556803900296923 0.24948407589073057 -0.014740899686782931 1.2684497728662671 -0.5164405083169347 0.06833112273604774 -0.2811748067637138 -1.059476795724923 
0.3704329108384321 -0.7062309739648822 -0.3163225490335828 0.006540042140608242 0.18006359139551126 -0.7303724158151117 0.24039435083863106 0.9554950435915482 
-0.36314144618253436 -0.8971890448903203 0.20182414001290677 -0.48005349018217186 0.683416686484454 0.32647791547296734 0.21176858605450244 0.3168966532263403 
