II_0I_3
0.833518606331246 -0.8551239105454679 0.30658012148499153 -0.589858375279466 0.8649427546294328 -0.6593980746755823 0.2975504178260887 -0.19821153978575695 
-0.8177421220467175 1.3552667303972687 -0.6120697034781233 -0.7999250589497128 -0.454551466717009 1.563606262646797 0.4598884588024614 -0.6944731006487767 
0.2924550906408411 0.2534075379399181 -0.011608491507467105 1.2669684380764594 -0.512288743589417 0.06813168145993698 -0.29758622361511056 -1.0594792894021585 
0.3858808029883012 -0.7044939417752537 -0.3205491398301727 0.011848724683659483 0.17949457226127852 -0.728719040149188 0.2207661215649644 0.9557719002473394 
-0.3787952840149136 -0.9090679170792484 0.19223907877846816 -0.4897636858677783 0.6695501646231828 0.31489585729366315 0.20244817369759854 0.39849361256730514 
0.17096068224076563 0.3009634420749889 0.13499490760640942 -0.19642156422060952 0.4162865324252137 -0.16690005551671847 0.029873256752716387 -0.6897572013636802 
IIp_1I_4
0.5550684416519706 0.38529986724004994 0.5482850465756681 -0.6651005558238883 1.1589546725192492 -0.7436379980034215 -0.39179201812490133 -0.8470774560418698 
-0.26703950162157203 2.595886734284014 -1.0779855371927756 0.17249694342389943 -0.7413035800160672 -0.18538298598415426 -0.44533033281927215 -0.05134174006884066 
-0.1693898418899266 -0.8483566457767804 -0.2906796908823657 0.0731909236921127 -0.12354475541930653 0.073292418753526 -0.3914536087600556 1.6769412002778246 
0.120200883188324 0.011518412023343659 -0.7328877615486551 2.735518899695573 -0.5609854001873507 -0.10870357212253168 -0.2911978389849928 -1.1734636220580903 
0.924067026726573 -0.6951016316398716 -0.4122659910167234 -0.031027874757301614 -0.13473283142003709 -0.5856749937400678 -0.09210915371062943 1.0268454495460666 
-0.1029381156708223 -0.6289466626950708 0.12127890045226249 0.5946543032494724 0.16858900935787452 0.03588240575641002 -0.11717815445593704 -0.07134168599613361 
IIp_2Ip_5
-0.03008857623556154 0.03540057120376655 -0.00844243588205038 -0.022292112432253146 -0.04180159081536582 0.048125255529465755 0.047817923719274597 -0.028719035086449567 
-0.026720640508709457 -0.05958279998535638 0.10931266363001213 -0.07506753636928175 0.00810562854206456 0.04478056688898451 0.04318563555024809 -0.04401351774810104 
-0.011963852706972374 0.22973434498166662 -0.04744831627785916 -0.012190134484688349 -0.05021683698075134 -0.037710576211921865 -0.029810422390800985 -0.04039420592780371 
-0.006685066137742097 -0.04217917585313572 -0.01566221110239037 0.07304174463564105 -0.024382429925556823 0.0017745124955542513 -0.010696419255453523 0.024789045143216174 
0.011322030209585228 -0.040746134107766493 0.06264582187285334 -0.01817554017408693 0.01711540971939338 -0.012385550825307042 -0.007951460704133535 -0.011824575990819302 
0.0019957394888975594 -0.03975451574412324 0.009897922264780496 -0.04001742992073022 -0.021333668825616537 0.09566661199106 -0.008468922709009273 0.0020142634544390065 
IIp_1II_4
0.17723490463902236 -0.6457188914436673 0.6298017957922664 -0.8655953961857994 0.46938750187187794 -0.025807098922789002 0.15911058386740945 0.10158660037659938 
-0.3162259087385677 2.2121695561651475 -0.8063775552535483 0.059402723621294506 -0.42454320268425794 -0.4272144083177595 0.002158744112263967 -0.2993699488972388 
0.20536293999756472 -0.6006428710055729 -0.14864557043626223 -0.027913136751928476 -0.15860088659741858 0.08360005437188459 -0.1830333951335987 0.829872865550518 
0.09855942365172184 -0.3799160503107819 -0.015225713351252045 0.04867891159163412 0.24190392471922323 0.038589207954897245 0.5598623780733056 -0.5924520823269065 
0.45828965036303176 -0.7845837327548278 0.21368101744422768 -0.24655047402989205 0.8985252816799357 -0.5609279410546226 0.12939964418189825 -0.1078334458337464 
-0.5482056604185429 0.43915396261361866 0.03641888215487919 -0.446946910495428 -0.49773344118297463 1.1160654928277762 0.3139788040055027 -0.41273112949863816 
IIp_2I_5
-0.09774163650608743 -0.6340826166689071 0.11620844798981803 0.5825056001357034 0.15918401188659687 0.03149931274730559 -0.10272598884128188 -0.054847130743042996 
0.5706693075962431 0.3831700895155013 0.5451350154250104 -0.6730822182682498 1.1509439187651636 -0.7465042697190126 -0.3693282010028528 -0.8610036423126174 
-0.24919240640448778 2.5910381643163363 -1.0810421953650153 0.1703050130349642 -0.7502609597817614 -0.1907794575407009 -0.42507105385466437 -0.06499710439542106 
-0.1643425037978601 -0.8539041418442169 -0.2944575623585558 0.06695577396784085 -0.1300598530914819 0.06514175723656368 -0.35022924973364394 1.6608957796130945 
0.1363706196384373 0.007417172778644921 -0.736358518254475 2.7316945071381613 -0.5654456394426709 -0.1163287392622928 -0.26912082918407426 -1.1882285734140172 
0.942166352803014 -0.7009184613500287 -0.417024897015598 -0.03541586431066152 -0.14245059714678066 -0.5911547949767084 -0.09500269520452737 1.0398009571906115 
II_1II_4
1.362601865757038 -0.5889050203613116 1.3158303964487017 -0.7290111135326797 0.2096826707147129 -0.9496598090667127 1.1962454177894424 -1.816784407760932 
0.4422243956126627 -2.0558036037175507 1.2700202167365602 0.019766206433191793 1.901966197916471 -1.539087081122111 -0.05666723688129472 0.017580905011376866 
-0.8966993453467714 0.13084696119101494 -1.3686838528334675 -1.22480329045348 -0.7462384854663991 3.0244049150551855 1.8334572788102275 -0.7522841809420723 
1.3668922059598805 -0.597186769364838 1.3177219827583817 -0.7109759665761909 0.21488223637411838 -0.9693828688370568 1.20079496798656 -1.822745788308493 
0.4398289359138207 -2.055484859752959 1.2661466411452318 0.018401767682505094 1.9131670012418882 -1.5386427032830647 -0.06408792779907732 0.020671144838267704 
-0.8925527416946988 0.1256875534552325 -1.3723805566355791 -1.2339752577832541 -0.7537027138959536 3.02345556517389 1.7283175277176752 -0.624849376329779 
I_1IIp_4
0.11114172559896207 0.009323163516018482 -0.7365016000623575 2.725981602925107 -0.5643361896133129 -0.11326892089702977 -0.2539843805277013 -1.1783554009383894 
0.9369583091367261 -0.6977799176124757 -0.41542131991750086 -0.03044216191025076 -0.13925704419094376 -0.5882560425736731 -0.09204597896955077 1.0262441560310704 
-0.11232488358642308 -0.6355232202619872 0.11608925869091163 0.5874085698612105 0.16070175317508856 0.031258891935795126 -0.10430322376470573 -0.04330714604979745 
0.5457241816698052 0.38365495888108087 0.5445455080576809 -0.6758363271477809 1.1552583607007973 -0.7468927067633799 -0.35488088712561855 -0.8515730882803526 
-0.25398903572985415 2.5931872670844056 -1.0808834586114207 0.17317332617877595 -0.7465721104136831 -0.1879935646876689 -0.44477403710457386 -0.052148386710040996 
-0.1790521605935246 -0.8545903495312922 -0.29562367867385264 0.06655468738681833 -0.13093599746559537 0.06873199128784631 -0.371591914024085 1.6965074216141809 
Ip_0Ip_3
-0.02529918285840383 -0.05669827114941133 -0.041600411658310944 -0.06526294729028867 0.06889149934056436 0.13918261867819584 -0.0247629084628979 0.005549603400762829 
-0.04303269489407372 0.2767353727482025 -0.0529391323816385 -0.07288848424077873 -0.06611185465448396 0.023262480653962192 -0.03521100483193424 -0.02981468239855732 
-0.025423309426828942 -0.05935610614235978 -0.020864255127709952 -0.006027241940063999 0.10339049843535617 -0.02821730558332834 0.07929813019456351 -0.04280041040939376 
-0.025275989605389154 -0.05674304165516112 -0.04159018588653591 -0.06516545065657604 0.06891960779729567 0.13907599731598552 -0.024738313940354282 0.005517376630536735 
-0.04304564456708373 0.2767370958539162 -0.052960072636826054 -0.07289586029290113 -0.06605130396290769 0.023264882926852824 -0.03525112052299369 -0.029797976796846898 
-0.025400893202637848 -0.05938399750846998 -0.02088423922752068 -0.006076824898382768 0.10335014738374323 -0.02822243769664352 0.07872975269082239 -0.04211150754077646 
II_1IIp_4
0.0928010083717167 -0.3794536864259493 -0.017558729262530284 0.0399223457143829 0.23905400278362268 0.0400489995307349 0.5790977495061002 -0.593911690219179 
0.4657445842647765 -0.7860969038378205 0.21274517628193612 -0.24596151795964497 0.8938441817132393 -0.5624135206644676 0.13091278914865095 -0.10877478894932616 
-0.5541127507401556 0.4366226199270597 0.03434670110727075 -0.4490407431657274 -0.5005148575953351 1.1137521829733255 0.34190192713901235 -0.422955079638998 
0.17303231342276423 -0.6482597729377856 0.6281547337588541 -0.8678118010734605 0.4684231202410945 -0.03149956324000057 0.17999577777143394 0.09796519205137753 
-0.309639650435376 2.2107719725428363 -0.8087180873804619 0.05949688754404969 -0.42516250835931657 -0.4285388413280569 0.00098089280514394 -0.29919066538251393 
0.2009595499517698 -0.60504519136008 -0.15205830268901926 -0.03333303840647935 -0.1640890874735086 0.08094247778840227 -0.19323754094835213 0.8658611331341413 
Ip_2I_5
-0.15082493114579476 -0.15234830879712052 -0.027907778709310483 0.4623734599088317 -0.05425505399949406 -0.032793949665261356 -0.04563866462535314 0.0013952270346777847 
-0.05469965554550322 0.8555597340230586 -0.24310457921192766 -0.11042303253541366 -0.033026793209901824 -0.15136999931256673 -0.159423640192876 -0.10351203401294264 
-0.022538276368601087 -0.09437027755260494 0.17121483724606432 -0.15572890319784358 -0.1411611223274199 0.1368418828646925 0.04498488238217571 0.060756976953898215 
-0.12493799284929381 0.7715663910203061 -0.19374865683183431 -0.11985090752337432 -0.18310733282695799 -0.024005818913360323 -0.13403514083918244 0.008119458766624645 
-0.12339793240079089 0.160655262997471 -0.08720119137462 0.03323765393997208 0.057712631888658696 0.19560304289047886 -0.10086842985710949 -0.13574103808304022 
0.158881972829073 -0.07647404659735185 -0.09426586415390963 0.2386256547334659 -0.030226314218575728 -0.11575224472840803 -0.08662499261487178 0.005835834749176562 
IIp_0IIp_3
-0.09848879293372115 0.3911733021245372 -0.12185839012226103 -0.06782887776523011 0.07782454384168708 -0.0794190387177037 -0.046996028120134925 -0.05440671830545372 
0.041220490939874004 -0.12008621944149309 -0.07236526401237157 0.015548076009310548 -0.06164412589570196 -0.04001366680586819 -0.036410293618622185 0.2737510028236974 
-0.0574006745652377 -0.1255647440720341 0.27783734088684575 -0.1768566709078992 0.009368011653317692 0.008311546801687516 0.12424972374004213 -0.05994453353662204 
-0.09833241998631323 0.39087145158602077 -0.12178944618945503 -0.06717153849785587 0.07801405594769889 -0.08013789849128404 -0.046830207569770355 -0.05462399679670977 
0.04113318199109576 -0.1200746019633463 -0.07250644685639006 0.015498345382255144 -0.06123588259884713 -0.039997470264451766 -0.0366807605874332 0.2738636348965072 
-0.057249540481680294 -0.12575279251480126 0.2777026046091736 -0.1771909678392389 0.009095957843153153 0.00827694520091747 0.12041762372360319 -0.055299830541013444 
Ip_0I_3
-0.021590525548001824 -0.0945286985239901 0.17159422828514134 -0.15410349432518244 -0.14077077775222271 0.13665754509167585 0.04165597599374843 0.06108574677860461 
-0.12694781163111776 0.7717962473175177 -0.19357617894437917 -0.12018149004820886 -0.1822544930988122 -0.0239334978658382 -0.13299610114963653 0.008093325422493034 
-0.12164216230862253 0.1612483710576427 -0.08678137753566234 0.033889825566716554 0.058404839869830194 0.19608234220712262 -0.10588235918181975 -0.13531947967324714 
0.15965491772250723 -0.07625427221815517 -0.09404270834979205 0.23913505618484196 -0.03022677949015927 -0.11487345174846567 -0.09170877584610299 0.008316013743070703 
-0.15276545004387135 -0.15201718773880044 -0.02755093593763771 0.4618589473528402 -0.05408819799821354 -0.03246328462660088 -0.044259698604380615 0.001285807596894839 
-0.05313593585821864 0.8564299405408999 -0.24242744971167388 -0.10925058864618231 -0.032087585185413596 -0.15084523980433792 -0.1585913864495908 -0.11009175488290308 
II_2II_5
-0.8877569814303196 0.1420780628055684 -1.3709643660757835 -1.2566504339644198 -0.7482826376769157 3.033772486144985 1.8547915447634753 -0.7669876745490891 
1.4438484059598762 -0.5978174370351738 1.318878506139401 -0.6936685616855902 0.19609776927768002 -0.960483086543399 1.1179379927149964 -1.8247935888257965 
0.3940936007601018 -2.066501110075858 1.262229204574956 0.0017997882711459294 1.8984024922416907 -1.548175575529178 0.059422314074384225 -0.001270714327605233 
-0.8821126312762526 0.1311826351551784 -1.3684758045698255 -1.2329234846545007 -0.7414421150507325 3.00782492716077 1.8607769102921217 -0.7748304370412679 
1.4406969511375662 -0.597398099066217 1.313782449427173 -0.6954636104949967 0.21083349022232944 -0.95989846527633 1.10817536878524 -1.8207280847347307 
0.3995488518267256 -2.0732888011387653 1.2573658395058867 -0.010266806164329992 1.8885825905789122 -1.5494245354938485 -0.07889901764196727 0.166381878510935 
I_1I_4
-0.30573302027070015 0.4707675280509081 -0.5015028093420207 2.5227643143297467 -0.491046239437067 -0.23828262109453352 -0.8200340742377837 -0.6369330779904661 
0.07533796298351136 -0.5404506798327616 -0.1502303367645552 -0.1202726812851207 -0.11701061709756404 -0.34800675240887763 0.07729613379139577 1.1233369706109908 
-0.40937130036601016 -0.7217871224490293 -0.08453632508000314 -0.24418566756765858 0.157567911654803 -0.07576637982901915 -0.1999696669358499 1.5780485505703377 
-0.3070710504888494 0.4733503606247462 -0.502092739166317 2.517139685400858 -0.4926678301839109 -0.23213158208015877 -0.8214529443867671 -0.6350738997109434 
0.07608503601530249 -0.5405500866484462 -0.14902228310257953 -0.1198471531936343 -0.1205038163806459 -0.3481453407142641 0.07961042781438461 1.1223732162054774 
-0.41066450340512395 -0.7201780557703995 -0.0833834324974266 -0.24132520222692147 0.15989578374056035 -0.07547030567874337 -0.16717968817786916 1.538305404017399 
I_2Ip_5
-0.12274970224086708 0.7714404995697104 -0.19310977536248922 -0.11754919826194725 -0.18243001773963144 -0.024404320328352505 -0.13925694719703868 0.008059461564606685 
-0.12478068789133294 0.1610352004485992 -0.08692122439387945 0.033067836781578465 0.058866094535561825 0.19593155970005616 -0.10122326905620119 -0.13597551012344852 
0.16111125334977447 -0.07579679631303542 -0.09367731869098907 0.23921474773406107 -0.02952085743530311 -0.11519332901013822 -0.09380576757233738 0.007668067936378727 
-0.1490283268044517 -0.151718118632259 -0.02744158946146836 0.4630286518655786 -0.05405243284487457 -0.03139183590980936 -0.05127582180607132 0.0018794735947821625 
-0.055863717733666045 0.8559105717693392 -0.24247097445615765 -0.11046828336675307 -0.03289590701027451 -0.15108205194239618 -0.15910100800578908 -0.1040286292521549 
-0.02068755969799536 -0.09322199955009246 0.17214087298808264 -0.15430245617057867 -0.13977421940432613 0.1374874694047268 0.04740283262474293 0.05095505980607857 
II_0II_3
0.4185306677874501 -2.0491953953491704 1.2784288989499195 0.028658121486778664 1.922744279128531 -1.532985375512386 -0.08967432276644965 0.02349312625788666 
-0.8828984122214483 0.14551074846222767 -1.356873977111628 -1.2137966424067579 -0.7262465228713882 3.0368575734014076 1.74090333757988 -0.7434561048292749 
1.3946211692609007 -0.5843295917663135 1.3288100717465816 -0.6922074170428693 0.22535821516694024 -0.9468522276382507 1.0807188190695391 -1.806119038810098 
0.41708660281417154 -2.0464078812837956 1.2777922190123805 0.022587758115969407 1.9209941823318848 -1.526346885684684 -0.09120563398498543 0.02549963866482275 
-0.8820921359626137 0.14540346396434878 -1.355570188933759 -1.2133373925300184 -0.7300165473906559 3.036708002401984 1.7434010322451008 -0.7444962337895248 
1.393225483880664 -0.5825930115321475 1.3300543274988066 -0.6891202686739585 0.22787056391304789 -0.9465326905284286 1.1161073022039092 -1.8490117067786993 
I_2IIp_5
-0.1720342248121429 -0.8519645077222849 -0.29537417606071287 0.06194282942296537 -0.13089426987562566 0.06984128023398094 -0.3475795130603526 1.6660625818693395 
0.1325445117045376 0.007335873326878527 -0.7359061134964253 2.732200802404093 -0.5677791716301834 -0.11603663158736965 -0.2676809409361213 -1.184678329780565 
0.9344727054197716 -0.7001598325352584 -0.41682935519514175 -0.033954511422720615 -0.14086740881521967 -0.590760741296738 -0.06982201488098694 1.0179211587121528 
-0.10349865626091702 -0.6358775838778011 0.11614483294090802 0.5856254888593814 0.16069430572084192 0.027304849072149556 -0.09802466183244642 -0.05236857461906787 
0.5657629825510488 0.3832325255992213 0.5438406562377114 -0.6731912078628083 1.1536613166381848 -0.7460117727227331 -0.37123462549266917 -0.8560598749491207 
-0.2550161695980709 2.5894701914702187 -1.082513658294876 0.16763032637731287 -0.752043717146504 -0.19081350706938496 -0.4473024665741462 -0.029410999153898054 
I_2I_5
-0.41557984198201114 -0.7259556700789088 -0.08890429914245086 -0.2524366919577325 0.1510646440936964 -0.07943800991894906 -0.15976977161576883 1.5710196405994667 
-0.30415466675044806 0.46954135929219676 -0.5051206536856916 2.5127070001599 -0.4973560911421353 -0.23948116117689736 -0.7927412432882024 -0.643394543401375 
0.0865530606396278 -0.5444006586973795 -0.15313932618837112 -0.12130580037283754 -0.12486960472852426 -0.35193186292848483 0.09132529178124094 1.1177689004893991 
-0.414994264579873 -0.7270860245123941 -0.08864612143526687 -0.24997512154473162 0.15177431931927893 -0.08212995917281898 -0.1591488153140721 1.5702059872359933 
-0.3044816168293442 0.46958486382891956 -0.5056493479675616 2.5125207714550792 -0.49582732255837286 -0.23942050919862842 -0.7937540741374597 -0.6429727645854649 
0.08711901981415196 -0.5451048528713587 -0.1536438796976438 -0.12255765839461683 -0.12588837789879523 -0.3520614372295242 0.07697503995635527 1.1351621463234347 
I_0II_3
0.38694359645819254 -0.7059768581736807 -0.3200915468704779 0.01549170964491786 0.18056221912586576 -0.732269762887311 0.2205405061758808 0.9548001365160368 
-0.37961498198849497 -0.9089310272153676 0.19160697633506726 -0.4900353698300134 0.6717722397919107 0.3150533958741475 0.2010607853546628 0.3990879816779149 
0.17200610237154415 0.3001900926165858 0.13445460092502537 -0.1979247912038743 0.41512070144443436 -0.16694374203855708 0.009870007146203086 -0.6667729712620308 
0.8329874842890898 -0.8535300527048904 0.30633496626689627 -0.5929156749452571 0.8640786972539735 -0.6556214318799718 0.29563458714186824 -0.19696857543347704 
-0.8176718765206072 1.3552852028571771 -0.6112627237196998 -0.7996898367019726 -0.4564906312940805 1.5635987092539387 0.4612579507559309 -0.6950267946204822 
0.2919599952000386 0.25455097354620687 -0.010775426089154565 1.2688727126699508 -0.510681519539892 0.0684406903952885 -0.2785287292367041 -1.0838386969465479 
IIp_2II_5
-0.5472190614517521 0.4402370402732289 0.0367040278952248 -0.44780988517472753 -0.49718648854817543 1.1167120715683099 0.3207021723275734 -0.422139876878287 
0.18219816920789936 -0.6461919783763216 0.6301086292282129 -0.8633017652658674 0.4687977619802144 -0.02642365311991974 0.153846835453082 0.10096600089007486 
-0.3187311285495241 2.211695747505369 -0.8066928967883793 0.05843801471682519 -0.42452570381077637 -0.4276377867369427 0.008073269565724253 -0.3006195158903088 
0.20691395942675153 -0.6004608939271721 -0.14847748536841904 -0.028165363861865845 -0.15819707427226976 0.08285154817883914 -0.18296603655741067 0.8285013463758073 
0.10307673947772059 -0.3798191144973469 -0.01530580186251505 0.04968592851555213 0.2417263896781231 0.039308910455412856 0.5537960802824484 -0.5924691320486195 
0.4562231654926698 -0.7854271479951741 0.2133725224934795 -0.2480443454552177 0.8972967837781559 -0.5614448748470716 0.12870388429298632 -0.1006799877691368 
I_0Ip_3
0.1603657777122794 -0.07669889546775908 -0.09374721622169381 0.2407780677039724 -0.029724765076318955 -0.11596355485749611 -0.09316144299484878 0.008152029200672506 
-0.15353150449896824 -0.15186987445327943 -0.027658584888745907 0.4617410472972049 -0.053133727620313195 -0.0323122394872429 -0.04475377015580416 0.0015186538077895846 
-0.05241914898381178 0.8563984280707143 -0.24242752275141458 -0.10951611239528895 -0.032209859453094986 -0.15069017536413426 -0.16615619060879103 -0.10297941851176771 
-0.02143409092518126 -0.09390310087931668 0.1716452774589292 -0.1547911005414369 -0.14094068466916054 0.1381161826722977 0.03961538669472746 0.06169213018839944 
-0.12740430937065186 0.7719023704569125 -0.1931832595334928 -0.12012306854921415 -0.18274746259727997 -0.02383987809024322 -0.13253122327298547 0.007926830958993875 
-0.12146122623925261 0.16188359045265582 -0.08630373872415165 0.03480956245199861 0.059247141227558565 0.19636008774732724 -0.09986032819270453 -0.14467508872210724 
IIp_1IIp_4
-0.05896657517321111 -0.12513794144829887 0.27727669939527283 -0.17959247035930706 0.008857749867007908 0.008771308772095672 0.12910590261632063 -0.060314673669822086 
-0.09473092419798063 0.3905699442530436 -0.12201106410066147 -0.0664188337793529 0.07659182231672255 -0.08003405937898538 -0.04966932600037659 -0.05429755911097836 
0.037541103063166846 -0.12104536381240338 -0.07314975442295074 0.014341495963363086 -0.06237191528712045 -0.04075914401800545 -0.02780090872052576 0.2732444872332367 
-0.05855295678335372 -0.12593635917882873 0.2774590613634884 -0.1778537577882282 0.009359023862615048 0.006869869762736965 0.1295445106376281 -0.060889391875549384 
-0.09496186303654194 0.39060067336991644 -0.12238450350714022 -0.06655037508664256 0.07767165701923212 -0.0799912182900063 -0.05038473179193714 -0.05399963867550443 
0.037940864258257066 -0.12154276630694967 -0.07350614216871909 0.013457255045760076 -0.0630915183949463 -0.040850667894861 -0.037937105968111035 0.2855300814293866 
II_0Ip_3
0.01762716934869315 -0.08217587162000752 0.05334884069744154 -0.03819780276056186 0.06778329493340894 -0.027874232853516562 -0.023942605632254175 0.03343120788622638 
-0.04845116417601159 0.015928937799603603 -0.011985514466601493 -0.06452643618953592 -0.030374544781136777 0.10282542354638906 0.06176626870270896 -0.025182970435044784 
0.02182840381780275 0.07572314193683782 -0.0018986072752214932 -0.03177052310171201 -0.006860085343336167 -0.050855846021556156 0.051242767306485026 -0.05740925131911748 
-0.018287052840181523 -0.05935657492071463 -0.006184898166410731 -0.0598586251453461 -0.01245514108451799 0.15941324332296436 -0.013775867179552235 0.01050491601361751 
-0.038388041634509804 0.13761727441323685 -0.058755708603029984 -0.06304958843450861 -0.03881443517383602 0.0879556521886466 -0.006408911897740012 -0.02015624085747992 
0.0008479482648650974 0.024969400399721647 -0.018238441693735452 0.0889466213204753 -0.02827913278218422 -0.030252718673351983 0.027464421893329014 -0.06545809872876056 
I_1Ip_4
-0.12374117796535619 0.16055494193917824 -0.08763868242552778 0.032194972654525575 0.057278622851331874 0.19554016920722428 -0.09818771903869307 -0.1360011272206469 
0.15960787486981837 -0.07693481773287883 -0.09462928800177527 0.23839558088534019 -0.03108632531789939 -0.1161167555377255 -0.08668431308247662 0.007448043917048962 
-0.15195088055686876 -0.15275417662614885 -0.02836820597101005 0.46152615121289126 -0.05486767253092903 -0.03311563418732836 -0.04150066965539199 0.0010310883172406856 
-0.05487091414981633 0.8551891107959662 -0.24342587236991156 -0.11086747275922461 -0.03345445648260511 -0.15207209063665852 -0.1564906206839556 -0.10400768370998903 
-0.021948652025787184 -0.0947468941410287 0.17078009123627966 -0.1558713361419594 -0.14155478332228824 0.1365052335787128 0.046193960472933074 0.06064238034316384 
-0.12586941637342697 0.77087630835689 -0.1943005957997577 -0.12073409718891533 -0.18388495226326967 -0.024640568801034202 -0.1332055578035923 0.01175887987679354 
other
-1.312916356660481 0.8459643124000018 2.2030699990335276 -0.5501619799140665 -1.9576605811603682 0.6278152061727152 -1.845216204797516 1.9891056049395597 
-1.2951482748686585 0.8440081942723267 2.204482692430672 -0.5389468634119687 -1.9596553636354201 0.6255755795290457 -1.8709767245255804 1.990660760209534 
-1.3131364578589944 0.8420867859329982 2.202917964485564 -0.5433989512924838 -1.9587321939731885 0.624295504516289 -1.8432361637871955 1.9892035119857 
-1.3115423701045472 0.8433120724232813 2.2036757817999866 -0.544386202635095 -1.9559954140697384 0.6214988728045393 -1.8437592059323886 1.9871964657227466 
-1.295915423687326 0.8441102724075406 2.2032421752380587 -0.5393838265447863 -1.9560682930371973 0.6257178920620904 -1.8733532096235483 1.9916504131935107 
-1.311808503102565 0.8404344794656944 2.20173409069405 -0.5463362847458336 -1.961122622011053 0.6239914740880352 -1.876907294219221 2.0300146598472555 
Ip_0IIp_3
0.0017128646657067464 -0.039714261692005225 0.009846571801242139 -0.040237383820451805 -0.02136022719671485 0.09571101402725052 -0.007756453647923804 0.0017978758627481758 
-0.0299137465756511 0.035355092303159794 -0.008466702058512054 -0.022202732792587134 -0.04190134817559751 0.048087887323991545 0.04767018172201066 -0.0286286317466591 
-0.027117979510026705 -0.059664206908280164 0.10923949504396799 -0.07516432514318727 0.00804231281441963 0.04472538290830819 0.04390954381023774 -0.04397022301536686 
-0.012203214693306019 0.22969655954484625 -0.047492045966295124 -0.012282855548646013 -0.05021680213008444 -0.03782829558000696 -0.02928107488005114 -0.0403922707457509 
-0.006538665348147586 -0.04220473292655915 -0.015721886537991496 0.07308229820525783 -0.024402129148762566 0.0017820330936896558 -0.0109139332392509 0.02491701590178546 
0.010963371841035763 -0.04087009815163299 0.06255074669691443 -0.018343941682535357 0.01696804728604208 -0.012449372809283285 -0.008065665699266651 -0.01075308748170259 
Ip_1Ip_4
-0.026229004760183354 -0.059303387285688215 -0.021188118874390725 -0.007259517316079298 0.1030381223349605 -0.02813518850017797 0.08215334774105736 -0.04307625333922814 
-0.023920444101276868 -0.05695190302384428 -0.04175286778632658 -0.0649999129460298 0.06827537553017185 0.13892951097056142 -0.025046690074086816 0.005466931430477975 
-0.04416914105789936 0.27627813812206775 -0.05330813228756614 -0.0733630411756342 -0.066580617141034 0.02288953645939729 -0.03164367616658602 -0.03010306675121818 
-0.026059797528189915 -0.059630012158777945 -0.021113516379358842 -0.0065482270337072004 0.10324318861668884 -0.028913048574458283 0.0823327779865065 -0.043311364927834814 
-0.024014918918047246 -0.05693933204305678 -0.04190563818965376 -0.06505372520634546 0.06871712533016339 0.13894703684050236 -0.025339355576026262 0.00558880776259396 
-0.04400560266868417 0.276074655633478 -0.05345392702365632 -0.07372477547405504 -0.0668749997240852 0.0228520949377657 -0.03579029517765753 -0.025077150501762426 
IIp_1Ip_4
-0.027279566963642605 -0.05956853231331327 0.10917593188972446 -0.0755667083109471 0.007992968640579799 0.04481930486693573 0.044455935883647095 -0.04402933369273847 
-0.011564778212921015 0.22966864492039168 -0.0475080006231928 -0.012129729650453612 -0.05042988439285433 -0.03776940752082007 -0.029939906108845508 -0.04032693841065234 
-0.007147258726806002 -0.042343767302306844 -0.015800860521923765 0.07289801604305661 -0.024569697429634014 0.0016734106672556105 -0.009510344110670322 0.02480050138117343 
0.010833107665576226 -0.04085798566899304 0.06254585140486835 -0.018398659557055826 0.017058069390415202 -0.012646508232691258 -0.006596712012818287 -0.011937162989397723 
0.002349848572535729 -0.03980458870196887 0.009787298210674648 -0.039958496484404964 -0.021361423443303638 0.09561649913830803 -0.008490755186565615 0.0018616178945443048 
-0.03047897620759006 0.0351404910476641 -0.008633123907155805 -0.02253703017046993 -0.042091043781339134 0.047968492095538995 0.04742086219285104 -0.02678967126890742 
II_1Ip_4
-0.00030568324774422895 0.024785455796056833 -0.018756974328782653 0.08742160497153612 -0.028925773664491058 -0.03033371301817707 0.03075252390884003 -0.06463744041682766 
0.01867785418525778 -0.0824408653056589 0.053048127027507636 -0.038424907736527944 0.06698893499330157 -0.028122967946035887 -0.022951201938374088 0.033225026720056214 
-0.04913457855422157 0.015363529203386921 -0.012441042965048036 -0.06497897355246193 -0.031112274664962133 0.10234855940988735 0.06548095544684167 -0.02552617432258375 
0.020808100850312983 0.07525460011867645 -0.0023054742714133498 -0.03248044100231851 -0.007225597777209644 -0.05172313140636013 0.05572068748163376 -0.058048743992778255 
-0.01729190535597993 -0.05968798343716606 -0.00662371733008003 -0.05996813050873469 -0.012748035122683672 0.15899364915606204 -0.013040173814685722 0.010366296413177562 
-0.03892716286784477 0.13684685169411281 -0.05939739118769882 -0.06388506623188113 -0.03974596854412585 0.08744475670482277 -0.007005254781475693 -0.015330764785220101 
I_2II_5
-0.8175116487455203 1.3539592357458712 -0.6155493836552899 -0.808341257614054 -0.46064723837511645 1.5625440981726062 0.48342257963107277 -0.6978763851425598 
0.2974321377432581 0.24938917709741945 -0.01478623823075446 1.2654192249948668 -0.519532277154535 0.0644816312016084 -0.28000224248910444 -1.0624014131602317 
0.3767328472511106 -0.709429358772732 -0.32460831698086506 0.006028584567815421 0.17455675771349363 -0.7350063719006527 0.261218451664587 0.950507406450093 
-0.37784787145530163 -0.9125326217290153 0.18856944444147636 -0.4936025297933404 0.6668565222277928 0.3086397509696041 0.22586594491944056 0.39405136042112865 
0.17604199207727148 0.29610361127597745 0.1301174259669536 -0.19998302396008302 0.41069731098704154 -0.17060179939114253 0.02658850185754277 -0.668964018811616 
0.824708810035367 -0.8599513904079478 0.30119272663866414 -0.6013703670592297 0.8570751646278127 -0.6623967266059574 0.30907222074461443 -0.16833043798423478 
I_1II_4
0.28969202580493986 0.2511912899645433 -0.012758302402841381 1.2671151432379613 -0.514097907192668 0.06623169060175592 -0.2870553827522872 -1.0603185572580858 
0.3802043174201172 -0.7056038150694006 -0.3215766492545489 0.009038475259727568 0.17964779240183354 -0.7317076042108654 0.23652375601183787 0.9534737274366728 
-0.3718527360638686 -0.9093183857810084 0.1913036810834258 -0.48881431941965675 0.6694646872702525 0.31454784111374706 0.19566351834554835 0.3990057134527886 
0.16864797585489089 0.2983888354110493 0.13305130763636605 -0.19915994139456294 0.4127798694135088 -0.16761705469548213 0.0212073677607849 -0.6672983599851842 
0.8272359078990752 -0.8547681442903382 0.3054786843291339 -0.5958143442855119 0.8633934004642191 -0.6588746075274471 0.31300014153822453 -0.19965103813464768 
-0.8106538806496607 1.3553130786726504 -0.6120556661930402 -0.7981011887711641 -0.45613652157525003 1.5632435799752187 0.4616519425920428 -0.7032613440401673 
II_2I_5
-0.36068107701527347 -0.9107483929937334 0.1911070638139 -0.48892236462025046 0.6673047874444552 0.31240682288050065 0.19995541631735836 0.3895777441704797 
0.17851407981129006 0.2974027283037715 0.1328861203716905 -0.20051921204217885 0.41139134726304805 -0.17014973535646857 0.027775251627284014 -0.6773005799781445 
0.8421182134594909 -0.855405088036564 0.30536563518361903 -0.5956889510203079 0.8619036810812976 -0.6603845412267978 0.3106547952523734 -0.2085637447040013 
-0.7993250303684574 1.3537748733034471 -0.6125621297768165 -0.7993740956754932 -0.45896302419617807 1.5616229524804062 0.4585934897901055 -0.7037670355423437 
0.29933481908422144 0.25076406031399145 -0.012938301836286805 1.2645587066192028 -0.5161757836362919 0.06503932489191722 -0.2805794083688496 -1.0700034170659987 
0.3951279080970998 -0.7061094597303211 -0.3213141236064504 0.009529802443619836 0.1776110095490059 -0.7332198492162106 0.23780906054425707 0.940565651914039 
IIp_0I_3
-0.2410034133338041 2.594559387361119 -1.0720268676819704 0.19777555985179757 -0.7373497705275799 -0.1874785947788572 -0.5081745219874741 -0.046301778892472535 
-0.19896578816608612 -0.8465569442411892 -0.2892458700613173 0.06866614866554993 -0.11418915401195344 0.07548321270006958 -0.37239526314184385 1.6772036582525802 
0.1341690727634726 0.018779214649261904 -0.7271908683222857 2.7407105310334114 -0.5517006950508915 -0.10564814759350198 -0.3378055687523348 -1.1713135387212807 
0.9462816314108192 -0.6901107533967051 -0.4086848751817231 -0.01967324384896935 -0.13194283030232662 -0.5728010668527292 -0.16020561285519236 1.0371367510096898 
-0.12968974061787575 -0.6286555913883767 0.12472239728137385 0.5889025736287407 0.16767026931365683 0.0375049807393273 -0.11837799330128967 -0.0420768956549339 
0.564857576979531 0.3984841319027777 0.5563021519912247 -0.6574323887753879 1.1725849324613515 -0.7350182477056294 -0.36030104157925136 -0.9394771152822216 
I_0I_3
0.08872656253657793 -0.542417311928563 -0.1504340062826563 -0.11476106672053168 -0.12074590986593763 -0.3500781294738952 0.06618645997768874 1.1235234017526328 
-0.4216671389788773 -0.7247257626836706 -0.08691311083750612 -0.24816459495451149 0.15564851982503689 -0.07805490196248532 -0.17222406116722663 1.5761010507573612 
-0.3095463550974561 0.4724881059671153 -0.503012321202086 2.514245718404231 -0.4923463913719609 -0.23655517093502076 -0.8069674786444742 -0.6383061071120906 
0.08809501769836535 -0.5411982254258751 -0.1507124507681017 -0.11741586877044387 -0.12151129412401346 -0.34717486399836633 0.06551675901988553 1.1244009263624188 
-0.4213145235365878 -0.7247726822973848 -0.08634291440679005 -0.24796374742036079 0.1539997439266513 -0.0781203150804802 -0.17113172377130112 1.5756461625856981 
-0.31015674168892543 0.4732475789153335 -0.5024681605776734 2.5155958464472348 -0.4912476451859353 -0.23641542513673125 -0.7914907416160565 -0.6570647111489615 
Ip_2II_5
-0.04589079133475425 0.01590240255049505 -0.011124877337881617 -0.061387945060403855 -0.029505345369092547 0.10270156489331589 0.05375404133285615 -0.024449049673666182 
0.018586026168452407 0.07621882736587007 -0.0015033524749333753 -0.03208841406482656 -0.0053721906138840475 -0.05035430544411022 0.051693124670166145 -0.05717971560642353 
-0.01615143758778657 -0.05825490724193337 -0.005303325959697981 -0.0588867573729135 -0.011159009063205213 0.1602105177884684 -0.02156136580367764 0.011106285240743178 
-0.036257743640139964 0.13837971521921202 -0.058111656094755264 -0.0616356646515342 -0.03833145781625281 0.08970773482108954 -0.014923911836639589 -0.018827016000103287 
-0.002127414664395821 0.02538545415168585 -0.01751097362078832 0.08867042383199525 -0.02792562099256513 -0.029802435586664695 0.027612644284376604 -0.06430207740325752 
0.019328213246852223 -0.08050531520016035 0.054563119032714824 -0.036528153196702585 0.06973800296659388 -0.026798086917331182 -0.021794050344633324 0.02199627041207564 
I_0IIp_3
0.9392632768676357 -0.6965183773587712 -0.4114329711678563 -0.02038776416666798 -0.132776089767808 -0.5873827766243115 -0.11982720952233926 1.0290619117217026 
-0.11759507534706291 -0.6312419588390722 0.11955069270234397 0.5888151027875068 0.16864731227629778 0.03507426317279719 -0.12203228961412724 -0.041218047138814086 
0.5574317625074732 0.38915868433272843 0.5491369292312779 -0.6694537073192305 1.1607536353106616 -0.7402389462250746 -0.39987644999293126 -0.8469119078530546 
-0.25261933119904134 2.5970265527319887 -1.076802002883091 0.1777344299318144 -0.7437549266810822 -0.1809249139001205 -0.47267145350670703 -0.0479883544850031 
-0.18430412887393058 -0.8494848803072681 -0.29026661965263945 0.07004082144408803 -0.12521498264426018 0.07257629624038034 -0.3680974869437525 1.6747509807320884 
0.1222997242199162 0.014982630210006275 -0.7303946733378671 2.7385179669917994 -0.5555332645412507 -0.10985151508970857 -0.2647123680344806 -1.2153085004168842 
IIp_0Ip_3
-0.011570645256292488 0.2297740692992423 -0.04723964403952418 -0.011512430455070102 -0.04995565823076488 -0.03768720155872254 -0.03168675033627764 -0.040121739421665976 
-0.007400296273434445 -0.04202657668009016 -0.015545792256333079 0.0730328371004835 -0.024015865438315333 0.0019545675880004196 -0.010977398497468148 0.02497852445715624 
0.011616290053682204 -0.040480013796393176 0.06286177053243551 -0.017942014116519137 0.017425401128336595 -0.012153964258359778 -0.009753317775718215 -0.011574151767600632 
0.002295359352492268 -0.03954009141819266 0.01007689605874331 -0.03967745613177183 -0.021159770081975317 0.09608230594530379 -0.01021522922651651 0.0021379855017353067 
-0.03074741886816606 0.03552952832617497 -0.008245397299102801 -0.022236268836285943 -0.041645814757367415 0.048255235257779236 0.04769332713488861 -0.028603190957461253 
-0.026513458425000407 -0.0592139044721697 0.10959366499621793 -0.07465534686535688 0.008586785476231316 0.04503187180616184 0.04344903142973563 -0.0462786439458705 
II_2IIp_5
0.20773309947296154 -0.6002225157932954 -0.15020402809942382 -0.03529418353635275 -0.1611238298356982 0.08368480066528193 -0.16807118522210182 0.8234978423429891 
0.1141241680140269 -0.38123799612875325 -0.015865613052268267 0.050038463748483995 0.2372966685613809 0.037547606939470075 0.555325030158704 -0.5972283282405006 
0.4569309060912751 -0.7875332370574641 0.21193979009489028 -0.24961415641915138 0.8946357715185497 -0.563816385003538 0.1520972855754279 -0.11463997480772492 
-0.5450643113586806 0.4378972575486744 0.03556634794879816 -0.4493242495055812 -0.49849458642804284 1.1114054107729539 0.3370133274208116 -0.42899919638974593 
0.19249987598560922 -0.6475116329949132 0.6283429494514655 -0.8633739884477782 0.4678549217989534 -0.02804661900312669 0.15306567730094828 0.0971688159063755 
-0.31673252400142693 2.207983502174512 -0.809276436467418 0.05401291229788587 -0.42951037760200805 -0.4303048355176045 -0.0012639988173096693 -0.2749082420570426 
II_0IIp_3
0.45520494917246906 -0.7841935269782319 0.2138192923692955 -0.24818384288727777 0.8983933287101458 -0.5605063024985636 0.13367976894664096 -0.10821366684486547 
-0.5453349202420804 0.4400105347309642 0.037081215345500934 -0.44545802017517 -0.497119748750679 1.1165077780158539 0.31512479997154846 -0.42081163889424844 
0.17763300022242334 -0.6462944967990623 0.6299528424089165 -0.8639840238180716 0.46942388797188844 -0.02634783762785985 0.15786926737475365 0.1017473602608483 
-0.3192628918519357 2.21218251629388 -0.8064048376818957 0.05854648771602101 -0.4236832349384408 -0.42771202688396076 0.006166238443557749 -0.2998322510865421 
0.20839308340434998 -0.6001126701802133 -0.14841438736783585 -0.027097327833070905 -0.15794277984059185 0.0840008397264426 -0.18920765053661656 0.8303808926227396 
0.09887282725703027 -0.38019133253176596 -0.01537775790918995 0.04865465642899111 0.24123691549714718 0.03930904593216069 0.5532624804812538 -0.5857668351571733 
II_2Ip_5
-0.037915336448995016 0.13753902180006397 -0.05889954105058538 -0.06326634519785453 -0.038986027631161324 0.08786316103925917 -0.005862110537420302 -0.02047282197203701 
0.0012111666049885689 0.024741046890330395 -0.018398285687469654 0.08875278576730175 -0.028642822567328606 -0.03044288093457073 0.027375064961314262 -0.06459607503419242 
0.01758723072208027 -0.08227847852583182 0.053196734731513644 -0.038597565543931775 0.06754206810437484 -0.027976446398049568 -0.02251412592304591 0.03304058283241396 
-0.04792726568254708 0.015793073465928047 -0.012079808984220284 -0.06461131614192826 -0.030619090761159283 0.10259874185503905 0.06241407016214029 -0.025568403912337005 
0.022136151374737303 0.07554627170645381 -0.0020485876405202615 -0.03188555803599949 -0.007078539296025866 -0.051033993964254815 0.052110869321890255 -0.057746613465769744 
-0.018258608223322866 -0.05957244135169503 -0.0063432529733681185 -0.06014618987417041 -0.012695775136857983 0.15911599574876106 -0.012996510860504669 0.010896782671219787 
IIp_2IIp_5
0.040736188102587695 -0.11985919224307667 -0.07202547944735047 0.01596085049432181 -0.06089352246932462 -0.03982927307538884 -0.03784641328171543 0.2737568419187795 
-0.05668013355228051 -0.1250263024284013 0.2782882307835029 -0.17646891475200718 0.010108122138081132 0.008747806193223495 0.12087776708034466 -0.0598465754617162 
-0.09694048136191585 0.391361537803739 -0.12135061943556269 -0.06646035000227953 0.07839892693649657 -0.07932266699832942 -0.051457817652392226 -0.05422852928809932 
0.040671047365792884 -0.1197334494800119 -0.07205419962341696 0.015687020750078794 -0.06097246808249755 -0.039529815553678904 -0.037915489634150056 0.2738473542563699 
-0.05664376300774315 -0.12503114195532472 0.27834704373439983 -0.17644819831903222 0.009938059031975296 0.008741059152499979 0.12099043629783342 -0.05989349493425218 
-0.0970034397298156 0.3914398736944385 -0.12129449194965161 -0.06632109095027298 0.0785122571891788 -0.07930825290811168 -0.049861468522698675 -0.05616338682123551 
Ip_2Ip_5
-0.0430742258432923 0.27677037440941854 -0.05287136372021925 -0.07276666461672847 -0.06597889348866592 0.02329015803154956 -0.03558039098633089 -0.029788993783916192 
-0.025387955125255723 -0.059263706214778354 -0.020788102538528815 -0.005973399578118603 0.1035333340880996 -0.02813943761874496 0.07878923726882427 -0.042769970281183206 
-0.025037974954046555 -0.05664680346780865 -0.0415068560655064 -0.06503812475282016 0.06900446420318632 0.13921740974276745 -0.02559240863898345 0.005600293933419061 
-0.043091760948291015 0.27680422285289824 -0.05287909484714135 -0.07284037629926851 -0.06600014470079361 0.02337076840431576 -0.03559898551185167 -0.0297646289483782 
-0.02537816461089862 -0.059265008957335934 -0.02077227079758063 -0.005967822962820017 0.10348755513991403 -0.028141253841136252 0.0788195664707229 -0.04278260044034247 
-0.025054922591505213 -0.05662571638570366 -0.0414917472195764 -0.0650006378864759 0.06903497134777302 0.139221289842937 -0.02516269060179427 0.005079453494459847 
Ip_1I_4
-0.05442591732277724 0.8554640130549052 -0.2432515842478939 -0.1106412810154729 -0.03335461193744837 -0.15145558365636563 -0.15871601076974146 -0.1036190241009784 
-0.022648377800931457 -0.09459831239670104 0.17103129480477328 -0.15588062369088782 -0.14149489964482898 0.13664596178607993 0.04632332327185567 0.06062163366976272 
-0.1254029698742229 0.7713476532885136 -0.1939353666404607 -0.12015228362563382 -0.18329678899443388 -0.024357195250083404 -0.13206283874871982 0.007859789848414823 
-0.12312596359486856 0.16050126909559276 -0.08738934636805341 0.03313670169061497 0.057584758098806234 0.1953741716244965 -0.10023260752746033 -0.13584898301725637 
0.15881311018254768 -0.07677358994833806 -0.09453176700637547 0.2383321597709103 -0.030582054217143287 -0.11595839681607391 -0.08684936324840717 0.0075499012814358776 
-0.1513199192047477 -0.15248752914732663 -0.028149642066894107 0.4617440706151572 -0.054575649560509844 -0.03286992571592376 -0.04452932846653807 0.0021879235481661275 
Ip_0II_3
-0.01801537072235878 -0.05943221543814685 -0.0060737864409805995 -0.0593674287959424 -0.012299820513068976 0.15921799498806607 -0.014555351823016571 0.010525978745668843 
-0.03871834371529691 0.13768318200501806 -0.058742552475058656 -0.06308365253325916 -0.03854127461498894 0.08802124940234175 -0.0065229799198949535 -0.02009562814844277 
0.0011249189406720974 0.02504105113142864 -0.018176215012269042 0.08897262987887748 -0.028212577118068013 -0.030161702793580616 0.025575091384135728 -0.06416319641067081 
0.01777511906670876 -0.08201266844906879 0.05340539951971047 -0.03822673579667674 0.06778866125728167 -0.0275006727954222 -0.024853298230637772 0.03362419542752805 
-0.04871238176386594 0.015985652890680824 -0.011860645331902116 -0.06452115019638123 -0.03042441274894007 0.10287820500806591 0.0618662116568773 -0.025211479513853753 
0.021985787422027652 0.07594358877100549 -0.0017297685278320546 -0.03147999716833159 -0.006578263091434199 -0.050737451115104436 0.05238564242651699 -0.05978953871660097 
IIp_0II_3
-0.2720523209197674 2.2133269031191887 -0.7873728775852157 0.12318038093945677 -0.4022307250904579 -0.4280933622680309 -0.1632751181317645 -0.2834828800538815 
0.14530947007496683 -0.5872040935055735 -0.13789988938676942 -0.03135038048535331 -0.12436034865782161 0.0965923105884621 -0.19770027535901805 0.8366132067287203 
0.14746055918543818 -0.3550574638944822 0.004869497453111934 0.07249376802658765 0.2699699200294543 0.059936704566723335 0.3767704176281457 -0.5764434029958319 
0.4942744563834646 -0.7673342450188043 0.2292619043141001 -0.2177722429250303 0.9099794891882586 -0.5234624737213504 -0.044394510964965286 -0.08055237726423985 
-0.6038730688462569 0.45231428409446484 0.05494595228902945 -0.4471220047610998 -0.48479121569865313 1.1282560270969995 0.32071318382647224 -0.4204431579951918 
0.21835241332898508 -0.6113704797924165 0.6572147166095403 -0.82274079810466 0.5123205150620469 -0.003918755911072877 0.18088339119658559 -0.13074100239405226 
Ip_2IIp_5
-0.007061260832528307 -0.04215916938555194 -0.015763185466156945 0.07268253718788299 -0.024484413699284346 0.0018377738923906824 -0.009873757353165086 0.024821475656477906 
0.011507810612668933 -0.040804456892477386 0.0626004827015392 -0.01814826084860918 0.016939344558047367 -0.012433572196868421 -0.007898219405991013 -0.011763128528577612 
0.001613057544850512 -0.039860630364565455 0.009803955461217675 -0.04011111512868739 -0.021442196354240925 0.0955820292089198 -0.007355612463483463 0.0017705120959509116 
-0.03040443653976218 0.03530411271621233 -0.008516809160166058 -0.02239769439824307 -0.04183045390156073 0.04791115458771485 0.04870456524220089 -0.02877043854566918 
-0.026568547084786332 -0.059636640322971154 0.10921285096439234 -0.07505944493486007 0.008087078545252337 0.04473879473426132 0.043134520819954544 -0.04390861272117639 
-0.01228822160532262 0.22955567440832783 -0.04759426925516658 -0.012412803650407048 -0.050430332799154744 -0.03780850955460826 -0.03017567620076766 -0.038845861342031794 
Ip_1II_4
0.02101365342888048 0.07559453691110725 -0.0022290818262998306 -0.03268479554747654 -0.0072620115133032485 -0.050938372372045224 0.054186166694814186 -0.05768009577524371 
-0.017699873886623238 -0.05959765478522168 -0.006385047713143364 -0.059947586155844876 -0.012927314283974149 0.1590764278499437 -0.012811571097487881 0.010292620071917762 
-0.03870487391394128 0.13725360073261197 -0.05908808139109104 -0.06332837959434251 -0.03921842240910204 0.08764736528148724 -0.004214717726404578 -0.02034649097819913 
0.00017761264132849018 0.024589257858776224 -0.018558126456146833 0.08838478987181286 -0.02862558365562372 -0.03082576366676177 0.029512526883148076 -0.06465471347597193 
0.01811481102760209 -0.08232990215855306 0.0530360333815938 -0.038492692914037584 0.06753476107986353 -0.02801142160984023 -0.023202991722487257 0.03335140291529149 
-0.04864385134806387 0.01543627419626502 -0.01237104630060957 -0.06501605161647078 -0.031067939514717147 0.10248971002134458 0.06146507129668572 -0.022292166733802993 
Ip_1IIp_4
0.010781435314479344 -0.0407323240397212 0.06252256860408588 -0.01865345919937062 0.01698540179447424 -0.012348116499109598 -0.006713157539043336 -0.011842348435826492 
0.002368384638594261 -0.039805787155364286 0.009848876042610437 -0.039939040910894265 -0.021521509946016468 0.0956133102135925 -0.008380831958060544 0.0018165990752535127 
-0.03052808637881113 0.035225635402631315 -0.00857148934242968 -0.0223915213469744 -0.04197000622054317 0.047988653648281164 0.04896253014787033 -0.028715715909410727 
-0.02720366147264175 -0.0596891373242644 0.10920889742544355 -0.07528521362171921 0.008074915675494721 0.04453121038099578 0.044474776085180814 -0.04411178714837713 
-0.01161747369608188 0.22967692465876052 -0.04756160769314262 -0.012150847118550946 -0.05025690306157609 -0.03775938239650953 -0.030050645039917966 -0.040280065652552155 
-0.007073065215520359 -0.04241204343952323 -0.015849151387749276 0.0727707866349241 -0.024670616662742017 0.0016653422886921641 -0.01109511879959708 0.026663866581641476 
II_1I_4
0.16304903093786396 0.29772777209037943 0.13080435982640587 -0.20606332670207245 0.41043931155021224 -0.1688052560115794 0.04255196891361812 -0.6697038606032067 
0.8349263960082509 -0.8563525613314222 0.30392918575296035 -0.595371217886314 0.8599211963420821 -0.660411741389534 0.3135907893285028 -0.20023204682886697 
-0.8164329953227303 1.3518660089256684 -0.6148037524314175 -0.8016387114307522 -0.460175312770402 1.5606203284105418 0.47700112342183415 -0.696436688788859 
0.2845673635003787 0.24961470727536814 -0.014796141737893296 1.2622054824861577 -0.5158636706415264 0.06286317167180261 -0.26520784419798776 -1.0633830683522767 
0.38762999555306094 -0.7071529960429557 -0.32355435852434894 0.009330767564717872 0.17741379923934356 -0.733195613605114 0.2362940714947665 0.9532343343127406 
-0.3771734577151803 -0.9133358106203654 0.188146936730097 -0.49336577207639093 0.6646007508429638 0.31181964212682217 0.19938985495609873 0.4199178557540786 
