II_0I_3
0.827408328971958 -0.8563352452550789 0.303475699366846 -0.5964873493413186 0.8622392709658617 -0.6610567051552182 0.32253425826090637 -0.20177825782618844 
-0.8138189340143632 1.3522117463919214 -0.6146359478929332 -0.8010898763778896 -0.4591586711329576 1.560181960263822 0.45899807544857096 -0.6826883526808682 
0.2904950997273114 0.2509668767854242 -0.013353693336157702 1.262497428747054 -0.515498907799359 0.0670633475097085 -0.28109743193077 -1.0610727197001955 
0.3825483202537349 -0.7058585063126892 -0.32152366755838413 0.008775023963190841 0.1779776604488601 -0.731784769388944 0.23704445168922544 0.9528214869004573 
-0.37424653387119683 -0.9095713182043806 0.19024292550073912 -0.4895656957997494 0.6685790465549644 0.3142348815708286 0.20155219616002829 0.39877449808667603 
0.17002022284828391 0.29719864862702083 0.13229555398332254 -0.2000903584856047 0.4115831491495981 -0.169981030134485 0.027781620057734834 -0.668807806042854 
IIp_1I_4
0.5586112666164492 0.3910513102610507 0.5529834962433139 -0.6694595756659959 1.1601003397382568 -0.7343908313140483 -0.4206635839696248 -0.8382324219155824 
-0.2502044886271831 2.603949388914923 -1.0709046159801205 0.18096571085537286 -0.7376803308660326 -0.17525261316849888 -0.4356197439127936 -0.11525330720625634 
-0.18784338853999452 -0.8504104103599093 -0.29347545677866815 0.08237484487717732 -0.12370356715560206 0.06674061953967332 -0.3697462363448921 1.6760635947607605 
0.11454710255332715 0.008419091669897712 -0.7368671091413648 2.733980434107051 -0.5598518066556346 -0.1152118064420938 -0.27031534042157995 -1.1747005656682532 
0.9349206732164376 -0.6997000171567251 -0.41260247686816565 -0.031106550238634362 -0.13665150083041502 -0.5891409710188222 -0.0910017679031166 1.0252826107864468 
-0.1217754132648464 -0.6302390736359956 0.11905629406878979 0.5890721728585568 0.16737415933225827 0.03850556186300344 -0.12287313389758779 -0.03912056732588737 
IIp_2Ip_5
-0.03031818410656624 0.03522749150540392 -0.008632318884073089 -0.022333980154357665 -0.0418925228038052 0.04785360343939553 0.04912018885407786 -0.029024277849261808 
-0.027056008421077644 -0.059856543149494006 0.10907492933287888 -0.0753082003249967 0.007908452518182589 0.04444611658274646 0.04291989050274098 -0.042128637041070685 
-0.011542580145437742 0.22973027007311964 -0.04741769910272178 -0.012524673270491749 -0.05028643002889724 -0.03756954632923445 -0.029980771727569074 -0.04040856946796729 
-0.0066186381835465465 -0.042132162072728886 -0.01558402111202158 0.07301013629242374 -0.024445850186149937 0.0018686438246689537 -0.010850754505989981 0.024752645943230636 
0.011152119736333918 -0.040641502282428806 0.06260855344960813 -0.018169012826952873 0.01714161664270373 -0.012313141311881983 -0.007999981556792197 -0.011778651850807413 
0.002450083843501982 -0.03980818638775732 0.00989218148384738 -0.0399605233755104 -0.021410819739081228 0.09552969710410257 -0.008373002762709233 0.0016805698332420403 
IIp_1II_4
0.18251382850380543 -0.6433892245099413 0.6332204322135141 -0.8619529026328552 0.4716159479168967 -0.022268522903480095 0.13387014096857755 0.10639030043838141 
-0.3147588902751205 2.216407723050912 -0.8027391064417668 0.062389620001971235 -0.4203209297062072 -0.4221861144105322 0.005264571871908458 -0.32405687408364797 
0.20207778733939427 -0.5994158443578138 -0.14810547150377568 -0.02237530661677459 -0.15634086944047645 0.08270058136659789 -0.1893325520096136 0.8307916752208243 
0.09951063719741136 -0.3797258562211199 -0.015538660802661605 0.05049052381405984 0.24327901507248167 0.03913212283957702 0.5535044080410125 -0.5906521899395879 
0.45778833031324623 -0.7853916038639643 0.21502593166818393 -0.24671234612027385 0.8987335783861474 -0.561335112596498 0.13032311801742005 -0.10843189580826366 
-0.5523189247460424 0.4415233367893931 0.03778837727090922 -0.4457364902172849 -0.4946717706352462 1.1189399252181602 0.3140303677633109 -0.41955482144075373 
IIp_2I_5
-0.0903120175868767 -0.6323855722563861 0.12011186044945661 0.590201756777163 0.16245250817127777 0.033883913771787864 -0.13374303572853005 -0.05020941359568183 
0.566747401113419 0.38716401670149553 0.5485036698106432 -0.6713199012928275 1.1565881797764683 -0.7419789898917207 -0.36783737907461483 -0.8778669971557036 
-0.24767891453607774 2.5938518144751104 -1.0790892088521429 0.1760340452000474 -0.7464473348887408 -0.18979881646063404 -0.443731988883153 -0.063139596047282 
-0.16062724875860235 -0.8524176588792058 -0.2934743627712529 0.07054573245641786 -0.1282041277037926 0.06850159366259181 -0.3686763180328742 1.6643523900226365 
0.13143863643907436 0.007812164190733731 -0.7339976736093384 2.7314553703618114 -0.5643750134643011 -0.11569593196379448 -0.2680052912701026 -1.1886322606839776 
0.9424493812097681 -0.6964950539765424 -0.41391085186861976 -0.031297156852113005 -0.13690665495926024 -0.5873714226367933 -0.09276610017288758 1.016297859247015 
II_1II_4
1.389261585813218 -0.5867406273699726 1.3275837854938342 -0.6950183614110723 0.22173896664066856 -0.9475441810380114 1.0961300808379404 -1.8054112489752387 
0.413295691987208 -2.0463630038673375 1.2777600431403155 0.020031428783132733 1.921479495083821 -1.5291807836855 -0.05846529948316082 0.0014424280275187433 
-0.8760394247209952 0.14363987313398408 -1.3587159104684958 -1.2093700088897081 -0.7309836321173337 3.033498598359358 1.7421889164571522 -0.7442184117452314 
1.3861209469444662 -0.5888283717295854 1.3247827659833327 -0.6955126765027168 0.22134363148424038 -0.950885470453409 1.1110301367147495 -1.8080509624412584 
0.4116436595775581 -2.0502658678621692 1.2757793962163595 0.01751559174426601 1.9189380091304564 -1.5333796535493898 -0.060542056610216846 0.020310921338606618 
-0.8764693173972182 0.14426173412735463 -1.3582618771756971 -1.213202918024978 -0.7307449488419718 3.0363809578388183 1.7417131157654508 -0.7436767462858324 
I_1IIp_4
0.11145353161332686 0.006929109976031076 -0.7377529873136218 2.73030959988919 -0.5639930442619024 -0.11721431447723377 -0.2482621858101908 -1.1814697096101565 
0.9274631800343734 -0.7006841117302729 -0.4180107758947229 -0.03417340833118816 -0.13948495475761946 -0.5920429685422134 -0.09647264474815921 1.0534056839630186 
-0.10269634626182904 -0.6337114117292725 0.11803035221579218 0.5844306015213745 0.1618481440240263 0.03480148052078186 -0.12035323149479092 -0.0423495887991102 
0.5495840508503399 0.38561692934231717 0.5468056199708462 -0.6740643250244218 1.155212190911593 -0.7427060755408998 -0.3704595839010719 -0.8499888066086454 
-0.26078318547858464 2.5955915688941165 -1.0800549738247667 0.17314565315838018 -0.7453154431842823 -0.18608758340262488 -0.44501426167848557 -0.051481774479234174 
-0.16957652267141368 -0.8527078593875402 -0.29364358835428334 0.07049171460819546 -0.12877863542982626 0.06848221282713104 -0.3681252696136317 1.6738579480164648 
Ip_0Ip_3
-0.024985585944270094 -0.05658110487234738 -0.04140951241935191 -0.06501207588398096 0.06902565485908636 0.13935799357992892 -0.026201845181835562 0.005806475862775506 
-0.043025891903911484 0.2769606914209883 -0.05274650403830086 -0.07274381319942078 -0.06586503090503021 0.023526943893917206 -0.035065158808843394 -0.03104123645859402 
-0.025536100356699953 -0.059268629263183444 -0.02081616119004361 -0.0057259784943546384 0.10353324925282026 -0.028240588095578896 0.07879246193072008 -0.042738253783585894 
-0.025187587360559906 -0.05671538561434276 -0.04158967000252741 -0.06504386952633699 0.06900022746510175 0.13914308660643568 -0.025243494822798425 0.005636693254495417 
-0.04313214827406344 0.27670966477105163 -0.052873896425688106 -0.07290562825227218 -0.0660284956595086 0.02325687856833588 -0.035198732867521926 -0.029827641859226577 
-0.025563750440953697 -0.05922863205031646 -0.020786958415697446 -0.005972505747443576 0.10354860102095093 -0.02805519884163739 0.07876185910833595 -0.0427034146331732 
II_1IIp_4
0.09754080876678616 -0.38078004324263237 -0.016451410371199213 0.04874577442480172 0.24134044470542065 0.03761715005861965 0.5661737026934289 -0.5941864270348486 
0.4541250057100547 -0.7865506325751385 0.21222574492356758 -0.24855558083917018 0.8969908153969105 -0.5634126412859936 0.12747711135251305 -0.09229982269156474 
-0.5438005123826873 0.4400726813446984 0.03740932326948839 -0.44853079113017597 -0.497118090248252 1.1177993032797846 0.3150786254196998 -0.42091053955004704 
0.17902190018169103 -0.6454552296983908 0.6309501781144824 -0.8639372201414403 0.4694857797177501 -0.02540284017743935 0.15376069676614304 0.10157673523566116 
-0.3192228667378144 2.213357184646905 -0.8064992069468836 0.05932709346292176 -0.4232954151743258 -0.4262986110254083 0.0014120719651226148 -0.298780250184948 
0.21038785368670002 -0.6005651169979912 -0.1482644798220425 -0.027027213839442125 -0.158671512020111 0.08295688509654918 -0.18851488953204334 0.8296984734246563 
Ip_2I_5
-0.15115346592238726 -0.1523460522148846 -0.028036011985273498 0.46190756118643833 -0.054406043929923625 -0.032772549209021604 -0.04448733959032858 0.0012939016663804817 
-0.054233669572302766 0.8554794414316027 -0.24316791397497858 -0.11038164842840309 -0.033261806627492854 -0.1514454106515712 -0.15934880293038386 -0.10364018924511587 
-0.02290511552068283 -0.09454780314464364 0.17107018353897427 -0.15588132498185345 -0.14136068621248452 0.1366887311526618 0.04628875657390453 0.06064725859460501 
-0.12521841797746075 0.7714410974342244 -0.19386170599276356 -0.12006049146573416 -0.1831855026223574 -0.02428124096425059 -0.1327552203704518 0.007921481961791293 
-0.1229733001779667 0.16056292903117395 -0.08732845762249136 0.03324878148228268 0.057627295028148624 0.19551613068892185 -0.10090875825411713 -0.13574462017524982 
0.15857271928696437 -0.07672285294331213 -0.09446155430811141 0.23832550070327646 -0.030531814302815003 -0.11590673349082202 -0.0868296481351017 0.007554383189398069 
IIp_0IIp_3
-0.09845218829816403 0.3906702859292337 -0.12213271770198711 -0.066960193193733 0.07788337270256375 -0.08024645073783791 -0.04569185835099516 -0.055070250347758316 
0.039265715500664856 -0.1207037343125811 -0.07291512938784099 0.014767436388959545 -0.06171272957764411 -0.04081629643254855 -0.03733415967996948 0.2794488975008857 
-0.05540912540889896 -0.12519954855623427 0.27823260641491343 -0.177496045283973 0.009591399596178798 0.009042688035971873 0.12099094946737779 -0.05975292426532438 
-0.09754579771686685 0.3912728104164992 -0.12132434150575314 -0.0668175335111292 0.0779974667064224 -0.07928215226800468 -0.04999202493033821 -0.05430842718913149 
0.03974249321303019 -0.11957736502558428 -0.07234351329609577 0.01549350872334922 -0.060979254948536205 -0.0396044996440687 -0.036734806116180956 0.27400343709335934 
-0.0552850580810529 -0.12537901807532686 0.2781015720879513 -0.17638986501854126 0.009522515435335728 0.008210837067863469 0.12112826588070143 -0.05990924929704919 
Ip_0I_3
-0.023450566527279535 -0.09489865272509213 0.17064851099241193 -0.1561194677726529 -0.14159364922337714 0.1361506534593191 0.04926479979987805 0.059998371997095706 
-0.1257581244315458 0.7708647667966301 -0.1943587140367338 -0.12053794124445874 -0.183657208865412 -0.024977847319732255 -0.13326934695698014 0.011694416060649172 
-0.12223411395034377 0.16050623581146756 -0.08731172555300318 0.032527218201059256 0.05742811169422354 0.19575884656813297 -0.10087046555123974 -0.13580410721889216 
0.15864228766910926 -0.07666872987610114 -0.09433827753243469 0.23820018066346374 -0.030688606319963466 -0.11580471123386037 -0.08676072237875772 0.00741857900692545 
-0.15138398833624142 -0.15216925753425575 -0.02815823083060255 0.46191920922720797 -0.05438322335785924 -0.03266357138728032 -0.044532585635854015 0.0013716478547897077 
-0.0534175796800317 0.8552847252347966 -0.24324825763847369 -0.11036556637408891 -0.033518406592253 -0.1517833255107093 -0.15922645071559546 -0.10372513872018266 
II_2II_5
-0.8633585803280173 0.13828244675809218 -1.3635239064985087 -1.2161568146938502 -0.7367663567322811 3.026229662619896 1.7796259891043724 -0.7643324402197575 
1.3955109684126024 -0.5963752089387504 1.3195631772348966 -0.7023418724980001 0.21286686495044216 -0.9607352548708364 1.105773658441809 -1.7742623327444305 
0.43541305037808287 -2.050824720306135 1.2757078066432161 0.008382905175704874 1.9146745145788029 -1.5316489737903514 -0.05987649330448893 0.00817191061586888 
-0.8558361287863967 0.14328300761036586 -1.3568149105215848 -1.2149728322358737 -0.7358194508046484 3.0342327119241745 1.7439374069541143 -0.758009804137564 
1.399467912928899 -0.5870270773959257 1.3243072185370737 -0.696315944970649 0.21895422670325776 -0.9506781306998946 1.1107479026980656 -1.8194561077985527 
0.43644272839995457 -2.0523142004371633 1.2746203070637239 0.01756348098393942 1.9141028209031483 -1.5385527950884132 -0.058736856501541916 0.006874514657279994 
I_1I_4
-0.3159588422549266 0.4689030206595011 -0.5066047906825215 2.511406088268784 -0.4955842348896496 -0.2407914004315616 -0.7786861007304459 -0.6426837399302527 
0.08251943578190739 -0.5453605834905837 -0.15434481853992088 -0.12197090049859093 -0.12469030198795743 -0.3534749921380715 0.07610233991370952 1.1412198209618407 
-0.41328275178788393 -0.725983468671183 -0.08757970629948382 -0.25145567726311013 0.15213045715396636 -0.07778538917374367 -0.1713672815273168 1.575323817566624 
-0.31289258045968465 0.4709413227490601 -0.5038701053296692 2.511888696917911 -0.49519826211827583 -0.23752923992558447 -0.7932332912801958 -0.6401065405482846 
0.08413234451475002 -0.5415501476989836 -0.1524110775902894 -0.11951464388548455 -0.12220900388174351 -0.3493755605321764 0.07812991497039509 1.1227981740983324 
-0.41286303989388434 -0.7265906026608554 -0.08802298710900461 -0.24771353964903198 0.15189742641092968 -0.08059948819010539 -0.1709027488182417 1.5747949799084338 
I_2Ip_5
-0.12434874662230821 0.7715557280332133 -0.1936740697491938 -0.11998617377882881 -0.18317362555710748 -0.024129095557011048 -0.1339502276684586 0.007706210903232832 
-0.12211809536650758 0.16077429323699388 -0.08711401293669585 0.03343016634118799 0.057741891083046844 0.1957326801755074 -0.10066919200116145 -0.13777773053114956 
0.15892131292935066 -0.07673246874237766 -0.09445999132511192 0.23860897208529724 -0.03053388257392649 -0.11608680860357343 -0.08681398620888803 0.007096852438305812 
-0.15054983494647495 -0.15240827235383733 -0.028085647304619876 0.46194000593575346 -0.05442765531090194 -0.03290344108823902 -0.04442017805082403 0.0008550231186767989 
-0.05351840677471802 0.8553601979301065 -0.24312124791005213 -0.11041337760997431 -0.03336249730697769 -0.1515845432335544 -0.1592851566975196 -0.10407496839529574 
-0.022592937657134333 -0.09450474172062555 0.17111020722831777 -0.155922535500947 -0.14134253586194537 0.13675281782994753 0.046264113899182585 0.060235611783084154 
II_0II_3
0.41486047255377917 -2.0466237804558216 1.2784581320839399 0.019316570809455157 1.9208447577289038 -1.528567698007701 -0.08406747371644806 0.025779018986997995 
-0.8680550972444394 0.1477866698597927 -1.354760813928265 -1.2094038895001415 -0.7283918684324165 3.040122840913349 1.7463763453570413 -0.773674187018913 
1.3806432624073826 -0.5880622669403793 1.325273773049896 -0.6905858627709703 0.22211000545721568 -0.9521798105567127 1.1110541949766606 -1.8082532956269455 
0.4101280179219321 -2.0497696867120134 1.2742374310385147 0.018571714796088365 1.9202490490936162 -1.5336025018265689 -0.061615405401373946 0.021801381079083488 
-0.8705444533134441 0.1419056604348652 -1.3577453409943323 -1.213194864885685 -0.7322214927455403 3.033795796651451 1.7432469951531542 -0.7452423002973038 
1.3799954809629071 -0.5871252190770715 1.3259579306536173 -0.6963614610941484 0.22246966405614382 -0.9478365428203197 1.110337237288254 -1.8074370899686778 
I_2IIp_5
-0.16445060808201917 -0.850824096096484 -0.29172958646523656 0.0707599409851668 -0.1275085802035205 0.07130416169808433 -0.37755332169764166 1.6700020898547971 
0.1263014466187889 0.010675172802717063 -0.7331231924095948 2.7330861784275333 -0.5621294950390209 -0.1123722256835385 -0.2672368929476949 -1.195200991763226 
0.9383137251727329 -0.6968812704116882 -0.4143895893456292 -0.028879333287312545 -0.13673795807743544 -0.5889192278084454 -0.09253467003796383 1.0200283237880368 
-0.09881723181310192 -0.633904279485042 0.1176810637345839 0.5896790733432075 0.16255871639291128 0.0317055104557297 -0.12040803013611631 -0.04849482249466503 
0.5591474715914628 0.38420889604657327 0.5464255347139718 -0.6734395352421672 1.1550450204961038 -0.7449146786802302 -0.37016487172750545 -0.8563078371982338 
-0.2524554258943633 2.5943926269226663 -1.078891103786014 0.17273802353524564 -0.7459228249029165 -0.1870497924133981 -0.4442098506762571 -0.05860165277544227 
I_2I_5
-0.4071518259293063 -0.7226798618417376 -0.08370095833271396 -0.24590064606987566 0.1546595112296062 -0.07451646831985738 -0.19880328468571673 1.5780935339457263 
-0.3034914407964502 0.47575502551784454 -0.4998031061128357 2.51679099559049 -0.490698694778093 -0.2321688757444404 -0.7885904520151827 -0.6777934516540237 
0.08302930264452953 -0.5421368933803086 -0.15194250593975955 -0.11304354688837367 -0.12108391435330947 -0.35273786315436795 0.07852132894176304 1.119394092125144 
-0.41280912839588013 -0.7264405620720779 -0.08874649691531006 -0.24679106681191684 0.15394738524058413 -0.08053520706724678 -0.1719634835006685 1.5733385595193918 
-0.3064672834237205 0.46872471002478283 -0.5033708893545591 2.5122591625223674 -0.4952767298048797 -0.23973239317589073 -0.7923313606978067 -0.6438052160826325 
0.08225492743122993 -0.5410167213769542 -0.15112464569645664 -0.11994785114030458 -0.1206539688736464 -0.34754580508216665 0.07766425860176848 1.1203698061341374 
I_0II_3
0.3870415910884372 -0.7031475325478851 -0.31842872043575965 0.011033153893340957 0.1803708102849358 -0.7276321709815575 0.21213402501856804 0.9586288436732777 
-0.3690430401442471 -0.9053808092988992 0.1947607105161041 -0.4856795473526483 0.6723758907086658 0.31964108383691114 0.2061918524754843 0.36713385925926645 
0.16113541207007248 0.2982987420071178 0.13236356927565945 -0.19418477807483323 0.4140479625578645 -0.17091751081020765 0.027006581195173514 -0.6677499782218872 
0.8288192030774667 -0.8556732993009194 0.303821570986579 -0.5947143675879561 0.8642444170092529 -0.6601834330237198 0.3122475707155346 -0.1985616618805779 
-0.8102368362862838 1.3525717686623484 -0.6120620793400963 -0.7996729095793939 -0.4578561818914808 1.5614671593595892 0.4615994874312601 -0.6958104083466088 
0.2811883684957105 0.2526772989476412 -0.012840064651454465 1.2646411800928816 -0.5127998374192418 0.06895577388363279 -0.2823394479128079 -1.0594832714306555 
IIp_2II_5
-0.5506356924718631 0.4371364423194591 0.03357706476450774 -0.44757979233950407 -0.49849570877327426 1.1118080944769355 0.34157639916513605 -0.4273868071287547 
0.175220323451658 -0.6509196743990698 0.6259893867275198 -0.8676934521417772 0.46576472261125446 -0.03224746747533666 0.14893623214072696 0.1349499290800161 
-0.3104250499759194 2.211995888099672 -0.8058412954434627 0.05277443695756955 -0.42535117024537183 -0.4247933896862303 0.002286467992694933 -0.30064588769167216 
0.2086913954814411 -0.5993566891354588 -0.1468413641236692 -0.02829034755149553 -0.15916720972018875 0.08511399847148182 -0.18841606296728272 0.828266279540854 
0.09914530666133668 -0.37775355932796084 -0.015704997889264535 0.049779300512596165 0.24237446505455496 0.04078671635279682 0.5530129340565724 -0.5916401654197185 
0.4649997928271442 -0.7858643408705186 0.21368103435225314 -0.24639576210967143 0.8965587305381001 -0.563569233821111 0.1308496282600039 -0.11025984918138916 
I_0Ip_3
0.15926757099977873 -0.07630564315221187 -0.09395444828008878 0.23859407846514238 -0.0302617112443191 -0.11525907714771352 -0.0904118013281574 0.008331031685677674 
-0.15051400804317322 -0.15165766593701654 -0.02744303932812822 0.4624747343642832 -0.053846597261426044 -0.03194211581623458 -0.043801237418305015 -0.0032700705588622034 
-0.05514190998471553 0.855540011053785 -0.2432019363565031 -0.10952207761265871 -0.03303126962027892 -0.15174994504842224 -0.15940907418884714 -0.10348379824091679 
-0.02295098745637819 -0.09461912809488786 0.17092022927023917 -0.1557453549623282 -0.14118257746122356 0.1365625522354928 0.04621009648345827 0.06080516998546489 
-0.12495426683526913 0.7712201460274438 -0.19372279804675893 -0.12008311263643537 -0.1832223058973781 -0.024424451767832575 -0.13262112106859214 0.0078079102269557514 
-0.12397565073503693 0.160786411654359 -0.08724723156094481 0.03321729454393654 0.05792480197887945 0.19590759364224772 -0.10107213297558527 -0.13554108654679745 
IIp_1IIp_4
-0.05674925385094218 -0.1251488646192092 0.2781446337635469 -0.1764550596448126 0.009876439513312312 0.008633941822667317 0.12132319875400935 -0.05962503573839572 
-0.09785962020267837 0.3911172151389343 -0.12157883935266602 -0.06669149256247317 0.07817876854254198 -0.07951815159263317 -0.05016656923833295 -0.05348131073179073 
0.0400002354265998 -0.11985018081400742 -0.07217671674905267 0.01537583167235931 -0.06102675737368472 -0.0397316213353289 -0.036574244021874786 0.2739834531939911 
-0.056666804062686 -0.12509405599979667 0.27821816767662055 -0.1764420826116172 0.00988681807051841 0.00872165920002175 0.12093203424834575 -0.05955573652079481 
-0.09781625013430699 0.3912196752826595 -0.12152684231436073 -0.0666254454173418 0.07824548903715924 -0.07940792053915956 -0.050112049061831705 -0.0539766568513016 
0.040011521206875934 -0.11986650625262488 -0.07218863628207495 0.015476455322388814 -0.06103302341897331 -0.0398072906301274 -0.036561753038992194 0.2739692330928753 
II_0Ip_3
0.017396607448809515 -0.08218127195995753 0.05325483887368316 -0.03851341913630578 0.06767791545986435 -0.02787067484766463 -0.023114720706068154 0.03335072486689918 
-0.04815057348980459 0.015863887123998378 -0.012037698359082898 -0.0645081732372436 -0.03054079119462511 0.10276123457432022 0.061806070887491155 -0.025193956304545264 
0.02159805750318798 0.07560335476017528 -0.001994856760127253 -0.03188660849877715 -0.006997342718805573 -0.050953406759037354 0.052114561005717035 -0.05748375853203537 
-0.01847335887485856 -0.05943912308992908 -0.006257948885434471 -0.060001115567672264 -0.012510351170161525 0.1592314163448657 -0.012919574155879009 0.010370055398760052 
-0.03810870072031662 0.13755923979332746 -0.058842956218834404 -0.06304182921865195 -0.03887089081722305 0.08789998251226079 -0.006438027071475575 -0.02015681825842051 
0.000657728002137523 0.024799598064062837 -0.01837053553188176 0.08874664038760749 -0.028488076653758927 -0.030362294521035327 0.027330351910443702 -0.0643134116571217 
I_1Ip_4
-0.12236725786810881 0.16094705104722526 -0.08687190582534905 0.03349100508428864 0.057876507983366146 0.19610960289345145 -0.10414657856763383 -0.13503842474562802 
0.15917890427568712 -0.07609869797938226 -0.09391962428577431 0.23884230943140627 -0.03002780285606256 -0.11515363669202679 -0.08626606977261465 0.003444617877558651 
-0.15197473127473815 -0.15228764666161762 -0.028066086347185434 0.46268778973941366 -0.054193759861849086 -0.03304547581070737 -0.04446674595032156 0.0013466561675605645 
-0.054301488840829075 0.855403677753807 -0.24331451299916693 -0.11025508560515512 -0.03310734783413682 -0.15157924084475904 -0.15943182898356534 -0.10341417264364544 
-0.022651525212390035 -0.09474967156704983 0.17119350782299356 -0.15591499838741738 -0.1413952762191994 0.13656257505425776 0.04640936586205014 0.060546022647019554 
-0.12611759474176534 0.7716404230206463 -0.19378345876198394 -0.12009197600718487 -0.1829208581507846 -0.023927956182728395 -0.13289905716254005 0.008100477989633736 
other
-1.3059389678515536 0.8456864088355516 2.2056613840559303 -0.5398936538156879 -1.9544346574281986 0.6269833149896819 -1.8690126897868418 1.9909488610084791 
-1.305915257510037 0.8454268797995688 2.2055730383039123 -0.5401807519087609 -1.954707530936468 0.626806169676891 -1.8729848985716275 1.9959823511599526 
-1.3044532711233205 0.8460150595644217 2.2061635384933393 -0.5404620684195033 -1.9544018631689601 0.6278747640254825 -1.8723519144391243 1.9916157550654847 
-1.3052411984880996 0.8461502520575667 2.2062836987130123 -0.5397838296877876 -1.9543468241019628 0.627725663755677 -1.8723230998508031 1.9915353376017704 
-1.3055482183027223 0.8462939960261772 2.2060130872236807 -0.5396217974790544 -1.9541428779761498 0.6277390508117522 -1.8725234964310289 1.9917902561324992 
-1.3043577600015872 0.8458768980099813 2.206062663947318 -0.5396104943658964 -1.9544548924672371 0.627234377714434 -1.872246203734409 1.9914954109007834 
Ip_0IIp_3
0.0019234953929506398 -0.0397003126017253 0.009937622987022604 -0.03996369767264727 -0.02126471061616737 0.09572255800999616 -0.008538457853522752 0.001883502353882143 
-0.030154230315650638 0.03542575331301149 -0.008409042521849864 -0.02220550122116287 -0.04174777336588305 0.04816107085045063 0.04765023754512738 -0.02872051428364281 
-0.02694252530811668 -0.059560968870560366 0.1093206252387461 -0.07504650506813913 0.008164097748487517 0.04480170505127215 0.043168944597443935 -0.043905373389025615 
-0.012046559537862772 0.22976502490320935 -0.047433424596486376 -0.012158612152216924 -0.05016591108224126 -0.037676981812349526 -0.03000920416511611 -0.04027433155624848 
-0.006769768867103307 -0.04216044715706601 -0.015644848593478977 0.07307527424201711 -0.024354985228446605 0.0018260172331800036 -0.010886285238613801 0.024915043609527034 
0.011102539039603582 -0.040721179991668736 0.06266465822572871 -0.01817501401847755 0.017151890112021256 -0.012347775251348123 -0.007955519900314928 -0.011719598216020533 
Ip_1Ip_4
-0.025544285112822893 -0.05944623412550382 -0.021000162203782282 -0.006064085161068096 0.1033643516687458 -0.02840648184752035 0.08014739112316546 -0.043050494341085016 
-0.02541447863225873 -0.05695669178382809 -0.04177389232882269 -0.06529939210821883 0.06873913670193456 0.13886383468252447 -0.02545422095653294 0.007295704425136767 
-0.0428686050136816 0.2767430395103529 -0.052902472603095975 -0.07322571548898743 -0.06610942327275439 0.02340493515671496 -0.035216651557500964 -0.02982510672973059 
-0.025267792368084074 -0.059262435162111785 -0.020753568563143723 -0.006020567092747372 0.10339915583040957 -0.028112324410130344 0.07883563338356842 -0.04281810161714534 
-0.025269038486416994 -0.0566130949480285 -0.041599521913450455 -0.06507790510608492 0.06896288176017112 0.13923349101722504 -0.025271389277402707 0.005634576954017298 
-0.04283075850832487 0.27668829267057043 -0.052942444378477026 -0.07288827727635368 -0.06613043625667396 0.023151180581032615 -0.0351747634435003 -0.029872793387105502 
IIp_1Ip_4
-0.02629972285427903 -0.05917729816960784 0.10978683714182029 -0.07482370055241351 0.00841004128206147 0.045408530760851065 0.03988829039962799 -0.04319297800800888 
-0.011448356782143326 0.23040399112860507 -0.04687827421446561 -0.011638889526150385 -0.04965393474672502 -0.03690252207353004 -0.029438418111017238 -0.044443595674153964 
-0.007597234627382316 -0.04208771772424731 -0.015669551293889503 0.07387214940140138 -0.024133727718453374 0.0015649513815998634 -0.010934609918465376 0.024985740499514967 
0.01107154564869942 -0.04079094795283238 0.06252483251490842 -0.018035311804859244 0.017311233491017042 -0.012478148183817752 -0.008024170495138944 -0.011579033218314017 
0.0021467495338438323 -0.03991465125131948 0.010049119235764797 -0.039988836917034476 -0.021302517026830562 0.0955723203773329 -0.008324140562333436 0.0017619566103869591 
-0.03108435319530501 0.035608628918516114 -0.008348029391546328 -0.022249473543629297 -0.0414905993163381 0.04849520255449174 0.04748677966727205 -0.028418155693110476 
II_1Ip_4
0.0004765599705876349 0.024690485213403647 -0.01850308420397231 0.08867646994155788 -0.028558779895739236 -0.030531695699686723 0.028266488653011585 -0.06451644397873478 
0.017229231084944764 -0.0823613296958985 0.05309967846770095 -0.03866173951308322 0.06753161108699483 -0.028087946983303552 -0.02329254600149894 0.03454304155373099 
-0.04791350253820527 0.015847775214751336 -0.01202905363401212 -0.06473302567408803 -0.030601264446323058 0.1028404701735203 0.0618215670514886 -0.02523296614652321 
0.02161041051777834 0.07562196318532884 -0.001955661989535303 -0.031922494677594365 -0.0070439835258820005 -0.05092031618398362 0.05213513610024129 -0.05752505342575592 
-0.018542360232204225 -0.059381356553707604 -0.006294186250650814 -0.059995266246520705 -0.012500808407096114 0.15926889315193238 -0.01295458386427829 0.01039966840238446 
-0.037846878681744946 0.13750093111179756 -0.05886423742153263 -0.0630335930885522 -0.03894862022327087 0.08779774673520457 -0.006395388935205392 -0.020209959495882737 
I_2II_5
-0.8129700690672452 1.3529280913117567 -0.6143507472082356 -0.8002763083380646 -0.4584764470656028 1.5606073644374638 0.47035595947895387 -0.6978178435342371 
0.28720587301201383 0.24925315154959596 -0.015018378326655795 1.263303696541083 -0.5164720373360251 0.06391103499716684 -0.28285766891104264 -1.0493256715255157 
0.38568364218828 -0.7062882922755628 -0.3218545722082355 0.006830194110402225 0.17771555078656107 -0.7314690120852921 0.23700158621674167 0.9523809032631707 
-0.3724689742209176 -0.9100300970862109 0.19103220295236178 -0.4900476579379492 0.6678868044922245 0.3140880764299005 0.20216773923684417 0.3973719061303352 
0.16750014019956644 0.2983485066860605 0.1321725784603797 -0.20014400201144875 0.41236848239966767 -0.1686380271155214 0.02702956315601786 -0.6686372417706984 
0.8328224842053205 -0.8558236903418821 0.3046480392244199 -0.5956943140962934 0.8620790014992642 -0.6604268311628883 0.3132693720041816 -0.2008740613375913 
I_1II_4
0.2876610536651405 0.25091740556840253 -0.013716261873044058 1.2647026059533588 -0.515007264723384 0.065891655416463 -0.2791179151368936 -1.0613312788668952 
0.3819956092757457 -0.7064588273707182 -0.32228701856648473 0.008850029229886258 0.17814069417311973 -0.7326381084608593 0.23646225064890827 0.9559353710685145 
-0.3730037339284058 -0.9102180811381817 0.19062650870803663 -0.4901323433800832 0.6683461621570854 0.31400988265899926 0.20194146211074526 0.39843014281129274 
0.1673468693724107 0.2978360689047576 0.13261151078735933 -0.20026627008061845 0.4122821472274986 -0.16884733980042685 0.027391211980862282 -0.6683541983895809 
0.8290918581460129 -0.855060164512162 0.304777097974146 -0.5957476140386289 0.863007332480205 -0.6591924578421345 0.31271732139051184 -0.19959337360517468 
-0.8114607120904282 1.353973096840977 -0.6130494773348188 -0.7995172258228902 -0.45780037675508634 1.562240842987369 0.4607805712124165 -0.6951667190291808 
II_2I_5
-0.3590781613825759 -0.9093226120756246 0.19255750992511367 -0.48898341568581083 0.6679214212090699 0.3146601572706965 0.19024450091446074 0.39200059981904817 
0.18167848537281928 0.29958476147510066 0.13478668975627955 -0.19850340568764993 0.41280885800121525 -0.1674640548491937 0.030026498416462207 -0.6929178324870382 
0.8383334119626773 -0.8555260663462592 0.30498787538594274 -0.5930695646110212 0.8623024991345726 -0.6616779922048523 0.31319090919728787 -0.20854107252446377 
-0.8001155442276423 1.353279078077172 -0.6133037356431341 -0.7992964741521411 -0.45850933683746525 1.5606088946710437 0.4609770191370334 -0.7036399010179861 
0.3011021210749131 0.24982296259858244 -0.012742477571310884 1.2645146945375736 -0.5164656398092046 0.0643680182676826 -0.2802153557400583 -1.0703843233539947 
0.3911211624977345 -0.7058844807813128 -0.3214372064057005 0.008800445178796659 0.17797980540785116 -0.7322279883020058 0.2368418768187895 0.9448063855769369 
IIp_0I_3
-0.2621094434560457 2.592294292794693 -1.0816484578089576 0.17176018091866854 -0.7468484427269186 -0.19005863729587325 -0.4273434382128097 -0.05604605419616712 
-0.17815106582597068 -0.8547181903527666 -0.29598435276520846 0.0676047963756103 -0.12974147942967287 0.06675078944589911 -0.37197619354474576 1.6962156960988428 
0.11995306383920097 0.009030247518453357 -0.7346663489401811 2.727772185652357 -0.5635570086198031 -0.11206404254121644 -0.2689658337750466 -1.1775022631322667 
0.9318873008214079 -0.6963029343705539 -0.4137783254779473 -0.03155249805859964 -0.13708595807672747 -0.586539959014389 -0.09245275358107936 1.0258251277497736 
-0.10884977247701569 -0.6322531435540109 0.11725951270445677 0.5896001973842134 0.16337257887122097 0.033758821003526 -0.12124941988050024 -0.04163877405248107 
0.5542420436203002 0.38415893512157245 0.5455384289257845 -0.6730352842772649 1.1548403075594802 -0.7453424644204328 -0.37015146379171854 -0.850250502735916 
I_0I_3
0.07835124914495822 -0.5467503662162636 -0.15701201012745034 -0.122319299816319 -0.12514627709958823 -0.35662969552237433 0.11509447933490202 1.1144119202986624 
-0.4236204352125257 -0.732749368829127 -0.09379200474236288 -0.25365582572742285 0.14739629886840852 -0.08754123281621143 -0.17788086257832372 1.6218434310415253 
-0.3040430298870291 0.4699076598974283 -0.5042591510416866 2.5036823369987826 -0.49688659173003924 -0.2351363296293809 -0.793065265075924 -0.6401996295276989 
0.085856293364834 -0.541761376906635 -0.150318539096086 -0.12113805715083906 -0.1242015623576945 -0.3486451656667111 0.07948848232047863 1.1207199254910942 
-0.4196726472628894 -0.7234228693249335 -0.08905894138752067 -0.24764384249518323 0.15346957416428417 -0.07750738132771699 -0.1729181289703564 1.576754236603641 
-0.30301573458903724 0.4684216264983976 -0.5053441340919528 2.5128416685046946 -0.49745696247670024 -0.24202417514364327 -0.7919282654468994 -0.6414940232465167 
Ip_2II_5
-0.048366605459812896 0.01573070403730381 -0.012199560563205581 -0.06459236162089685 -0.030627428302288973 0.10255317749961587 0.06296798710291049 -0.025465912693009653 
0.021383458706672083 0.07537861712325894 -0.0021896695505421522 -0.032067815230695886 -0.0071788117497517704 -0.05122700637805045 0.05191346547741645 -0.05601223839815265 
-0.01818375834440538 -0.05946308131582533 -0.006251118991903107 -0.06028174888680366 -0.012587408709367713 0.1593243940991383 -0.012904062436277832 0.01034678458520307 
-0.03808748909318799 0.1375809152776788 -0.05879374500493595 -0.06309096892504734 -0.03893003513886074 0.08794184588158153 -0.006411732614790916 -0.02020879038207178 
0.000568369713962212 0.02487240000057645 -0.018414210641354126 0.08875293016447187 -0.02847596133689978 -0.030313539518903865 0.0272867608995887 -0.06427674928090546 
0.01772210257274293 -0.08225041676196651 0.05322997423776047 -0.038501964234254664 0.0675831018978382 -0.02799357602376811 -0.023078150772252257 0.033288929083055266 
I_0IIp_3
0.9327825058496076 -0.6959615804217482 -0.41366845844493283 -0.030410453749426636 -0.13579736147373161 -0.5861199783198465 -0.09857540896528873 1.027750735506777 
-0.10646402214929797 -0.6321875126228963 0.11886879850643266 0.5904221777399596 0.16410795322150054 0.03441306350438754 -0.11962316802842463 -0.04953729017283688 
0.5482077821143551 0.38530480840266823 0.5458971223706471 -0.6717916402325353 1.1566120198781973 -0.7439876568036244 -0.3709834113866557 -0.8492590243465306 
-0.25892075599958275 2.5941602425995556 -1.079493118724748 0.1732632036870423 -0.7452711487360334 -0.18719864713766482 -0.444347005965762 -0.0521927697136535 
-0.17455890258161372 -0.8518024545994035 -0.2929286800650663 0.07026399147538703 -0.1271501599632557 0.07047129796657739 -0.36883336937329453 1.6745382771353912 
0.11423273568946031 0.009722000692850136 -0.7346392177728226 2.7318148492966126 -0.5619595971100421 -0.11281410628618734 -0.26945032323389917 -1.176906341272049 
IIp_0Ip_3
-0.012113719437516322 0.2297216132178359 -0.04748387011050461 -0.01219129148486104 -0.05020055308361444 -0.03774402679811909 -0.029623505758611522 -0.04036464654370254 
-0.006842665533823297 -0.04222931170808214 -0.015712724385175954 0.07301452106704187 -0.02441494008164663 0.0017392747234993029 -0.01095600550118103 0.025401851419594508 
0.01122789503150014 -0.04073486513602903 0.0626650268021093 -0.01826732107264812 0.0171179980234717 -0.012327325522789978 -0.007945936897721988 -0.01173547122820715 
0.001916228250809787 -0.03970391048746358 0.009940593605623108 -0.03998695029465191 -0.021291813478668868 0.09571923223713365 -0.008436907186187342 0.0018435273530089844 
-0.030195622317036853 0.03543131734059499 -0.008439146888406112 -0.02221827676355629 -0.04175926145537838 0.04815440182427221 0.04762012155296965 -0.028593533293015196 
-0.02680897115692616 -0.05958651305741289 0.10931233528826195 -0.07506571760013717 0.008125653910999552 0.044767187473888644 0.04318760123650464 -0.04393157609509969 
II_2IIp_5
0.2144185078658618 -0.5995786625975679 -0.1471986199195018 -0.02693411571954338 -0.15810894118747926 0.08438122350338347 -0.19346494850905246 0.8264855565546502 
0.1072523837496525 -0.3787446301326974 -0.01381272924023124 0.050261011437964534 0.24220904116077333 0.04019486726648892 0.5550582212273115 -0.6024181654695525 
0.46171952763184265 -0.7843946361441307 0.21436319594501943 -0.24561200550617038 0.8984207562900492 -0.5616795606068581 0.1298361286665402 -0.11265340628098036 
-0.5403942418211274 0.4399153819352473 0.03724598010448037 -0.4455130345189471 -0.4968691875051668 1.1158780718458217 0.3151102494284778 -0.42537321946341095 
0.18570202348640572 -0.6463007884358588 0.6307286271470274 -0.8635954899089363 0.46925241764360803 -0.026803882469746926 0.15396663939686275 0.0970504531406024 
-0.3130873896351067 2.2125717330106904 -0.8058117589866634 0.05906759757013536 -0.42383222661449815 -0.4270468052628479 0.0019568818822700822 -0.3038180319558085 
II_0IIp_3
0.45568992125032143 -0.7845856258558763 0.2137854116346776 -0.24686451935356332 0.8986486964736283 -0.5611758538351946 0.13308787572372485 -0.10858590605028343 
-0.54749419546071 0.4396446429484951 0.03674406261838521 -0.44611918180344345 -0.49684612581845 1.1159919594367926 0.31430638681672285 -0.4162275487331835 
0.17968289583681576 -0.6457653431369211 0.6304595556978245 -0.8642665582547787 0.46987402102406717 -0.025569592831812083 0.1535369878502152 0.10204803381138865 
-0.31826483426437013 2.212667030493048 -0.8058880512714154 0.059111549673385756 -0.42358740580152676 -0.4266674728577808 0.0019422277559273929 -0.2993130437197257 
0.2067274759204352 -0.5995998315520862 -0.14811149582162328 -0.02711653524097125 -0.15762572076046427 0.0844255170865852 -0.18919338482732564 0.8304939751914144 
0.10082174856553985 -0.3795564640504474 -0.014797240791662036 0.049691334650240074 0.24199140402829308 0.039472668359092876 0.5540964650613573 -0.591719915821478 
II_2Ip_5
-0.03770846309486339 0.13757271980927369 -0.05879863427083507 -0.06303002894006028 -0.038893885747789035 0.08790731503164004 -0.0066871412477863285 -0.020361881538616 
0.00105065995790269 0.024835365236794613 -0.018319502834103326 0.08878093370256193 -0.028488217067906788 -0.030338743658366814 0.027391892198699544 -0.06491238753517262 
0.017681965786812994 -0.08219082123395426 0.053261336824805404 -0.038455740257870206 0.06765367958397539 -0.02792988857220386 -0.023117672632223838 0.033097140500228064 
-0.047803450629706805 0.015844908483694287 -0.012040232142257445 -0.06450244101635419 -0.03056810127016631 0.1027145391869648 0.06181902057367537 -0.025464243185554368 
0.021962604020760654 0.0755703987940974 -0.0019788407182943727 -0.03189231363421342 -0.007042065682247935 -0.05100603990205176 0.05214035253387105 -0.05775409541135443 
-0.018198691457029542 -0.05943994414654977 -0.006246375390222886 -0.06001080977734193 -0.012530824505058233 0.15921909507810067 -0.012915689135759868 0.010123239333519937 
IIp_2IIp_5
0.04073443653542454 -0.11964125013089084 -0.07190105908043763 0.015604324522830143 -0.06091253547632286 -0.0394715397749459 -0.03846118866256728 0.2740488120658047 
-0.05585283078870773 -0.12475518269089356 0.2785292983690786 -0.17613231415020292 0.010147956455744048 0.00909895666653784 0.1212750138045758 -0.0623108976661073 
-0.09778798393610114 0.3912108661735315 -0.12151573762355374 -0.06617665600598677 0.078310670541327 -0.07963300987207068 -0.050101278349151734 -0.05430687092684132 
0.04034212368620566 -0.11990204068100402 -0.07225094838348932 0.015542577161723739 -0.06096191876056174 -0.03988891688367339 -0.036599948444681674 0.2737190723044647 
-0.05605919438806595 -0.12524270887815947 0.27828188589344094 -0.17644657988963947 0.009830486782603521 0.00857445491134056 0.12101559572460675 -0.059953940155673395 
-0.09784168397202479 0.3912885459287625 -0.12145902206259136 -0.06665544378309024 0.07834048565864575 -0.07927295998817549 -0.05016071298402348 -0.05423920879532779 
Ip_2Ip_5
-0.04290272768926163 0.2769360590465652 -0.05270863633220765 -0.0727945407197837 -0.06591401669985633 0.02355280520671896 -0.03665680829214185 -0.029512134518459472 
-0.024999665110053387 -0.05901387664908669 -0.02057020437887412 -0.005737446307049447 0.10368747254936847 -0.027830898878752546 0.07905402606250427 -0.04458940728789571 
-0.025493891641350918 -0.056668773598420895 -0.04155718110816834 -0.06474072091212144 0.06904187771867776 0.13906036119560294 -0.0252397035914052 0.00559803193703621 
-0.04319607883416196 0.2767410534365929 -0.05297026535568989 -0.07284071218505313 -0.0659509429514878 0.02324071231212535 -0.03526506965849972 -0.029758696762607013 
-0.025153973076891736 -0.059378423376178 -0.02075520656048365 -0.005972437882356431 0.10345008523907138 -0.02822309401248015 0.07886004671437541 -0.04282699704459549 
-0.025534045735452614 -0.056610688717628595 -0.041514772161522905 -0.0650987335106892 0.06906417191263123 0.13932958777282325 -0.025284145720348965 0.005648626159819416 
Ip_1I_4
-0.05356789515057148 0.8558885012935761 -0.2426696190125882 -0.11012369442007724 -0.03299623539525842 -0.15080522613171718 -0.1629491021797311 -0.10277672899968696 
-0.02223647434355915 -0.09385234594079292 0.17167344574796597 -0.15532440128343858 -0.14079998208287187 0.13753717825914757 0.04691159275821925 0.05609098688526718 
-0.12611474715919857 0.7715156039189943 -0.1938821423519419 -0.11919234815920919 -0.18294778829881536 -0.024568486164223788 -0.1328028703732978 0.007992778590180372 
-0.12304021368452975 0.1604968687099891 -0.08748146125991482 0.033401014990202156 0.05781056776053226 0.19538720583323332 -0.10099079347658456 -0.13558318887178103 
0.15885408486122407 -0.07694928787385838 -0.094326728159851 0.23830617739143956 -0.030570724847545083 -0.11605951659245432 -0.08669392807027393 0.007439923289804013 
-0.15216441309657885 -0.15213396246821745 -0.02796142904668525 0.4618708316711316 -0.054113794611341484 -0.032395127893853085 -0.044583648680545394 0.0014815441258586863 
Ip_0II_3
-0.018630217315899877 -0.05953687201510665 -0.0063762756248349085 -0.060062466973618 -0.012573298421739511 0.15907937592979787 -0.012090455151667328 0.010190209573299882 
-0.03825834611838304 0.1373972483411968 -0.05898169040414483 -0.06317426126293325 -0.03900162531737216 0.08770447987329795 -0.0065811919175790224 -0.01910461319369818 
0.000860828825107532 0.024783619325923312 -0.018364822527190853 0.0885452334681237 -0.028542495056272026 -0.03029368130702172 0.027341001606663945 -0.06432968433497588 
0.017413894891469932 -0.08216325714990338 0.05329182639940865 -0.03854736117043565 0.06763688922279487 -0.02783744346859733 -0.02311179774224596 0.03331724901693628 
-0.04820861502764998 0.015918306321986837 -0.012066607275287529 -0.06450110415365312 -0.030530602355350503 0.10279855587137127 0.06177806054347773 -0.02518799392444634 
0.021824995527190597 0.07555289433322791 -0.0020143195340631506 -0.031875483708488 -0.0070649959157518885 -0.051044618045561985 0.05215159346527671 -0.057530066121237754 
IIp_0II_3
-0.3217178783005226 2.210487651106405 -0.8085839939732693 0.057915867353731706 -0.42479059129177804 -0.43007714745828973 0.01983540457312272 -0.30306931199551435 
0.2037168486000892 -0.603305020259499 -0.15099736319468254 -0.03000322193716775 -0.16048762193131913 0.08006173958313895 -0.19217834892557661 0.8531929880635768 
0.10434399612339111 -0.3797094935319659 -0.014599808764854056 0.04529974568780071 0.2410737194125495 0.0413014211390224 0.5541855158162103 -0.5918950958829942 
0.4566601390666943 -0.7838246353459801 0.21503441238775223 -0.24736401048916332 0.8980022992657601 -0.559879671243375 0.12999587994312778 -0.1086244135886301 
-0.5481781076640895 0.44143623057782744 0.0366477295864936 -0.44546257477475587 -0.4961286094470287 1.1175418516229783 0.31424631824333465 -0.4201028381391827 
0.183810602332841 -0.6467941988828976 0.6300175292491712 -0.8632598949940544 0.46862017594212096 -0.027800342356471566 0.154296154188599 0.10110997451970904 
Ip_2IIp_5
-0.0067334382812659615 -0.042127841440584124 -0.015615953599317002 0.07309287352290318 -0.02433655666887535 0.0018715233858908704 -0.011118259577665882 0.024967652658778327 
0.01116992652409772 -0.04068249707244704 0.06270087695592293 -0.018137724320202487 0.017180179404454446 -0.012304155565849817 -0.007911746368054797 -0.012014859558215867 
0.001848815825995082 -0.03970655994550132 0.009922972263906997 -0.039915185732413455 -0.021256500097554615 0.09568715571007226 -0.008448709528409735 0.0018680115037325103 
-0.03017507099533926 0.03540326032684685 -0.00843422813072328 -0.022210649147599022 -0.04175076386686138 0.04813087388449516 0.04762907247762667 -0.028592494548060753 
-0.026902534656652932 -0.05957702984576963 0.10932990605254769 -0.07507030812039488 0.008155725298860973 0.04479991879630596 0.04317867159543591 -0.04391434912017962 
-0.012108544836413377 0.2297808285094352 -0.04742419410702097 -0.012164572314660846 -0.050151711357792374 -0.037648790704332843 -0.03001740514284076 -0.040265610045433 
Ip_1II_4
0.021558394876373625 0.07558139756179819 -0.0020218538563072947 -0.03189702457048498 -0.00701087088113372 -0.05098927782483388 0.052303937338306315 -0.05752470264340457 
-0.01850809066045849 -0.059476232007800556 -0.006290442776990687 -0.06003071048185115 -0.01253941180663876 0.15918630703751951 -0.012952771421200257 0.010611352117354585 
-0.038060157996936565 0.1375544113476075 -0.0588411449104299 -0.06308791867459301 -0.03888376681659585 0.08791465277147474 -0.0064348611381119655 -0.02016121458170543 
0.0006567033752370575 0.024804247661109505 -0.018362222014307455 0.08873848029581187 -0.028496443695858693 -0.030353666013083428 0.027333863429511836 -0.06432096303790295 
0.01738562048135547 -0.0821677016896395 0.05324983326699398 -0.03851121065472623 0.06768087677356856 -0.027860148598817185 -0.02313721767413387 0.03335994809489214 
-0.04809500377332937 0.015855286887767835 -0.012039523700655839 -0.06450401893029518 -0.030554054736975672 0.10274430942469662 0.06181726649330983 -0.02522426166413448 
Ip_1IIp_4
0.011374543134100953 -0.04057367887956002 0.06284747948353415 -0.018076714518998054 0.017244390611245084 -0.012119732161216227 -0.009255268023432147 -0.011441019645933144 
0.002142990828643182 -0.03945808092110442 0.010143461952174289 -0.03976259172539509 -0.021066559270204534 0.09601194033229173 -0.008219627484506827 0.00020846628793193942 
-0.030497160536274465 0.03543433118627576 -0.00843305504872542 -0.021903923619652575 -0.041674833944821875 0.0480340303106111 0.047616309237249986 -0.028575697584607995 
-0.02694188340851249 -0.059588324309187105 0.10926653265366658 -0.07501386468209795 0.008224224455282678 0.04476140406248951 0.04314128295162628 -0.04384937172317864 
-0.011949285578645264 0.22968601594908503 -0.047379996324795635 -0.012169771690502462 -0.050182823246208444 -0.03772652897083336 -0.029958893698331292 -0.04031871643932212 
-0.007139415810936059 -0.04207486980169119 -0.015617938122126364 0.07306420634697641 -0.024246131924422563 0.00197120941174908 -0.01094826995649937 0.024991209856784588 
II_1I_4
0.16704815018498298 0.297631691363317 0.132325903684496 -0.20028066716495999 0.412282982659243 -0.16917834646536184 0.02873284699039312 -0.6685625612499877 
0.828994456977405 -0.8554606855882532 0.30462413076714295 -0.5959808742544235 0.8627689826340513 -0.6596044715110979 0.3125548839615297 -0.19789642299729268 
-0.8117014038781318 1.3540740941305347 -0.6129911997399448 -0.7998729164767703 -0.4577186520193757 1.5625820315569174 0.46070469796877594 -0.6950766515321217 
0.2880839500800539 0.25119272307210766 -0.013358286741267869 1.264801786232835 -0.5149155942641797 0.06632836725556669 -0.2811998233108565 -1.0609331223207237 
0.38227779086426106 -0.7059625985599124 -0.3219848982001514 0.009194825688019196 0.17848629427855092 -0.7320853598217827 0.2367769837594838 0.9532969619836134 
-0.373145650507379 -0.9102599670696524 0.19058046437219345 -0.48960735747539014 0.6683730453190959 0.31368879974159347 0.2019749122291371 0.39839575338558475 
