II_0I_3
0.8240288293324209 -0.8577536484055103 0.30192871542584027 -0.6214373693839549 0.8527235862848128 -0.658784044825822 0.36266541124998564 -0.20337147969093772 
-0.829345662750883 1.4059858888750683 -0.618686461623684 -0.8071912315510479 -0.46084973971322885 1.5524847007525955 0.4566655078163377 -0.6990630017946234 
0.30316343581073263 0.25189916004356666 -0.015266574142862808 1.2585751024265133 -0.5181153985136292 0.06505666620316018 -0.28720046389249293 -1.0581119279346298 
0.368681173457403 -0.7132159464668647 -0.26505072721010164 0.00321683662370676 0.16890193533836226 -0.7432638891244051 0.2344372220749154 0.9462933952985018 
-0.38130444655694473 -0.9161840694271288 0.17827624452110827 -0.4922943872634931 0.7191443670074646 0.30336485363893684 0.19280023417230177 0.396197203909698 
0.16537244924381114 0.28115497534975314 0.12082380318948416 -0.20332374037908293 0.3967321985674725 -0.17645814463110623 0.012209831794940885 -0.5965113731370836 
IIp_1I_4
0.5457193194134686 0.38348810780206005 0.5439614421521249 -0.6904108639354548 1.14939005282654 -0.7431423132159476 -0.3374557512084189 -0.8515499938395252 
-0.2708545594918238 2.629113029986007 -1.0830753406316973 0.16789192015380977 -0.7476751300174335 -0.1936396517614677 -0.4469370869229764 -0.05482318131036745 
-0.16526973619680715 -0.850933115223399 -0.29439614772655753 0.0660873368387063 -0.12923855694554584 0.06993505379818632 -0.37307240727126906 1.67688757272122 
0.10621516970310202 0.004580191743398022 -0.6966066071561994 2.7278689041073325 -0.568806842864273 -0.12085288839703667 -0.27081644769603985 -1.181581479438303 
0.9260551979186544 -0.7006497973622724 -0.42277130386531026 -0.032625814705663565 -0.10219023042829395 -0.5941507569555771 -0.09895776176602741 1.0252904671486398 
-0.10923533244677858 -0.6444512262263412 0.11004369978839583 0.5874020836908525 0.1527469201146678 0.028055156404805884 -0.13079682474978824 0.006235523421738858 
IIp_2Ip_5
-0.030155061685185586 0.03534425830636208 -0.008487614050385015 -0.022795485262800796 -0.042007501157230634 0.04813487082346143 0.0487514326627152 -0.028784899636124038 
-0.02717238502038019 -0.05841320939822434 0.10919680879214909 -0.07524263762359731 0.008069607229342296 0.04457132428011008 0.04308677062219581 -0.04409627888147495 
-0.011576111840783639 0.22977681432205166 -0.04746846853967496 -0.012305618127608874 -0.050259919858444926 -0.037716170146724494 -0.030134027733268176 -0.04031649807487384 
-0.006949485653916236 -0.042320754041766204 -0.014378711503957893 0.07293973513021257 -0.02458379072565608 0.00156658296749411 -0.010936868899604097 0.024663292727295696 
0.011087519254499306 -0.04086712339769587 0.062389897537614585 -0.018236813414475472 0.01825646783246257 -0.012606624757590444 -0.008148252509523042 -0.01187507054543004 
0.0019951002597031415 -0.040088346710958664 0.00966605928336363 -0.040043785513086905 -0.02163712554502003 0.09552235403192934 -0.008776667425065537 0.0033624116189200203 
IIp_1II_4
0.17393166114406924 -0.648089831655681 0.6276990323475056 -0.8874260737374372 0.4605125597262155 -0.025389241323536236 0.20011290180122326 0.09864899169224942 
-0.3344964035721655 2.261105006207381 -0.8113506240172943 0.05210233804601158 -0.4264241873481768 -0.4361307241820536 -0.001893732651067121 -0.30291167247592626 
0.22110395969468152 -0.5991304032252409 -0.14970851066103089 -0.03301218208773845 -0.16071592574175145 0.08314242290885851 -0.1946454436860474 0.8329660827940865 
0.08704360979532945 -0.3860435070636173 0.038463007140583635 0.04407866825831053 0.2333321537245352 0.02945311433965674 0.5517042336675673 -0.5980312798612696 
0.4490824389430715 -0.7897934708361956 0.2027470618142161 -0.24910415688018092 0.946275806987247 -0.5703310976979729 0.12107797011639905 -0.10995455245131688 
-0.5486713326520679 0.4247656546139288 0.026392845270521298 -0.4485042396189367 -0.5109348091843564 1.109769090505253 0.3007619667252928 -0.35357917565349406 
IIp_2I_5
-0.09351143151101889 -0.6342985908974942 0.11782057861196683 0.5862453869933782 0.16022309338595514 0.03142027833224671 -0.11426360756547695 -0.05363570734684295 
0.5622687845830691 0.3903947748130384 0.545538192182533 -0.6743935923367894 1.1540484043309178 -0.7463583025795524 -0.37068653728505135 -0.8608117237189729 
-0.2425080839756584 2.5936537771292256 -1.0792109056183377 0.17196976201240224 -0.7477464959743887 -0.1888243438985098 -0.44422323920862294 -0.06311047045747938 
-0.16194858065266493 -0.8529645981232404 -0.2864165769306947 0.06928177687122859 -0.12999665112146072 0.06774055160727215 -0.36864249766196994 1.6629465760069886 
0.1295409233362913 0.007983031348142421 -0.7359270533454129 2.7312272212215345 -0.5584761243864623 -0.11632864574916894 -0.2695538339041801 -1.1884655185172577 
0.9460684337231327 -0.6992351139623454 -0.4155655437432825 -0.03153301819244197 -0.13983288135947022 -0.5897261211298491 -0.09387037292583339 1.0236946175831787 
II_1II_4
1.3825020683058065 -0.5904376280259704 1.3232426974089002 -0.7152647012022725 0.21293056305868693 -0.949959165957199 1.1484767968542742 -1.8114906304570046 
0.3976548077897848 -2.0107144970785797 1.270969316685309 0.01190376268747311 1.916681165593726 -1.540190958213457 -0.06409738248270185 0.017793785001178702 
-0.8609904468569494 0.1438747538686661 -1.359994228535109 -1.2177445955352943 -0.734440495738485 3.0338198447237565 1.7379551407093967 -0.742479972629991 
1.376191702342789 -0.593864057040994 1.3677477832924423 -0.700600026292213 0.21344594603281417 -0.9586029743982288 1.1095889826762109 -1.813907356619061 
0.4047421550707138 -2.0537927557618825 1.266020759902749 0.01560981928519304 1.9567741406638863 -1.5405550185023176 -0.06788647385349261 0.019087373178958488 
-0.8736710446122452 0.13094709340312535 -1.3673229708737527 -1.2154091650242844 -0.7436577510897014 3.0291226264181175 1.73113564538634 -0.6911444335990187 
I_1IIp_4
0.11352852382485477 0.008467058758342142 -0.735835979393327 2.722624319490945 -0.5660812471708871 -0.1132105464785306 -0.25124442224861554 -1.1782477067818555 
0.9250395859558185 -0.6779242412185489 -0.41654062753162635 -0.033588826965386266 -0.13734835277923726 -0.5907186162389485 -0.0942907079237488 1.0253717866892553 
-0.102493269191948 -0.633019619403569 0.1172286474019893 0.5872494731579664 0.16207666163166634 0.03267110763051801 -0.1227905943395486 -0.040922406890504345 
0.5442859103310095 0.38262562059415506 0.5664203222004986 -0.6753288241326647 1.1528300179957593 -0.7474811061565432 -0.37178590894594665 -0.8515660318910206 
-0.2620464387643011 2.592128051097533 -1.0837038313623268 0.1720658523538446 -0.7272606023683512 -0.19071213298926867 -0.4475220715793883 -0.05294882638395052 
-0.1761041790407425 -0.8574204667494595 -0.2973695291519479 0.06917185356261188 -0.13268480186227205 0.0680402168271334 -0.3745186414409258 1.7008855478559888 
Ip_0Ip_3
-0.025568273468900452 -0.056891535292562356 -0.0417717484296211 -0.06704223320241966 0.06816813876473772 0.13921667543478108 -0.021421226987029807 0.0053102031814173355 
-0.044522242090556344 0.28072438627114404 -0.05334447374763803 -0.07348358989827972 -0.06626505849385979 0.02253571437499913 -0.03554137416751257 -0.03010336224723262 
-0.024140004572314692 -0.059232726838192584 -0.020950827403829708 -0.006442804632466531 0.1032181947300517 -0.0282545343316085 0.0783509139604936 -0.04254821091190932 
-0.026214557925753557 -0.057242457541505504 -0.03721370133416202 -0.0655403311715011 0.06822092239191989 0.13833140838754412 -0.02540397378906409 0.005062690982472788 
-0.043796382066937256 0.27631246956596733 -0.05385128672016512 -0.07310402922162511 -0.06215888354898453 0.022498428660158887 -0.035929438959968134 -0.029970877707079607 
-0.025438704723639512 -0.06055673024298828 -0.0217014102208364 -0.00620361843511291 0.10227419736095225 -0.028735606142455555 0.07765248634854412 -0.037290613944398227 
II_1IIp_4
0.09867572200059185 -0.3799196507413923 -0.015375047635724132 0.04387969521721403 0.23996986471588636 0.03996252347528101 0.5651664208257386 -0.5923595278589204 
0.45245501372582414 -0.7724955436865405 0.21300055037906607 -0.2483269134859104 0.8981910617383806 -0.5627862736259002 0.12869211397399252 -0.10873000902603246 
-0.5434595415467931 0.44048747066865024 0.03691390897020722 -0.4469771876767659 -0.49703279517554305 1.1165372459712999 0.31356737092684334 -0.42003647213250006 
0.1757262315603851 -0.6473076050935723 0.643242158426722 -0.8647635593352289 0.4679537267401789 -0.028355092933497097 0.15295095095154 0.10055318968026106 
-0.3200750123735421 2.2112461040340468 -0.808811685515339 0.05865713647639836 -0.4120060096342841 -0.4291534517107616 -0.00018659084620435554 -0.29967049042287847 
0.20654733942008421 -0.6035621568360581 -0.15061258607896583 -0.027844311946178167 -0.16118314724480742 0.08258785230149437 -0.1924712882278469 0.8465382986092062 
Ip_2I_5
-0.15202574405452163 -0.15277602629141177 -0.028527910050962578 0.45767045955946994 -0.05610273922712217 -0.03270293545201245 -0.03620293654527427 0.0006678320632368279 
-0.057096358017221724 0.8640182827519997 -0.24411602225104498 -0.11165373112815163 -0.03380344981882536 -0.15310641965695873 -0.1600226491214358 -0.10421965275616693 
-0.020399536989239478 -0.09442822289933794 0.17076567716285804 -0.1569330258062955 -0.14190408005566496 0.13649275092511515 0.04530569600306121 0.06110074165960054 
-0.12747507962731644 0.7702610523881385 -0.18448379125211836 -0.12104725857895635 -0.1847663580610267 -0.026112015242663652 -0.1331478894612912 0.006771339837208427 
-0.12425910837533595 0.15957652849072093 -0.0893642444869034 0.03280829777712127 0.06597707601259788 0.1937923503664159 -0.10241305201745106 -0.13611784776545585 
0.15827137007515085 -0.0794694006320862 -0.0963913119758119 0.23780740944641265 -0.03311784935931064 -0.11715541512764217 -0.08932120471093741 0.019376402282357066 
IIp_0IIp_3
-0.09709444291654822 0.3914459984940195 -0.12121273142221853 -0.0640355253305152 0.07925892806712599 -0.07949331498088542 -0.055131188247162254 -0.05373772366203004 
0.04181378699688082 -0.1250950992959578 -0.07160159826191283 0.016243029766482817 -0.06069438980823008 -0.03877363061103658 -0.036165652635188554 0.27427355384769336 
-0.058035677732892164 -0.12518396373146712 0.2783912626158105 -0.17579350590286152 0.01021734695512647 0.008811225450093352 0.12153431839236205 -0.059941006046032114 
-0.09623711375184858 0.3919115146848442 -0.1272592124537242 -0.06602787467468031 0.07918890790407947 -0.07831896326917374 -0.049847872281587505 -0.05340938615599774 
0.0408508968002492 -0.11924246765091731 -0.07092928510652141 0.01573952324640624 -0.06614143947571427 -0.03872416921603531 -0.03565086497334339 0.27409780637472514 
-0.056312886005261936 -0.12342760595264393 0.27938694885384147 -0.17611079854493156 0.011469607422414 0.009449391646671563 0.12246081810128 -0.0669154755215754 
Ip_0I_3
-0.024430387691341284 -0.0953061365177433 0.1702054370588573 -0.16348274528433826 -0.1443971838176349 0.13683996092868853 0.06102197675689504 0.059549078566865574 
-0.1303271101113062 0.7867695298073599 -0.19553880691864534 -0.12232470971478367 -0.1841413192356913 -0.02722866927692272 -0.13394140970636775 0.0067324951584264514 
-0.11851624374859081 0.16078364999860895 -0.08787745318401817 0.031392326131565486 0.056661753315473025 0.19515811969793223 -0.10267473718753772 -0.13492741502266634 
0.15454402052528174 -0.07884414704703804 -0.07765942677854257 0.23656236175821505 -0.03336471725372943 -0.11919941721546393 -0.08753311623603033 0.005494442245692987 
-0.15346180037559837 -0.15412885071440696 -0.03168964152994959 0.46111256776534554 -0.03944637319402406 -0.03587873056769789 -0.04711441586897177 0.0006072444862127176 
-0.05481792241426405 0.8505511892876416 -0.24663489609990105 -0.1113216288775833 -0.03789747338447423 -0.15368611577801564 -0.163831003071839 -0.08236214965942668 
II_2II_5
-0.8594976295078908 0.1410826243109821 -1.3600460772593765 -1.2283361813311222 -0.7399207841562061 3.0331817720430547 1.7720803596354686 -0.7585440837203419 
1.3921036289744395 -0.5591676106507917 1.322392429771373 -0.7009626825642223 0.21674120616940334 -0.9579574343583473 1.1097644850699475 -1.8229140224192832 
0.4350551494894692 -2.0496540400929018 1.2743982472441533 0.013590146741469475 1.915226749931183 -1.5353030005462869 -0.06384157846591546 0.010528325687568145 
-0.8644210970908215 0.13840925920282904 -1.3253223625291588 -1.2168945229670876 -0.7395186725560146 3.026437708244185 1.741739347157354 -0.7604296594526447 
1.3976333121625797 -0.5927780876548573 1.3185314716217253 -0.6980711466974102 0.24802250810277793 -0.9582414811218993 1.1068081638938094 -1.8219047403117945 
0.4251615058668975 -2.0597404467424614 1.2686802230386536 0.015412294057675734 1.908035271943625 -1.5389678596355356 -0.0691622784612453 0.05058128991595593 
I_1I_4
-0.31496844975038146 0.46975791778759063 -0.5055146047825448 2.503570737442433 -0.4980175641183368 -0.23790236475485205 -0.7761862434459492 -0.6407394283690686 
0.07919670465073918 -0.5243935337206482 -0.15382731495679086 -0.12226459503342528 -0.12347155080436148 -0.3534590885422454 0.07727959232935415 1.1209397860752512 
-0.411740029044601 -0.7254242698115176 -0.08832034135286838 -0.25003585519158844 0.15198991024457592 -0.07941131284808099 -0.1736509489286198 1.5765928469306174 
-0.31792346121185233 0.4681533932524546 -0.48467381050622194 2.5104378958096487 -0.49777622112813913 -0.24195007817781722 -0.7943965877046042 -0.6418711303262474 
0.08251556009589497 -0.5445661748747609 -0.1561446198637722 -0.12052912679268833 -0.10469685508648728 -0.35362957030773357 0.0755052406520589 1.1215455461704629 
-0.41767808587271926 -0.7314780209027866 -0.09175223701930113 -0.24894222227586071 0.1476736637134462 -0.08161092123951712 -0.17684437494428223 1.600632198542173 
I_2Ip_5
-0.12311825801329915 0.7721296414254651 -0.19302748483445162 -0.11288362344912693 -0.18039216981376857 -0.024491438252215426 -0.14669627857558476 0.008479611517332142 
-0.11749484973569278 0.1460001350073091 -0.08572680714218389 0.03537931794302447 0.058452234427323516 0.19824222143008516 -0.09975530349821209 -0.1350969484302734 
0.15499632262907315 -0.07696300427743843 -0.09393375517189305 0.2400724782722655 -0.02969992322076363 -0.11564584655203737 -0.08512465508610179 0.006298383405950823 
-0.1466907081291527 -0.15037628233874634 -0.043970650725456834 0.46356082005580185 -0.05180844412793229 -0.029742420782586338 -0.043723051452572714 0.0027507375017752586 
-0.051430759040214026 0.8571197538182949 -0.23971147423552028 -0.10965721292038592 -0.04754338609653449 -0.14860011304141046 -0.15677752683827523 -0.10339928164316117 
-0.021708875588111808 -0.08991781876515363 0.17435931397907406 -0.15502998852711203 -0.1370573221900683 0.13873046842228928 0.05055938367047949 0.0400648389989455 
II_0II_3
0.4076618019716455 -2.050727760536138 1.2735931790911492 0.0035069338916742694 1.913447113308433 -1.5324895969319015 -0.033735305274966716 0.018743634461948527 
-0.8817224138664592 0.17180465066250156 -1.361738468046192 -1.2172690594914723 -0.7337765561480418 3.029247927529225 1.7401908866905427 -0.7467369673183899 
1.3946742715832117 -0.5881282312971575 1.3244065379626715 -0.6996071943846017 0.21877311133361296 -0.9509969374874181 1.1080917634968346 -1.8072133212079367 
0.4030073859912885 -2.0532550348744585 1.3064193549650898 0.014323342582224665 1.9138272508096816 -1.5388651194252414 -0.0624182794169093 0.01696109935452965 
-0.8764949100046012 0.1400308776697072 -1.3653884373034046 -1.2145355367206616 -0.7042046763314549 3.0289794030037633 1.737396118918082 -0.7457828392183611 
1.3853212836285886 -0.5976634484019341 1.3190009853106195 -0.6978846215349668 0.21197462438965334 -0.9544615238653997 1.1030618225701647 -1.7693491221104807 
I_2IIp_5
-0.17081462045941406 -0.8541702859575913 -0.29562166744151497 0.04705994104171593 -0.1374006461919969 0.07011909155245073 -0.3239026336929463 1.6647308211433531 
0.10916490111661939 0.05548391519807255 -0.7397216094248079 2.724796605865771 -0.566425625245817 -0.12342405995828301 -0.27238826805787547 -1.1874858594854218 
0.9540914229548488 -0.6964052355765248 -0.4159915654072091 -0.03668113073539012 -0.14027039647181977 -0.5892947374202234 -0.09776769685163704 1.0223193394993055 
-0.11095046221331677 -0.6401592773369389 0.16907817730571234 0.5839463456875484 0.1535192753824723 0.02205571312351254 -0.12235504986117632 -0.05513472209003799 
0.5515213265473281 0.37937139532049174 0.5350207403974359 -0.6757893191220268 1.2005674893174243 -0.7539483133873444 -0.378668667469051 -0.8580746516095642 
-0.25171240766337266 2.578920693858685 -1.0895934403748722 0.16999446458386105 -0.7607061764654736 -0.1947743982852684 -0.45738523520658597 0.005256499565020088 
I_2I_5
-0.4073937025890718 -0.7234785788089984 -0.08482255011995193 -0.22364244860517324 0.16226759056094212 -0.07999694311158052 -0.2185677106965877 1.5756343433687774 
-0.2921055227401715 0.4213065481026713 -0.49903021921417257 2.519658784456583 -0.4919676509896014 -0.22916435460359183 -0.7895410306442303 -0.63915655435868 
0.07559399548665294 -0.5433915010310384 -0.15001391598850836 -0.11375341443019747 -0.119830923782044 -0.34936708641406927 0.08454856687690619 1.1162142792793595 
-0.39936501248359846 -0.719119126933302 -0.14144645191955946 -0.24230034119219307 0.1616118678659043 -0.06899940989279217 -0.1690906739127009 1.5787091484662539 
-0.30112276758957346 0.4761150950590804 -0.4927341614095859 2.514943561899813 -0.5429780161692341 -0.22870116003502627 -0.7847201627940965 -0.6408023889523317 
0.09172754309945434 -0.5269436150821681 -0.1406895437665455 -0.11672478692060398 -0.10810379301573152 -0.34339080701056707 0.09322502319374033 1.0508999795035316 
I_0II_3
0.38416572362711116 -0.7051715464710867 -0.32092971919118946 0.01797636459376963 0.18198654413605803 -0.7323109076884888 0.2197585847927669 0.9545249561913255 
-0.3676114799023494 -0.9279339566009057 0.19255922043801618 -0.48699940989396884 0.6695916798846119 0.31725721942471274 0.20328862410946744 0.3998481025406434 
0.16214055143412553 0.297543732533468 0.13315614012326438 -0.1980254499365101 0.4135091124026192 -0.16850691760575023 0.029387724643128853 -0.6692048935933644 
0.8339356663799415 -0.8527378585081036 0.28538763236782966 -0.5937157802350689 0.866263740512517 -0.6554712991621517 0.3136139542775824 -0.19727605564132625 
-0.8093882115698817 1.3561592609648583 -0.6087774998701244 -0.7986204821201945 -0.4749643691291472 1.5660552747659768 0.4638047315117433 -0.6942687045401237 
0.28872319653348827 0.25686119778783995 -0.009412090087042491 1.2659376727346465 -0.5094855884165229 0.06885603637291653 -0.27605030204695946 -1.0854301228791348 
IIp_2II_5
-0.5460079223797776 0.44006818601454123 0.037130030672497476 -0.4475360475357703 -0.49722879310177387 1.1167044513885362 0.31874706096021727 -0.42187696600763125 
0.17874668210147673 -0.6418236015282739 0.6300277616852352 -0.8640280148170548 0.46970949062183726 -0.02675279544375864 0.15324246306578165 0.10087801430780963 
-0.3159340691076149 2.2125944227141963 -0.8061531168789399 0.058754549503912415 -0.42381218129617565 -0.4270329726069709 0.0014702949481393806 -0.2998869272673437 
0.20719285141406624 -0.600419192190633 -0.1436482297350922 -0.027616728106038605 -0.1585381171101262 0.08329612018873891 -0.18918758342029676 0.8289208789549679 
0.10050861194040397 -0.37985802512768274 -0.015628833535741862 0.04942915129804596 0.24596337952078748 0.03891268762375968 0.5533071806939686 -0.5926341524109449 
0.4574491392495261 -0.7854961294877975 0.213415866832357 -0.24687051455546546 0.8975760835161467 -0.5612541555459094 0.12850837431425316 -0.10332866433262501 
I_0Ip_3
0.15889231569898968 -0.07657873298697873 -0.09429382082029818 0.2398100208606834 -0.029944023810994553 -0.11594232708328692 -0.08970873828894696 0.007765306429683816 
-0.15016610400037816 -0.15535203596241792 -0.027716598040369425 0.4623451128834278 -0.05422469131689907 -0.032207337561434166 -0.04419016511572191 0.0015118191155428671 
-0.0551182963973714 0.8554244602261771 -0.2430718909266891 -0.1100287569281504 -0.03308301392667943 -0.15139009469366052 -0.15901504111457512 -0.10371736623673652 
-0.02209725965078228 -0.09413492637179979 0.1677834019891127 -0.155552034349016 -0.14081190676216848 0.1373367169095979 0.04642782851095931 0.06104817972449304 
-0.12476812355894498 0.7717896319463186 -0.19314604721008125 -0.11990866375207626 -0.18611625224762282 -0.023673536141090214 -0.13222717631803818 0.008050167283796972 
-0.12286606969217903 0.16152857138873777 -0.08665482585448127 0.03343099996226384 0.05853275273514537 0.19595412002273038 -0.10003652893229324 -0.13988901962810113 
IIp_1IIp_4
-0.043160204276533436 -0.11846549761889812 0.2857859023043926 -0.10992483676931715 0.0364886226778994 0.007427104969414324 -0.008228629959314206 -0.049922461327506315 
-0.05299143219200146 0.2568284563644427 -0.10678540659934403 -0.046802328334019525 0.08659203545995257 -0.05356454044743023 -0.0396858402913508 -0.043590943959472606 
0.0007854732016153819 -0.12174174320460926 -0.06738809371008496 0.031750768755156214 -0.05253010807118297 -0.03660229503940987 -0.021119202248793226 0.266845200316647 
-0.021197743607932678 -0.10654022847793264 0.13089136784987584 -0.16096345287159394 0.034694894970294904 0.037510828166576055 0.12711567404091703 -0.041511340069791264 
-0.07765808176259298 0.40675709241985486 -0.08956255703320865 -0.059700807237228974 -0.05294668433408329 -0.052297472923273525 -0.026498368965944503 -0.04809312016192001 
0.04491875026461436 -0.07674859444997999 -0.041881298020915704 0.023622587120862595 -0.020450572703083782 -0.02025419844981371 0.002615221185886498 0.08817810505198434 
II_0Ip_3
0.0174013056888624 -0.08217858120572161 0.05325803180274844 -0.03850352426554312 0.06768259761129881 -0.027868015844618933 -0.023147171617253534 0.033355357829744324 
-0.048141873505480305 0.015849238155417063 -0.012033163079171618 -0.06450309818680187 -0.030537256645569853 0.10276826952672098 0.061810121648590254 -0.025212237912920956 
0.021589046991669483 0.07560342107724184 -0.001994327123750726 -0.031880713136005705 -0.006995190241135334 -0.05095424064491934 0.05211638063336864 -0.05748437755609957 
-0.018468965757484197 -0.05943698654684688 -0.006277953468725592 -0.05999842892532468 -0.012506306347141874 0.15923463343184244 -0.012919104025197935 0.010373111638802519 
-0.03810492012888523 0.1375603249191636 -0.05883817028744637 -0.06304100492779155 -0.03888827248507698 0.08790291802109254 -0.006434353516693679 -0.02015652159326063 
0.0006540794518299768 0.024806207871779343 -0.01836619324582549 0.08874757365982194 -0.028481466716117027 -0.030358052022595106 0.027334806630614022 -0.06433695562917491 
I_1Ip_4
-0.1221093814970447 0.1609935473794775 -0.08684337340971683 0.037523912794171096 0.059336608767164754 0.19543649014062922 -0.10921328980469557 -0.13512451436790607 
0.16147030460654455 -0.0853641615787814 -0.09351643631927126 0.23960048843087567 -0.03000041175536744 -0.11425145871745074 -0.08615747073396787 0.008219146066335037 
-0.15368007999914804 -0.15247578851192922 -0.02773722368878109 0.4629490870951389 -0.053866572065533025 -0.03258115663648529 -0.0434286616678253 0.0008203954751702526 
-0.051964990717011515 0.8566600311068767 -0.25264818497047836 -0.10939808624437934 -0.031678612470523414 -0.1496090782244216 -0.15896197287059244 -0.10239910560595387 
-0.021594980553200343 -0.09354875660497025 0.17312435244212615 -0.1554517877925015 -0.14979809247914214 0.13843772132890667 0.04780662592297022 0.06102491773460637 
-0.12489469293231799 0.7742124939467993 -0.19191137082857773 -0.11953935758309792 -0.1805822125235457 -0.02302474168890167 -0.13023425359904375 -0.004025864787946374 
other
-1.2966821086569946 0.8503162302156166 2.2109784209902017 -0.49723260555493115 -1.9372232452951585 0.6267853661915901 -1.9547596937932352 1.9978176359223627 
-1.2767332814124432 0.7603972439034331 2.215532775352992 -0.5269977404556327 -1.9488494503995362 0.6440925254587099 -1.8657587548212762 1.9983166823878886 
-1.3302437114023833 0.8448726710369797 2.2091970974019843 -0.5292599987156479 -1.9487732435379232 0.6296177572153344 -1.8625388850745457 1.987128313082581 
-1.282676412962335 0.8579211016904524 2.1122005223185463 -0.5297804760627282 -1.9383671246096588 0.6459700777240218 -1.868449185852301 2.003181497766041 
-1.2924634672480442 0.8560083361360639 2.226515970436002 -0.5352232381896393 -2.0378347820838028 0.6449005479489327 -1.8573489635343625 1.9954455965465 
-1.3020994493384117 0.8735652824608844 2.225463053390048 -0.5344434269395566 -1.9283157812692768 0.6400431129859631 -1.847403189799541 1.8731903985282383 
Ip_0IIp_3
0.0019733881493328004 -0.03967811130496682 0.009962289853132394 -0.03963883578432406 -0.021139218322213448 0.09569921169210005 -0.00908998923262633 0.0019112649495021754 
-0.029947605240431018 0.03473729871543445 -0.008351165431751411 -0.022121400982021987 -0.04172073146422552 0.048268278135810964 0.047686091294850616 -0.028550765027246593 
-0.02711446570275624 -0.0595723428301914 0.10934513026364581 -0.07498782225595335 0.00820012118372183 0.04482497450670426 0.04324735541597372 -0.043942950581107316 
-0.011867942958683732 0.2298594520318154 -0.048164535431711925 -0.012085395715646027 -0.05004695912693995 -0.037529860169737396 -0.029976245747405185 -0.040188512881059416 
-0.0066761496804350435 -0.04207704244194452 -0.015488966026640412 0.07311035086783413 -0.025008684690458135 0.001965137996511275 -0.010771974838730094 0.024947328813949766 
0.011153422659865833 -0.04051184985395144 0.06281366267229113 -0.01813352598668719 0.01734652031099628 -0.012260504138230014 -0.007755785763172366 -0.012651939901595325 
Ip_1Ip_4
-0.025537894370543216 -0.05940986488900203 -0.02094839394008427 -0.007178647712305279 0.10298183522765603 -0.028138116962245528 0.0811652516427126 -0.04293416899587926 
-0.025988951272062223 -0.05424160117791298 -0.041817584084772735 -0.06544751842601307 0.06879779945764063 0.13870660078371555 -0.02541194675636277 0.005403201475547717 
-0.04248949585616568 0.27680512014153724 -0.052998655166160494 -0.07319756324377918 -0.06617406516173373 0.023238922612612026 -0.03551743745115632 -0.0296668258737485 
-0.025939111357621978 -0.05962771937381795 -0.01811873293911434 -0.006246258573832127 0.10301460359722757 -0.028687695671293197 0.0786927402654429 -0.04308782594621366 
-0.0255383333301894 -0.056980543619295054 -0.042132216398322625 -0.06521188504577659 0.07134693571295753 0.13868345360450074 -0.025652859538930206 0.005485448615347572 
-0.04329573613693024 0.275983171460214 -0.05346462115568999 -0.07304907512145828 -0.06676010398148974 0.02294027055544587 -0.03595102519915986 -0.02640288041952775 
IIp_1Ip_4
-0.026908770488255927 -0.05955769220491878 0.1093271352720469 -0.07501721549064837 0.008178576661804464 0.04480820214560637 0.043069563347959465 -0.04389979924340449 
-0.012010040796501757 0.22966212292751126 -0.04741805250608446 -0.01214709176720278 -0.050164130341671866 -0.03765342436909056 -0.02999902953993613 -0.040270353606315895 
-0.006807066011360189 -0.04215617093265664 -0.01564464274280583 0.0730884749639421 -0.024347516571368754 0.0018322527331734403 -0.010877673118808166 0.024912341679864187 
0.011156029930624499 -0.040712399777695016 0.06254768745436749 -0.018162139281896268 0.01716351638916919 -0.012335400593909028 -0.007946523705595225 -0.011710770415078035 
0.0019216490643203905 -0.03969909554830031 0.009949345563620555 -0.03996524219386845 -0.021374085718546702 0.09572673830627466 -0.008427192490690296 0.0018678830170044515 
-0.030167202054903947 0.03544130661704504 -0.008401030243714847 -0.022213968624844076 -0.04173079418685181 0.04815445545063062 0.04766468905840579 -0.028747456015213595 
II_1Ip_4
0.0007547884782740744 0.024850326880847012 -0.01831328075868397 0.08924533871014904 -0.028287400340960233 -0.030370216209788654 0.02636085626080904 -0.06424041302032735 
0.017735552362263506 -0.08318736997550703 0.053367500541126045 -0.03836354691914176 0.06774174266310914 -0.027673868031022807 -0.023052103612972486 0.033432092971526314 
-0.04844116880674503 0.015852642377546317 -0.011999157931982559 -0.06438359862646344 -0.030474819776802414 0.10278858782967326 0.06192472693623921 -0.02526721200089261 
0.02186030075689395 0.07574290627069018 -0.003099966683493601 -0.03176686973425925 -0.006810364110008593 -0.05073859115662469 0.0521608009024034 -0.05734821624491039 
-0.018322635585882686 -0.059322689248730937 -0.006018939981511017 -0.05994850034002258 -0.013493641145365122 0.1594343331090797 -0.012742896469821269 0.010414969662157238 
-0.03806991948378726 0.13788153494032465 -0.05861509508860275 -0.06298078218604602 -0.03856686469491743 0.08804570108514051 -0.006143442981026972 -0.021551131590347206 
I_2II_5
-0.8135043955404969 1.3529042009895114 -0.6143048197907359 -0.8111311821810459 -0.4623632001319866 1.5625884921059676 0.4832066647408189 -0.6973957601737525 
0.2811593545312872 0.2745095329766891 -0.015964236645878104 1.2613893372674418 -0.5164095029689492 0.061672227619045936 -0.2830012556969805 -1.0633554570802435 
0.39008404926958246 -0.7057611478168998 -0.3227506256654813 0.00633337444142666 0.17688794119730777 -0.7327963011358798 0.23417892122334177 0.9538237884822068 
-0.3788104761859413 -0.9134488407874761 0.21626828413870697 -0.49233138735763443 0.6640624523160137 0.3087217000151123 0.20087625843389684 0.3946620094275827 
0.16470306967483073 0.29504300631935854 0.12697747278623797 -0.20140303737800935 0.435112418770558 -0.17375056398785388 0.02327837384299746 -0.6699607400244035 
0.8292696607983704 -0.8627348564227078 0.2995993124755435 -0.5971983351981074 0.8558186288364431 -0.6627782661114371 0.3060149773369808 -0.16799112172666877 
I_1II_4
0.2886755590187016 0.2514679538151051 -0.013070988066878923 1.2678901938500367 -0.5136339158638507 0.06621916104068395 -0.2871145879165245 -1.06043337587693 
0.384420475149039 -0.7121701908580247 -0.32126124723772315 0.010090338758779039 0.17885374449205682 -0.7309636221184145 0.23730269134549264 0.9537278104625281 
-0.375314029726012 -0.9102615164771123 0.19083115752238855 -0.48887809732585025 0.6688739068200098 0.31398343328817124 0.20261692282675403 0.398148223069682 
0.16892651216425053 0.2986404557113874 0.1258116779269115 -0.1994724575908738 0.413518964828293 -0.16761252405767402 0.027626455531107777 -0.6674390845143904 
0.8301639012654568 -0.854482129342569 0.3063129061070271 -0.5954437510209254 0.8570108466894198 -0.6580424040830475 0.3138706279667722 -0.1993899975916164 
-0.8118199671315476 1.3560656985499233 -0.6116198282814866 -0.7991647062293765 -0.45577804550727735 1.5633588163933205 0.46247136748823825 -0.703513335271572 
II_2I_5
-0.3593209746425993 -0.9097448227322467 0.1919819569733 -0.4797300457246576 0.6710458360668256 0.31223093678241276 0.18272837372399464 0.3908087395510432 
0.18630423575064087 0.2766660957008087 0.1349839202775563 -0.19742367491955815 0.4121599897302895 -0.16638369741873166 0.029498897782631713 -0.675805766903184 
0.8354112232566611 -0.8560661155924195 0.305799346392896 -0.5935485302502949 0.8627761750346712 -0.6602076222054934 0.31572205534896614 -0.20988653199149446 
-0.7944795674929722 1.3563559086780181 -0.6353139465639327 -0.7974499846755279 -0.45534186536444404 1.5654612287546312 0.4621952160719741 -0.7014269893957619 
0.30328240831595166 0.25296048857917264 -0.008322183737753307 1.2656416008990439 -0.536409624176281 0.06901228604957142 -0.27705974732312055 -1.069105228605365 
0.3952918564244415 -0.700044355132387 -0.31709025495341964 0.010155152403276002 0.1831667606323663 -0.7305715441190271 0.2433838352166215 0.9157085495238423 
IIp_0I_3
-0.2560234715804576 2.5957012065753156 -1.0776264099280655 0.18728890299038933 -0.7398486341259803 -0.18725055351507844 -0.47193196089545536 -0.050309079507385446 
-0.1654721680181315 -0.8802676185642451 -0.2899896355684298 0.07455148849302363 -0.12529236024380536 0.0762645824686689 -0.3668173101679782 1.677023021596054 
0.10734045425588624 0.00896716016910375 -0.7337473681714358 2.73536048811201 -0.5606063452973838 -0.11274795420293143 -0.26587985641683554 -1.1786865784476506 
0.9392058883880458 -0.6926503770203088 -0.4460898888320126 -0.027521066826285582 -0.13090891794639425 -0.5809792222420771 -0.09149878161711744 1.0304423660836857 
-0.10329289328677957 -0.629960798615097 0.12475504399479696 0.5909926739716918 0.1350699920466389 0.03889299917217371 -0.11556193176759089 -0.04089508551560672 
0.550621446681272 0.3944374528710944 0.5524325447525225 -0.6714368235748882 1.16493764320009 -0.739326059951612 -0.3625006484997761 -0.8891655554870397 
I_0I_3
0.08505714304848785 -0.5425551553390698 -0.15194048016856354 -0.12042649923755039 -0.12267975714685554 -0.34996396951443653 0.08029116918939416 1.1222175491650024 
-0.4175596822659698 -0.7240042739663136 -0.087859313194424 -0.24809297994745366 0.15302514388640914 -0.07930863098534159 -0.17170052034627017 1.5755002568191632 
-0.31266061411135204 0.470674434243511 -0.5045538414163541 2.512315197993126 -0.49454692810395856 -0.23811421120651274 -0.7937561198490928 -0.6393579175441909 
0.08478324850127393 -0.542703875750746 -0.15000878549117186 -0.11978999502899035 -0.1226573875114539 -0.35033914458556165 0.07860328605923235 1.1221126538036148 
-0.41725206369269585 -0.7258740387664016 -0.08807409990037467 -0.24793212260575606 0.15476533570970827 -0.0793244326247567 -0.17186498172152767 1.575556403602195 
-0.313211001616143 0.47011332325143756 -0.504871937478098 2.512416564805909 -0.4949469930117853 -0.23831808883979436 -0.7940521125999468 -0.6371297545025275 
Ip_2II_5
-0.04848555735307855 0.015701003145762345 -0.0122246883358668 -0.06616801381196202 -0.03120281108639255 0.10279686527243945 0.06503716540930206 -0.025453963239346053 
0.020474432453625444 0.07896243281708121 -0.002363068955840318 -0.03237842649207364 -0.007205035456017036 -0.051601070009771564 0.05185409498743501 -0.05774335934415983 
-0.017495874691782914 -0.05939193786804993 -0.006378364139387697 -0.060407358862474184 -0.012721282755481601 0.15915181804264858 -0.013306384653518853 0.01054938492784102 
-0.03899435939046883 0.1370942942563864 -0.05516005441777006 -0.06342841174919736 -0.03949065490820715 0.08717934341219012 -0.00659224873813775 -0.02060790846400491 
0.00015025929029617496 0.024411536592325568 -0.019168806612010297 0.08857335199935212 -0.02520747267281362 -0.03103870231246952 0.026739754814483156 -0.06445992109864823 
0.01727408136717259 -0.08325666095434112 0.05249967511357569 -0.03871597978340332 0.06666549226379843 -0.02835553243876978 -0.024109959417069768 0.037998883848362815 
I_0IIp_3
0.9349413279158049 -0.6950439050052627 -0.4126634266299498 -0.014872456015520006 -0.1298566685053921 -0.5874778581211293 -0.12383451849562671 1.0288075048399956 
-0.09675349473057991 -0.6655684122007336 0.12143858054844935 0.5942647373166858 0.16520730656587118 0.03927091015208676 -0.11812008683071568 -0.03973954082196751 
0.540254057240261 0.38473125167525624 0.547084702242504 -0.6692789205489409 1.1582594684368814 -0.7427642649683673 -0.3671923516164998 -0.8510939424640952 
-0.2503026376866192 2.598729589963924 -1.1146238876970653 0.17673243139273925 -0.7396119161877824 -0.18007140325443566 -0.4427324139513364 -0.04811976257351629 
-0.17014764321293957 -0.8477090744307102 -0.2854756037151827 0.0719591634838189 -0.15859735155518975 0.07721857502294874 -0.36337968434532175 1.6761316187474415 
0.11703858401095825 0.019717425161812765 -0.727498358315712 2.7338228535411733 -0.5526993232305204 -0.10875337679914239 -0.2597805292563437 -1.221847275112708 
IIp_0Ip_3
-0.011906608596185513 0.22983282235481017 -0.0473538559506604 -0.011499678408591025 -0.049906095138530164 -0.03768675850882262 -0.031294499566706775 -0.04018532618439287 
-0.006326388234872534 -0.04349437408963837 -0.015501507136793697 0.07327334647408579 -0.02427132232771279 0.0020871637002781657 -0.01078576185643185 0.025018843471253424 
0.010742069900490505 -0.04074597836135798 0.06271031657671144 -0.018011996693299108 0.017228184934293594 -0.012326751595050511 -0.007797054699504027 -0.011798790062495389 
0.00226325011631253 -0.03952635568342924 0.008455964371506067 -0.03981658458160643 -0.021025185984278716 0.09599232365311051 -0.008383682113568295 0.00204027022172471 
-0.029966822272161558 0.035562689156062983 -0.008106076871122745 -0.02215134852726378 -0.04307067261659067 0.04840925739241996 0.04786957034993325 -0.02854659661064885 
-0.026865646543705535 -0.05913343694481947 0.10962333005277644 -0.07498787915834136 0.00856165065764848 0.04500327164310497 0.04356112016155777 -0.04576240986827685 
II_2IIp_5
0.21156346051341787 -0.6010972741614777 -0.14896997356683153 -0.03696536023296446 -0.1623395147000731 0.08370848479101596 -0.1699619295920088 0.8240621069420861 
0.09987697312345886 -0.3600998924266747 -0.016746364527729023 0.04662472950963584 0.24025299487925048 0.03532564329991835 0.5527275996332942 -0.5979616834876422 
0.4685892137816342 -0.784214111189124 0.21369615238665743 -0.24912280668198525 0.8968720293058201 -0.5617601571344921 0.12765008054868296 -0.11171040102176877 
-0.5454765574534561 0.4373054551169121 0.05888530465734918 -0.44796265073254965 -0.5007166302600906 1.111857898935492 0.31431326067203214 -0.4282060809281691 
0.18242700504801124 -0.6482744010143426 0.6258995150075055 -0.8645776614816105 0.48839178332896893 -0.03056133505798421 0.15035758829507193 0.09633750587019693 
-0.31250890545740095 2.206011216492111 -0.8103316585119236 0.057923139783860204 -0.43012403925398235 -0.4303967748548816 -0.0035369987065356095 -0.2770359794804937 
II_0IIp_3
0.45625361125342884 -0.7842223340783758 0.2142271559409149 -0.24707258974644739 0.8987294451857173 -0.5605293634285993 0.1305080352138705 -0.10789396034953637 
-0.5471755812264494 0.44127000832282354 0.03722652812458696 -0.4457020381158528 -0.49635544129069153 1.1166296875130017 0.3148378664660231 -0.42073102978588667 
0.17908590284717057 -0.6456807107255378 0.6304032419143851 -0.8635343360970517 0.47004869623294043 -0.025873578997899077 0.15338020229766627 0.10217058252455324 
-0.3185754962255521 2.2124679571566443 -0.8049955034633294 0.05915021295701691 -0.4235845688700279 -0.4269985776481948 0.0018210985175741844 -0.2992851224155662 
0.20684161667873602 -0.5999259610769427 -0.1482042250552134 -0.0271847438934995 -0.15673308231538627 0.0840924379430269 -0.18923065554827298 0.8303446132626029 
0.09981500850709511 -0.37964670917532073 -0.014929442384656025 0.04960284713507686 0.24199450245053838 0.0397136671008417 0.5536632871241997 -0.5902131607612382 
II_2Ip_5
-0.03700494852666231 0.1379116239399641 -0.05841333251768052 -0.05934091321104761 -0.037431759832973366 0.08778738148301808 -0.013624601909716498 -0.01988344942387528 
0.0035007557337911085 0.017289598010739687 -0.017542815870796036 0.0898442536283342 -0.028064343796679093 -0.028958908036757224 0.027926508395508334 -0.06399504806356582 
0.015566857296064864 -0.082302201700828 0.053530276755543116 -0.037612367578292755 0.06810822081788058 -0.027732099816714265 -0.02225174160942934 0.032693055835359634 
-0.045820208320627144 0.016885356575213704 -0.020245152114183654 -0.06365132963850863 -0.029199121529398048 0.10433078943003982 0.0621703009035446 -0.024470635305414344 
0.02306576396609766 0.07645484456810157 -0.0002070109525232697 -0.03150450106445051 -0.01435648668833781 -0.049482279224745 0.05344671908324908 -0.05741704968698065 
-0.017844809865904275 -0.057052725465419285 -0.004562740407788444 -0.05955390752465664 -0.010291243047306723 0.16027839567369145 -0.010717693018120948 -0.0002552763444373608 
IIp_2IIp_5
0.0406923220314973 -0.1197090830366154 -0.07199306016105274 0.017023142793298147 -0.060434790403943894 -0.03984919016735441 -0.0395895859310094 0.2738602448741763 
-0.05514726254421257 -0.12827901095543018 0.2785552797989644 -0.17597062115929957 0.010044300188699075 0.009258815721040162 0.12118957071727443 -0.05965107176660956 
-0.09823024484114186 0.39112742627020247 -0.12139098180660067 -0.06625640776449981 0.07838167779406607 -0.07940518787219397 -0.04971230419897789 -0.05451397757963577 
0.04120789664861104 -0.11942913416549866 -0.07562925063638758 0.015824997678617034 -0.06047689863992463 -0.03914296674808742 -0.03641234232571747 0.2740576981872222 
-0.05572631871648538 -0.12475939626843954 0.27895959078237004 -0.17627341638896818 0.0067685915548211795 0.009288560468835496 0.1214991501210606 -0.05975676155278488 
-0.09719420440062526 0.39218365242783415 -0.12079220298024444 -0.06644721899444611 0.07913475343600372 -0.07902141194796984 -0.04915513228362828 -0.05870823525523573 
Ip_2Ip_5
-0.04329853375776885 0.2767064253562141 -0.052981903022868135 -0.07352642316339567 -0.06627340049022772 0.023304922818959146 -0.03401872535049991 -0.029912362388664362 
-0.025679731613264034 -0.058026389602792904 -0.02094778567989221 -0.006151017537305573 0.10338484608272706 -0.028408521581837348 0.07870945211955586 -0.04288085218695948 
-0.0247700861962491 -0.056679950370145046 -0.04159306262774566 -0.06523919476989858 0.06886663389517592 0.13914547995309134 -0.02536565332031482 0.005635833435861272 
-0.043505106088569515 0.2765942598443552 -0.05152501139850725 -0.07304636921847665 -0.06625652922441892 0.02302196432386067 -0.03529173335957679 -0.02999147487746961 
-0.02544772449114709 -0.059436573473335606 -0.021109778647312217 -0.006029698305762259 0.10469730551117484 -0.028420439239627365 0.07858541471190439 -0.04283850606524179 
-0.025185190589283146 -0.05710314245891374 -0.04183297191269116 -0.06516274352654629 0.06856490338831638 0.13899171465028098 -0.025588892202382297 0.007316322651129945 
Ip_1I_4
-0.053828444541384066 0.8556716434628417 -0.2429447560296912 -0.10833986741895345 -0.03245174136724507 -0.15150014150961422 -0.16334552387861134 -0.10326116871280187 
-0.02150656128583987 -0.09869552822476474 0.17152503765402102 -0.15528527149055457 -0.14110736004175756 0.13749196386388682 0.04661092815931863 0.06096679136448046 
-0.12642433307641626 0.7713837401286177 -0.19371113474558882 -0.1195609181681717 -0.18292743458565158 -0.024181300244358207 -0.13227668690727895 0.007698067601176508 
-0.12188330729717566 0.16113974043844537 -0.09187674812023174 0.03372627232928257 0.058392823022231505 0.19640761901340165 -0.10072006345997489 -0.13518633592412208 
0.15921191691429393 -0.07624658953401041 -0.09347715389506665 0.23853983198799616 -0.03458551711683437 -0.1150766662523392 -0.08609850075707053 0.007732678651497987 
-0.15101084094527595 -0.15102385417529432 -0.027110248397684916 0.4621542040867401 -0.05315971862577752 -0.03218234275481559 -0.04321298083921826 -0.0044542183469498614 
Ip_0II_3
-0.018865653570782966 -0.0596319460410299 -0.0064786245165365 -0.061929630464801766 -0.013280689250662647 0.1592679784105962 -0.009173232474651523 0.010091797908158555 
-0.039407078562853394 0.14145624159925288 -0.05926957537764052 -0.0636170467708167 -0.03911327672935055 0.08714916771508106 -0.006739488422076005 -0.020458943450901778 
0.0017881359363444808 0.02485565670639976 -0.0185091666593955 0.08827428297164734 -0.028732502477894602 -0.0304523334687484 0.026881148254154972 -0.06410522126203784 
0.01637037395340265 -0.08271792512873878 0.057530489632878566 -0.038960804802078024 0.06696001495515808 -0.028703445038367692 -0.02330984672286108 0.0328311431501928 
-0.04873169497470861 0.015415433881013272 -0.012961939016024049 -0.06470665071845105 -0.026732585605847053 0.1019779281534932 0.06112415175112808 -0.025384643469684814 
0.021448598621578215 0.07435353321339148 -0.0028738997000192197 -0.03211927376015375 -0.008172636328211635 -0.0515206313440964 0.05097730662720007 -0.05209299732939037 
IIp_0II_3
-0.31862019662579644 2.212454043441749 -0.8061999862087053 0.0578080090502725 -0.4239898372269502 -0.4267674955006336 0.004683287057611122 -0.2993678239775842 
0.20600600013814216 -0.5968838885908073 -0.14830026567007712 -0.0275685429000331 -0.1578405726315111 0.08371941861082427 -0.18929142569292196 0.8301592767318742 
0.10070401487133229 -0.3793013170457353 -0.014820313103541633 0.04930508995467146 0.2420956547015813 0.039782270640161335 0.5536023265467678 -0.5913677265638878 
0.4555747191235115 -0.7845806038822732 0.2174954339781469 -0.24694099393952385 0.8983759728138055 -0.5611669839614566 0.12946199873396894 -0.1082195428717476 
-0.5472989194209066 0.4399827161488928 0.036633157591816685 -0.44571337846341075 -0.4934335879265696 1.116220080124579 0.31439629266826186 -0.4207863607149338 
0.17870050923570857 -0.6466345483720918 0.6297758326472284 -0.8635973825300851 0.4692235143927496 -0.02627704586215988 0.15263388249303927 0.1061752379914564 
Ip_2IIp_5
-0.006750753680016644 -0.04214200596489316 -0.01563387995882557 0.07320289490544162 -0.02430331072485986 0.0018273424801101695 -0.011136576861432879 0.02493628980452788 
0.011214002573189255 -0.04098368733147046 0.06269063725567775 -0.018136295751519593 0.017160159004082725 -0.012308421278530449 -0.007931449808084296 -0.011704944663436937 
0.0018311999807228095 -0.03971485465762451 0.009933604457883338 -0.039939527696470016 -0.021255658214789898 0.09571164068821014 -0.008416033208532769 0.0018496286504881797 
-0.03010330592985817 0.03544320061873569 -0.008706204077521538 -0.02219076709354796 -0.041715017250349665 0.04819430535966927 0.04764597947016289 -0.028568191096650472 
-0.026880828628472044 -0.05953311919172454 0.1093822905097284 -0.07505580132437477 0.007907113317548904 0.044861048345295355 0.04321532070488895 -0.04389602373286007 
-0.012035358905944564 0.22984920519348528 -0.04737161882748579 -0.012146965249411732 -0.05009313379150543 -0.037636287507299415 -0.02993222798699528 -0.04063361292400877 
Ip_1II_4
0.02143946211669237 0.07552768704769278 -0.0020817961367599748 -0.03264425253696228 -0.0073006494395947575 -0.05094000184353526 0.053593082843230874 -0.05759353205049386 
-0.018986516228824146 -0.057900986425173114 -0.00642720748158673 -0.06022745219302687 -0.012605170477354653 0.1589347670423682 -0.013039123878615761 0.01025168964205301 
-0.03765971767567165 0.13758003124380708 -0.058897225381790146 -0.0632282897776144 -0.038968010971867736 0.08786315473638011 -0.0066144705650417685 -0.02007547160752305 
0.0002472349318318677 0.02458802283387493 -0.01668353643387707 0.08856947289057102 -0.02877060345265309 -0.030690407177125848 0.027258755064065592 -0.06451893865613617 
0.01716906363909171 -0.08235763395504156 0.05289123165410681 -0.03859157140078957 0.06918115738053482 -0.028178436890578744 -0.023400399428731587 0.03328658900093273 
-0.04820521946713451 0.015373491160652725 -0.012381997313822628 -0.06459901352496351 -0.031002626446957986 0.10254149390195827 0.06135998816313961 -0.023086116472260287 
Ip_1IIp_4
0.011002131324153421 -0.04078886617604985 0.06259163126174147 -0.018795473471019012 0.01689585940386391 -0.012345890729454901 -0.00674473894139025 -0.01181465267196122 
0.0014874569355834712 -0.03845589470901186 0.009786865715033307 -0.040155860238432144 -0.021349860178117814 0.09546400214194074 -0.008542853120570619 0.0017661434534882352 
-0.02980568068456877 0.03542547107244499 -0.008469404505199838 -0.022372397153702855 -0.04184152502081545 0.048109713433335116 0.04748970230818182 -0.028535879449176793 
-0.027250739168829974 -0.059736277682026176 0.11069747993313243 -0.07521349317411073 0.007926279818013963 0.04454009752247184 0.043112360798694196 -0.04407570804692703 
-0.012233006201453601 0.22962144715000246 -0.047728015946976225 -0.012227256893037095 -0.04894499965043247 -0.03792701075131087 -0.030227617803369473 -0.040333539902753866 
-0.006823468991756204 -0.04255729412553654 -0.015931438110558804 0.0729996500986498 -0.024732952534479484 0.001647517853362426 -0.011255903705943239 0.026653889516496027 
II_1I_4
0.16773335687492016 0.29800258484339864 0.13276034736298156 -0.19809490472208913 0.4132218755227587 -0.16896485239089468 0.023300904029309576 -0.6679593115201797 
0.8306493011762737 -0.8593978073588324 0.30531839797236565 -0.5951386445914062 0.8632490160612764 -0.6584686519373019 0.3131214555601929 -0.19933306689544847 
-0.8132731919290135 1.3540429530446467 -0.6128501572720365 -0.7990263726501557 -0.457360241344302 1.562568966732282 0.46116973807442846 -0.6952716946474654 
0.28917057097689075 0.2517467310899019 -0.018028447174828204 1.2653446107208386 -0.5140688819041297 0.06717924919622506 -0.28103675955189183 -1.060307073350434 
0.3830098475364557 -0.7055614492451434 -0.3209319032329668 0.009403990270954454 0.1743661258907458 -0.7312924755173986 0.23756718755747439 0.9534386767298072 
-0.3733749045502023 -0.9088258170824703 0.19156143475545184 -0.4893645448318908 0.6697575376379069 0.3144501969748143 0.20313966441067322 0.39265643268351047 
