II_0I_3
0.8255462654490828 -0.8586145638555983 0.298414321386574 -0.5993816804612576 0.8623715109025604 -0.6626908103335134 0.33380277245675066 -0.19944781555804197 
-0.8143355198100544 1.3513121783647868 -0.6201443674398038 -0.8070176449834688 -0.4588329235022923 1.588667142858319 0.45720514132179974 -0.6968540067955201 
0.28547847731487486 0.2772290140362667 -0.01839773754478355 1.259993346354414 -0.5199030710037105 0.06359277247514723 -0.28488168023027294 -1.063111121400198 
0.3806160614660106 -0.7086812153281804 -0.32593138684578377 0.005287086126127021 0.20238053120264932 -0.7360255902291718 0.23267157153195672 0.949682942069938 
-0.3766833775654784 -0.9135486730491775 0.18318164253825428 -0.4939993309932268 0.6893750108224596 0.31292301681038964 0.19847890695282383 0.40027280448408215 
0.16439377047389395 0.3226802869411507 0.1286866209743952 -0.2075400408893874 0.40844968641829277 -0.17142438253558898 0.02279750576684337 -0.6680434471519558 
IIp_1I_4
0.5544051767143762 0.3900035564126332 0.5549525462712916 -0.6681035058182468 1.1571414495307304 -0.7386935535578136 -0.40035217646981275 -0.8493534930901642 
-0.2560425715816623 2.5982017133448196 -1.0692512823732752 0.18351007085418897 -0.7438196901213745 -0.22363626993181282 -0.43936334970352037 -0.049598620482713664 
-0.17178985485114406 -0.8879359813991127 -0.28617668285514236 0.07712376387775213 -0.11995804339672425 0.07451518323070104 -0.3639514154584465 1.6781730308470746 
0.11787901041388249 0.013078067791230259 -0.7291785657696183 2.737339002462197 -0.5958733982552067 -0.10794797176894148 -0.26338871937058256 -1.171907425500381 
0.9356859553484629 -0.6918909627493529 -0.40408200314006854 -0.02469561576018572 -0.16544591821154037 -0.585837391322965 -0.08803230367451177 1.0242982394923308 
-0.10384926124391314 -0.668144381391847 0.1232691803282514 0.5998286110537461 0.16877423735150276 0.036612474460173405 -0.11427040198427324 -0.04222045857591041 
IIp_2Ip_5
-0.031064283019793512 0.03445267229491973 -0.010207811271969626 -0.0232271512951744 -0.041949530820842046 0.047178194406259547 0.053461669627799926 -0.028643759920475 
-0.027420721524551696 -0.060342448133086944 0.10734375039006161 -0.07714533572818656 0.007806830838608094 0.052053390326496536 0.04221183409290255 -0.04450730026191793 
-0.01262798357741469 0.23698298704387027 -0.04880760738424357 -0.013514336294466188 -0.05158872967392294 -0.03843293499830816 -0.03101276718532081 -0.04099862792941755 
-0.007132985099634132 -0.0428905737632351 -0.016754336362974884 0.07199200660209676 -0.017745521381276934 0.0007381321480689037 -0.012035494168925643 0.02382877202598244 
0.010387415358875591 -0.04166813246754624 0.060605477386962286 -0.01939087464776718 0.022915846161632544 -0.012627180667093257 -0.008896732011535386 -0.011325819113595844 
0.0012300733564576869 -0.03282149565573581 0.008863645822788958 -0.04201410292199196 -0.022380082397652518 0.09499753333859946 -0.009699440185984483 0.0018238686434990747 
IIp_1II_4
0.17544399958756804 -0.6488080433542084 0.6245765082965563 -0.8667143891813998 0.46954805388532306 -0.02895531082000065 0.17259727049583332 0.10231191108505984 
-0.3204054451576108 2.2100608838846 -0.8125327758406559 0.0524540197385663 -0.42450808698283626 -0.40296672694606755 -0.0013011173351856822 -0.3008007513525806 
0.20463554121046493 -0.5761091650596903 -0.15250975564522484 -0.03156304707321322 -0.1622591860224778 0.08184178244614691 -0.19238517529853433 0.8283490054386023 
0.09824624779856513 -0.3817373198437205 -0.01835342156928892 0.04611288382365693 0.264026279003697 0.0363185580151395 0.5501587444726707 -0.5947719716985347 
0.4534824771831651 -0.787244220267513 0.20752126409495728 -0.25058724966706414 0.9179155258479342 -0.5613719200408332 0.1264739144320613 -0.10618979158923007 
-0.5495124747296971 0.4629579350519415 0.03384095091975499 -0.4522596870462009 -0.4998803255432467 1.1145384589647893 0.310775542962278 -0.42046040057254114 
IIp_2I_5
-0.09670380740893433 -0.6375098337072034 0.11156116749055116 0.5854635447012548 0.1607617825198798 0.027872003746027295 -0.09844775516033329 -0.05299710218006596 
0.5618988377640184 0.3816298727681309 0.5388753935277252 -0.6811774187727309 1.1531800486710566 -0.7184140533971943 -0.3737901971246042 -0.8622024834475193 
-0.2468699378807473 2.620240244848608 -1.0840973257670774 0.16770521724881435 -0.7525498501503087 -0.1914324739610443 -0.44727927943779416 -0.06571659489216448 
-0.16219292315788691 -0.8548420421405772 -0.2969878880117167 0.06597100061119598 -0.1044427901864898 0.0650331639188825 -0.37262367865558194 1.6600851576124647 
0.12720152840399068 0.005215262013322598 -0.7421260623916777 2.727050304346267 -0.542872946280392 -0.11607326545236135 -0.27202948345001887 -1.1863653371847225 
0.9433047680775332 -0.6718751040522993 -0.4181585377632568 -0.03870912631915169 -0.14208113008858406 -0.5914258224894656 -0.09679915419478953 1.015744106819191 
II_1II_4
1.3778305491501357 -0.5964444590104956 1.3105282151934228 -0.7045309142775461 0.21914395442616091 -0.9582153682573585 1.1599286166147316 -1.8082405938539874 
0.405239240414383 -2.0557712787485025 1.2586859954330125 0.00030550816528158607 1.9162891258316193 -1.4722035414169952 -0.06915159240641659 0.01660654270796842 
-0.8781963101779009 0.2035770236928302 -1.3701321519437504 -1.224318555961118 -0.7436993129570045 3.028522310683625 1.7339575790485235 -0.7497105823729121 
1.3823081063483276 -0.59461623164538 1.3161772953145698 -0.7051728183211995 0.2758319428547116 -0.9593047954667867 1.101759415433075 -1.8169829145275413 
0.40324100501771293 -2.0571199912991096 1.2580225067692954 0.00747611381494877 1.9673626988837603 -1.5348791376903734 -0.06904316302747211 0.02493996751758141 
-0.8789708902486474 0.20085411809290674 -1.3674855175792222 -1.2300882494124823 -0.7411145829072207 3.028950182791156 1.7318868950757744 -0.7440319557995164 
I_1IIp_4
0.11813399607894169 0.011911672681727837 -0.7300355239381683 2.7345435575064343 -0.5619295575716118 -0.11087524257487058 -0.2846836339040054 -1.1770652682761298 
0.9329557438957501 -0.6945619431785136 -0.40923021445168584 -0.02532051243987038 -0.1352973434664187 -0.6064153842938622 -0.0902788500489536 1.0281485039676703 
-0.10603358651219033 -0.6524796897640386 0.12156386679224881 0.593098716917279 0.16698029917724458 0.035088232379589884 -0.11795075593473893 -0.040267083057542494 
0.5505201423211251 0.38714675342549926 0.5488723594585508 -0.670305436162537 1.1386706813510614 -0.7406135227694896 -0.3678629294471956 -0.8464280481814727 
-0.25692518304618683 2.596777773828307 -1.0737860215936346 0.1762551190102733 -0.7608945471651759 -0.1862634173165402 -0.4417101515929033 -0.05345357212082909 
-0.1732579911597059 -0.8697536482749412 -0.29032911629872926 0.07572861937558195 -0.1241418637720556 0.07259532384629916 -0.3657171823237033 1.6748758586045824 
Ip_0Ip_3
-0.025188666045065474 -0.056712948472858654 -0.04157999085431442 -0.06510301357050859 0.06894733969502184 0.1391623653373951 -0.025119270872365634 0.005594184782900613 
-0.04321521176825962 0.2767568040397235 -0.05294597866795505 -0.0729366909563084 -0.06602522697518956 0.02342447412037839 -0.03525197884123557 -0.029806190949881784 
-0.02530361773386193 -0.05916148784893575 -0.020834136914991346 -0.005987542476858451 0.10344275871817833 -0.028174594821982066 0.07878805660862064 -0.04276943552960824 
-0.02517921704008049 -0.05670909035812006 -0.041568069580304186 -0.06510436818293946 0.06906696856024525 0.13916006631522246 -0.02524202554622506 0.005575735832209687 
-0.043219428651591306 0.2767539578467832 -0.05294737883047024 -0.07292155880150274 -0.06591744623085023 0.023292209584814882 -0.03525175002233702 -0.029788604893633074 
-0.02530525233300204 -0.05916723400642638 -0.020828551713040985 -0.005999718281677002 0.10344821328323123 -0.028173691881978765 0.07878368683676834 -0.04275745190362785 
II_1IIp_4
0.09763950970811736 -0.3813880859387828 -0.018565094881821256 0.047496179095725656 0.24191242196835727 0.03781246155265291 0.5664903608206515 -0.5913977523260356 
0.45498262063561506 -0.785842542328398 0.21001239536587488 -0.25107342509976877 0.8981955017897281 -0.5448870972422842 0.12751770224685058 -0.10890515537510126 
-0.5484018964556918 0.45589371635505666 0.03435440442811039 -0.4484700810483925 -0.49931849817354684 1.1152081204029753 0.31273000628612546 -0.42199577178948317 
0.17775637998895008 -0.6472669067950538 0.6280477213243851 -0.8657495796774825 0.4843916153616195 -0.028171653287499203 0.1510057999228337 0.09998662315719059 
-0.32020804014938825 2.210583276183516 -0.810474202311067 0.05664268074494059 -0.41093097938261075 -0.4273429102647122 -0.00018663959056404062 -0.29808318522068583 
0.20524113631901467 -0.5849485669057435 -0.15027084359487697 -0.03153496060487512 -0.16001225828420315 0.08279039272325078 -0.19178068286450523 0.8305157832071329 
Ip_2I_5
-0.15057878649521822 -0.151810706146624 -0.027023335328121054 0.46247722511383127 -0.05431331556962888 -0.03224315366727821 -0.04775428425323898 0.0012463563476683777 
-0.05388274852304469 0.8559093909245274 -0.24204572180881723 -0.1092053919101132 -0.03308050207717257 -0.1556155606747566 -0.1588080162551602 -0.10327144967389712 
-0.022479482021354292 -0.09868282776505317 0.17186063066371743 -0.15512511399873696 -0.14056281000125195 0.13711976178531987 0.04686870609203804 0.06100113524578598 
-0.12493758469125353 0.7718598907749983 -0.19322470043348497 -0.11944468212054311 -0.18698052877316715 -0.023662879637078568 -0.13209450701490216 0.008484991897281696 
-0.12247824741328028 0.16110202398024331 -0.0861523140458924 0.03394375946530178 0.05431519031641783 0.19566410327381195 -0.10036657347823602 -0.13602794209664681 
0.1590533271317117 -0.08067370176992748 -0.09385462834626762 0.23949388871916213 -0.02991229550272338 -0.11551732552165583 -0.08610560153149506 0.007516336820071937 
IIp_0IIp_3
-0.09733052869941874 0.3914565438105747 -0.12100139897391432 -0.0663461715917953 0.07826980914849568 -0.07917460707207476 -0.05174397086507656 -0.05412967575512985 
0.040245245305700006 -0.11963021793813011 -0.07161383198265515 0.016058321451203908 -0.060925258263342164 -0.041846171142209905 -0.03629797164709113 0.27400988421535966 
-0.05630549780774196 -0.12716235347491434 0.27859651341482317 -0.17604562872300059 0.010285059005162895 0.00889923418867234 0.12121832768948147 -0.05948565429235144 
-0.09748307123973464 0.3913942593027476 -0.12119385325067138 -0.06632430304394603 0.07633854855674985 -0.07913749219289559 -0.049762247946022485 -0.05383184018413674 
0.040313321689817834 -0.11958426966105672 -0.07159122808462944 0.0158140314614864 -0.06266524554553299 -0.039710923226251235 -0.03630166564633121 0.2737259790111805 
-0.05627910921978025 -0.12706958884471084 0.2785063472122869 -0.17584906536096268 0.010197001774330205 0.008884657334574003 0.12128887226988942 -0.059679115165064155 
Ip_0I_3
-0.02393867775084474 -0.09552028106232525 0.16924285716620044 -0.1569246403160918 -0.14153980831106974 0.13572589797558754 0.052248937607920744 0.06070571469116007 
-0.12586604182058977 0.7706508318549012 -0.19588563867483005 -0.12218561294644803 -0.18353134762164897 -0.016847315279104637 -0.13374114023955916 0.007406264730004715 
-0.12371035073542946 0.16796055374746668 -0.08874397919020267 0.031868426246432616 0.056193018067254116 0.19475717506121018 -0.10194687854592106 -0.13637796464837076 
0.15809046910677774 -0.07747361840344698 -0.09559756168814813 0.237219722195577 -0.023755242246477203 -0.11701552620500538 -0.08800592559195015 0.006537682830741585 
-0.15205967670139697 -0.1533107151825563 -0.030153287187086632 0.46066030781782313 -0.04848585848774804 -0.03304434715429213 -0.0453965463131861 0.0017901232093953192 
-0.055072806226113 0.8625263045693139 -0.2442670710319626 -0.11248076243979926 -0.03438970256615222 -0.15216972628967398 -0.16064987367723985 -0.10349636233596012 
II_2II_5
-0.8482573618403602 0.15016624834346157 -1.3440500644676303 -1.2053911306565646 -0.7325949009848488 3.0404665982300223 1.6965168227897787 -0.7568562113998796 
1.4072199069709808 -0.5830984233390969 1.3415452111568846 -0.6799180893390963 0.22129236385814682 -1.0102863246788722 1.119821123812359 -1.8165757684535593 
0.4320141904686926 -2.1079091492854394 1.286524586549257 0.02803855084367256 1.9283484432045617 -1.5286374585844547 -0.05227478350531365 0.013895620299767339 
-0.8525551516680882 0.14841142163225177 -1.349472342287021 -1.2047749981210032 -0.787006949618275 3.041512286531015 1.7523506156516169 -0.7484648821103684 
1.4091379161414823 -0.5818038596227109 1.3421820617228901 -0.686800805661882 0.17226932003954495 -0.9501270618936285 1.119717047715716 -1.8245746184483427 
0.4327576722824812 -2.1052955643618674 1.2839842106817554 0.033576599544211105 1.9258674862841405 -1.5290481522532955 -0.05028723446485498 0.008444982274472046 
I_1I_4
-0.3085007821979998 0.4749520583236966 -0.49639906915681037 2.517069379001117 -0.4936670336203762 -0.2337870232728852 -0.8199570135911286 -0.6397105154752425 
0.088097147531298 -0.5389666242705825 -0.14286991286327044 -0.11019715421444791 -0.12083090947414453 -0.38289393074583955 0.08305342499552136 1.1246079590382771 
-0.41375953522237874 -0.7584260343073527 -0.08141728072005124 -0.2417305324445167 0.15948457902145335 -0.07561285853119197 -0.1669835726377589 1.5784452348392222 
-0.31093443208216726 0.4739583769214516 -0.49946946727211416 2.5174182678332184 -0.5244781903218152 -0.2331948958505601 -0.7883407854890294 -0.6349588737311183 
0.08918323200232264 -0.5382335696167401 -0.14250929232006884 -0.11409453460221607 -0.1485905091043673 -0.3488283787363113 0.08299449126571849 1.120078561104184 
-0.41333853407878873 -0.7569460757929157 -0.0828557841557694 -0.23859457835625184 0.1580797219294325 -0.07584541634282085 -0.16585811078683002 1.5753587775837579 
I_2Ip_5
-0.12488744673025882 0.771127455381848 -0.19438295667661132 -0.12037858026114835 -0.18331897979325015 -0.024636316276762077 -0.13098005551448488 0.007456879875309068 
-0.12253083320465193 0.1603046134990658 -0.08791310926458262 0.03261336338589045 0.05744861801486961 0.1976197697144309 -0.10117062663321998 -0.13637179550978767 
0.15901353513548772 -0.07459347435374244 -0.0948656652912152 0.23790737413135815 -0.03103618076986266 -0.11621078565274734 -0.08710036026986825 0.006885557068936406 
-0.15067503315283692 -0.15260291171232593 -0.028366276747138566 0.4615643127190234 -0.05250506498074432 -0.03318097370221215 -0.04473810912647337 0.0005040567044490144 
-0.05387000607559589 0.8551560738548515 -0.24378482561618584 -0.11077021634512928 -0.031616820887104886 -0.15161084319292478 -0.15961561428795196 -0.10388774744810654 
-0.02249395069885125 -0.09251358049286808 0.1707630673955698 -0.15652300020361043 -0.14177119775602925 0.13641231324663167 0.0459416441511905 0.06018470435793667 
II_0II_3
0.39972560739573754 -2.0593125400603256 1.2563967725849143 0.007028373079757341 1.9172824106187 -1.5427202612037003 0.0002030459697026816 0.021396591593645736 
-0.8789033711172294 0.13518566922134231 -1.379467712939624 -1.2349024873852317 -0.7355309990564708 3.1111837188368905 1.7322394288517855 -0.7498042463954755 
1.3788510440826816 -0.5124657282411021 1.3108844341081793 -0.7103622276640665 0.20580606271632731 -0.9581621063887159 1.1007127956624194 -1.815264274288187 
0.4053786621170772 -2.0570043463546455 1.2635289113013937 0.006217949333720033 1.9888527527434934 -1.5440956968150419 -0.07323737315520258 0.010359140824507746 
-0.8814262052314494 0.13348287782866688 -1.3803053879403577 -1.2258493755406532 -0.6710490303353004 3.03205383625478 1.7323763243012684 -0.739283039326281 
1.377873112739242 -0.515903480942767 1.3142258920110013 -0.7176466444465989 0.20906936450339794 -0.957621904593695 1.098098492977092 -1.8080948322617514 
I_2IIp_5
-0.1768862167573702 -0.8618186120389177 -0.31171511056492796 0.059568481699244585 -0.12998378853318576 0.059760482291005675 -0.30759899216549946 1.668673756064235 
0.1180357906672128 0.0008368625695823066 -0.755378695466551 2.709925219455132 -0.5670418478549911 -0.03835043218218272 -0.27889502010669426 -1.1891318770737815 
0.9330430092021798 -0.6213351185639422 -0.42880513763564604 -0.04518484590596628 -0.1520333722611903 -0.5960001495667916 -0.10302095540674044 1.0133365701260597 
-0.1037870111795127 -0.641379134651257 0.10643516392152264 0.5779700408562809 0.2315681149004499 0.02074772345272028 -0.13228787971560413 -0.05926701758083252 
0.5493368841442203 0.3749591913469554 0.5244950901380128 -0.686115288467798 1.215816175299223 -0.7472151341023408 -0.38047144639549296 -0.8508054719661896 
-0.2584481788596707 2.6661523595365946 -1.0902456860034564 0.15142328335501237 -0.7581090657250056 -0.19527958639212067 -0.4570204306758954 -0.0584726952278642 
I_2I_5
-0.41182000112747624 -0.7254293122830846 -0.08670067364230848 -0.2474496854647103 0.15263589695902316 -0.07905528662812658 -0.1742709319693722 1.5720899941556605 
-0.3081636450485605 0.47081348436591436 -0.503421755940204 2.5134500486677993 -0.494852574136716 -0.24225473011335386 -0.7928638520480091 -0.642706975738319 
0.09025132852411366 -0.5463154808926611 -0.15107385406790402 -0.11902829464471829 -0.12222493860547781 -0.35015013334910455 0.07940364091067996 1.1191377321207419 
-0.4120889195171784 -0.725539114109757 -0.08703995273179524 -0.24741113323780903 0.14923126316388344 -0.078989856529273 -0.17077733775913997 1.572615050719305 
-0.30804363267990226 0.47089448692855246 -0.5033819073586316 2.5130193880111347 -0.4979200107782557 -0.23849048553326468 -0.7928703642269394 -0.6432074743539417 
0.09029784916413938 -0.5461519454294944 -0.1512328087430064 -0.11868177161799874 -0.12238017535853338 -0.3501758309944087 0.07952800448125981 1.1187966784961687 
I_0II_3
0.38034725675530495 -0.707928854952581 -0.32547073173637725 0.0071976941613474225 0.17813496214043695 -0.7340159572706582 0.2483657723705742 0.9533698585206293 
-0.37478802040180637 -0.9117074019497415 0.18668920511639753 -0.4937286912107587 0.6678248576698913 0.3282271420112641 0.20000100368448126 0.3974819050811566 
0.16589253535858892 0.31210910298641936 0.1297871628096466 -0.20284998244290528 0.4096116896021323 -0.17039924586566785 0.025339141276995426 -0.6694904037242656 
0.8282782755255087 -0.8566369434841417 0.30266093442119163 -0.5979012702003641 0.8761176740166067 -0.6614113007725028 0.31051254690542424 -0.20161991641897511 
-0.8137793603521534 1.3522495555801863 -0.617081468437613 -0.8019413358362245 -0.44615407043352723 1.5619667000089459 0.4587999063559331 -0.6940599268719382 
0.28645812625561545 0.26483296553462754 -0.01552344739524591 1.2608166130088088 -0.5170088071683412 0.06490466482184115 -0.2837277967487408 -1.0607523183071437 
IIp_2II_5
-0.5534372085102731 0.43302374453441705 0.023728669012738967 -0.45324990510584096 -0.4977538671199101 1.1094514629401893 0.359387098646437 -0.42114999438805245 
0.17522157161466806 -0.6516538671003795 0.6153527382052221 -0.8792673704698395 0.4674005745830254 0.029395237971110072 0.14618767205594801 0.09736344313536877 
-0.3225364631100054 2.267647617077496 -0.8165452937295574 0.04893945834818004 -0.4342594232343276 -0.43261704617406876 -0.005797268244822605 -0.3048315809242281 
0.20450162604438119 -0.6054425179746432 -0.1564134162353117 -0.03541073037778675 -0.10726332750852131 0.07592665405316808 -0.19779560853726166 0.8218973205297334 
0.09443416521446461 -0.38653619640102244 -0.030406940135499206 0.04037141709586272 0.28628948003847676 0.03776860432129387 0.5467373335997086 -0.5886578637307808 
0.4514292390861476 -0.7316174156219184 0.2061906910336814 -0.2622008951566353 0.8904314866998242 -0.5659686363202018 0.12004104916376894 -0.10830551889175338 
I_0Ip_3
0.15750592471083388 -0.07773041298911784 -0.0963518580717466 0.23726417580921175 -0.030717789212914216 -0.11691416512362433 -0.08066840651781855 0.007612531393852248 
-0.15183612231020593 -0.15317163868138148 -0.03013955295988494 0.4597094503909108 -0.054765011993987256 -0.025104634291050244 -0.04544282970834114 0.0007503395564487798 
-0.05500220832808028 0.8631073983340445 -0.24463905918529782 -0.11181882454641806 -0.03475482279433948 -0.15224767093647976 -0.16043035307861883 -0.10421445946168356 
-0.023405904542361775 -0.09532086469893293 0.16989821707268946 -0.15704036571495356 -0.13435658680413237 0.1355554063149012 0.045071070353243016 0.05959902801862771 
-0.12614112172717915 0.770453354245891 -0.19603746962831897 -0.12134713668691972 -0.1770657387976908 -0.02454750248009015 -0.1337603664589765 0.008445981535498694 
-0.12383303946930857 0.16786218095731947 -0.08845553330829954 0.03109061032250224 0.05647288443776318 0.19478600047150488 -0.10224407086798945 -0.13567903254135794 
IIp_1IIp_4
-0.05702020611278009 -0.12542239229675886 0.2775981495214913 -0.17676430281005578 0.009849497076461836 0.008387489856753399 0.12288999564530137 -0.05951823088010368 
-0.09800101596319749 0.3909336376306044 -0.12218053310427968 -0.06732814437102316 0.07812869530774767 -0.07697141743651849 -0.050423119298840816 -0.05415810276295814 
0.03965851448652274 -0.11740179186223015 -0.07264567115833606 0.015017203148245645 -0.06147347015006208 -0.040015261881885145 -0.036921550403192165 0.2737820278194199 
-0.05683885188417023 -0.12534834371426468 0.27782695387224854 -0.17679030181072805 0.012145527245834618 0.008343364852344062 0.12053397200533619 -0.059872320565984134 
-0.09808195037069625 0.39087901080768533 -0.12220740634552002 -0.06703771376374514 0.08019732515043339 -0.0795099633245443 -0.050418727590249506 -0.05382057456151983 
0.039627141716757706 -0.11751207754315586 -0.07253847468659153 0.014783513603106977 -0.06136878098503649 -0.03999793180374425 -0.03700541919096981 0.27401202888836024 
II_0Ip_3
0.01750947242752601 -0.08207774492555556 0.053448453493793506 -0.03840464413754139 0.06769740831071888 -0.02776646291567758 -0.023754314274237173 0.03334783202037354 
-0.04807981649808205 0.01594978918523107 -0.011822848291194852 -0.06428342818214593 -0.030502479373768314 0.10198657171571346 0.06191215895952356 -0.025159947514066198 
0.021670878770156946 0.07482934438318536 -0.0018469681993995995 -0.031738250762239135 -0.006846028965020958 -0.05087489545487995 0.052222819457684824 -0.05741689922922547 
-0.01842123156405535 -0.05936121405312267 -0.006139783645216376 -0.059884592839717435 -0.013219830562518414 0.15934623526463246 -0.01279642214341051 0.010476839543390355 
-0.0380139402383882 0.137658510710411 -0.05862159107826096 -0.06291179889753426 -0.03949157355680722 0.08792657880920285 -0.006335442488102998 -0.020210743259820314 
0.0007400676405883622 0.02406121505762769 -0.01825620100537478 0.08896525779070003 -0.028369740110963677 -0.030286353964061114 0.027464739998878197 -0.06431898540688258 
I_1Ip_4
-0.12457512160947073 0.15908949562552172 -0.09011153538426261 0.031685845460045575 0.05736202079899578 0.194046010179687 -0.09184506731897081 -0.13565164774879826 
0.15760380132331986 -0.077931008510353 -0.09754628818905553 0.23509722681942832 -0.031058310180392693 -0.10460788165630502 -0.08832884108116434 0.006771301473751673 
-0.15227977171261986 -0.14110551024467902 -0.03019494854014432 0.45980218215477964 -0.05659396612939786 -0.03394302399035049 -0.045998173598513714 0.00031321206334499033 
-0.055006573274430696 0.8543307246380226 -0.24490475223291408 -0.1120751322862677 -0.02295440084057689 -0.15313679246888043 -0.1611539832596496 -0.10509909027272517 
-0.024248928064265728 -0.09600511341193932 0.16786351023163465 -0.1577871768806745 -0.132350867418541 0.13629848323986613 0.04480778234507027 0.06142230995850918 
-0.12647597088683626 0.7821821645770003 -0.19551460335795362 -0.12324095322991228 -0.1848891803237556 -0.025357614408725082 -0.1347160522865282 0.008012209919912463 
other
-1.2697055018388939 0.8790126605422872 2.2681142340280687 -0.5047988466711313 -1.9482487495868022 0.6604253528950809 -2.0744573882709507 1.9896582389205983 
-1.2833030550836009 0.8729222659156861 2.274858514410661 -0.46767804683335673 -1.942560004955883 0.3756233060495606 -1.8389202818952315 2.0090573024040563 
-1.280470293021437 0.5953924179718842 2.2540536405989697 -0.49282527899801476 -1.9055225700596932 0.6534244290691665 -1.8372804901957034 2.013228144645615 
-1.2883365688940915 0.8714054262579208 2.244608472765826 -0.5021278908893589 -2.1841268560971927 0.6649584477276287 -1.832415971518463 2.0260349406563636 
-1.2749884192148884 0.8785342442494786 2.2776192835649356 -0.4975148593555636 -2.1550765898286057 0.6364157840234194 -1.839371455364659 1.9743820119385145 
-1.2772472737271194 0.6067223987130814 2.2430410236441682 -0.4688176469719085 -1.9162776038306117 0.6516440578597009 -1.8286643965884386 1.9895994409145605 
Ip_0IIp_3
0.0020801142242111176 -0.03955011451495365 0.010227659336343658 -0.039800170654035724 -0.02124285402982743 0.09586619442605937 -0.009434197108884088 0.0018533683209711888 
-0.03006348969243075 0.03553903339812889 -0.008088432042560488 -0.021868229412456457 -0.04170556915006467 0.04690639887603531 0.04779794062453314 -0.028517652600453962 
-0.02679781866401016 -0.06078942163446229 0.1095556428649266 -0.07483998819463035 0.00839590002450915 0.04493554292582022 0.04334203511694951 -0.04380189243898636 
-0.011961955112188513 0.2298907275894657 -0.04724132295617108 -0.011979004199588545 -0.051295724022245165 -0.03749080175013644 -0.029811522590835176 -0.040110396957787925 
-0.006628278423072973 -0.041995922076326665 -0.01529865880386261 0.0732818973149635 -0.02533706936387809 0.001872914063088103 -0.010728132120458178 0.024833249409514722 
0.01126563505076311 -0.041897988784497214 0.0628430272462395 -0.01782767423681636 0.01732961658047256 -0.01224021569069032 -0.007737373558053958 -0.011735026607649529 
Ip_1Ip_4
-0.012840939719747561 -0.047770985218364245 0.0008667451836518293 0.006223041441628499 0.10554013146911286 -0.01668048517702694 0.008130170713408342 -0.0434676786926273 
-0.017476643024572944 -0.04730888524943168 -0.017512982019599915 -0.03991449167343102 0.07301283660832185 0.05104275457670548 -0.013511927720583912 0.011669338502768613 
-0.034519249269054156 0.18908415700005488 -0.036152620508316184 -0.056525271935640296 -0.049001993554433104 0.032328929316275776 -0.022951617968868947 -0.022262333079236914 
-0.019357662744329134 -0.050431822553234834 -0.007355034877392187 0.007157280956714676 0.02303534077497438 -0.015094911823031175 0.0927907469921681 -0.030743936725274278 
-0.014568372722620805 -0.0453459430134751 -0.016547327832383885 -0.050350729307195696 -0.0013206257611251874 0.14226202510707162 -0.013669737926958882 -0.00045928854305845316 
-0.03339191050840344 0.19304712627868692 -0.04000458316107055 -0.04812794890864788 -0.052763859474654264 0.03170619600629354 -0.01993790461426697 -0.030527115617052764 
IIp_1Ip_4
-0.027086363174264882 -0.05971741339316696 0.10903035765411477 -0.0752325698904255 0.008130048554940249 0.04465514185055471 0.04411857530178149 -0.04389777690325763 
-0.012148192525511806 0.22964087420966564 -0.0477520500030164 -0.012500296765135942 -0.05022515040993911 -0.03649092285046323 -0.030164271424940606 -0.04035999023012678 
-0.006893119736212604 -0.04097807410080683 -0.01587325036012915 0.07285606260701274 -0.02458246418676576 0.001708589744730502 -0.011054546238940354 0.02481680227131018 
0.011048765817374502 -0.040845710261191694 0.06248194717628877 -0.018350253966822456 0.018223475085399506 -0.012533181941890296 -0.008139005537583207 -0.011886036371703716 
0.0017636961624203494 -0.039863527453991285 0.009588968217441811 -0.040168356606134666 -0.02032891735178162 0.09566422838719045 -0.008600594159574922 0.001944502804396094 
-0.030302777222402485 0.03653116203270434 -0.008597828519823757 -0.02255272578049728 -0.04194026373804055 0.04802640807801736 0.04742887959994859 -0.028592854449249545 
II_1Ip_4
-8.904609480802764e-06 0.024187825480606176 -0.019523333742998677 0.0880981823806327 -0.028597058773364045 -0.030971387001490092 0.03108949099994342 -0.06427481473341015 
0.016990223162842728 -0.08267884589694327 0.051978380848699025 -0.03985131093371386 0.06746298697892651 -0.023179139444162514 -0.023753145971120774 0.03303085125496984 
-0.04860977707551424 0.02053166168820351 -0.012926623823535127 -0.06537682278430758 -0.03144364928137256 0.10228437054724872 0.06115529736296029 -0.025614456632750523 
0.021278540912653313 0.07513250268381003 -0.002710730679476029 -0.03258087243680385 -0.0027174441604356546 -0.0516497776012296 0.051370375969326615 -0.05812259468740983 
-0.019037649292996155 -0.060043243505860745 -0.007588623923027574 -0.06078431839019049 -0.008771259750715878 0.15906683750884557 -0.013534466163060541 0.010692723517141834 
-0.03862955534371965 0.14201222552553094 -0.05952897569603834 -0.06435975896163557 -0.03957620571459819 0.0874519809783006 -0.007251235258601786 -0.02011847552832734 
I_2II_5
-0.8139479163460778 1.35147305616511 -0.6178520786266831 -0.802293011198303 -0.45820199884220003 1.5597877131115703 0.476597134863278 -0.695562899110316 
0.2872285551022825 0.24901458321922235 -0.01879814872465132 1.2591880247690048 -0.515868313250927 0.0859637974037134 -0.2838184912251237 -1.0629100072925841 
0.38132582686317473 -0.6864022592709155 -0.3256797411501683 0.005489694941668753 0.1745409785192186 -0.7342741593997734 0.23411171417676602 0.950887945313505 
-0.37396803507001497 -0.9122068618799948 0.1876071200486611 -0.4925864888422273 0.6864375169673043 0.31080109082767243 0.19881385264987717 0.3951018053002411 
0.1658258938586616 0.2952030186939267 0.12692443945990264 -0.20350597734359818 0.42805752236424954 -0.16972132123714503 0.024791910656421067 -0.6675754864484512 
0.8279398886669687 -0.8364345809195075 0.3019747062241798 -0.6013423401722084 0.8598999585387767 -0.6612708351136978 0.30940213459818405 -0.20016893183205323 
I_1II_4
0.2833457963830557 0.24680456382205224 -0.021624160136930724 1.26024611006194 -0.5156297329576547 0.06193029367574235 -0.2544699474627772 -1.0606029233823753 
0.3794664135436911 -0.7096031008480352 -0.3310329966978804 -0.00034357795974385266 0.17693509437102567 -0.698769785210882 0.2323945509727904 0.950953401821316 
-0.3768204430315325 -0.8769733944975162 0.18426742713248362 -0.49581990138303417 0.6620445803345351 0.3104194193811403 0.19726157917234077 0.39562073289234834 
0.16506366940869716 0.2944412698252823 0.12742836058577303 -0.205145041951038 0.4428445268152803 -0.17387232168618835 0.022049091396722446 -0.6728095543951458 
0.8252324249797535 -0.8594888055934232 0.2953908744279398 -0.6013384501985766 0.8895950281241597 -0.6604456079022797 0.30842144014517064 -0.19736690399047618 
-0.8157638804402612 1.3858034613931536 -0.6178870995538356 -0.8089157699445689 -0.4626444710039414 1.5592858005807761 0.4548936061253892 -0.6947716471424231 
II_2I_5
-0.356374092846299 -0.9061218954680688 0.1995504363700405 -0.4849906667840113 0.6678161969752464 0.31704948468363947 0.17401752521596378 0.3890530118514768 
0.1825531506196522 0.30099012583522977 0.14241030840741717 -0.19031980162029932 0.4125190302245949 -0.20582581981949444 0.032622014404762034 -0.6749490080522742 
0.8448886953488557 -0.8910827306561927 0.3118146391771108 -0.5894439621504326 0.8683332454601917 -0.6570541653415172 0.3183041259564665 -0.20575984780505605 
-0.797514647843766 1.3570841089304102 -0.6073731185505452 -0.7945307945812822 -0.49151799621517434 1.5663185086157345 0.46687944522462776 -0.6993455055693543 
0.304473795043523 0.2551513040336021 -0.003140290045754746 1.2705154339436115 -0.5446461123310293 0.0661060857062158 -0.2760164945721832 -1.0724437217768676 
0.3984754204236393 -0.7403445766003758 -0.31652586955177947 0.018883694632307206 0.1823042509411453 -0.7301684027637005 0.2435504688562522 0.9438250140552341 
IIp_0I_3
-0.26177951957903023 2.591634531593941 -1.0842276436110105 0.17022560912192455 -0.7460269668492964 -0.1896104883931724 -0.4280062877993393 -0.05220923447336146 
-0.17684799063165146 -0.853595080796188 -0.29866434973435746 0.06452231895956483 -0.12801601901372298 0.09094113032009621 -0.37173796998928443 1.673397960880811 
0.1137391489428192 0.02949586881398088 -0.7386207937417313 2.7281107632656263 -0.5663283587677401 -0.11549884524795082 -0.27201535277328365 -1.178882430486308 
0.93023344575005 -0.6986648933968663 -0.41757380956233925 -0.033849042688206654 -0.117770261015358 -0.5901570805555159 -0.09603638375527682 1.0238180252094258 
-0.11004414879733755 -0.6359040026642534 0.11216379699377388 0.5861254888114469 0.17933973088213184 0.032365855833414905 -0.12327558601976873 -0.040771135039733654 
0.5472932121261119 0.4044040725373098 0.5429708559777382 -0.6788696615920695 1.1531965933067865 -0.7454413332367882 -0.3744196172917174 -0.8491341218328929 
I_0I_3
0.08918038514829024 -0.5388138642320447 -0.14496042292375558 -0.11572607563146854 -0.12168987569294355 -0.3463330380817153 0.05623069127056756 1.1221122001387052 
-0.41455708079775455 -0.7226981076138205 -0.08004086673076877 -0.2398503281089682 0.1544197130084621 -0.10698222662341986 -0.16785110683682367 1.5775600037034712 
-0.3103897248502029 0.4427975911769067 -0.4991708244990129 2.517719621297685 -0.48903581753244046 -0.23520572865867842 -0.7896615493946629 -0.6370535675306024 
0.08711037694817135 -0.5396590674241388 -0.14757203493821922 -0.11542931858812162 -0.1478971569663072 -0.3458293877298021 0.08312274828490024 1.126153840409318 
-0.41363328161976415 -0.7220745877082544 -0.07973413095596671 -0.24316535276149237 0.13080801797902195 -0.0780068294346207 -0.16790123454977585 1.5737073990513726 
-0.3100316306866735 0.4440564108128217 -0.5003943833714839 2.5203869937578816 -0.4902307575769441 -0.2354035371356847 -0.7887042566978768 -0.6396788390910708 
Ip_2II_5
-0.04783290643895849 0.01615816480500844 -0.01148691437420459 -0.06419750751158264 -0.03048593690279426 0.1030552175275328 0.060021421336193564 -0.025231538440268465 
0.021788760743920915 0.07584106965634373 -0.0013871159118721056 -0.0312463010190428 -0.006893565903179826 -0.05318355215951505 0.05241048133379711 -0.057329776740185266 
-0.018253995112121287 -0.06165694135908763 -0.00583478887316227 -0.05958635164989804 -0.012079208115749524 0.159459267295831 -0.012609280669198973 0.010561298483590227 
-0.03795751484502545 0.13778226181498662 -0.05850210681304356 -0.06271009333058515 -0.0409050993659812 0.08822979743393168 -0.006083787668907974 -0.01985345722469322 
0.0009215423358925429 0.02508758600564642 -0.017737912770439665 0.08911912956890129 -0.03026389169353967 -0.03028264847535486 0.0276217979443522 -0.06446560291497413 
0.017647671509540008 -0.0842967487917208 0.0535834315545333 -0.037885791365294325 0.06801432555516664 -0.027655177679459294 -0.022743350803954215 0.033335640020720494 
I_0IIp_3
0.9309028151722373 -0.6973716356956873 -0.41586641966226134 -0.03161737002552992 -0.13637152865193117 -0.5879024022062598 -0.08831729661899404 1.0265438376713256 
-0.10800023908094816 -0.6339027707692646 0.1163703402053342 0.5878997332602616 0.16294326858759672 0.038679853652080515 -0.12136652929046982 -0.04262365656424259 
0.549092658483873 0.390777081763747 0.5448659472363538 -0.674231399673215 1.1551409130696262 -0.744099201729457 -0.3716877475981276 -0.849858251559661 
-0.25919935752746587 2.5937079833202166 -1.0801095149574342 0.1721833499367122 -0.7404366975185822 -0.18782072191259283 -0.4451108435510213 -0.05321419778321774 
-0.17565682568258062 -0.8521694105054229 -0.29474094958386554 0.06935661151433137 -0.12261688995321728 0.07050838608135732 -0.3697826411418827 1.6751017192650417 
0.11520804410386781 0.01470688105826027 -0.7355962541670655 2.7302868148240784 -0.5632810082873608 -0.11397411978738292 -0.2701671451968734 -1.17718321254304 
IIp_0Ip_3
-0.011697421657570555 0.23008481172329337 -0.04683070191886528 -0.01182599235903504 -0.050113834183577906 -0.037356863185947706 -0.031959225406851574 -0.04030077301056467 
-0.006560429839829457 -0.04189556107015426 -0.014984387801250762 0.07377099177303578 -0.024242350181023716 -0.0006051897813013668 -0.010566097708581924 0.02508302460910414 
0.011371905019996246 -0.0431491665606486 0.06312546706029962 -0.01772195327545429 0.01761381307840649 -0.01210877525249581 -0.0076118821956283195 -0.01151940787451196 
0.002073482446933237 -0.03946674961385119 0.01029616657069287 -0.03960828447842428 -0.02349404407079346 0.09606610976479386 -0.008059116356018374 0.0021924357364939973 
-0.029874626024230293 0.03572107375207663 -0.007733979519214184 -0.021813393827600076 -0.04370391537463284 0.04822399028339988 0.047953408447457074 -0.028772557736762346 
-0.026644639370064675 -0.06187569759121962 0.10967779992002859 -0.07438484896938237 0.008523562749174943 0.045041071011792146 0.043592929120770896 -0.04393017687075126 
II_2IIp_5
0.2072811484786362 -0.6059125679359513 -0.15874652212514365 -0.033402934638601986 -0.15951078503702001 0.07775931028184477 -0.15328532697662947 0.8258176779493023 
0.10253529350249876 -0.38436984943179525 -0.02666747879034642 0.03687597627176989 0.23942927640824938 0.0833295573303769 0.5483653267390017 -0.5994981020268173 
0.45853646209050236 -0.7404766438426851 0.20598163836821334 -0.2549728155375523 0.8895630367814531 -0.5658336868009866 0.1237348425108907 -0.11653283357626706 
-0.5432910184856142 0.43556157201122636 0.030689670066467438 -0.45229819720949055 -0.4567358344001599 1.1094917471746435 0.30819493571875545 -0.43161287486829064 
0.18003511801592903 -0.6517064793988127 0.6180005997730242 -0.870965425819632 0.5045687861693878 -0.028160366428701903 0.14799405782152614 0.10023370986559861 
-0.3167036121913076 2.2543085487225074 -0.8123999909424321 0.04667499283981469 -0.43087536531233234 -0.4317781432606797 -0.005510252263310627 -0.30371617758353686 
II_0IIp_3
0.455236466787764 -0.7852046659845713 0.21234377823931033 -0.24769250157855802 0.8987317195671959 -0.5615642548699946 0.13591223446746906 -0.10776277664008914 
-0.5475471233417236 0.4394835441152076 0.035182736692883715 -0.4478113062802503 -0.4966595438526386 1.1246873237427728 0.3138649880276352 -0.4212006190938505 
0.1780340156105906 -0.6378590674857186 0.6289396086997228 -0.8648826804004544 0.4685878799503944 -0.026658340252040603 0.1523916852021518 0.1014468986695759 
-0.31885545187946635 2.2118074872178846 -0.8072366961476184 0.05808685327352653 -0.4162228840185884 -0.42796296732548095 0.0006151809341078631 -0.3002315220449621 
0.20603623991098188 -0.6008303875596165 -0.15021282955332205 -0.028452473313428137 -0.15137941083967169 0.0840082831489377 -0.19009642313905964 0.8309270013379633 
0.09897365793118049 -0.3718618371479218 -0.015868993606834594 0.04744684840721494 0.24109607465848856 0.03909985062784751 0.5525728819885822 -0.5914584828589038 
II_2Ip_5
-0.037387090728397465 0.13788522059647992 -0.05818943341032843 -0.06268619760634969 -0.038852455856733116 0.0882014065088357 -0.008530540283410824 -0.020440909218972746 
0.0012319522985157912 0.025063909885127012 -0.017646837350272566 0.08948971629022533 -0.028408831326746903 -0.03303154952227411 0.02769529144484452 -0.0643936517189333 
0.018007632959368792 -0.08481316294543222 0.05376319448283396 -0.03803155489010441 0.06814369400438924 -0.027638876110247446 -0.022747450114150573 0.03331652261297597 
-0.04762177075066715 0.01611442285044259 -0.011627534816415907 -0.06412210408244211 -0.03298205455174585 0.10311424448955611 0.062242285447397204 -0.025117488585335815 
0.022259513237891673 0.07592561701381645 -0.0012428007922477534 -0.03145109849037789 -0.009136754420225887 -0.05090323404023495 0.052475274237273044 -0.05792651674548995 
-0.017831879759199244 -0.061954863949183855 -0.005867397347187995 -0.059269143067330506 -0.012157243738908457 0.15944123552428216 -0.012447224024900807 0.010086516362645152 
IIp_2IIp_5
0.043168685704991716 -0.11728050087297699 -0.067307234829616 0.018196559656332052 -0.06059371700838513 -0.03724299113665719 -0.05241619388475316 0.27347539237004254 
-0.05447244574903432 -0.12301835127249759 0.28360277162801056 -0.1707880951459638 0.010759832282818195 -0.011124593427369716 0.12357265404239184 -0.058531772357579205 
-0.09536328629873123 0.37149664787225267 -0.11774311918102083 -0.06296426792373212 0.08200126322747212 -0.07745271709141997 -0.047319052047153545 -0.05265546855603926 
0.04170643869538006 -0.11787754963837023 -0.0691520689989496 0.01840618785927126 -0.07910645462374129 -0.036887214178497316 -0.033419732929988 0.27633039381346075 
-0.05381987703680656 -0.12257789885435269 0.2838194487742244 -0.17312981769780172 -0.005919391714992298 0.009343532200009465 0.1235372439902293 -0.06125323965956867 
-0.09511032975521698 0.3723858739379562 -0.11860743715936478 -0.06108004475851318 0.08115716149542566 -0.07759244835159447 -0.046642823623204724 -0.0545099517840416 
Ip_2Ip_5
-0.04312323140768451 0.27681343344588394 -0.05282664855929798 -0.07285376202860741 -0.06601535932180604 0.02333733112449852 -0.03550709601200229 -0.029824667239168042 
-0.02522861309734045 -0.05925385855036778 -0.020716225881579346 -0.00586710217445152 0.1034791135311456 -0.028506496554476717 0.0788527110427334 -0.04275952831508108 
-0.02510436606176794 -0.057037279404574495 -0.041483120601178966 -0.06502269760765898 0.069012177590724 0.1392101837379196 -0.025172683567590615 0.005597785914345719 
-0.04314845966971015 0.2768031325167796 -0.0528584776274891 -0.07285014529693529 -0.06633476103073266 0.023343469372065793 -0.03517934858668962 -0.029775409676244428 
-0.02521735427836993 -0.059246259390395746 -0.020712487533861915 -0.0059075040966609284 0.10319134557602631 -0.028153358383481854 0.07885210011031685 -0.04280648200314123 
-0.02510000178276013 -0.05702193751777631 -0.041498032746810895 -0.06499018895814487 0.06899761423756932 0.1392077729435623 -0.02516101654575128 0.00556579037028095 
Ip_1I_4
-0.057011259879224056 0.852908192714427 -0.24799428679363772 -0.11309931742348105 -0.03373246845071395 -0.1540111674006153 -0.14365934275572106 -0.10340035000741757 
-0.024598126320517562 -0.09663454125594627 0.1657310670678512 -0.1614887969648926 -0.14226752851349336 0.15627354749078481 0.04368829178254458 0.05929608671382321 
-0.12714663596573328 0.7909219792207084 -0.19758191018882254 -0.12370094559244924 -0.18696922769537788 -0.026285389923084147 -0.13548255074914234 0.006244680896352578 
-0.12429616186572633 0.15859939729468334 -0.09031992278797026 0.030334276045307387 0.07549599430441135 0.19261600494286674 -0.10401791692911104 -0.13841167100296242 
0.1562354618771745 -0.07924830752123829 -0.1000171242309192 0.23505276323496413 -0.014926397583916179 -0.11659866178792178 -0.0893930304287806 0.00889529643898076 
-0.1533454885735484 -0.13375443351244207 -0.03091241735960222 0.4563995273532846 -0.057355747964534014 -0.03465257592132265 -0.04782076351565981 0.0014418994963769029 
Ip_0II_3
-0.01881562818356628 -0.059755812623854224 -0.006854049367337405 -0.060335230382755595 -0.012566499811971608 0.15891546787339988 -0.01097847131788189 0.010390223814229625 
-0.03831891661957964 0.13730041131582382 -0.05950262034567372 -0.06373335299103174 -0.03898263127386211 0.09032043807428598 -0.006759120471486151 -0.020324207687490544 
0.000414850271219885 0.027209268650239198 -0.018830526769210997 0.0882966872325463 -0.028954257327629473 -0.030608729396211492 0.026992234872029227 -0.06451952753241823 
0.017236541929980816 -0.08242274777293473 0.052887434692845625 -0.038872695102997644 0.06988855752165359 -0.028226784032854176 -0.023514363901427617 0.0330240566654867 
-0.04843900054074836 0.01555510223266553 -0.012721876523623438 -0.06491045976671773 -0.028608025174632096 0.10268018209840422 0.061491422422820886 -0.025047344747246132 
0.021324648774204147 0.07790353163101425 -0.002349496686674898 -0.032563340211732926 -0.007360428230863548 -0.05118566367282032 0.05169414130145132 -0.05746339290436595 
IIp_0II_3
-0.3192710677515299 2.211723923889347 -0.8076811457874126 0.05833348009394237 -0.4235671975312003 -0.42766759095373674 0.007233707793627565 -0.29910410974232576 
0.20639910490881475 -0.6005293205388409 -0.14980477244819826 -0.029048012651713084 -0.1579669524982799 0.09097909910767768 -0.1899537604270955 0.8299246145424832 
0.09919065578886033 -0.3726816207012472 -0.01598882640705667 0.048416392456204035 0.24098775740671896 0.039165125407458104 0.5530066087411649 -0.5920960926897751 
0.455898188443963 -0.7848483425924667 0.21325854429336175 -0.24760032221279707 0.9050270078725752 -0.5615310037512227 0.12853476739414216 -0.10873883945121075 
-0.5476650504120172 0.43946009967045474 0.035431152902628146 -0.4466815382207025 -0.49095835876183674 1.1165778696023871 0.31403373974978654 -0.42019791452373223 
0.1780646430563956 -0.6393340047887183 0.6294565781547532 -0.8653013726159245 0.4691014702605332 -0.02649011588247344 0.15232718815685659 0.10217561365399985 
Ip_2IIp_5
-0.007368653697608056 -0.042702418533046904 -0.016679218843984312 0.07249623705126232 -0.024452685646350416 0.0012838027149371886 -0.007528699123435201 0.024951636078440847 
0.01076249137761504 -0.041173286741566666 0.06151946461904479 -0.01937120311480446 0.016951004554169376 -0.00816647851590319 -0.008508216842520755 -0.012013775336185993 
0.0014929512290370458 -0.035541253892463945 0.009127486444259904 -0.04074935918953593 -0.022081116372764532 0.09527606398940898 -0.009029726937163324 0.0015049547292671996 
-0.030453277554032748 0.03498653225288457 -0.009064493077704107 -0.022844300312934426 -0.037937401638584375 0.04751786207412362 0.0469690844807096 -0.02917400622378878 
-0.027423497537523735 -0.06010263431094308 0.10813227665783863 -0.07576975391725746 0.011499636858542984 0.04466258518168749 0.04262085248237241 -0.043619465414378875 
-0.012511573260116452 0.23374834681950193 -0.048043307120687356 -0.013340600356140781 -0.05080100967042117 -0.03807349679011916 -0.03073460547604458 -0.040243754145335195 
Ip_1II_4
0.021945126367677467 0.07592832730958372 -0.0013839422758278046 -0.03153933212641344 -0.006937878369863067 -0.05063103197855756 0.05012215951942433 -0.057503428445884165 
-0.018256751163059023 -0.05917481662033805 -0.005581089064906782 -0.059290950473907846 -0.012395050684507736 0.1567464849658396 -0.012589844034272041 0.01054201707538475 
-0.03786275961276434 0.13508660076100654 -0.05836998328522041 -0.06258034263694863 -0.03839135467307725 0.08815395271816769 -0.0060912131428085 -0.019944900127622664 
0.0008206682680262986 0.025050199354736145 -0.017990913346822866 0.08911635676160824 -0.03075399525186329 -0.02999229758528618 0.027723859239088343 -0.06397387743899613 
0.017698383587250323 -0.08185951345572011 0.05396176407624438 -0.03809692602079812 0.06569832361380191 -0.02778094444792899 -0.022804576907874387 0.03318348955447936 
-0.04787117680999477 0.01350692052031681 -0.011671291356257886 -0.06380742889426542 -0.03016471156045749 0.10300191724660039 0.06223994457487007 -0.02523417372003632 
Ip_1IIp_4
0.010972316367010414 -0.04087124305411467 0.062390766666907384 -0.018326955303338797 0.01711821664945221 -0.012501766707167886 -0.007065405237551343 -0.01171592938134682 
0.0018095155217536668 -0.03982889747178609 0.009623152417400582 -0.04028616587030164 -0.0213227717300511 0.09681041641597385 -0.008592370415822854 0.001787121132978801 
-0.030279980219120713 0.036506900517822974 -0.008634716030505817 -0.022425585249962694 -0.041975713701596994 0.04802602861181687 0.047480166900582536 -0.028697100828703182 
-0.026993678713185514 -0.059673887270372344 0.10915256381400444 -0.07523351831906475 0.009166105303228136 0.04464540538643332 0.042994909528304814 -0.044057899729219176 
-0.012177853914695013 0.2296245583258112 -0.047742928226181904 -0.012347245708062558 -0.04928976685753799 -0.03771222412066224 -0.03015195190216786 -0.04020258759582666 
-0.006899581489704964 -0.041105189840482816 -0.01581016469288453 0.0727652604562664 -0.0245202793275358 0.0017243725920581068 -0.011081476337690525 0.024927058640075057 
II_1I_4
0.16623897955165626 0.2968037491239783 0.13065767404186682 -0.2012255186745626 0.41221132384481896 -0.16991269712303173 0.03342581660794458 -0.6681993273725387 
0.8285848147921008 -0.8559988808989523 0.30278914831235476 -0.5979252222497855 0.8626380207046347 -0.6516943302232635 0.3117878962947228 -0.200181446744714 
-0.8127959121168374 1.361647631473053 -0.614442189638655 -0.8009450180115693 -0.4590897134022268 1.5616927799636209 0.45962874978386675 -0.6956963280398049 
0.287549351297275 0.2504035030277301 -0.01457428189894432 1.2637315031906027 -0.5079239271787063 0.06515312089395776 -0.2824339992833713 -1.0619052700485105 
0.38146736425075367 -0.707025332391894 -0.32408345099016295 0.007919247238202984 0.18451997524972083 -0.7324070328715315 0.23583433967512893 0.9537748898303511 
-0.3743763358103888 -0.902970769769808 0.18950229892281986 -0.4917512869900021 0.6673474329163094 0.31311577563085374 0.2005962855751496 0.39853659952413883 
