II_0I_3
0.8224438318973948 -0.8591632336303993 0.3420810100820885 -0.6051803948741673 0.8580056048515029 -0.6637072903535194 0.3097678071161694 -0.20424733509988535 
-0.8117512402613005 1.386797227140881 -0.6184229903955858 -0.8008481500212943 -0.4623351881026543 1.553959510428444 0.45449761354054885 -0.7018967823186122 
0.2807835695061842 0.24410406101476848 -0.016115049874635298 1.2605784235557214 -0.5223805445418165 0.059120740552307434 -0.2883979302877548 -1.0176932699282808 
0.38858542463324103 -0.7064002138340298 -0.3207763413579766 0.00483020028468986 0.1757715680753922 -0.7325285416737354 0.23768366415016381 0.9528342397182517 
-0.375534330248997 -0.9117904399209434 0.19167036281360167 -0.4921751044866536 0.6692365830763632 0.3137845117092593 0.20435341064485202 0.4004550064115784 
0.17180791801865128 0.2990223653387321 0.1292047810967097 -0.20054056668526152 0.4135083980868509 -0.16822883947220119 0.02358498385010785 -0.6683590402304632 
IIp_1I_4
0.564467902022606 0.3941099995955566 0.4625028738359837 -0.6520637443763478 1.167443830717824 -0.7335478238762234 -0.36413888844193043 -0.8387741494823304 
-0.25991260574292135 2.5210188696697364 -1.067105736299442 0.17597024834843733 -0.7349558693359127 -0.1678650292917332 -0.4303705677255103 -0.036779309615097774 
-0.15909860785234228 -0.8355993755743891 -0.2871067324070735 0.07990251605611472 -0.11015517690730371 0.0867937121142926 -0.35300290047468896 1.5782665650465344 
0.10150041002694112 0.01017817146928278 -0.7373711924954525 2.741640237355461 -0.5563282557724216 -0.11252173359637718 -0.2711285677762291 -1.1759690692113787 
0.9357589065155344 -0.6929964466184408 -0.4168619385067341 -0.025103694651620663 -0.13786429141496537 -0.58699808505893 -0.09831261370763365 1.0223781634334552 
-0.11801472406484514 -0.6360350344287087 0.12533159960343124 0.5903291144223679 0.16074772373192905 0.03155122650378558 -0.11221447311341519 -0.04169543265765839 
IIp_2Ip_5
-0.029939362307595016 0.03545941225146511 -0.008966435095925962 -0.022085647270151946 -0.041705988903542754 0.04818859567456975 0.047684527631826255 -0.028635101979964196 
-0.026791333080762807 -0.06004711153452201 0.1094027682483474 -0.07505289116533544 0.008210288835190201 0.04491820005249405 0.04326679269615271 -0.043906714051524263 
-0.011806282329958472 0.2298636841966699 -0.04738780476448647 -0.012102982305792731 -0.05007690660689061 -0.0375843638400834 -0.02989625319178896 -0.04100909115705366 
-0.006734973254210092 -0.042155920397547286 -0.015662988700828516 0.07313644248796222 -0.024331039554131236 0.0018200506080644173 -0.010896092897989786 0.024824521708583718 
0.011289964224028488 -0.04070962138936598 0.06264931530033144 -0.01813986728495943 0.01711684559973735 -0.012372437743980176 -0.007980895577562217 -0.011853303128503407 
0.0019725382757875094 -0.03973553425886344 0.009975227226449383 -0.03996835366066838 -0.021304610664879563 0.09568003384692035 -0.008384505305953015 0.0017652045407943082 
IIp_1II_4
0.18538072015793455 -0.6418576536748011 0.5944846658538282 -0.8543202173637519 0.47492026880103283 -0.021573507763549583 0.15641353260739083 0.10655219137706919 
-0.31861249565004607 2.1810206869189486 -0.8007968394312648 0.06052660598666259 -0.4188608166247968 -0.4185756082552565 0.007841527141390492 -0.2925430600775286 
0.21401141125225967 -0.5929958229200354 -0.1453725297716655 -0.023000016500503234 -0.15038008447003806 0.0911960688977133 -0.18214169915483133 0.7886826726644457 
0.0938565854491898 -0.379003232271755 -0.015832089943785127 0.05386845231944632 0.24488997142898022 0.04022485217524943 0.5531136358176906 -0.5911181749744194 
0.45828284395321117 -0.782615229040522 0.21325927961571084 -0.24413543060976892 0.8981939399259936 -0.5604853811851468 0.12723965610882185 -0.10973967877125027 
-0.5512036736603002 0.43913670931243814 0.040535181981926745 -0.44521093523546973 -0.4973770634080758 1.11613989870964 0.3185422555411352 -0.4205623732381069 
IIp_2I_5
-0.102510547170973 -0.6396080874235252 0.1706460459910831 0.5758848490310546 0.15436672792147002 0.025118268102043113 -0.12421354421812703 -0.059683712231113455 
0.5646583160858428 0.4305904679004273 0.538538737412588 -0.675372004906585 1.147774053139933 -0.757222205153798 -0.37895491971752676 -0.8700124447713146 
-0.25448933740612606 2.5836121986711924 -1.082805569732457 0.16664715708814112 -0.7580005228243156 -0.19877753543919063 -0.453650402144702 -0.0025359882030724992 
-0.15163706146516953 -0.8526439656564853 -0.29126567629373845 0.06381778265848494 -0.13271637886451995 0.06846195404656133 -0.3671640146163806 1.663147360185846 
0.12760262536370978 0.0063893902245247 -0.7330306276929033 2.727928298162169 -0.5631904772067079 -0.11521295400615861 -0.2650738876052078 -1.185412367238814 
0.9526316169520074 -0.695608717638806 -0.4189120981560668 -0.031687456244604374 -0.13647184342550459 -0.5878866433146469 -0.09744784314760395 1.0153829849671936 
II_1II_4
1.3838997745229518 -0.5899818001843165 1.3390192925514843 -0.6995988991292144 0.21874821735192707 -0.9519447866950654 1.1102622665799589 -1.8104040650055406 
0.4106342932494073 -2.0373783068408984 1.2732196363151036 0.017120763058865094 1.9173599839874438 -1.5358696174851543 -0.06336636383505664 0.018279611536759714 
-0.8748870518186603 0.14074941177687783 -1.3596033349140242 -1.2146317647547837 -0.7347595890606363 3.032113982541759 1.739779202342426 -0.7287608561067754 
1.3886517373995035 -0.5886592494924135 1.3258441229047206 -0.6977490268603361 0.21958116053039373 -0.9504682024195872 1.1116806793095013 -1.8088812213701655 
0.40979424974372264 -2.04991145480884 1.2755868218341824 0.016666615914957588 1.9193538474098557 -1.532780887356376 -0.060214311760820774 0.021505119008848605 
-0.8705861553030175 0.14377732459759635 -1.3598296641762682 -1.2132004106062162 -0.7315982570779466 3.034982473852131 1.741024086564422 -0.7445693978476232 
I_1IIp_4
0.11715262898651373 0.010408650204102088 -0.7443241025167754 2.7342910206214586 -0.5611060385348979 -0.1122531019435597 -0.26843547731231643 -1.1757335794989232 
0.9311951857486848 -0.704999143045679 -0.4131016633056124 -0.030494368547367846 -0.1349792059485326 -0.5849392041317035 -0.0912558180390055 1.0285742172548953 
-0.10606933627870435 -0.6314734906950659 0.11858702541323395 0.5906118442290454 0.16518691170301994 0.034945758776877806 -0.11880223998462203 -0.052986473164445005 
0.5476302337122261 0.38529799967938466 0.5456305868851528 -0.672060816958145 1.1569710897575263 -0.7433748217296311 -0.3711436998463078 -0.8489505715004635 
-0.25873282229573036 2.5947071972028493 -1.0795302657107329 0.17368464700789174 -0.7457031289711141 -0.18692426235753845 -0.44486482774654185 -0.05263653712316881 
-0.17655909857042623 -0.8517401287242632 -0.292303859280972 0.0703988615481048 -0.1273304927636137 0.07057593642750262 -0.3681021286335401 1.6750609099927127 
Ip_0Ip_3
-0.02609512255457119 -0.05723604498521036 -0.03648999349098854 -0.06636563381926591 0.06827331048235578 0.13857712155352583 -0.02563320102734593 0.0049695638417087675 
-0.04316364504204823 0.2812135263835601 -0.053648072273300595 -0.07307851176405665 -0.06665937923635026 0.022140135591548184 -0.036075940702926544 -0.030728112955370618 
-0.026279853950922225 -0.06024827009850114 -0.021176557742180822 -0.006545724703082902 0.1024433684114476 -0.029134073517609518 0.07783185581786259 -0.036890744216925994 
-0.024327272142354292 -0.05674402266836845 -0.041391489926352484 -0.06567743453477497 0.068583186417335 0.13912644826044362 -0.02510551560723451 0.005536100200851752 
-0.043476162478845254 0.2765508782561834 -0.05276741937134107 -0.07324746599125637 -0.06591761159924371 0.023289221343092793 -0.034903297585653394 -0.029528142571705242 
-0.024679811636092532 -0.059121809924135134 -0.021260757953631207 -0.0060132247470204014 0.10361946388951497 -0.028066922178390814 0.07829498424363039 -0.04277192169383846 
II_1IIp_4
0.10110567814186659 -0.3786098531104778 -0.021584146859218573 0.05139867219473879 0.2431997532954069 0.04066849925111831 0.5544983858166889 -0.5906769887273905 
0.4562940522176027 -0.7902082712242265 0.21528125298957218 -0.24636145407994617 0.899785955335132 -0.5589680640908977 0.1307389474242097 -0.10656241857818001 
-0.5455170363326249 0.44162530973979564 0.03782831403802832 -0.4447720885985112 -0.4949060984088114 1.1181326107510094 0.31623378476476544 -0.4286247959491938 
0.17766496236098997 -0.6456292425214835 0.6302237672515296 -0.8626156031668891 0.47060695144707737 -0.025779910252280883 0.15333142649481857 0.10219764838505402 
-0.3179558278573436 2.212896952561322 -0.8062295912529499 0.05973077973950664 -0.42354786289957264 -0.4267852999347611 0.0014143966254482087 -0.299523546975553 
0.20615369332618597 -0.6000427057981131 -0.1473666430809367 -0.027068781013075038 -0.15786476553077994 0.08415534681412827 -0.18837055120433127 0.8304044064820117 
Ip_2I_5
-0.15448745457339677 -0.15429315228050774 -0.009869850582194646 0.4573026469678307 -0.05684360230084924 -0.034946976377136986 -0.04590083901573868 -0.0009607718364022248 
-0.05410026204258534 0.8714308882543476 -0.24582663647540828 -0.11103268762869775 -0.03557168043635042 -0.15561609283069464 -0.16238152811655593 -0.10690200072245046 
-0.02644174906631898 -0.09799710117529965 0.16975298193530325 -0.15798790910663543 -0.14504449137500613 0.1331995150705411 0.04279003469733492 0.08172871902096114 
-0.12218717984290287 0.7712707110310897 -0.19329463328909544 -0.12219061170556832 -0.18450799874133994 -0.024467726169423908 -0.13233616020762423 0.007713598925708804 
-0.1239557332642736 0.1597781546635341 -0.08681457793623563 0.03200139817295091 0.05799339722034189 0.19549196576821565 -0.09971935548641976 -0.1347752491369185 
0.16078684486812278 -0.07612744158375341 -0.09608321822361934 0.23814849233414312 -0.02999094051887707 -0.11557395548843633 -0.08866233127800276 0.007502549889990946 
IIp_0IIp_3
-0.09683885802975811 0.39164417251629513 -0.1257936358243377 -0.06554697549939993 0.07879477050548667 -0.07893352435697257 -0.049741084786570966 -0.05358486452356087 
0.040030916180539354 -0.12361347137727088 -0.07155222839629648 0.015620168733080609 -0.06047820745431802 -0.03880344483482106 -0.035859758823330604 0.2746560259710611 
-0.055671207913909615 -0.12429694708514911 0.278514861023426 -0.1759360136849017 0.010754148496254782 0.009511623534163753 0.12175583143331678 -0.06463229580364595 
-0.09833630703582799 0.3912274074301593 -0.12164184735023804 -0.06612991132214766 0.07853229161720678 -0.07939882884518044 -0.050188058129115594 -0.05406474636313354 
0.04029563254006626 -0.11966399818885434 -0.07229818111006528 0.01576328058125627 -0.06110651808684799 -0.03977677227499659 -0.03685304041440741 0.2736395969532484 
-0.057026515895509444 -0.1252511096414191 0.27858618239888333 -0.17638706515643487 0.00975794259984683 0.008607698235315889 0.12136354077569123 -0.059650673316525585 
Ip_0I_3
-0.027293000080311474 -0.0971205659508615 0.195168193276011 -0.16199600473642964 -0.14459024296671433 0.13382672527872466 0.04432959692945691 0.05767529825080993 
-0.12502478949411697 0.7926080951194185 -0.19736958150226852 -0.12091269037331488 -0.18623778651736253 -0.02978831560668939 -0.13675978640290454 0.0034848547789704965 
-0.12768856039989246 0.15599549117954098 -0.08907787208898882 0.030477012748653123 0.052749544184729984 0.1908856896470916 -0.1055510734200327 -0.10779023185001718 
0.16260820637950701 -0.07695440609736391 -0.09371482744586603 0.23550551966030708 -0.0322862249476663 -0.11616416719975536 -0.0862730380631456 0.007278937712270618 
-0.15246194753066744 -0.15339948343967302 -0.027360624363676582 0.46024840830527 -0.05392643771970361 -0.032819921209928944 -0.042842356782183774 0.0025623627408459587 
-0.051333808305301085 0.8562615345693185 -0.2453268631595186 -0.1106274431806421 -0.0325477845458116 -0.15101011096210465 -0.16179374208616634 -0.10362178232708517 
II_2II_5
-0.8569805339101814 0.14227121217004038 -1.3555425844745492 -1.2141378504361993 -0.7343370300733819 3.0325613107029326 1.7428995555797795 -0.7567340795441015 
1.4021681139745674 -0.5868272393374125 1.3252853262242243 -0.6966171236503479 0.21825846185882145 -0.9528012170979832 1.111632467330799 -1.8210987893067458 
0.425738582881024 -2.0506117021527555 1.2752691033920494 0.016916786065245198 1.9165579876547338 -1.5351331983142518 -0.060915446492463825 0.012177886957246703 
-0.8560008733153878 0.142543868086312 -1.3582587661652874 -1.213756482355291 -0.7341653112227081 3.0328657220508544 1.7431919743316242 -0.7564201314061615 
1.4019949313257547 -0.5894110623864525 1.3257733431640037 -0.6967107502357626 0.21866951503492507 -0.9521644471395088 1.1122822916873107 -1.8204338214483273 
0.4266252520214913 -2.0499874702404557 1.2752224435439456 0.01721187280922333 1.9172097251471847 -1.5345418326039755 -0.06065880222882152 0.008918811531482424 
I_1I_4
-0.3186289201000702 0.4674519633704861 -0.4745167571955061 2.504931163753521 -0.49845322258103875 -0.24164141201945666 -0.7960016899877786 -0.6431411252354332 
0.0854633346144041 -0.5161421703531845 -0.1562130996486112 -0.12065385068321721 -0.12614096483081721 -0.35683346896897183 0.07369696566095027 1.1168232542069467 
-0.42286270671105747 -0.7313667600154411 -0.08984889740939617 -0.2512942190924626 0.14706083746216392 -0.0847494608803197 -0.17734281081824058 1.610404017468512 
-0.30815253531450065 0.47036771635446495 -0.5035633113187605 2.509009472904527 -0.49661687969333246 -0.23838606987330577 -0.7928745953710995 -0.6397837976851554 
0.08361133803248333 -0.543773295455252 -0.15099429912187678 -0.12165508330096965 -0.12174520649450742 -0.350023919699111 0.08064611725586722 1.123934348778416 
-0.41338076251153905 -0.72469129123752 -0.09034787278042818 -0.24813859325550078 0.15403044794852247 -0.07842545972311901 -0.17459828472110445 1.5755518162786963 
I_2Ip_5
-0.1245384931293787 0.7714360458187546 -0.19407615293930244 -0.12002007666582687 -0.18323729174197545 -0.024325829268994917 -0.1327057058545025 0.007467503785155041 
-0.12234277606432925 0.16033588970348045 -0.0872866964909698 0.03324259820719942 0.057577743822708284 0.19549681498054955 -0.10084371117428183 -0.1361798629833114 
0.15927246628866354 -0.07671420436453377 -0.0944355415882537 0.2383377375867617 -0.03057002144941078 -0.11594401302583479 -0.08675328806196946 0.006806864612982367 
-0.1505666402193287 -0.1523821795409602 -0.028041309484025223 0.4619148330229989 -0.054473491526694 -0.032856132214002846 -0.044398218168368274 0.0008031381301588287 
-0.05359608035898466 0.855446090058855 -0.24317430096424525 -0.11039091754122267 -0.033355628533804464 -0.15153442102401524 -0.15934548241646526 -0.10404925921821143 
-0.022279363616286175 -0.09458731427780986 0.1711019260140253 -0.15590941594576743 -0.14145092234290405 0.13661558636262064 0.0463422037008541 0.06016730010571067 
II_0II_3
0.4035236025635112 -2.0534096669951807 1.3135132376167737 0.00790338084517688 1.9139526706449352 -1.5373194548679696 -0.06422219772991178 0.016058427909571443 
-0.8719230264835385 0.17698026097458408 -1.3641990826546853 -1.214418102284191 -0.7368544855239217 3.0259687900849572 1.73602819650491 -0.7515825506080202 
1.3788956269578665 -0.5957989815353916 1.3226444451302128 -0.7005648915891647 0.21281199104268847 -0.9576930245505956 1.1039912571052797 -1.7642864225766743 
0.4169129924889762 -2.049683175993538 1.276390160612186 0.0131156818994811 1.916299616797505 -1.5331589504352003 -0.060225600619575805 0.02034927523929184 
-0.8742899789088853 0.1416661792919002 -1.3575291715526465 -1.2156977320611726 -0.7312364671346632 3.0346717646559536 1.744909590445071 -0.7424941847302046 
1.3910140676952691 -0.5872673691269953 1.322006727452824 -0.6965318300239743 0.22171953256289575 -0.949610606889827 1.1074989108291966 -1.8088294324974974 
I_2IIp_5
-0.1722915937466239 -0.8554669355326749 -0.25930260314780146 0.06156611134011502 -0.13270306975995266 0.06566695157518969 -0.3713767874161333 1.663907926682302 
0.12494965408643134 0.03853690223585522 -0.7395292887781847 2.730475751031265 -0.5677963120492999 -0.12217022019860763 -0.2743831132958156 -1.1900833730230393 
0.9339574423636111 -0.7034548185557166 -0.41677455794636337 -0.03491889188521076 -0.1441574308884944 -0.5946773993761594 -0.09890000827916226 1.0589256645586465 
-0.09304581787970397 -0.6340483634023605 0.11910123170081305 0.5853581823406945 0.15965946241054513 0.031682267196356556 -0.11943602287990954 -0.04927093948755124 
0.5566809155696467 0.38329940434288956 0.5470439561377399 -0.6757030628706215 1.1558058788894223 -0.7446022412369429 -0.36828556320737693 -0.8542392876253205 
-0.2459032343864668 2.5949578508617828 -1.0821025672953415 0.1724880419069851 -0.745648709445678 -0.1873869962390577 -0.4472121450431112 -0.059192240349264805 
I_2I_5
-0.41666825890025805 -0.7284353968764496 -0.06387844084578131 -0.25395513932163455 0.14937613633988514 -0.08235098369436988 -0.17328350493210964 1.5691955882296125 
-0.30829168063288276 0.4912573200824459 -0.5078687170575179 2.511575321485746 -0.49802101178008146 -0.24404008519170425 -0.7972897594069914 -0.6473213874911684 
0.08525688763622354 -0.5471962359901 -0.15348474994013114 -0.1224323360487994 -0.12772843034691664 -0.3550827072530301 0.07433017299106666 1.1463373989533074 
-0.408379816533919 -0.7261285848363666 -0.08685876227641072 -0.2507285653612345 0.1508289678746634 -0.07977550405028207 -0.17080948893969497 1.571851754118205 
-0.309756896663524 0.46939682215115053 -0.5037398378424349 2.5107831914698866 -0.49454328636473777 -0.23865267743389554 -0.7917919045961973 -0.6416954107131781 
0.09275857353551017 -0.5419149066605122 -0.15387951671224137 -0.11993574744350796 -0.1222143893856043 -0.35007944322723733 0.07650151805383613 1.1187639118368007 
I_0II_3
0.3853628266484492 -0.7043068724676266 -0.33825491278850517 0.013318312659396972 0.18065794359268586 -0.7301995919399947 0.2381560222741697 0.9552662720148724 
-0.3736624187209353 -0.9245118022049758 0.19299081696944967 -0.4890443044070906 0.6705532980667674 0.31757128119251465 0.20462607593315418 0.40147705317183646 
0.17050099028866128 0.300891341564599 0.13370621058746684 -0.19829913811370936 0.4156940819065237 -0.1657865196917977 0.03048723049427151 -0.6871941970379032 
0.8265256055702597 -0.8550369635482531 0.30435052628139925 -0.5938487934149446 0.8641723200307783 -0.65910864268434 0.3124204461068093 -0.19947449834487005 
-0.8111705825026544 1.3548108215084471 -0.6134638708581814 -0.7984154318953657 -0.4579536513008416 1.5624940511794272 0.45961538398485846 -0.6959167201081874 
0.2860876670391071 0.2506273245693232 -0.011961517259310217 1.2650200256048083 -0.5153354911630856 0.0659722965126112 -0.2795821381726573 -1.060828167124549 
IIp_2II_5
-0.5485535664731511 0.43854517296779094 0.0534436557560281 -0.4496634810102252 -0.498604932947852 1.1147523423692873 0.31366020452747256 -0.42357939517724047 
0.18018560290759583 -0.6316201897099449 0.6281142514594014 -0.8640153225962419 0.4679177217524796 -0.029675413971213722 0.15087191216404564 0.09822143798838238 
-0.32022381926390503 2.2094861480993555 -0.8071795328148978 0.05737955759914563 -0.4268220635955724 -0.43003433792073786 -0.0011758674934878753 -0.2814300846018212 
0.21091335225781851 -0.6000281960778022 -0.14745773074596713 -0.02904793425386715 -0.15898098418010265 0.08397148736016416 -0.1886366923188259 0.8292666979550497 
0.10023183018123318 -0.38010116201761557 -0.014237099062547047 0.04852707461300652 0.2424494120529588 0.039682479677458485 0.5550526777344454 -0.5916052131782715 
0.45954026866531517 -0.7837048790237641 0.21286773486770502 -0.24678934384744067 0.8992458677847753 -0.5603825962622581 0.12802975188692473 -0.10880680407719606 
I_0Ip_3
0.15993111546626462 -0.07594422570406276 -0.101796975097784 0.2401822413018747 -0.029555620351705267 -0.11504114563489864 -0.08623021214499867 0.008454822163439363 
-0.1512242953021032 -0.1587952895911895 -0.026976790429631806 0.4621612383840094 -0.053483093124106484 -0.031107634006748125 -0.04320329881901511 0.0026291628904130944 
-0.05281185394051066 0.8568581383538549 -0.24264713544120836 -0.10954832015146874 -0.03178732740956613 -0.15005060675589477 -0.15794791923502507 -0.11206497541759532 
-0.024111577013724874 -0.09447986320004358 0.17084288093727124 -0.15503864605597326 -0.14083273446257252 0.13677017133763242 0.046121129858990736 0.06072863859837484 
-0.12482279489814241 0.7717606483495134 -0.19406733473117707 -0.11955976100532717 -0.18333628367418173 -0.024268050707910323 -0.13323468353014148 0.007528260199503862 
-0.12386419458402156 0.16032509331819314 -0.08667717709445896 0.03332079777371586 0.05740748707663097 0.19538164750124457 -0.100170480240992 -0.13572317374898507 
IIp_1IIp_4
-0.055484299196883316 -0.12440738813737039 0.27169325479147644 -0.17477798796060826 0.010778221647636152 0.00948136225962995 0.12145251563050218 -0.05873567903323781 
-0.09783889077177205 0.38547856474393877 -0.12056352508830034 -0.0663982477114184 0.07906520186104536 -0.07793620623618897 -0.04901532823683069 -0.052791568559366835 
0.041172388836321835 -0.11860738550544403 -0.07170749164477065 0.016221581561679722 -0.05968237614855749 -0.03851262988499125 -0.03532659482136984 0.2664425076072045 
-0.05775873901310941 -0.1250404027524284 0.27799930793557204 -0.17566339537039818 0.010379548682972625 0.008774622296815459 0.12077361841051366 -0.059464560189656235 
-0.09743681936533245 0.39147732599423385 -0.12169653499134174 -0.06618087851607411 0.0781108757278839 -0.07941457022394365 -0.05052400011161144 -0.054335398512181436 
0.03911384365443529 -0.12005664040520095 -0.07159916329758484 0.01553649016823573 -0.06119548968150947 -0.039885580604729194 -0.0359224358067989 0.27400897597232554 
II_0Ip_3
0.017191664083528336 -0.08230082076736484 0.05439440086764342 -0.038800121712668695 0.06752688095079551 -0.02800317649835385 -0.023222713109948816 0.033213886185741705 
-0.04813867329732579 0.016865879476439628 -0.012200792148154518 -0.06454579589607157 -0.030682260671389933 0.1025048349954608 0.06161967702114628 -0.025422869479283378 
0.021371858551510237 0.07538790562458543 -0.0020774097877236976 -0.032013691673679366 -0.007226553296730551 -0.05117332933626652 0.051895353079917626 -0.05616413316147395 
-0.01828401046700189 -0.059450166940688866 -0.006223282552363448 -0.06013358598398534 -0.012592114983725483 0.15921903037617244 -0.012893784037544206 0.010357914588830992 
-0.03816874520088032 0.13750891957348677 -0.05881005674487266 -0.0631199954725464 -0.03884816371719681 0.08789767685123351 -0.006362874391679558 -0.020096760896797034 
0.0007908449745289875 0.0248380534403142 -0.018471558807095292 0.08873539010602491 -0.028452612040958513 -0.030339350955886135 0.027214790139953912 -0.06431555685638345 
I_1Ip_4
-0.12270362556184036 0.16072718228558863 -0.08883251169777107 0.03362918394762392 0.05782887271465575 0.1956974299849934 -0.10078902159673783 -0.13555751007557865 
0.15857876787938174 -0.07804572059261056 -0.09424431268462242 0.2383790087300252 -0.03034719355924726 -0.11557045663295104 -0.08657711069256066 0.007827017551503125 
-0.15087218274711847 -0.15206880963407496 -0.027936354161562944 0.4620754529957207 -0.05410704205902451 -0.032495690745936126 -0.04413336740897047 -0.00046200623695361894 
-0.054495795835050584 0.8554810337008946 -0.24322543093210414 -0.11021623788525772 -0.033163028083550414 -0.15144504228478628 -0.15939454258722438 -0.10354095609065592 
-0.022808128297589242 -0.09448395877633542 0.17102794329219123 -0.1557939752297947 -0.14139523689717862 0.13669617790571392 0.04619118056037603 0.060565997442849885 
-0.12539872825916176 0.7713928446493656 -0.19372513442402786 -0.12004856399752106 -0.1832339319162727 -0.024306938139811263 -0.1326021305208021 0.007922582610717889 
other
-1.2855042480893062 0.8576422738341741 2.0978276455821394 -0.5122269809469567 -1.9396778510854535 0.6404892536760677 -1.8635881862473096 2.0050380932819083 
-1.3061651047997669 0.7509482441587598 2.2219211482177106 -0.5358224314770184 -1.9404699201294002 0.6523654939049089 -1.8543919962448556 2.011614566378345 
-1.2841270239653497 0.8666319697875894 2.2139939056050024 -0.5271803836464863 -1.932247238208178 0.648426346585781 -1.8515426888759217 1.866045112730904 
-1.3233574647843667 0.8471070909628409 2.2027784974169897 -0.5269627054563901 -1.9463129152506562 0.6287270690855921 -1.8748869875598158 1.99290741558231 
-1.2994734807946244 0.8507848755309935 2.203064606455244 -0.532204783213463 -1.9563526503128488 0.6277612674105124 -1.879500633103079 1.98592079803547 
-1.3183871333295771 0.84251220219699 2.215796800705923 -0.5385822738111357 -1.9574297970245498 0.6255764998963393 -1.8614591956900643 1.9919728970604564 
Ip_0IIp_3
0.0016954982883126753 -0.03983410799043047 0.011076026502681935 -0.040262097886367275 -0.021425973487490587 0.09556857765152944 -0.008539250774746585 0.00172132769639745 
-0.030161913660878985 0.036419194261677876 -0.008592407225542088 -0.022260913791525467 -0.041908100718981905 0.04787596440831056 0.047442703740423885 -0.02881452701295926 
-0.02714440824058245 -0.05978132567538367 0.10923774085886197 -0.07520151593752784 0.007924733280601028 0.044587793463315616 0.0429484818013516 -0.04257149955073502 
-0.011852964893318742 0.2297559625536098 -0.04739377201915505 -0.012297331447482051 -0.050254221382462896 -0.03768554367191827 -0.029980683201205654 -0.04029144593753009 
-0.006838527752444688 -0.042204667914115646 -0.015615661482345673 0.07299673295571013 -0.02433095969171169 0.0018280908838118949 -0.01081421005730446 0.02497920305843007 
0.011267524894288186 -0.04068888896127228 0.06255983846086187 -0.018185440647528722 0.017178808331058115 -0.012336317989493471 -0.008067651864566573 -0.011727872223784533 
Ip_1Ip_4
-0.02496399318034551 -0.05909768418764161 -0.022599234514904157 -0.005510914660032573 0.10370692465685022 -0.027948588003495565 0.0789514127645523 -0.04253792287480424 
-0.025184908621494317 -0.05826793620585469 -0.04128787696262638 -0.06502226576837818 0.06917675112018433 0.13958812360093523 -0.024924277087730203 0.00592238992476414 
-0.04285427152760108 0.27710987464640185 -0.05278140593324527 -0.07269434630745618 -0.06565708802105466 0.023640714576244375 -0.03489045729527707 -0.031873020136850234 
-0.025589345341887303 -0.059271730146037996 -0.020865399248177822 -0.005754355455190289 0.10359731041328504 -0.02814290458205067 0.07876475148612384 -0.04273832712522618 
-0.025074359983808994 -0.056618590161005 -0.0415993955119249 -0.06496250059224987 0.06891436127543522 0.1391816507152458 -0.025339083059453673 0.005497917317792445 
-0.04342026394038579 0.27671140523962817 -0.05275162129544888 -0.07288271066017667 -0.06607311521679451 0.023263224833815824 -0.03505428244709979 -0.029792636512498062 
IIp_1Ip_4
-0.025888693118338267 -0.05896111830517877 0.10368211674530092 -0.07364181921766637 0.008912594646337738 0.04548016572487467 0.04362888783266609 -0.043212134307674586 
-0.012089999578947918 0.2248138188629174 -0.04660801021422724 -0.011963760178293951 -0.049457141465352066 -0.03638430377902976 -0.02906969319111993 -0.03924091045529258 
-0.005674272173823459 -0.041084917953299965 -0.01523957042300904 0.07372449840437564 -0.023212526879191873 0.0029139803794974305 -0.009803929415638173 0.01837673806124585 
0.01018825564309966 -0.04067360825292695 0.062487393453943565 -0.017514146895626328 0.017553493787939287 -0.012299251631288378 -0.008080921362870508 -0.011661214742573055 
0.0022092968139001802 -0.0394664915760249 0.009764245608651929 -0.039583514404739936 -0.021385246240011656 0.09571391219308263 -0.008815353641247674 0.001563151246374575 
-0.030852471799523686 0.03522175813737564 -0.007921972716513065 -0.02216522236514908 -0.04193187366329739 0.048033820855178495 0.048203657054710095 -0.028587695502462464 
II_1Ip_4
0.00092985363438773 0.024961948184789834 -0.019882715704602715 0.0891293173798972 -0.028284357190432548 -0.03018064649781394 0.02745268366287752 -0.06412608346879906 
0.017387447076103558 -0.08350796971037665 0.05347738598044196 -0.03845894379393384 0.0678704816162328 -0.027522034089654 -0.022878755977801726 0.0336323888983925 
-0.04785209353651724 0.016153830891344333 -0.01192544650976819 -0.06433170395764001 -0.03023215234452098 0.10305567753127891 0.06209998881871328 -0.026968100892223044 
0.02134202213573033 0.07561795549821572 -0.0020419217137743265 -0.03170581305404687 -0.006886520492756885 -0.050938939069176896 0.05207959508720218 -0.05746637839072259 
-0.018392265474758217 -0.05937378248301184 -0.006301567970401487 -0.05989662411855118 -0.012539979585003138 0.15923307899924236 -0.013019098667418292 0.010290239299812643 
-0.03829032132348986 0.13750840009594248 -0.05870754028442121 -0.06302713659845097 -0.03891649356305166 0.08787107496491292 -0.006284697208751876 -0.020153286082094157 
I_2II_5
-0.8184323708703186 1.349808649379671 -0.5731509050074607 -0.8096381895179514 -0.4630679073333507 1.5576261191595546 0.457487237968664 -0.7006326337604523 
0.2892744160812736 0.2861098467688514 -0.019204154550585033 1.2634358572923712 -0.51999612990711 0.057065975134851815 -0.2878111107826166 -1.0688747000358387 
0.37548940560784666 -0.7136485130050371 -0.3248044406677246 0.004584224976367093 0.17029812350693863 -0.7399045734997588 0.22920001814959917 0.9987857549290654 
-0.36599481303118997 -0.9105943069347542 0.1918651904360271 -0.4943026477305825 0.6654856638033354 0.3133212151715422 0.20286936726444046 0.39735033101761175 
0.1660638681261028 0.2960229275446281 0.13366998729010016 -0.20293198749760336 0.4130795356707959 -0.1690877770580239 0.02999785933199267 -0.6668144134051931 
0.8349561742032761 -0.8539206330205935 0.3013220298933184 -0.5961690475474899 0.8640735833947281 -0.6586377746203986 0.30881406886067947 -0.20043840117055559 
I_1II_4
0.28606699429401633 0.25000200295808533 -0.0025120692743611636 1.2621006943782316 -0.5163043691556198 0.06498001000355975 -0.2821175775105152 -1.0622156856925828 
0.38246677403493057 -0.6964709097468199 -0.3235207396620318 0.00880273832751931 0.17709361574137994 -0.7346348414950362 0.23501559716171133 0.951247765633255 
-0.375663583667254 -0.9122436087390955 0.18982236072601763 -0.49087411402211206 0.6662805198140367 0.3117428719780879 0.1998129466624796 0.4111226072499451 
0.16912822352161974 0.2976918317936984 0.13286148268900572 -0.2014532056897874 0.41159821243949657 -0.16903809150739232 0.027594889438949714 -0.6683833426832231 
0.8286602989738696 -0.8556643630255351 0.3051671392921081 -0.5965079214598554 0.8632068712971235 -0.6592943320975017 0.3135105312247907 -0.1990782242116763 
-0.8107310471981181 1.354462032395997 -0.6139721807073738 -0.7996425365108116 -0.4572976862326922 1.5626738568657081 0.45958442658818544 -0.6950768651930861 
II_2I_5
-0.3627509786051296 -0.911555806809033 0.19828467822348667 -0.4917864041296672 0.6659828627798976 0.3115387220469398 0.2018682864673745 0.3884186400238647 
0.17951476897530239 0.30376473352729155 0.13164519057798643 -0.2007179568792087 0.4099390712139533 -0.17204367687200983 0.02666647714928946 -0.6787686076935893 
0.8399330231444005 -0.8571913097040152 0.3045258037130962 -0.5968958155936192 0.8599704781049861 -0.6621257588365007 0.3119213377726941 -0.20013775860983576 
-0.7986596372571052 1.3534474184057261 -0.6125590165985784 -0.8006874780941663 -0.45967345638733986 1.5609796747049194 0.46141986595723394 -0.7042673707244084 
0.2998033676688638 0.25025721720794325 -0.012995096782548258 1.2640702138790825 -0.5162012776591683 0.06485370069502945 -0.2801786129131739 -1.069609512093759 
0.395426195692682 -0.7063871070348564 -0.32238791490798707 0.008836180259876451 0.17719117686126204 -0.7334149958239378 0.2366374062883104 0.9440990586561595 
IIp_0I_3
-0.2559964528891231 2.595985975458402 -1.0952645218314838 0.1770743610404924 -0.7434084574002431 -0.18507091501722744 -0.44292176657324367 -0.05039822277741584 
-0.1752103791039374 -0.8655039458344396 -0.2908164518144959 0.0708626070615013 -0.12505800006852502 0.07437731998037685 -0.36638927246889214 1.6777381222440753 
0.11886178736494861 0.01241209544975556 -0.7336145496823617 2.733710136349929 -0.5591821481903368 -0.11034792493360737 -0.2661138577261402 -1.1957255386297843 
0.9289256854963363 -0.696481332699425 -0.41498351651796106 -0.028964143418541966 -0.13506471255290264 -0.5869923521284593 -0.09319519728263871 1.0267555690966383 
-0.10675002996422515 -0.6326046161928625 0.11744591297411122 0.5906057592316868 0.16289285596173744 0.033096914047725565 -0.12167465177113516 -0.04301214428651007 
0.547610219351026 0.38466429520895795 0.5473597032062997 -0.6730287996946026 1.1557570998474311 -0.7438109672675904 -0.36929242796131356 -0.8492591226882745 
I_0I_3
0.08723726053583863 -0.5412978777488079 -0.16285256396890896 -0.11681145433854935 -0.12087513519541121 -0.34867030844078284 0.07957577217132757 1.1236943069781542 
-0.41708896419936453 -0.7353474938007131 -0.08607218340920872 -0.24745774565680148 0.15452191589660813 -0.07646967089109674 -0.16974092075210595 1.5776550628122852 
-0.31099687438753587 0.4727387739523638 -0.5036961632904607 2.5137843803824746 -0.49221309228788873 -0.235958607573509 -0.7914440114057839 -0.6522144053822794 
0.08339068767949787 -0.5423684432642587 -0.15218765532162573 -0.11830887101387046 -0.12154937796565714 -0.34986555956873394 0.07842760918265132 1.1224616102718505 
-0.4164089739234643 -0.7252022826422624 -0.08798834980310655 -0.2470901270281217 0.1529079426556696 -0.07896990622318967 -0.1722924133189554 1.575044110281835 
-0.31447832241944645 0.47028776842536923 -0.50351295647291 2.5126257416972084 -0.4947720966651513 -0.23828056612125245 -0.7924517082219658 -0.6394178602143303 
Ip_2II_5
-0.048763863716426124 0.015507165253532601 -0.008664003679021905 -0.06535890528246525 -0.03098953834247545 0.10236376400380133 0.06153455608011853 -0.025629174316122782 
0.02162111656691547 0.07856461710135218 -0.002486065817633508 -0.03200168504982821 -0.007422835810372643 -0.051725392036167606 0.05155393556868181 -0.0581036905227322 
-0.019132595277595164 -0.0600789421381034 -0.00650298520179025 -0.060388262939079826 -0.013192013218796903 0.15858271227666593 -0.013569011301120435 0.01428109779996141 
-0.03754555107444922 0.1375264427408844 -0.05873769418026644 -0.06343649241002637 -0.039115714723300006 0.08786432441046405 -0.006359995439980825 -0.020195319323039446 
0.0004720846622636315 0.024654243422446213 -0.018274404867126084 0.08851507644321983 -0.028419003741750243 -0.030365585861011315 0.02755070755323182 -0.06413311761077052 
0.017806850650067613 -0.08206828235209286 0.052956536202940344 -0.03854519946836339 0.06778042023640383 -0.02780482086764763 -0.023470661109332137 0.033345156707185485 
I_0IIp_3
0.9366612046878525 -0.6937386441489575 -0.44164984701142346 -0.023965160975091316 -0.13260362977364196 -0.5839382912688529 -0.09061304406119736 1.029847412530982 
-0.10772678899636068 -0.6571645023328979 0.12186001374706563 0.5904618710538817 0.1666393578994953 0.039272307484350684 -0.1161041009978113 -0.037238157858953 
0.5549564343039335 0.3903408198592885 0.5479035778162157 -0.670062538475668 1.161725078765005 -0.7383005626481774 -0.3656741489327084 -0.8808886606972022 
-0.2633499936392227 2.594529126435279 -1.080095314085825 0.17619938481472006 -0.7435922457730166 -0.1867054995034707 -0.4448435447243449 -0.05214191351628632 
-0.17351972108272834 -0.8502669257441225 -0.2939189510512047 0.07216078685764729 -0.1276426765278372 0.07074496969411766 -0.37082753362032145 1.6732700514689973 
0.11255122783673198 0.008473991524328447 -0.7323520045154781 2.732131372889104 -0.5632524479874854 -0.11394593266121118 -0.26644849944606036 -1.1771577076363275 
IIp_0Ip_3
-0.011715253136058099 0.22995704937255704 -0.049213615786258824 -0.011711068520674857 -0.04993229850344735 -0.03746171316699446 -0.02986185659004276 -0.040061243668261116 
-0.0067872105086964115 -0.0437219436650655 -0.015388394969195836 0.07313859854372194 -0.02412882482609881 0.0022372785725871644 -0.010592955417412491 0.025243452270158295 
0.011480766154557702 -0.040388576064522105 0.0627918943165865 -0.01796902781404484 0.017504935156513756 -0.012015244083568088 -0.007607649404219581 -0.013797098261570849 
0.0016121418626033348 -0.0396945481416996 0.009869110674966666 -0.03976189369188918 -0.02114280032933726 0.09572371532124149 -0.008486410774379356 0.0018806850781549265 
-0.030071516378807336 0.03548497867343367 -0.008475265605013013 -0.022097920621832943 -0.041798723262338563 0.04814145990608011 0.047517320360862265 -0.02870033307198754 
-0.027131250904052252 -0.0596218756605241 0.10948032587907475 -0.07505169176835037 0.008103790371866275 0.04477542100648865 0.04335057044795695 -0.04390528937222034 
II_2IIp_5
0.21565166333871175 -0.5988927821503112 -0.15947248238890682 -0.024348240739768136 -0.15691699419238142 0.0849031792981597 -0.18781683980807967 0.8268924966334491 
0.10630455130483679 -0.38985224901520527 -0.012911994827929114 0.04991958326144546 0.24293696617188554 0.04174329564901905 0.5561725263624332 -0.5943126789035693 
0.4651645785619887 -0.7822888094181693 0.21523495664218398 -0.24541826568602687 0.9004545035781487 -0.5590684648083071 0.1321352606891452 -0.12621375956617684 
-0.5422477581444629 0.4401168475776808 0.037082901690633226 -0.4443535828788793 -0.49626618573432124 1.1161711049864556 0.3149479390703932 -0.4254512665633872 
0.18598122466890965 -0.6455054998620349 0.6302202028692296 -0.8627726203364324 0.46906297785913914 -0.02659573987617776 0.1530315064893056 0.09657794818627036 
-0.31318080227060247 2.2119010144422218 -0.8048869687141941 0.0592227866904725 -0.4245706210053577 -0.4277739970045691 0.0033402826889261687 -0.3040516948184363 
II_0IIp_3
0.45017182543048345 -0.7877821744438136 0.24807941481141313 -0.2551578188498529 0.8943933220442635 -0.5645599179397597 0.12684802027063372 -0.1119926713328959 
-0.546589638883476 0.47000893652329334 0.032406504928030065 -0.44675363915408256 -0.5005729865944853 1.1090846341623624 0.3092925604569851 -0.4268763714312006 
0.17220318005964788 -0.6521059374442514 0.6279867975482248 -0.8673076575987094 0.46326615393627046 -0.03234953147068072 0.14698139746901867 0.14132559749484305 
-0.3126905078881831 2.212279666829353 -0.8049850011026424 0.055303209909697705 -0.42586291002594573 -0.42714663351628895 0.0026413792869477586 -0.2995392034866291 
0.20516550528184274 -0.6012830372445039 -0.14701870347804605 -0.029456182697169188 -0.15697866816975575 0.08423392613254177 -0.18684794820987297 0.8321851083804762 
0.10393422045651272 -0.3782281709273533 -0.017728572562263872 0.04933009148804163 0.24329628439167258 0.040483177306286366 0.5505262669577875 -0.5916132971106454 
II_2Ip_5
-0.03796075939787189 0.13742348181972547 -0.05773049595567371 -0.06332978763627166 -0.03906232043725468 0.08772718652905762 -0.006511236357435034 -0.020556068563285596 
0.0010111669516161973 0.025755062819439067 -0.018525261000378074 0.08869953305628828 -0.028669992681066004 -0.03065403571230638 0.027161984147738637 -0.06477845758085497 
0.017532274547334907 -0.08240603374282213 0.053182883268296566 -0.03864746444856471 0.06741195567980393 -0.02812105040395612 -0.023326965451087943 0.03437440055068339 
-0.047614483280649364 0.015839655533871903 -0.011994743876000054 -0.06464312812507043 -0.030661896642108194 0.10271279304279787 0.061850329040570265 -0.02548852569321337 
0.021883613651276657 0.07553888438836846 -0.001957523636538292 -0.031966756860004976 -0.007017343127115989 -0.05099687425379563 0.05220302861379311 -0.05768702877544679 
-0.01799109669286486 -0.05941975005770817 -0.006351157283355399 -0.06001925306503256 -0.012519605905297515 0.15921093651203783 -0.013015436207473353 0.010105362699247318 
IIp_2IIp_5
0.04095168498843555 -0.11952821374637991 -0.07532603063043775 0.016260520515324742 -0.06063654467907909 -0.039443757739521426 -0.03630109868227 0.2740234399723087 
-0.0562240514287874 -0.12789579831792297 0.2786691940776569 -0.17632481324368518 0.010247456217833486 0.009373066454583684 0.1214696372060796 -0.05931469096506559 
-0.09669530432649752 0.39177053041637905 -0.1212747410204117 -0.06627560048413515 0.07882153502167905 -0.07887283280220722 -0.049467773534874054 -0.058005813268485744 
0.03984911384832012 -0.11983507772255315 -0.07226907033785063 0.01583130508825911 -0.0608298077857779 -0.03978636125919162 -0.03663020498627943 0.2736701031543092 
-0.056029140872936076 -0.12498780269431967 0.27811994937482254 -0.17621944004382106 0.009784831335185146 0.008656405826181978 0.12073828434387153 -0.06006308726887634 
-0.09769321708376158 0.39106798088496636 -0.1212222271184454 -0.06660770951301136 0.0780880289947301 -0.07953839265986769 -0.049756616998562785 -0.05433784650412963 
Ip_2Ip_5
-0.042852302212544977 0.2769551752548738 -0.05465671135542435 -0.07245900279016312 -0.06578968060789986 0.023500648771422383 -0.03509146062462966 -0.029606666434120375 
-0.025272348074636967 -0.06082389918829987 -0.020554892309284353 -0.0059029936496550256 0.10368432007984416 -0.027766070928590125 0.07909765953821235 -0.042461775467309094 
-0.024796657877562318 -0.056366564279014986 -0.041421411413773215 -0.06488521763866491 0.06929979088944654 0.13951093629993283 -0.024884021424172384 0.0035431454440452196 
-0.04346253923226478 0.27678533609297495 -0.05296478394140124 -0.07269655947342601 -0.06589664540868866 0.02331102894257934 -0.035273610186604895 -0.029802226792099686 
-0.02516447146474389 -0.05921441884016121 -0.020858881265849366 -0.00584467303417677 0.1034282723571696 -0.028162719117503072 0.07869287967902092 -0.04287598831329692 
-0.025348969909665363 -0.05675540243801628 -0.04139234668883944 -0.06506902911051289 0.06889381932391347 0.1391425707140341 -0.025043886822527915 0.0055732449312667215 
Ip_1I_4
-0.05361908835962331 0.8558325729251528 -0.2466060635958311 -0.10952457814986921 -0.03281331444906926 -0.1510528551054217 -0.15908127422118873 -0.10313539904073639 
-0.022916279664348706 -0.0975594030608964 0.17156989310937762 -0.15577624684780578 -0.1409314018857521 0.13747754058659098 0.04685939383459948 0.061276503928004544 
-0.12454734807734566 0.7720925348957158 -0.19361052758268107 -0.11966897207201961 -0.18249498316331536 -0.023619929296929482 -0.13209387382520002 0.003943099124518292 
-0.12354943486761884 0.16059931630007274 -0.08743733878236457 0.033650292142933656 0.05787665667529915 0.1955543770418276 -0.10098990702181523 -0.13570396148704106 
0.1587751199511573 -0.07657808273175186 -0.09456043286663571 0.23856135878455745 -0.03060610476753432 -0.11590871327965106 -0.08705147002154555 0.007368324930091015 
-0.15157981441333043 -0.15246669333438512 -0.02773970628572275 0.4619362000549284 -0.05451402974028159 -0.032848467892601534 -0.04407636296875308 0.0012888745800867787 
Ip_0II_3
-0.0191061504870165 -0.05980873947048905 -0.002797665212438949 -0.06087640028307565 -0.01297277172007866 0.15881905165384133 -0.013201422559861144 0.009944098079287702 
-0.03807991694428585 0.1405981350078545 -0.05934656520971871 -0.0631639150728736 -0.03930893518862745 0.08710807792920318 -0.007012802760642409 -0.020794077760265765 
-2.3109555610142982e-05 0.024143986076987825 -0.01862107393480461 0.0883483655502395 -0.02918743162658588 -0.03102602467406782 0.02666326496389841 -0.06029797679979233 
0.017976521446886266 -0.08221213906665106 0.05336449872949257 -0.038917354547502156 0.06742790518320668 -0.027903810607257988 -0.023050679210009122 0.033315058071419885 
-0.04833392716655579 0.015716691430305647 -0.01193677648537821 -0.06474329693021262 -0.03046875639891867 0.10275976890444886 0.06203569541326174 -0.025029398766363644 
0.02201236181686726 0.07571780416940001 -0.002303463924825706 -0.03191666733580664 -0.006892287883474127 -0.05088994959400754 0.051764817238357054 -0.057492614485875976 
IIp_0II_3
-0.3139271171707975 2.2151668483392304 -0.8300996167343949 0.0653499969916935 -0.42018888320666625 -0.42393204834271814 0.003822181556381133 -0.2961913614210486 
0.20679133705466696 -0.6209534388386665 -0.14447302191993927 -0.026287578104467767 -0.15461346339715443 0.08978579433084234 -0.18506360318845091 0.8348139740574193 
0.10455456485772932 -0.3747774724445649 -0.012971154143101413 0.05242872232792383 0.2471522822716083 0.044478104231884544 0.5585733944144864 -0.6194384415193682 
0.4523368865711567 -0.7839482512007023 0.21353341554232264 -0.2437868093474051 0.900663607345749 -0.5602883268117963 0.12904418666507325 -0.10755470876626522 
-0.5455651483295889 0.44136673951148464 0.03664672518029154 -0.4439101336726575 -0.49678048400645686 1.1168475553925974 0.31333328722915166 -0.4219385413001445 
0.17590230113897398 -0.6464877217139448 0.632582199223752 -0.8631843985775903 0.46938517654747985 -0.026301208440924866 0.1559196694812131 0.10218398234031376 
Ip_2IIp_5
-0.0065870956672602855 -0.04204405377682847 -0.016685179853853534 0.07333819737829812 -0.02421535240287686 0.0019531522628706516 -0.010805390564502113 0.025045722623937693 
0.011120099939897382 -0.04163752476885901 0.06281353417949412 -0.01813764105865452 0.01727538170841829 -0.012120803065102666 -0.007778990624634019 -0.011534056310738283 
0.0021086323478656417 -0.0395145358375046 0.009999609651414772 -0.039851369165952735 -0.02106195480479307 0.09590493658995086 -0.008245950537441682 0.0006606317564475119 
-0.03034396434811491 0.03541751455791006 -0.008456835490165323 -0.022098964923138283 -0.04168714260488666 0.0481500245383098 0.04761032039922973 -0.02859095212873809 
-0.026863531003611624 -0.05951786781467517 0.10929176995766655 -0.07499786422248957 0.008137011491248305 0.04481072829142774 0.04310222918090715 -0.043962475880360834 
-0.01217022535143983 0.22973264700848098 -0.04733710851731275 -0.012152411991433328 -0.050201798129240985 -0.037692961810820866 -0.02990243296550048 -0.04027570824175955 
Ip_1II_4
0.0216782366880253 0.07565274551801991 -0.0024548489643903704 -0.031766456122940136 -0.006934751478117343 -0.050899936017683514 0.05215175591768259 -0.05742674554042858 
-0.0184773008716105 -0.05984336439716422 -0.006191600019547762 -0.05998424896803864 -0.012451374673157635 0.15933599441356514 -0.012843464761619365 0.010455359277381244 
-0.03801766692942919 0.13764552450746573 -0.05880902829083252 -0.06298901016181312 -0.03877793412132263 0.08798777407670388 -0.006348903375104766 -0.020690755705056005 
0.0005767488639177435 0.02480488911611063 -0.018384453987879967 0.08880033200026745 -0.02845341484081092 -0.030355836633087992 0.027319089666003656 -0.0643073541840104 
0.017424268317378356 -0.08215949426653887 0.053243970205057924 -0.03848069009808863 0.06766985687282795 -0.027867169600116794 -0.023160358472708732 0.033329617041609055 
-0.04820332681836153 0.015851726531420484 -0.011994103213115113 -0.06450120962983907 -0.03055217544631121 0.10275627354209711 0.061855199854910156 -0.0252123848204678 
Ip_1IIp_4
0.011017404016012273 -0.040791662846025666 0.06326972323963637 -0.018327875779213326 0.01706292706059687 -0.012430099499381146 -0.008000740741355762 -0.01179967545029828 
0.001910813054147605 -0.039177870224041796 0.009835983584239856 -0.03999204582104072 -0.021348678048347457 0.09556676555306833 -0.008546530700426744 0.001751562602354095 
-0.030289812681454465 0.035292526989897446 -0.008468663569587821 -0.022290174510763233 -0.04188532466083225 0.04802250257559534 0.047517222551437074 -0.027898276693839527 
-0.026818066763668765 -0.05956859896728146 0.10934007930132653 -0.07514011597335772 0.008113787102321012 0.04480288977505872 0.04318416746495738 -0.04391414193939108 
-0.012077614958744466 0.22974048500528843 -0.04741227821045292 -0.012204228886045377 -0.05015842683478669 -0.03767447280418633 -0.02996732569631267 -0.04024613761427445 
-0.006703212447400921 -0.04213466529691206 -0.015702505362900434 0.073069856138484 -0.024335867466576094 0.0018411417847400467 -0.010951048560779449 0.02491630121116058 
II_1I_4
0.16856063224215617 0.2985248638665285 0.1256814382992581 -0.1984453403441628 0.41330532979745266 -0.16811075520387392 0.027900803504932507 -0.6674169721608443 
0.8291922099386243 -0.861200202716846 0.3058540349510252 -0.595518162332035 0.8638532142637304 -0.6577140866378959 0.3139328293604851 -0.19839983683831225 
-0.8107112632763376 1.3554002940532863 -0.6125041879722182 -0.7987489688085162 -0.45624041395066356 1.5637853431133044 0.46200300775476466 -0.7029838109064347 
0.28691932653040925 0.25123022347789836 -0.013628956961892128 1.2656613159647987 -0.5143483618887364 0.06634856118843914 -0.28138783067413353 -1.0607942776318409 
0.3827476734581797 -0.7057517516583208 -0.32212651053427316 0.00965679475207361 0.17833574062693128 -0.7321316594178572 0.2363797530054295 0.9528899597595891 
-0.3743586583722252 -0.9104005831505364 0.1912227245141657 -0.48955284655370845 0.6682824227119937 0.3137114857680966 0.2026035089288874 0.3984919461474404 
