II_0I_3
0.8307562795149225 -0.8540055669590855 0.292833085928572 -0.5943858592007074 0.8641337772148314 -0.6577757129646609 0.3139870945706549 -0.19554309811791068 
-0.8105147434297999 1.3559039346977761 -0.611316485196327 -0.8122956073422529 -0.45574017164785596 1.5648949168724333 0.4621006569965189 -0.6930325009387709 
0.2854094910873041 0.25340570783080435 -0.013444943952727948 1.26468910255955 -0.5147826662455104 0.06644361099082209 -0.28096204658267765 -1.0607582556849653 
0.3822243916943637 -0.7063344880305362 -0.32187440488423363 0.00819090405844205 0.17943848320628458 -0.7312663534122712 0.23634832083180726 0.9532731465319357 
-0.3737202616242339 -0.9093429772056021 0.1896405378413357 -0.489467821461976 0.66791741655265 0.3135895153987089 0.20294191714112303 0.39844167335638614 
0.16485510572071096 0.29740926040108867 0.1328324517107307 -0.20006689931621816 0.4136333022808598 -0.16823550620410305 0.027742996608339687 -0.6681707111983755 
IIp_1I_4
0.5464398834904898 0.3830232846449169 0.568083706138466 -0.6757086834073245 1.154166374600685 -0.7462426791675637 -0.3731201410236269 -0.8566417452807944 
-0.2620725705069412 2.590973442218046 -1.082361610644362 0.1965412969338253 -0.74898509701843 -0.19140669089694828 -0.4468463436132364 -0.05584242646303198 
-0.17052216736321713 -0.8555531801672123 -0.2931021813461503 0.070621525325328 -0.12715840181905766 0.07044821770244747 -0.369560852447143 1.6748270401114715 
0.11569460716814071 0.009916973724056645 -0.7348872490824672 2.7337113959579202 -0.5641617842082608 -0.11500166530667183 -0.26832714361271104 -1.1769451346386517 
0.931618284935324 -0.6981500590380479 -0.4127002444219055 -0.031110621733422786 -0.13513521539963894 -0.5866606408199938 -0.09473905645698762 1.0268775529209164 
-0.10341073038927458 -0.6325734514302028 0.11732477550310079 0.5893113727471786 0.16096335880559454 0.031840832706519946 -0.12137436992174815 -0.04208178802255293 
IIp_2Ip_5
-0.03000536258984461 0.035427615746654206 -0.008688712007204617 -0.02219292510358484 -0.04175341800342283 0.048157142290084706 0.04766666897568427 -0.028611009307747962 
-0.026753009914168645 -0.059529327026440794 0.10936080145714881 -0.07535471027324869 0.00818320919809383 0.044847522911222064 0.043207688047719725 -0.04396217440032076 
-0.011971345568817376 0.22981009073203312 -0.04742787683344994 -0.012169368898506996 -0.050185670850585486 -0.03768528902207396 -0.029995063548317283 -0.040375476009419445 
-0.006647707017748324 -0.042167390091109584 -0.015644815789690132 0.07305069256880639 -0.02434914980992403 0.0018337880397522916 -0.01089422502133722 0.024818807121119404 
0.011256528072648464 -0.040714804164399876 0.06264323344095847 -0.018173854025784256 0.017115146740326458 -0.012378775071003998 -0.00792241798108488 -0.011825057011929945 
0.0019838924158506236 -0.03972613245739702 0.009933585518400569 -0.03997123365065004 -0.02126071121694017 0.09570547425322601 -0.00843062250386109 0.0017657476409120411 
IIp_1II_4
0.17586925558837196 -0.6480039055241303 0.6538637528889235 -0.8660954400394921 0.46787532971658563 -0.028778661117350803 0.15116767574100176 0.09410199274182077 
-0.32131368755446527 2.2090890215009513 -0.8093147446124458 0.08411864443535812 -0.4270827271865047 -0.4315198895822021 -0.0008919543449014135 -0.30308466264584716 
0.2121473458110861 -0.6041805520781989 -0.14792352633096462 -0.02680187582693391 -0.1577796407371654 0.08396007148246466 -0.18958749663824773 0.8301656743155699 
0.10015291667132689 -0.3787859091822902 -0.014828261144802157 0.05160125395554856 0.24040007572136554 0.03814575055690342 0.554874986532834 -0.5915608131097639 
0.4567156634927618 -0.7857964844817289 0.21617504521762443 -0.24689945601045304 0.9000286526724719 -0.5600515527384285 0.12759166841661654 -0.10776353657252351 
-0.5420762585104201 0.441073507432825 0.03672728499359198 -0.44577646391069226 -0.49871948991117104 1.1154691662300766 0.31413458839157676 -0.42083233471197407 
IIp_2I_5
-0.09353456522858461 -0.6344917069804169 0.12307316287837552 0.5886083349850869 0.16092330591223752 0.03074931231352537 -0.12043143546457145 -0.05489640841418693 
0.5636114942554412 0.3837480885222965 0.5454971092756536 -0.6683018099332688 1.1536444357927003 -0.746212957846138 -0.37080746365317735 -0.8611788964206021 
-0.24314417375662575 2.592653823323875 -1.0789885535343613 0.17275582996220562 -0.7473994470813072 -0.18875325610845964 -0.4436531298815953 -0.0634710929179956 
-0.16032475452327347 -0.8520312920120023 -0.2929191956766655 0.0703693584171167 -0.1293012755492955 0.06864928873453817 -0.36817375765474386 1.6637316282592054 
0.13050323621015786 0.008327130586437892 -0.7341240932975445 2.7314697499366027 -0.5640126246230882 -0.11503333523430993 -0.2689370039842794 -1.188193059593607 
0.9472935459588444 -0.697182050556429 -0.4143596125040204 -0.031219565770727264 -0.13855819445602802 -0.5891500200641583 -0.09230958833888826 1.015485485724911 
II_1II_4
1.3788106048451088 -0.5944799277566686 1.3857596147766305 -0.7030495474254105 0.21481651389576512 -0.9578666520643008 1.1053888330460453 -1.829379439323325 
0.40282876664626477 -2.0583612847673027 1.2667518751915194 0.08162773065359481 1.909620300208071 -1.5449291325656556 -0.06820613429662302 0.010667878918624417 
-0.8589293395086335 0.13208812557163252 -1.3584749982949604 -1.2122072728361206 -0.7323193295885715 3.0338945640950348 1.7410495731068976 -0.7451013225385089 
1.3871639938198423 -0.5870965721210084 1.3251321444079724 -0.6911584510909003 0.21572488901140957 -0.9547196276505776 1.113777100096605 -1.8088234764737319 
0.41147024923738407 -2.0534962647931687 1.2800797289723211 0.016837994753657964 1.9219437787015095 -1.5315069433325437 -0.06627120223701134 0.020942658682730084 
-0.8599090384826092 0.14526363104348283 -1.3601709508782593 -1.2136193820306762 -0.7382474276181743 3.0312694724327653 1.7403968483443661 -0.7449831528056333 
I_1IIp_4
0.11563095305662836 0.009565022949301422 -0.7365529950694545 2.732078106359744 -0.5622143741063091 -0.11316715495957831 -0.26903608681038527 -1.1763034714129708 
0.9314974855662879 -0.6963514635412078 -0.4142438065744331 -0.032711305534258696 -0.1359088321518898 -0.5867636976346626 -0.09263376090125636 1.0271153807615876 
-0.10832543755386768 -0.6329537558265649 0.11789099993116409 0.5894887435165757 0.1632641335027237 0.03313542883590722 -0.12060018065670984 -0.04189993175220117 
0.5491983597239046 0.38516574566512424 0.5459354201426764 -0.6733246545371995 1.1564206724800363 -0.743344970025406 -0.3709951705778302 -0.8490554028708764 
-0.25927390924573224 2.594415648533609 -1.0794024565103595 0.1730518826665156 -0.7455953182059587 -0.18697516089404972 -0.44408734565113406 -0.05213334068821927 
-0.17576785854052657 -0.8514822380193023 -0.29310892188630067 0.07032182550459734 -0.12686039095687304 0.07085594613532187 -0.3690071813890276 1.675048819147431 
Ip_0Ip_3
-0.024835084290836116 -0.05643271062202478 -0.04422144732429561 -0.0647800333931985 0.06920513237986581 0.13951301377138853 -0.02495686717184689 0.006507996651088742 
-0.04286309234053351 0.27717087388330625 -0.052536862617385396 -0.0757365414216056 -0.06560026504712312 0.023835720473442533 -0.03492046935813574 -0.02934936357114673 
-0.02588018791409899 -0.05879067632207167 -0.020816154583860897 -0.006001908948663534 0.10348127286773161 -0.02812456694701638 0.07886557122811286 -0.04273334937996235 
-0.025205129283359762 -0.05675978431502606 -0.04153572397490531 -0.06530679452779208 0.06916489246475459 0.1393736044095807 -0.02532845722079561 0.005597392447044576 
-0.04324589953053015 0.2769553594034794 -0.05312727036290156 -0.07286643476116529 -0.06614618018649103 0.023241133781890837 -0.035006184499806116 -0.02980452384345693 
-0.025836788438712305 -0.05937433522245203 -0.020741025942949267 -0.005939354225352515 0.10374388041505721 -0.028008278572668768 0.07889448614280434 -0.04273858415572767 
II_1IIp_4
0.0997639645849862 -0.37941066794105854 -0.014027163318074897 0.049581672107327474 0.24221485463698655 0.039765221672369296 0.5538714866806461 -0.5917593684196241 
0.45626108177656455 -0.7842786946541213 0.21418423043156268 -0.24587286831965247 0.898808960297573 -0.5606772582304255 0.12951611012116654 -0.1079415614296551 
-0.546707862597538 0.4401940514828344 0.037332018279364214 -0.44555239408379343 -0.49630011287931514 1.116802558758571 0.3148959161329913 -0.42066417508891596 
0.17881892214617204 -0.6456777411478778 0.6304337268514918 -0.8633624794115545 0.47005316105378114 -0.025901411343181188 0.1535167343356601 0.10211908751454253 
-0.31831450757200386 2.2125512253192667 -0.8059787846897527 0.05925056579507895 -0.423377065889118 -0.42678111709305233 0.0018058262130068758 -0.2991561420766661 
0.2071241831275552 -0.5997941227272893 -0.14799661840846692 -0.027142187007663306 -0.15772956060609328 0.08424428744380587 -0.18908704494011427 0.8303810631138372 
Ip_2I_5
-0.15120542069381043 -0.1523848623856039 -0.02772885211330391 0.4618665775622857 -0.054441182932069614 -0.03282392303744591 -0.0444538449713977 0.0011715085727690775 
-0.05428581334714743 0.8554194545236117 -0.2432231034865378 -0.11005628834049007 -0.033321616650212736 -0.15152444567378115 -0.15939726750632907 -0.10361091951778266 
-0.022819168151301885 -0.09460806357159249 0.1710713495740454 -0.15589254919562123 -0.14136667880204293 0.13668959275583928 0.046282576975278863 0.060642940415379834 
-0.12521320977094677 0.771449883647399 -0.1938605054265567 -0.12003702473558198 -0.18321419653931542 -0.02430189570611897 -0.13274115157272032 0.007918100106250416 
-0.12297310517945917 0.16054505868444327 -0.08730533860032975 0.03324514529303538 0.057642914082876875 0.19552533840089123 -0.10093824010791379 -0.1357417725725584 
0.15865535934323788 -0.07671667852106046 -0.09447121253393456 0.23832318342546674 -0.03056990451380086 -0.11593190143871175 -0.08683722531148796 0.007548379549800042 
IIp_0IIp_3
-0.09737814566360456 0.3913784403133313 -0.12345105699388013 -0.06640958587158242 0.07840643318204858 -0.0792006506003201 -0.049897128164301884 -0.0534483062005914 
0.04031290732501604 -0.11955896246579281 -0.07190449317190943 0.013408091319132502 -0.060715833827660215 -0.03939139557942249 -0.03634351947003673 0.2741932058692053 
-0.05693690625630921 -0.12474796756671903 0.27819964245202006 -0.17645662291196224 0.009896776008896538 0.008714644830026368 0.12097418409497392 -0.05964375065054573 
-0.09764703920024675 0.39114077191131225 -0.12149947363279766 -0.0667923573381034 0.07837719281056985 -0.07930195254214988 -0.05016714441762759 -0.054109997589272894 
0.040034740125713626 -0.1197155662622045 -0.07233351350728362 0.015493656984036023 -0.0611125235695413 -0.039823452549806175 -0.03640580445707973 0.2738624632355829 
-0.056905369987316094 -0.12517208384763176 0.2782542347485482 -0.17641116746431132 0.01008760002652496 0.00879914588500255 0.12099519514451441 -0.05964755450522623 
Ip_0I_3
-0.023393184154464626 -0.09494520977008081 0.17508781060736822 -0.15635592429386902 -0.14174797279816057 0.13619197732077754 0.04589154149216957 0.059270961596774516 
-0.12572974518560956 0.7708404954307647 -0.19442148732493753 -0.11580035411690798 -0.18381864542523033 -0.025089013864391732 -0.1332265046838587 0.007245255172627868 
-0.12209257689161766 0.15981855067361359 -0.08732142701370786 0.033306417593031996 0.05760710076868175 0.19546325800143635 -0.10100089002371176 -0.13578043310659413 
0.1586426382869412 -0.07663133125521442 -0.0944823608604471 0.2386589066175366 -0.030859638114455298 -0.11620622815546146 -0.08666635808394212 0.00754437156305378 
-0.15110281887908555 -0.1526316315831146 -0.027720361066179377 0.4618519750396861 -0.05422038721544295 -0.0327009082243462 -0.04476639176671854 0.0012905236949452671 
-0.053425203601299306 0.8555956632965106 -0.24328222636494037 -0.11042873486348173 -0.03368750149515126 -0.15169092684634272 -0.15949322988353137 -0.1035878402389155 
II_2II_5
-0.8558701498466803 0.14304008484148345 -1.363110090916581 -1.2128841738770442 -0.7335077035861435 3.033490190998901 1.7435997002209276 -0.7547578578217773 
1.4027534700858602 -0.588575608347624 1.3263608153359636 -0.7015739518408944 0.21936011720741738 -0.95119950170223 1.1126591123990555 -1.8197844531454637 
0.42523639339342817 -2.0491923377164345 1.275461063093033 0.017171333789476474 1.9171501452622972 -1.534528413934364 -0.060269275071765924 0.008971091175726583 
-0.8565297360686643 0.1424570927570512 -1.3583229267892025 -1.2138230985848113 -0.7335794291722286 3.033241700960144 1.7429373600151195 -0.7563809631148203 
1.4020711359039066 -0.5889597518535891 1.325308443810927 -0.6964581339154855 0.21838705147096776 -0.9522593219842556 1.1125063295563806 -1.8205957529859 
0.4253137507307887 -2.0502326797741506 1.275594976040667 0.017282834373860263 1.9176182297454492 -1.534321135872827 -0.060217735720968356 0.00896176045470703 
I_1I_4
-0.31271826210669545 0.470990112167224 -0.5079352342543926 2.5129113014091833 -0.4941130594087975 -0.23764457363989677 -0.7932223838913218 -0.6382679002698689 
0.08566281938100474 -0.5419567496604086 -0.15136409009532645 -0.12324868446989676 -0.12180851563830801 -0.34928575154430686 0.07908536047398468 1.1229156115511327 
-0.4177613458336167 -0.7250388023840492 -0.087683825494532 -0.24789475878208497 0.15314732272998807 -0.07893837784013227 -0.17149389933849363 1.575663686941303 
-0.31319466335946833 0.47056903278433315 -0.5044775953344444 2.512233141538077 -0.4941648648550388 -0.23782405126005507 -0.7937007742719888 -0.639440225236713 
0.08516998789108456 -0.5422342061058999 -0.15212418953029735 -0.11955366782012856 -0.12251133465133958 -0.35005123101459157 0.07897500956581206 1.1223296316610056 
-0.4177054727238837 -0.7257902132582063 -0.0875871038001363 -0.24781422493029798 0.1534854074685816 -0.0787886665121268 -0.17145667386080446 1.5756569476156743 
I_2Ip_5
-0.124684096516836 0.7713300881018955 -0.1930202675844821 -0.12017236825929209 -0.18334672942998345 -0.02445640857772652 -0.13280629090422436 0.007156073174488418 
-0.12244654204141951 0.16041227168274996 -0.08743583586229477 0.03411290764851697 0.05741909951351708 0.1952777235159402 -0.10097904256227785 -0.13636058189353015 
0.15941031803853498 -0.0769116911997102 -0.09445012533799987 0.23832329301981778 -0.030620495019989397 -0.11599931529614363 -0.08681570729709902 0.007063723091665221 
-0.15051791487715632 -0.15236465862993084 -0.028038200438982294 0.4619567067451574 -0.05455649169252649 -0.032918763689700155 -0.044359930400651726 0.0007992529836232179 
-0.05359539496665774 0.8553789154688689 -0.24310088500334737 -0.11041703483950169 -0.033311759909722224 -0.15151755607440423 -0.15940138079782426 -0.10403490387538508 
-0.022082785991941127 -0.0945532492534541 0.17106027901027523 -0.1559192152721071 -0.141529674781287 0.13657240329276185 0.046291718366547434 0.060160524629601975 
II_0II_3
0.4221601937519667 -2.0401831439439215 1.182517905667415 0.028186725422163616 1.927915190214061 -1.5211793053820526 -0.05192115393356409 0.05250358818961966 
-0.8604061465655988 0.15721485639806204 -1.3456399045164353 -1.3114181969147898 -0.7174755664464733 3.053419544989953 1.7533037186645442 -0.7289983055978083 
1.3659555606413536 -0.5712642483267303 1.325202880134682 -0.6974789423272139 0.2210479698325298 -0.9490463086868025 1.113438496460736 -1.8078554077323603 
0.4093288445339843 -2.051524458809846 1.275645646633092 0.009921227416440455 1.9265198669085297 -1.526013339731816 -0.06480607814636204 0.020928291186894193 
-0.8736800263344098 0.14974186903356607 -1.3661123554867096 -1.211896945157956 -0.7364052315966738 3.03280218862427 1.7503315370675654 -0.74478103614199 
1.3674604420379577 -0.5915026823761812 1.3278079736989379 -0.6953098506845354 0.2301539142891043 -0.94501399701597 1.114441124184544 -1.8080369241340257 
I_2IIp_5
-0.1652614856476958 -0.8511863697635692 -0.2999452670051035 0.07088728386735414 -0.1275312001395824 0.0705443237184806 -0.3679475481410327 1.670440263107645 
0.12556714880073377 0.009985389739035084 -0.7336477042840992 2.7242877383603736 -0.5624436157870315 -0.11306545066106487 -0.2679642069237372 -1.1827192992353193 
0.9390113648419501 -0.6957683499407256 -0.41434848446285477 -0.031142140833217192 -0.13730076678058412 -0.5881036286721474 -0.09225745395874481 1.0199094597994318 
-0.09875256062287288 -0.633895387321754 0.1180884595749775 0.5887258791605108 0.16266279571555517 0.03253838485166758 -0.12048766458918074 -0.048879906769873756 
0.558384442269059 0.38524253915424245 0.5455247404173824 -0.6733023071822378 1.154798504753814 -0.7446970074832405 -0.36989981706695296 -0.8560510948622698 
-0.2513933677444306 2.5936238957394355 -1.0789203216195487 0.17288080157405356 -0.7459424163261436 -0.18761847610016463 -0.44357901781571224 -0.05905109769796855 
I_2I_5
-0.4145904484699478 -0.7276770831160305 -0.06961804696551523 -0.25000601884047063 0.1508367327787072 -0.08177546606196287 -0.17313595476485125 1.565966285440787 
-0.3107743738034441 0.4677327282042105 -0.5069308155166036 2.5314878737612974 -0.49783878050787045 -0.24224315378415048 -0.7954625185377672 -0.6459709598062331 
0.0938554958297527 -0.5460461318031034 -0.15172292317086725 -0.11944770600215499 -0.12302025619443611 -0.35077124836676893 0.07849520167969691 1.1186575680250004 
-0.41210162356134566 -0.7254772718214774 -0.0876815130514478 -0.2464631625410782 0.1511073758213978 -0.0808378355064055 -0.17063673821470823 1.5720907688718466 
-0.3081997137233423 0.46918222168921825 -0.5029598889168381 2.5121842942126613 -0.4941670994288197 -0.23824412069679562 -0.7948860211277851 -0.642909671999258 
0.09356360241788736 -0.5421205961538265 -0.1522282185719933 -0.11986843255363477 -0.12478648521644718 -0.35155337326679037 0.07830072759842675 1.1186927757445477 
I_0II_3
0.38625535557189655 -0.7030045481962137 -0.3528065888569512 0.012713750817827194 0.18141635973186887 -0.7282837062282141 0.23988799449403067 0.9638213826594458 
-0.36959356405588456 -0.9055492831626082 0.19493600600622304 -0.5223822568403654 0.6733287188753605 0.3200658380952092 0.2055457005494923 0.4036488405329923 
0.16050487827492574 0.30354666062672486 0.13244992849288603 -0.20061707050329727 0.41254953605854217 -0.16849818799569025 0.02803397526675857 -0.6679697202213066 
0.828848177092003 -0.8559250221631992 0.30500563075232023 -0.5983173068284943 0.865465820050784 -0.6570305273292407 0.3115629044274285 -0.19960967600508636 
-0.8125319400609659 1.3562387120921564 -0.615496812725985 -0.7991460394298516 -0.45909057742695064 1.5618283735502823 0.46332874847489386 -0.6951304644647706 
0.2817558069469334 0.2501756284864578 -0.012621684119709138 1.2651429083407504 -0.5116516919168023 0.06804730863929195 -0.2802069957185249 -1.0606412806534868 
IIp_2II_5
-0.5469908748590095 0.43917978181327466 0.048331306685420565 -0.4468448803089361 -0.4974978141797218 1.1152950347677193 0.3138810234970637 -0.4253535774044177 
0.1786564776992097 -0.6473990913017609 0.6289211689825439 -0.8517972200159059 0.46823233662149244 -0.02821055805158639 0.15225502357975504 0.09934186248027028 
-0.31465816202418384 2.210493409449271 -0.8059870153029707 0.05938725688545754 -0.4236212696299363 -0.42709219154768824 0.0016773038218490565 -0.30019933164347223 
0.20837238455028767 -0.599615234852034 -0.14801011591405674 -0.02625478217437167 -0.15869431543100979 0.0833393732711047 -0.18856810878456579 0.8294307993302942 
0.10126930761920593 -0.3801624888364227 -0.013806401503555962 0.04949310435850191 0.24264685138354242 0.039934372253421765 0.5530575970147937 -0.5924323422886965 
0.4598377743165811 -0.7838834950724956 0.21401949511264565 -0.24673253110808518 0.8976266829097493 -0.5613128325660961 0.12929089595816154 -0.1088459895569573 
I_0Ip_3
0.1576867575425281 -0.07743686312974088 -0.08726160084166408 0.23750349121675493 -0.031223649400300525 -0.11681365505484417 -0.08754039579758215 0.005085915463589574 
-0.15208435399623385 -0.15343261206804837 -0.029053582103672204 0.4695445870453154 -0.055540116527491655 -0.03423670978070161 -0.045269923252356355 7.271068503719895e-05 
-0.05265809607901949 0.8541252336951608 -0.2431617865410374 -0.11028931785442683 -0.03330930352124404 -0.15156014862037506 -0.15952089894983 -0.10362568212724929 
-0.02279590709683546 -0.09437794355688615 0.1710360165855305 -0.1553004108005694 -0.1419430885734212 0.1361696812628694 0.046577146512106475 0.06063450566732896 
-0.12510455683416383 0.7709440752089952 -0.19327664105963607 -0.12015419225615602 -0.18284705239736673 -0.024129208189638426 -0.13337027142820718 0.007937846958187592 
-0.12150762622908366 0.16079786203206065 -0.08751631812837465 0.033183279079003425 0.05688307882514576 0.19510594910397258 -0.10114992115746609 -0.13579630352387148 
IIp_1IIp_4
-0.05718805491406671 -0.12550583590293815 0.28229857320581503 -0.17689315433793135 0.009516622699284369 0.008195015228602408 0.12051713039283679 -0.0609402963707954 
-0.09830955232391322 0.39058102864283734 -0.12208534545177284 -0.0622799149026701 0.07759936897939461 -0.08025044462905422 -0.050579380393786545 -0.054675759919539525 
0.04080331379987367 -0.12060531453901997 -0.07216961482351941 0.015531318585675056 -0.06102110796627326 -0.03982051400722323 -0.03667123418825507 0.2739531531374396 
-0.05662082445190494 -0.12500447480960172 0.2781817113971767 -0.1760856985747511 0.009578305213720632 0.008408711504159871 0.12108672922394784 -0.05954445950223088 
-0.09772275908591078 0.3909113840874641 -0.12118032777764949 -0.06667941215515084 0.07843618532107192 -0.07933902117849853 -0.0504479903184488 -0.05397805889150966 
0.04073678809360907 -0.1197106419597403 -0.07228477718098418 0.015435430395508007 -0.06142365090963733 -0.039998768840191413 -0.03671555696183509 0.2739611773624612 
II_0Ip_3
0.01764780298128727 -0.0819844502335278 0.0512792508671896 -0.0382863499620304 0.06786763321869069 -0.027620705611457776 -0.0229342054559302 0.034031024195136844 
-0.047895465631801665 0.016163209271113626 -0.011758162860297851 -0.06660443898604493 -0.030228264707453854 0.1031637312663469 0.0620414885279013 -0.0248820968789586 
0.021158239280112037 0.07597212787274821 -0.0019996307768833364 -0.031911050766914396 -0.006986062549249992 -0.05092732887550787 0.05215852695875696 -0.05746482114266692 
-0.018499166420212095 -0.059486438410534935 -0.00624909985756853 -0.06016432193312226 -0.01235081031226532 0.15937483591978793 -0.012998876436603855 0.010373877450197567 
-0.038138526862549565 0.137695128270089 -0.05900230120641428 -0.06301693501536504 -0.038964892609633636 0.08785825288762049 -0.006268143691650204 -0.020162581771467295 
0.0002495861686918685 0.024737128521984248 -0.018319257335985082 0.08876459094300233 -0.028282239314805214 -0.03024724145305864 0.027395229859463056 -0.06429779738884267 
I_1Ip_4
-0.12326452443251613 0.16034194661929085 -0.08504887790727261 0.03298847530624359 0.05741037002631009 0.19523360209744087 -0.10113730632068353 -0.13652368538740456 
0.15829965748003014 -0.07706872387991749 -0.09478260635191266 0.24074767826247873 -0.030894977175564723 -0.11637398578234677 -0.0870952748012765 0.00716823224681501 
-0.15066269550283484 -0.15277881033488233 -0.028039818558062535 0.4619352505750773 -0.054422842542441105 -0.03281592217494507 -0.04447346791158229 0.0012583064501207036 
-0.05421598895210667 0.8555210977354862 -0.24318976549316224 -0.110202925348927 -0.033455191030087275 -0.15162678322995404 -0.15926893439623374 -0.10356150928280829 
-0.022853175630067193 -0.0947070269588556 0.17125513881680995 -0.1559258827117614 -0.14125674484100284 0.13674138773510242 0.04609428657068067 0.06065201701907029 
-0.12475133603131842 0.7715155368542147 -0.19391773583837696 -0.12008410617310869 -0.18342482657696044 -0.024409679238632864 -0.13282944228380386 0.007901589291298663 
other
-1.300979428421575 0.8494775537877405 2.1717246333543683 -0.5357092893587019 -1.9508937815755034 0.6319022896070547 -1.8689875176264399 2.003465540236866 
-1.3009094600362172 0.8512405961169301 2.2109608723955883 -0.5761624079897392 -1.9487783994874128 0.6345424495117358 -1.8683482079528269 1.9974545574542715 
-1.3128861045857851 0.8524959747605265 2.206060356978344 -0.540131280107034 -1.9539963120115613 0.6280771088975902 -1.8716294468036379 1.9920097028705452 
-1.3057442624278104 0.8452660338741408 2.2063069847068753 -0.5424920574491964 -1.9514119253679607 0.63010720392488 -1.8737722463415547 1.991740269079249 
-1.3058386247432592 0.8484655532344875 2.203358567376647 -0.5392058700165191 -1.9558078015159086 0.6268863348626578 -1.8694519073149443 1.991593748125475 
-1.3123272771435788 0.8449805703299701 2.207027740704107 -0.5393258027207392 -1.9506148816513271 0.6295744803317129 -1.8712571278367978 1.9919422979938222 
Ip_0IIp_3
0.001843755166251701 -0.03976008331703323 0.010419998148178856 -0.040027244696144944 -0.021319084385374314 0.09564367410057877 -0.008494692465588937 0.0016936774490459879 
-0.0302343275387715 0.0353334779963376 -0.00849403084739536 -0.021694463038541598 -0.0418400909474678 0.048039313236017754 0.04757582959728928 -0.028685708457007283 
-0.026810071561633723 -0.05965518431839802 0.10932239559788431 -0.07506197553198408 0.00815529515576968 0.044802352533446006 0.04315914575487917 -0.043911957629876645 
-0.012038551998478707 0.22977861788598314 -0.04743190897205635 -0.012121485249659085 -0.05021041489600488 -0.037709654713301205 -0.029987359614682577 -0.0402792424412932 
-0.006768825031947314 -0.04218897892360558 -0.015608304007288722 0.07306953020700464 -0.024330600576020094 0.0018400870068401418 -0.010932144165485607 0.024919235490471002 
0.011229566677668083 -0.04071097561515452 0.06264973252782434 -0.018178721137231832 0.017092945522918065 -0.012386255060087722 -0.007967779621790207 -0.011728513294533264 
Ip_1Ip_4
-0.024987987462372376 -0.05905061237965234 -0.023223887774259513 -0.005688055278249747 0.10369754751721055 -0.027859840985206417 0.07904509738192884 -0.04193226101943163 
-0.02486266860150201 -0.056334569347939296 -0.04121053831701354 -0.06764702455899513 0.06932883451174786 0.13966585346990382 -0.02493767579055612 0.005997788633948188 
-0.04373616535420369 0.2772201479563816 -0.05291683314233944 -0.0729346132168936 -0.06600683707719864 0.02333003492601031 -0.035181077489499835 -0.02977465660076168 
-0.02532219808846422 -0.05934601295503539 -0.02079824413432351 -0.00616380599012439 0.10366120434964624 -0.027985750242179575 0.07870949131937462 -0.04275468425820508 
-0.025208405561265128 -0.056529213866072 -0.04174377223815351 -0.06505485289394267 0.06883578462785958 0.13912884528293187 -0.025015090461051315 0.005586705109739757 
-0.043696968591290054 0.2766930093365799 -0.0528489797984834 -0.07287811615932847 -0.06576965988357285 0.02343506218267726 -0.03515496263337761 -0.029779384452052464 
IIp_1Ip_4
-0.026742588047635678 -0.05942406629399387 0.10791349098672716 -0.07490824305775003 0.008292050271505653 0.04498510864126325 0.04330972006886031 -0.04342547256882219 
-0.011865375366630132 0.2299777484758896 -0.047232414138607376 -0.01365636568757552 -0.04994992491507667 -0.0373896800990429 -0.02984148906224778 -0.04004249920604173 
-0.007086878148077162 -0.04189243255866795 -0.015651703579698376 0.07305571798773583 -0.024346828362941334 0.0018492395511291704 -0.010858277427778975 0.02493116253822221 
0.011110204243897472 -0.040760327974021696 0.06266925087738374 -0.01829082117904373 0.017257194680231906 -0.012255362115406562 -0.008007550420620013 -0.01172258811280025 
0.0018839242209424444 -0.03961381883798792 0.00981061071286166 -0.039952860365429096 -0.02133865194087078 0.09567634320327555 -0.008325073099210642 0.0018595261062496252 
-0.03045855119110544 0.0353625840441049 -0.008388401104001936 -0.022207445291826083 -0.04161679850562374 0.04821994753173944 0.0476808165279737 -0.028592152010979376 
II_1Ip_4
0.0008016506867715973 0.024916971748413883 -0.01955100490928235 0.08888138291870389 -0.028374234304795597 -0.030213059927375805 0.027446676100436627 -0.06390838231261244 
0.017550161336294893 -0.08200253816894618 0.05342237861994473 -0.03976530637110864 0.06786424289186928 -0.02762970972420501 -0.022991248519499522 0.03355201993498503 
-0.04840804022013543 0.01608687906425129 -0.0120378886532919 -0.06452253911409706 -0.030532239708443855 0.1027811874185363 0.061835129857249774 -0.025202488643568933 
0.02157893806933302 0.07557560168319945 -0.0019892856588411816 -0.031980684950771006 -0.006901520097915085 -0.05086868897392472 0.05206720714168152 -0.057481567212174435 
-0.018492112755565095 -0.059357720603861276 -0.006354085862044113 -0.05998554619063697 -0.012565600366770896 0.1592063096682539 -0.01281883129044562 0.010367587400865831 
-0.038348672798542344 0.13752041708211213 -0.05881196837833712 -0.06303111561669326 -0.03874890635804011 0.08796704343517332 -0.006398303961968785 -0.020148493402982696 
I_2II_5
-0.8166961464911722 1.3497049479236902 -0.5688215209412761 -0.8046010390273572 -0.46194634715532784 1.5568471322430308 0.4563506998106862 -0.7108377263436021 
0.28332257960427376 0.24450583484151586 -0.019584927513560276 1.3117040064225536 -0.5218802722280339 0.05726682631370174 -0.28638598668961884 -1.0689480607517268 
0.3930104933161754 -0.714319313699322 -0.3218123241428751 0.00979627808087004 0.17813347669779234 -0.7328562150846967 0.2358834194660039 0.9521641853615352 
-0.37206544002635067 -0.9091683235170553 0.19041623842550043 -0.4859812457466796 0.664831969353984 0.3105199557211706 0.20371721242532906 0.3977296333614953 
0.16889794761658858 0.2946959110222632 0.13610959652328433 -0.20075518278993262 0.4143742946717777 -0.16811127673005738 0.0236052212346484 -0.6688165115455863 
0.8391606193300699 -0.8538181750744117 0.3037358583084656 -0.5961837469784089 0.85830877356982 -0.6619141152138802 0.31137280417424634 -0.20066201812306736 
I_1II_4
0.2862702617358149 0.24975995834740558 0.0008400693747409222 1.2632320866577602 -0.516203905640897 0.06449598010973427 -0.28264344891972326 -1.0657510016640896 
0.38056103802956026 -0.708184623107552 -0.32392840191153677 0.024315586361359554 0.17623808240047303 -0.7350168721288131 0.2351507255804436 0.9508644647704777 
-0.37038955674939555 -0.9128309426153974 0.19064657053457953 -0.48941642399833823 0.6684142188759902 0.3136424110010784 0.20159411668309055 0.39833960626906484 
0.16749437863017028 0.2981337033487514 0.13245442671154656 -0.19899569509956433 0.4112453254631855 -0.1699626936739402 0.027913497885544637 -0.6682829432637374 
0.8294700488096189 -0.856177570970556 0.3060102115141948 -0.595939393170908 0.863664145395087 -0.6589819836764811 0.3115750473262099 -0.19962050523349603 
-0.8091376213460871 1.3545595637481957 -0.6133671852491437 -0.7996663788056623 -0.45909991898159597 1.5616527432259732 0.4602130318641397 -0.6951542344467746 
II_2I_5
-0.3633893769914856 -0.9123321280230235 0.20677240495418195 -0.4917196218036303 0.6654612106137024 0.31043351904532424 0.20089461856396498 0.3838793736388604 
0.1774205012525407 0.29482059928927784 0.13049894781693314 -0.18352937935222818 0.4083825053378227 -0.1735542027521096 0.026030107955539863 -0.6800690795486376 
0.8449074883745766 -0.8587471238721643 0.3051044820992787 -0.5958099495169731 0.8613985863387111 -0.6609114052211613 0.31300191674286654 -0.20894399495067234 
-0.7996977640298008 1.3538970374414456 -0.6128673273273579 -0.7984925464259394 -0.4604121093874765 1.5598960149543772 0.46188517372634535 -0.7042084789462905 
0.3004544747533245 0.24947744815746647 -0.011917293978545606 1.2643810525240329 -0.515594418940451 0.06519616711460298 -0.2820333646825736 -1.0699640649445785 
0.397781307272605 -0.7061217619234008 -0.3221333450200009 0.008763218537681371 0.17531724036929497 -0.734468833004471 0.23686223501203815 0.9439999387463069 
IIp_0I_3
-0.25933722980482626 2.5939518139159787 -1.0759507959135226 0.17264483431393998 -0.7458661802487913 -0.18738868084343302 -0.44455136533486034 -0.05350239607274875 
-0.17550378895150442 -0.8519358162498126 -0.29361143001659723 0.07380296921734047 -0.1276016386606062 0.07005065340421626 -0.36943959949732447 1.6742386507498372 
0.11646003410014445 0.008759422044049267 -0.7347674554641904 2.731915366032427 -0.5624405327385781 -0.11347187224279452 -0.2692704898289043 -1.1771844718991737 
0.9316376088200895 -0.6965540352115765 -0.41450223134204234 -0.0305645427640184 -0.13649191945010364 -0.5873991730252304 -0.09269545213633808 1.0265697451030176 
-0.1075595744659694 -0.6335280042723537 0.11816784559571128 0.5894648886592504 0.16337156259418645 0.033141943032379974 -0.12090751315613361 -0.04215114798724076 
0.5502191579371505 0.3852982017746741 0.5458474606461785 -0.673215442429604 1.1558967000037446 -0.7437009500591029 -0.3710189340587563 -0.8493261938128764 
I_0I_3
0.08666572545509002 -0.5413413192142403 -0.1633176184715834 -0.11828681717241252 -0.12125474084861834 -0.3485464351678367 0.07981735140915915 1.1262638540035486 
-0.41553766027049505 -0.7239612396031466 -0.08606935754259448 -0.2600190166432181 0.15492788751574343 -0.07667263381669126 -0.17022074954720212 1.5775527699088152 
-0.3156770348503485 0.4727879016114843 -0.5045212014813584 2.512354638173484 -0.4943819029905727 -0.23791627711808983 -0.7933070677858142 -0.6393390555537971 
0.08507753453518956 -0.5427450822155271 -0.15179080004014847 -0.1205476159076939 -0.12142744597561829 -0.3491447642542671 0.0782225292832274 1.1223556445741276 
-0.417180625088399 -0.724886203181167 -0.08860332027733331 -0.2477008460627338 0.15258488197422304 -0.07922453211139682 -0.17058862916359993 1.575599273910216 
-0.31549076924935454 0.4702829041513279 -0.5041987579192095 2.5126231159147765 -0.49325482133558446 -0.2374171806724387 -0.7931829682680164 -0.6393615226142131 
Ip_2II_5
-0.048146012904516304 0.01586826433656498 -0.012049009511316487 -0.0645041140179651 -0.030537027710449346 0.10276661017476213 0.06181013230413677 -0.025208842670386495 
0.021595960926339405 0.07560575494503029 -0.001993008711670146 -0.03189761419909644 -0.006994121960156839 -0.05095185051488205 0.0521159862930896 -0.05748110677853247 
-0.01847669339356513 -0.05943683369009703 -0.006258631122516187 -0.06000065880307963 -0.012509491201203845 0.1592310410815783 -0.012919606925152875 0.01037087405386106 
-0.03810774451808932 0.1375579494980367 -0.058842301302321175 -0.06304306764013487 -0.038869918842227666 0.08790036660570977 -0.006438009586909407 -0.020157274213827823 
0.0006532022761716605 0.02480150835576388 -0.018371299086126246 0.08874667857089316 -0.028487454716888152 -0.030360904523617598 0.02733084767831983 -0.06431257855407639 
0.01739668960494878 -0.08217989923615247 0.05325739340877542 -0.03851213458485268 0.0676805438671588 -0.027867050217390315 -0.02312974098908016 0.03335419814576753 
I_0IIp_3
0.9320886751840747 -0.696329369502659 -0.4176090640975334 -0.03048361609205526 -0.13594157077548571 -0.5867801032641926 -0.09251297575538664 1.0275680242844891 
-0.1071112115642078 -0.6328362497186306 0.11834001149197791 0.5861887596428318 0.16369210659652997 0.033691606038584794 -0.1202524048611778 -0.041712617625450726 
0.5489575860028068 0.38576949130900673 0.5459268548050615 -0.6732321078875159 1.1562418821875782 -0.7434802592444761 -0.37083493772387605 -0.8493485094501411 
-0.25886147450066477 2.594198301573683 -1.0792368167722723 0.17276090583114617 -0.7453131468164395 -0.18676030986316083 -0.4443440969295023 -0.052443362516320646 
-0.17502988563277777 -0.851229682839595 -0.2933998728538428 0.07033535027259609 -0.12724467188283273 0.07063998649096512 -0.36877877239544055 1.674707548835788 
0.11519556660762473 0.009269652571082167 -0.7346930737937422 2.7318945270021437 -0.5621128714014288 -0.11325894004255771 -0.26908842266042055 -1.1772064382781853 
IIp_0Ip_3
-0.01219301995017207 0.22964751767720626 -0.046221046285402335 -0.01230065664059635 -0.05028627774030923 -0.037825002234290625 -0.03012672890456338 -0.04069478592088456 
-0.00692710831779967 -0.04233591342527828 -0.01581752066108969 0.07435802747125303 -0.02454403045288611 0.0015856651845054962 -0.011031754244971935 0.024712634446188257 
0.011398369978264777 -0.04095216607311199 0.06266540857571136 -0.01815704257935276 0.017137492049048405 -0.01237496672893035 -0.007978174183728284 -0.011738921038167033 
0.0019251917798946564 -0.03968267326642845 0.009918705792603752 -0.03987060460732669 -0.021369294187949323 0.09561720038015818 -0.008397172212977113 0.0018586463216499892 
-0.03014857032778477 0.03532393448969084 -0.00832686115497841 -0.02223566561699685 -0.041705498620673305 0.0481639418479683 0.047530863125115425 -0.028602143741875825 
-0.026668935530124536 -0.05952429083503174 0.10929017695797116 -0.0750801757594396 0.008032428744026172 0.04473950674855031 0.043130317865849824 -0.04391902819147074 
II_2IIp_5
0.21236179566670607 -0.6010492092411954 -0.13855629033033934 -0.028349166328335257 -0.1593578253335908 0.08235885590749004 -0.189683470546518 0.8222753101968716 
0.1052096899256447 -0.3810526794957403 -0.015906427881025007 0.059389486425717085 0.2400088059097949 0.0372122084721904 0.5531475384982667 -0.5980086218527697 
0.4649478504489055 -0.7862250084612705 0.2144155478426814 -0.24662071194401478 0.898056662900212 -0.561428595502714 0.12969251720848562 -0.11283826249562147 
-0.5401925585217409 0.44022852985624916 0.03739857795031176 -0.4449407720332451 -0.4978558744487658 1.115372733815432 0.3155862950353802 -0.4255969316488092 
0.18550263940227532 -0.6466533734629772 0.6313027581735456 -0.8636869930056424 0.4697381761259847 -0.026419385085631113 0.15299560407764928 0.09722057377311752 
-0.30987751884114134 2.2125822830833712 -0.8061612425017012 0.059024241116690856 -0.4251846680828168 -0.4280906661241056 0.0018594402616124482 -0.3041518689038871 
II_0IIp_3
0.45731912575390793 -0.7834134926219931 0.20655182947358264 -0.2457207470134305 0.8996536552289882 -0.5595726044268483 0.13036305911920124 -0.10518082552415216 
-0.5458737257518109 0.4414802852967465 0.038412602653730206 -0.45376368763910324 -0.4950847761082527 1.1183707428162735 0.3158207823121216 -0.41936222357240255 
0.17710642906117469 -0.644254246079133 0.6304187681814677 -0.8635297258099094 0.47014845102444763 -0.025744490867914097 0.15366188222341348 0.1021929322624311 
-0.31842509080284476 2.212415152358796 -0.8059973494132892 0.05861892224786531 -0.4227893660569164 -0.42623275183953757 0.0015562173412632901 -0.2991457338289219 
0.20686258959279305 -0.5992814249589772 -0.1486038803455046 -0.02703827199775697 -0.15802511860193716 0.08412314509196733 -0.18840258039167312 0.8303655416059257 
0.09827229493256684 -0.3795905982951047 -0.014516779881764958 0.049731011012609364 0.24307985740282712 0.040294311958965344 0.5541959730244248 -0.5914660701543475 
II_2Ip_5
-0.038044511065688597 0.13731696255944 -0.05655915016811523 -0.06331001542401142 -0.03913138309707134 0.08757420921957905 -0.006646957161782454 -0.02119915486130252 
0.0007118444196827434 0.02444257665454133 -0.01868301763468624 0.09115497864586615 -0.028887106161826902 -0.030860445909735357 0.02707785394806099 -0.06495668396155374 
0.018250387862884868 -0.08262048428127944 0.05326843382768832 -0.03848778165143446 0.0676240360290149 -0.027939899612758983 -0.023164902232727432 0.03307021005828016 
-0.04776944070157173 0.015904229834460715 -0.01204001750989023 -0.06432502232253878 -0.030764418474490293 0.10255849885349894 0.06191583176950194 -0.025479661448572836 
0.021978748320164394 0.07542931196619584 -0.001804794470457141 -0.03191960139645512 -0.0069315151087231165 -0.050947920553059786 0.05193557258954673 -0.0577398013466877 
-0.017659744011346956 -0.05938320058776702 -0.006311206520609912 -0.06002927461479113 -0.012788364217966626 0.1590597235141723 -0.012979252119318779 0.010091318557257062 
IIp_2IIp_5
0.04115844493185069 -0.1192495955608756 -0.07841146234363308 0.016174832711845333 -0.060463948195433874 -0.03903935570132449 -0.0359392994970031 0.2757703836528778 
-0.055402805157514265 -0.12418977810141238 0.27908336985909543 -0.1830580091002353 0.010826675709076434 0.009910245253383451 0.12167949086611805 -0.05884918932801271 
-0.09868752685788308 0.39233458797130416 -0.12151820453315734 -0.06672750877720868 0.07821515854304606 -0.07939318408455438 -0.04993585331189194 -0.05428746894828037 
0.04029450571937562 -0.12001321024138413 -0.07214113910396978 0.01494501036854546 -0.060557895799568044 -0.03936483291791687 -0.03680684593254143 0.27364440790673866 
-0.056296540106210276 -0.12469293694382742 0.2777049526038354 -0.1763572085519523 0.009552134760500165 0.00852207146737334 0.12147937284385228 -0.059911846073354244 
-0.09858620266920035 0.3909719271568797 -0.12134280267597615 -0.06658146308128529 0.0788282649553311 -0.07912168713509639 -0.0498683460379554 -0.0542996905107996 
Ip_2Ip_5
-0.04300615721857 0.2768986562406773 -0.05422715337748217 -0.07275055419333933 -0.065897882374456 0.023457404144562325 -0.035103015643116985 -0.02937129757679014 
-0.02509044994358296 -0.05909294546879694 -0.02062492260422679 -0.007361650416261677 0.10366980905642231 -0.027899777588312562 0.07896230755991186 -0.042562370595053016 
-0.025428192512086556 -0.05645254096661445 -0.04155110951150049 -0.06510486168053893 0.06895311517490833 0.1391934084734737 -0.025190827781155733 0.0055810088034344025 
-0.0431884308645647 0.2767375490355066 -0.05290424238857676 -0.07301002175676828 -0.06591770341295937 0.023388735055186977 -0.03528605033999351 -0.029819835326733376 
-0.025279009885282762 -0.05919910177622114 -0.020915740679201607 -0.005947917448786062 0.10340090677467784 -0.028192654093331118 0.07892008671733708 -0.04278656960869806 
-0.025406815164021355 -0.056740034752346714 -0.041514103278296674 -0.06507404900177208 0.06908246818893037 0.13925068882153613 -0.02517658511601193 0.005578430301653254 
Ip_1I_4
-0.05318429691505085 0.8563003280261811 -0.2516321929852241 -0.10942640926650155 -0.03246621436655731 -0.15040431822374345 -0.15852231649592133 -0.10066457977006896 
-0.02181055497397537 -0.09328261899096917 0.17225426972756963 -0.16486741430171054 -0.14003966721341718 0.13839875714366195 0.04728439182397076 0.0620628367837257 
-0.1270806068033507 0.7730172123308574 -0.19387896413091432 -0.12018376220257791 -0.183145033127329 -0.02416206302579207 -0.13256495854409298 0.007998175505891707 
-0.12308721764039211 0.1603660067470295 -0.08729032322659054 0.03254876917219204 0.05830643801544629 0.19613418921275894 -0.10124864099748888 -0.1357292212819487 
0.15845842665495358 -0.07614191051621201 -0.09514664931571527 0.23843284567324077 -0.030938345843542783 -0.11608943888541914 -0.08610307454261752 0.007528146774124249 
-0.15289176259102003 -0.15262472653658665 -0.027827584694387564 0.4619800251789359 -0.0535367227859761 -0.032299811391875086 -0.04414222343465853 0.001342806255671791 
Ip_0II_3
-0.018434767368189164 -0.05940890355985246 -0.006568160672754734 -0.059965100776043036 -0.01248005483942837 0.15926953149307302 -0.012889240290790093 0.010476696014176225 
-0.03806807593144702 0.1376046595939174 -0.05879902228281527 -0.06337040879236192 -0.03882250041022107 0.08796178322073048 -0.006401026586353814 -0.02010540881095588 
0.0005851857143157846 0.024858216627301553 -0.018370905727091907 0.0887420891830759 -0.02848519168714442 -0.030356338179530207 0.02733657145012848 -0.06430962738072382 
0.017395532704534408 -0.082186811635774 0.053258521950974844 -0.0385379093810685 0.06770395302245731 -0.027845310852715424 -0.023142560834817045 0.03335458502584344 
-0.04815260539473639 0.015888312141473633 -0.01206013067230099 -0.06450179318821703 -0.03055304429597588 0.10275843869321924 0.06183525413015904 -0.025214431413076294 
0.02153097831697926 0.07559374462744349 -0.0019869871581267174 -0.03188002075999444 -0.006964286152261762 -0.05093691078023193 0.05212461274764492 -0.05748113084091526 
IIp_0II_3
-0.3176522869912905 2.2131274707484514 -0.8113957046175506 0.05987164868364823 -0.42289869464589597 -0.4261254917550729 0.0023960678539058926 -0.2973230092637106 
0.20766748290610543 -0.5990129683643315 -0.14722819508701565 -0.03282499346488865 -0.1568177747297385 0.08536495985242305 -0.1884333337956502 0.8312848226763847 
0.09866866962713042 -0.37834398772629757 -0.014728423706021168 0.04958388663539634 0.24230825239404485 0.03992534380320761 0.5540594791410313 -0.591473220168858 
0.4562796904310316 -0.7843029679553964 0.2143063963688863 -0.2470477532101549 0.8993472577694911 -0.5601480805126553 0.12938310381828874 -0.10781764671212582 
-0.5469435724971796 0.4406932924663064 0.03689685567075715 -0.44549449775251204 -0.4965509686980517 1.116700659581911 0.31537025202306473 -0.4206720207896538 
0.17771534609389877 -0.6458660163071981 0.6305750554633563 -0.8633704979322427 0.4706629265848993 -0.02554395437585153 0.1536669947426154 0.10216014572939007 
Ip_2IIp_5
-0.006650249366870253 -0.042055463319659446 -0.016654770858227145 0.07319074426414263 -0.024258184879120553 0.001955546872501081 -0.010789989102350824 0.02526236638938592 
0.01125676194283852 -0.04057608489457573 0.06280340842047571 -0.019242129308333848 0.017301987259427762 -0.012154888850893907 -0.007832922740556005 -0.011556131828679534 
0.0016841307819764754 -0.039523734425722566 0.009922068336479186 -0.039984989454566126 -0.021266636088733522 0.09571950314703734 -0.008423103949957307 0.0018727616533417296 
-0.030184108867985848 0.03538380018690325 -0.008419809055686336 -0.022303700695329044 -0.041681614070022105 0.04821251871586917 0.04759396525778342 -0.028601051471156894 
-0.02693505693494864 -0.05949322905638471 0.10923984261080562 -0.0750563299313708 0.008110101888104383 0.04478828542119912 0.04325636840075827 -0.0439099823980029 
-0.012250441720835356 0.22973456852821403 -0.04740362009064071 -0.01215333808661232 -0.05006655016693068 -0.037615887217203235 -0.029973776610359666 -0.04027095463458312 
Ip_1II_4
0.02170388230911755 0.07568983008432317 -0.0028688138505797117 -0.03178303581538668 -0.006913004480178093 -0.05084545968252667 0.052200947772567556 -0.05718434633719135 
-0.018362154482156664 -0.05930850192615835 -0.006136238221348267 -0.060927758452624436 -0.012372554573988075 0.1594070795081114 -0.012817086932584142 0.010517215080552174 
-0.03830018216108688 0.13772107799317504 -0.05884443331460134 -0.06305437434062038 -0.03886651084773964 0.08791142795759817 -0.006417934881843336 -0.02014907040409326 
0.0006421358071988044 0.024779773710727055 -0.018365977399201136 0.08867410289274825 -0.028416651711418706 -0.03029699669701871 0.02729476990398656 -0.06431115650654434 
0.017385849998154804 -0.08211898869474611 0.0531863709975521 -0.03850122472290157 0.06763763555326323 -0.027886007565746763 -0.02305539467284746 0.03335175910676125 
-0.04832618775694707 0.015838872650402826 -0.012012601079798272 -0.06449771108675903 -0.030447973849416925 0.10281496455332487 0.06183772626469627 -0.025207089695096257 
Ip_1IIp_4
0.011078120554906782 -0.0407663430300937 0.0630628856976436 -0.018219924071191374 0.01710603177633711 -0.012407881253148614 -0.007991028561011287 -0.011861861113414609 
0.0018548861714126825 -0.03977121185632516 0.009868382222106736 -0.039545758753721204 -0.021334623432539692 0.09562485003275295 -0.008492700094273243 0.0017961757104702693 
-0.030082857195785493 0.035333129868291804 -0.008423696042001891 -0.022214611136417102 -0.041764468544298924 0.04813371871327098 0.04762519975203715 -0.02860641541495438 
-0.026914131581152915 -0.05955334648619099 0.1093193015375821 -0.07503586782537994 0.008125722043318033 0.04478004992503051 0.04318619979440183 -0.043907927407514674 
-0.012038682984133704 0.2297391339399976 -0.047397151173069904 -0.012167599314466274 -0.050151636903161385 -0.03766525674382503 -0.030041419751678615 -0.0402773870691377 
-0.006694828076553165 -0.04214185182284512 -0.0156586845861536 0.07307212730878632 -0.024395528793968935 0.0018068366428582127 -0.010902996962579981 0.024914926290346945 
II_1I_4
0.16805123004180245 0.2983767856963129 0.1266203666331317 -0.19950265424956112 0.4129523209665783 -0.16818720780539612 0.0279292696249381 -0.6662401109081899 
0.8299998120546433 -0.8543067883289273 0.3056838441550727 -0.602022825283645 0.8639130231453733 -0.6580878923878117 0.3134900768198213 -0.19866925018594214 
-0.8133496508714736 1.3552020577493444 -0.6130141078257206 -0.7996201503815332 -0.45759484780831866 1.5625515400524284 0.4608175513591748 -0.6949923922646783 
0.2879836833484752 0.25102530472914497 -0.013388179668799858 1.2643715117139425 -0.5143711408721785 0.06670718789578943 -0.28146627792808754 -1.0608620892145457 
0.3822872595366034 -0.7056402531176388 -0.3224094585150381 0.009261677947032998 0.17819320991796492 -0.7322644088499406 0.2373336564933178 0.95323831657838 
-0.3747372306997874 -0.9103642312761948 0.1907648344911863 -0.4895657094458528 0.6690985140082171 0.3141777502171154 0.2021082630352868 0.39851780966533235 
