             PE      -46527.142      -46363.231      -46308.348      -46351.478      -46441.802
           PE_P        -159.909        -140.418        -150.331        -154.552        -145.830
           PE_W      -45576.192      -45417.752      -45385.038      -45422.484      -45499.478
          PE_PW        -791.041        -805.061        -772.979        -774.442        -796.494
            PE2      -46527.141      -46363.234      -46308.349      -46351.476      -46441.801
          PE2_P        -159.909        -140.418        -150.331        -154.552        -145.830
          PE2_W      -45576.192      -45417.753      -45385.037      -45422.484      -45499.477
         PE2_PW        -791.040        -805.063        -772.981        -774.440        -796.494
      Nonbonded      -46846.961      -46690.649      -46620.795      -46669.680      -46765.907
    Nonbonded_P        -479.729        -467.834        -462.777        -472.756        -469.935
    Nonbonded_W      -45576.192      -45417.753      -45385.037      -45422.484      -45499.477
   Nonbonded_PW        -791.040        -805.062        -772.981        -774.440        -796.495
             LJ        6706.656        6754.782        6690.676        6651.609        6767.093
           LJ_P         -25.528         -21.108         -16.541         -23.372         -24.395
           LJ_W        6850.898        6897.452        6824.100        6808.591        6912.791
          LJ_PW        -118.714        -121.562        -116.883        -133.610        -121.303
           LJ14          37.242          37.091          42.377          36.703          36.024
         LJ14_P          37.242          37.091          42.377          36.703          36.024
           LJsr        6877.585        6925.589        6856.127        6822.946        6938.987
         LJsr_P         -62.523         -57.952         -58.671         -59.828         -60.171
         LJsr_W        7044.396        7090.696        7017.279        7001.967        7106.054
        LJsr_PW        -104.288        -107.155        -102.481        -119.193        -106.896
           LJlr        -208.172        -207.898        -207.828        -208.040        -207.919
         LJlr_P          -0.248          -0.247          -0.247          -0.248          -0.247
         LJlr_W        -193.498        -193.245        -193.179        -193.376        -193.263
        LJlr_PW         -14.426         -14.406         -14.402         -14.416         -14.409
             EE      -53553.616      -53445.431      -53311.470      -53321.289      -53532.999
           EE_P        -454.201        -446.726        -446.235        -449.383        -445.540
           EE_W      -52427.089      -52315.205      -52209.138      -52231.075      -52412.268
          EE_PW        -672.326        -683.500        -656.097        -640.831        -675.191
           EE14         -94.413         -99.347         -97.903        -100.461         -96.138
         EE14_P         -94.413         -99.347         -97.903        -100.461         -96.138
           EEsr      -48907.070      -48794.366      -48669.253      -48682.469      -48882.360
         EEsr_P         -85.687         -76.518         -83.390         -83.712         -84.088
         EEsr_W      -48266.986      -48155.184      -48043.187      -48074.867      -48248.004
        EEsr_PW        -554.397        -562.664        -542.676        -523.890        -550.268
           EElr       -4552.133       -4551.718       -4544.313       -4538.359       -4554.501
         EElr_P        -274.101        -270.860        -264.942        -265.210        -265.314
         EElr_W       -4160.103       -4160.021       -4165.951       -4156.209       -4164.264
        EElr_PW        -117.929        -120.837        -113.420        -116.940        -124.923
         Bonded         319.820         327.416         312.446         318.204         324.105
       Bonded_P         319.820         327.416         312.446         318.204         324.105
           Bond          59.062          62.205          58.325          60.918          52.572
         Bond_P          59.062          62.205          58.325          60.918          52.572
          Angle         131.191         139.446         133.774         131.984         141.838
        Angle_P         131.191         139.446         133.774         131.984         141.838
            Dih         117.451         114.516         111.506         114.933         117.660
          Dih_P         117.451         114.516         111.506         114.933         117.660
            Imp          12.116          11.249           8.841          10.369          12.035
          Imp_P          12.116          11.249           8.841          10.369          12.035
             PV           2.128           2.130           2.131           2.129           2.130
           PV_P           2.128           2.130           2.131           2.129           2.130
           PV_W           2.128           2.130           2.131           2.129           2.130
          PV_PW          -2.128          -2.130          -2.131          -2.129          -2.130
