             PE      -41008.445      -41076.050      -41112.353      -41112.594      -41214.483
           PE_P         150.719         145.105         141.507         143.636         146.848
           PE_W      -40566.801      -40626.579      -40674.986      -40693.270      -40781.168
          PE_PW        -592.363        -594.576        -578.874        -562.960        -580.163
            PE2      -41008.444      -41076.050      -41112.353      -41112.597      -41214.484
          PE2_P         150.719         145.105         141.507         143.636         146.848
          PE2_W      -40566.803      -40626.579      -40674.988      -40693.273      -40781.171
         PE2_PW        -592.360        -594.576        -578.872        -562.960        -580.161
      Nonbonded      -41252.412      -41326.638      -41369.635      -41401.985      -41464.921
    Nonbonded_P         -93.248        -105.483        -115.774        -145.752        -103.588
    Nonbonded_W      -40566.803      -40626.579      -40674.988      -40693.273      -40781.171
   Nonbonded_PW        -592.361        -594.576        -578.873        -562.960        -580.162
             LJ        6099.845        6036.270        6084.969        5902.522        6123.246
           LJ_P          -8.512         -15.005         -13.686         -14.914         -19.935
           LJ_W        6246.822        6183.101        6223.573        6047.852        6260.599
          LJ_PW        -138.465        -131.826        -124.918        -130.416        -117.418
           LJ14          34.136          30.637          33.849          23.844          28.623
         LJ14_P          34.136          30.637          33.849          23.844          28.623
           LJsr        6250.384        6191.296        6236.323        6064.273        6280.141
         LJsr_P         -42.437         -45.430         -47.324         -38.546         -48.346
         LJsr_W        6418.712        6355.911        6395.955        6220.599        6433.273
        LJsr_PW        -125.891        -119.185        -112.308        -117.780        -104.786
           LJlr        -184.675        -185.663        -185.203        -185.595        -185.518
         LJlr_P          -0.211          -0.212          -0.211          -0.212          -0.212
         LJlr_W        -171.890        -172.810        -172.382        -172.746        -172.675
        LJlr_PW         -12.574         -12.641         -12.610         -12.637         -12.631
             EE      -47352.256      -47362.908      -47454.604      -47304.507      -47588.167
           EE_P         -84.736         -90.478        -102.088        -130.838         -83.653
           EE_W      -46813.625      -46809.680      -46898.562      -46741.125      -47041.770
          EE_PW        -453.895        -462.750        -453.954        -432.544        -462.744
           EE14         193.126         173.772         171.778          98.915         138.433
         EE14_P         193.126         173.772         171.778          98.915         138.433
           EEsr      -43542.607      -43519.525      -43619.286      -43400.289      -43738.908
         EEsr_P         -57.524         -52.541         -59.857         -46.100         -37.343
         EEsr_W      -43098.708      -43084.310      -43174.725      -42993.445      -43313.252
        EEsr_PW        -386.375        -382.674        -384.704        -360.744        -388.313
           EElr       -4002.776       -4017.155       -4007.096       -4003.133       -3987.692
         EElr_P        -220.338        -211.710        -214.009        -183.653        -184.743
         EElr_W       -3714.917       -3725.370       -3723.837       -3747.680       -3728.518
        EElr_PW         -67.521         -80.075         -69.250         -71.800         -74.431
         Bonded         243.967         250.588         257.282         289.388         250.436
       Bonded_P         243.967         250.588         257.282         289.388         250.436
           Bond          62.915          49.250          47.397          85.244          53.625
         Bond_P          62.915          49.250          47.397          85.244          53.625
          Angle         124.326         131.806         130.242          94.199         121.123
        Angle_P         124.326         131.806         130.242          94.199         121.123
            Dih          46.596          60.575          68.482          97.286          64.900
          Dih_P          46.596          60.575          68.482          97.286          64.900
            Imp          10.131           8.957          11.161          12.659          10.789
          Imp_P          10.131           8.957          11.161          12.659          10.789
             PV           1.912           1.902           1.906           1.902           1.903
           PV_P           1.912           1.902           1.906           1.902           1.903
           PV_W           1.912           1.902           1.906           1.902           1.903
          PV_PW          -1.912          -1.902          -1.906          -1.902          -1.903
