             PE      -39300.549      -39330.371      -39252.277      -39292.703      -39275.258
           PE_P         235.856         234.868         237.080         235.873         237.828
           PE_W      -38963.374      -38998.231      -38920.952      -38964.056      -38948.901
          PE_PW        -573.031        -567.008        -568.405        -564.520        -564.185
            PE2      -39300.549      -39330.371      -39252.277      -39292.703      -39275.257
          PE2_P         235.856         234.868         237.080         235.873         237.828
          PE2_W      -38963.374      -38998.231      -38920.953      -38964.056      -38948.901
         PE2_PW        -573.031        -567.008        -568.404        -564.520        -564.184
      Nonbonded      -39491.273      -39520.672      -39446.336      -39485.344      -39468.938
    Nonbonded_P          45.132          44.567          43.021          43.232          44.148
    Nonbonded_W      -38963.374      -38998.231      -38920.953      -38964.056      -38948.901
   Nonbonded_PW        -573.031        -567.008        -568.404        -564.520        -564.185
             LJ        5751.625        5789.114        5745.567        5715.373        5741.631
           LJ_P         -10.755         -11.655         -12.994         -11.945         -11.234
           LJ_W        5883.813        5922.015        5882.310        5849.148        5875.638
          LJ_PW        -121.433        -121.246        -123.749        -121.830        -122.773
           LJ14          27.133          25.622          24.826          26.323          26.428
         LJ14_P          27.133          25.622          24.826          26.323          26.428
           LJsr        5901.725        5940.797        5897.861        5866.453        5892.478
         LJsr_P         -37.703         -37.092         -37.635         -38.083         -37.476
         LJsr_W        6049.246        6087.514        6047.636        6014.739        6041.108
        LJsr_PW        -109.818        -109.625        -112.140        -110.203        -111.154
           LJlr        -177.234        -177.306        -177.120        -177.404        -177.275
         LJlr_P          -0.185          -0.185          -0.185          -0.185          -0.185
         LJlr_W        -165.432        -165.499        -165.326        -165.591        -165.471
        LJlr_PW         -11.617         -11.622         -11.609         -11.628         -11.619
             EE      -45242.898      -45309.786      -45191.902      -45200.717      -45210.569
           EE_P          55.887          56.222          56.015          55.177          55.382
           EE_W      -44847.187      -44920.246      -44803.263      -44813.204      -44824.539
          EE_PW        -451.598        -445.762        -444.654        -442.690        -441.412
           EE14         548.160         554.443         544.505         551.530         550.135
         EE14_P         548.160         554.443         544.505         551.530         550.135
           EEsr      -41722.522      -41790.465      -41671.669      -41682.157      -41693.675
         EEsr_P         -81.839         -84.581         -79.594         -83.633         -82.510
         EEsr_W      -41282.177      -41350.333      -41238.532      -41245.379      -41259.185
        EEsr_PW        -358.506        -355.551        -353.543        -353.145        -351.980
           EElr       -4068.536       -4073.764       -4064.738       -4070.090       -4067.029
         EElr_P        -410.435        -413.641        -408.896        -412.721        -412.244
         EElr_W       -3565.011       -3569.913       -3564.731       -3567.825       -3565.354
        EElr_PW         -93.090         -90.210         -91.111         -89.544         -89.431
         Bonded         190.724         190.301         194.059         192.641         193.680
       Bonded_P         190.724         190.301         194.059         192.641         193.680
           Bond          45.738          45.111          46.620          46.687          46.343
         Bond_P          45.738          45.111          46.620          46.687          46.343
          Angle         114.416         115.950         117.721         116.490         117.643
        Angle_P         114.416         115.950         117.721         116.490         117.643
            Dih          22.128          21.331          22.126          21.470          21.558
          Dih_P          22.128          21.331          22.126          21.470          21.558
            Imp           8.442           7.910           7.593           7.994           8.136
          Imp_P           8.442           7.910           7.593           7.994           8.136
             PV           1.823           1.822           1.824           1.821           1.823
           PV_P           1.823           1.822           1.824           1.821           1.823
           PV_W           1.823           1.822           1.824           1.821           1.823
          PV_PW          -1.823          -1.822          -1.824          -1.821          -1.823
