             PE      -38506.425      -38516.930      -38505.180      -38491.411      -38492.166
           PE_P         133.381         132.345         144.353         137.529         136.229
           PE_W      -38018.050      -38037.599      -38019.871      -37997.207      -38008.406
          PE_PW        -621.756        -611.676        -629.662        -631.733        -619.989
            PE2      -38506.425      -38516.929      -38505.180      -38491.411      -38492.166
          PE2_P         133.381         132.345         144.353         137.529         136.229
          PE2_W      -38018.050      -38037.599      -38019.871      -37997.207      -38008.406
         PE2_PW        -621.756        -611.675        -629.662        -631.733        -619.989
      Nonbonded      -38769.526      -38780.555      -38775.853      -38757.681      -38762.118
    Nonbonded_P        -129.720        -131.280        -126.319        -128.741        -133.723
    Nonbonded_W      -38018.050      -38037.599      -38019.871      -37997.207      -38008.406
   Nonbonded_PW        -621.756        -611.676        -629.663        -631.733        -619.989
             LJ        5618.604        5624.408        5613.639        5610.656        5613.019
           LJ_P         -19.339         -18.554         -20.602         -20.542         -20.940
           LJ_W        5767.147        5772.879        5761.167        5759.052        5762.302
          LJ_PW        -129.204        -129.917        -126.926        -127.854        -128.343
           LJ14          34.252          35.746          33.816          33.191          32.941
         LJ14_P          34.252          35.746          33.816          33.191          32.941
           LJsr        5759.131        5763.379        5754.698        5752.288        5754.891
         LJsr_P         -53.337         -54.046         -54.164         -53.479         -53.626
         LJsr_W        5928.292        5933.967        5922.402        5920.238        5923.479
        LJsr_PW        -115.824        -116.542        -113.540        -114.471        -114.962
           LJlr        -174.779        -174.717        -174.876        -174.822        -174.813
         LJlr_P          -0.254          -0.254          -0.254          -0.254          -0.254
         LJlr_W        -161.146        -161.089        -161.235        -161.186        -161.177
        LJlr_PW         -13.379         -13.374         -13.387         -13.382         -13.382
             EE      -44388.130      -44404.963      -44389.491      -44368.338      -44375.137
           EE_P        -110.381        -112.726        -105.717        -108.199        -112.783
           EE_W      -43785.196      -43810.478      -43781.038      -43756.259      -43770.708
          EE_PW        -492.553        -481.759        -502.736        -503.880        -491.646
           EE14         215.108         220.238         215.305         223.224         205.813
         EE14_P         215.108         220.238         215.305         223.224         205.813
           EEsr      -40779.249      -40794.502      -40780.602      -40762.015      -40765.058
         EEsr_P         -70.280         -70.556         -65.680         -69.837         -66.627
         EEsr_W      -40304.853      -40327.110      -40302.199      -40278.300      -40291.587
        EEsr_PW        -404.116        -396.836        -412.723        -413.878        -406.844
           EElr       -3823.990       -3830.700       -3824.194       -3829.547       -3815.892
         EElr_P        -255.209        -262.409        -255.343        -261.586        -251.968
         EElr_W       -3480.344       -3483.368       -3478.839       -3477.959       -3479.120
        EElr_PW         -88.437         -84.923         -90.012         -90.002         -84.804
         Bonded         263.101         263.625         270.672         266.270         269.952
       Bonded_P         263.101         263.625         270.672         266.270         269.952
           Bond          56.871          56.264          57.606          56.554          58.345
         Bond_P          56.871          56.264          57.606          56.554          58.345
          Angle         131.482         134.624         135.109         134.443         132.771
        Angle_P         131.482         134.624         135.109         134.443         132.771
            Dih          64.993          63.184          68.359          65.365          68.759
          Dih_P          64.993          63.184          68.359          65.365          68.759
            Imp           9.755           9.554           9.598           9.908          10.076
          Imp_P           9.755           9.554           9.598           9.908          10.076
             PV           1.785           1.785           1.784           1.784           1.784
           PV_P           1.785           1.785           1.784           1.784           1.784
           PV_W           1.785           1.785           1.784           1.784           1.784
          PV_PW          -1.785          -1.785          -1.784          -1.784          -1.784
