             PE      -52832.508      -52878.140      -52874.938      -52899.047      -52867.639
           PE_P         307.583         304.595         268.445         254.588         281.223
           PE_W      -52482.990      -52533.626      -52498.106      -52494.902      -52523.754
          PE_PW        -657.101        -649.109        -645.277        -658.733        -625.108
            PE2      -52832.509      -52878.138      -52874.938      -52899.048      -52867.639
          PE2_P         307.583         304.595         268.445         254.588         281.223
          PE2_W      -52482.991      -52533.627      -52498.105      -52494.903      -52523.750
         PE2_PW        -657.101        -649.106        -645.278        -658.733        -625.112
      Nonbonded      -53176.793      -53217.036      -53193.392      -53206.163      -53201.901
    Nonbonded_P         -36.701         -34.303         -50.009         -52.527         -53.039
    Nonbonded_W      -52482.991      -52533.627      -52498.105      -52494.903      -52523.750
   Nonbonded_PW        -657.101        -649.106        -645.278        -658.733        -625.112
             LJ        7735.600        7694.842        7890.288        7745.768        7705.679
           LJ_P           0.876          13.090           0.769           1.778           0.569
           LJ_W        7918.532        7873.248        8083.927        7934.980        7907.878
          LJ_PW        -183.808        -191.496        -194.408        -190.990        -202.768
           LJ14          67.662          77.263          68.870          70.440          69.619
         LJ14_P          67.662          77.263          68.870          70.440          69.619
           LJsr        7908.989        7858.275        8062.212        7916.204        7876.688
         LJsr_P         -66.430         -63.816         -67.745         -68.306         -68.694
         LJsr_W        8140.848        8095.235        8306.005        8157.133        8129.803
        LJsr_PW        -165.429        -173.144        -176.048        -172.623        -184.421
           LJlr        -241.051        -240.696        -240.795        -240.876        -240.628
         LJlr_P          -0.356          -0.356          -0.356          -0.356          -0.356
         LJlr_W        -222.315        -221.987        -222.079        -222.154        -221.925
        LJlr_PW         -18.380         -18.353         -18.360         -18.366         -18.347
             EE      -60912.393      -60911.878      -61083.680      -60951.931      -60907.580
           EE_P         -37.577         -47.393         -50.779         -54.305         -53.608
           EE_W      -60401.523      -60406.875      -60582.031      -60429.883      -60431.629
          EE_PW        -473.293        -457.610        -450.870        -467.743        -422.343
           EE14         637.877         649.990         644.236         646.612         637.850
         EE14_P         637.876         649.990         644.236         646.612         637.850
           EEsr      -56066.713      -56058.334      -56235.737      -56099.230      -56059.865
         EEsr_P        -107.856        -119.651        -119.093        -118.327        -115.256
         EEsr_W      -55601.280      -55585.862      -55770.129      -55614.180      -55616.262
        EEsr_PW        -357.577        -352.821        -346.515        -366.723        -328.347
           EElr       -5483.556       -5503.533       -5492.179       -5499.312       -5485.565
         EElr_P        -567.597        -577.732        -575.922        -582.591        -576.201
         EElr_W       -4800.244       -4821.013       -4811.902       -4815.703       -4815.367
        EElr_PW        -115.715        -104.788        -104.355        -101.018         -93.997
         Bonded         344.284         338.898         318.454         307.115         334.262
       Bonded_P         344.284         338.898         318.454         307.115         334.262
           Bond          73.518          78.260          74.228          66.798          57.768
         Bond_P          73.518          78.260          74.228          66.798          57.768
          Angle         200.772         189.489         168.718         173.585         195.966
        Angle_P         200.772         189.489         168.718         173.585         195.966
            Dih          59.081          61.588          65.567          60.535          66.964
          Dih_P          59.081          61.588          65.567          60.535          66.964
            Imp          10.913           9.561           9.942           6.196          13.565
          Imp_P          10.913           9.561           9.942           6.196          13.565
             PV           2.465           2.469           2.468           2.467           2.469
           PV_P           2.465           2.469           2.468           2.467           2.469
           PV_W           2.465           2.469           2.468           2.467           2.469
          PV_PW          -2.465          -2.469          -2.468          -2.467          -2.469
