             PE      -38819.263      -38732.562      -38910.622      -38902.993      -38816.012
           PE_P         113.039         106.901          95.807         108.374         113.333
           PE_W      -37835.345      -37781.546      -37926.158      -37895.003      -37833.669
          PE_PW       -1096.957       -1057.917       -1080.271       -1116.364       -1095.676
            PE2      -38819.263      -38732.563      -38910.623      -38902.992      -38816.012
          PE2_P         113.039         106.901          95.807         108.374         113.333
          PE2_W      -37835.345      -37781.546      -37926.157      -37895.001      -37833.668
         PE2_PW       -1096.957       -1057.918       -1080.273       -1116.365       -1095.677
      Nonbonded      -39097.723      -39021.628      -39176.369      -39172.942      -39096.100
    Nonbonded_P        -165.421        -182.165        -169.939        -161.576        -166.756
    Nonbonded_W      -37835.345      -37781.546      -37926.157      -37895.001      -37833.668
   Nonbonded_PW       -1096.957       -1057.917       -1080.273       -1116.365       -1095.676
             LJ        5595.195        5617.259        5594.046        5587.006        5585.149
           LJ_P         -24.357         -25.288         -23.896         -23.798         -24.436
           LJ_W        5720.631        5738.730        5724.296        5711.488        5713.379
          LJ_PW        -101.079         -96.183        -106.354        -100.684        -103.794
           LJ14          31.611          30.291          31.932          32.473          32.567
         LJ14_P          31.611          30.291          31.932          32.473          32.567
           LJsr        5737.585        5760.952        5736.260        5728.375        5726.775
         LJsr_P         -55.683         -55.293         -55.542         -55.986         -56.718
         LJsr_W        5880.333        5898.417        5884.132        5871.045        5873.258
        LJsr_PW         -87.065         -82.172         -92.330         -86.684         -89.765
           LJlr        -174.001        -173.984        -174.146        -173.842        -174.194
         LJlr_P          -0.285          -0.285          -0.286          -0.285          -0.286
         LJlr_W        -159.702        -159.687        -159.836        -159.556        -159.880
        LJlr_PW         -14.014         -14.012         -14.024         -14.001         -14.028
             EE      -44692.918      -44638.887      -44770.415      -44759.948      -44681.249
           EE_P        -141.064        -156.877        -146.043        -137.778        -142.320
           EE_W      -43555.976      -43520.276      -43650.454      -43606.489      -43547.047
          EE_PW        -995.878        -961.734        -973.918       -1015.681        -991.882
           EE14         323.546         344.130         314.480         299.137         328.509
         EE14_P         323.546         344.130         314.480         299.137         328.509
           EEsr      -40742.910      -40697.923      -40815.515      -40805.689      -40731.901
         EEsr_P         -76.375         -89.173         -72.848         -67.279         -78.119
         EEsr_W      -39976.160      -39928.915      -40063.154      -40034.879      -39966.106
        EEsr_PW        -690.375        -679.835        -679.513        -703.531        -687.676
           EElr       -4273.553       -4285.095       -4269.381       -4253.397       -4277.857
         EElr_P        -388.234        -411.834        -387.676        -369.637        -392.710
         EElr_W       -3579.816       -3591.361       -3587.299       -3571.610       -3580.941
        EElr_PW        -305.503        -281.900        -294.406        -312.150        -304.206
         Bonded         278.460         289.066         265.746         269.950         280.088
       Bonded_P         278.460         289.066         265.746         269.950         280.088
           Bond          61.069          57.927          58.352          57.712          63.705
         Bond_P          61.069          57.927          58.352          57.712          63.705
          Angle         140.627         146.496         131.866         131.738         135.988
        Angle_P         140.627         146.496         131.866         131.738         135.988
            Dih          66.463          72.934          65.383          69.408          68.599
          Dih_P          66.463          72.934          65.383          69.408          68.599
            Imp          10.301          11.708          10.146          11.092          11.796
          Imp_P          10.301          11.708          10.146          11.092          11.796
             PV           1.768           1.768           1.766           1.769           1.766
           PV_P           1.768           1.768           1.766           1.769           1.766
           PV_W           1.768           1.768           1.766           1.769           1.766
          PV_PW          -1.768          -1.768          -1.766          -1.769          -1.766
