             PE      -38856.304      -38848.732      -38864.291      -38854.084      -38854.617
           PE_P         113.992         115.278         102.112         110.526         105.162
           PE_W      -37850.643      -37846.341      -37886.213      -37857.008      -37884.454
          PE_PW       -1119.653       -1117.669       -1080.190       -1107.602       -1075.325
            PE2      -38856.305      -38848.731      -38864.291      -38854.084      -38854.618
          PE2_P         113.992         115.278         102.112         110.526         105.162
          PE2_W      -37850.643      -37846.341      -37886.211      -37857.007      -37884.455
         PE2_PW       -1119.654       -1117.668       -1080.192       -1107.603       -1075.325
      Nonbonded      -39138.548      -39120.413      -39151.375      -39127.086      -39138.311
    Nonbonded_P        -168.251        -156.405        -184.972        -162.476        -178.531
    Nonbonded_W      -37850.643      -37846.341      -37886.211      -37857.007      -37884.455
   Nonbonded_PW       -1119.654       -1117.667       -1080.192       -1107.603       -1075.325
             LJ        5600.684        5624.138        5571.075        5593.991        5656.758
           LJ_P         -25.143         -28.287         -27.378         -25.248         -24.447
           LJ_W        5733.155        5759.302        5709.497        5730.622        5776.938
          LJ_PW        -107.328        -106.877        -111.044        -111.383         -95.733
           LJ14          31.238          29.127          29.971          34.013          31.008
         LJ14_P          31.238          29.127          29.971          34.013          31.008
           LJsr        5743.561        5768.882        5715.306        5734.220        5799.703
         LJsr_P         -56.095         -57.129         -57.064         -58.975         -55.170
         LJsr_W        5892.961        5918.886        5869.385        5890.546        5936.596
        LJsr_PW         -93.305         -92.875         -97.015         -97.351         -81.723
           LJlr        -174.114        -173.872        -174.203        -174.242        -173.953
         LJlr_P          -0.286          -0.285          -0.286          -0.286          -0.285
         LJlr_W        -159.806        -159.584        -159.888        -159.923        -159.658
        LJlr_PW         -14.022         -14.003         -14.029         -14.033         -14.010
             EE      -44739.232      -44744.550      -44722.449      -44721.077      -44795.069
           EE_P        -143.108        -128.118        -157.594        -137.229        -154.084
           EE_W      -43583.798      -43605.643      -43595.708      -43587.629      -43661.393
          EE_PW       -1012.326       -1010.789        -969.147        -996.219        -979.592
           EE14         307.299         291.132         304.274         304.200         303.169
         EE14_P         307.299         291.132         304.274         304.200         303.169
           EEsr      -40785.315      -40780.884      -40763.128      -40765.714      -40839.125
         EEsr_P         -75.215         -55.077         -80.279         -72.000         -79.252
         EEsr_W      -40016.185      -40020.085      -40009.381      -40009.409      -40079.157
        EEsr_PW        -693.915        -705.722        -673.468        -684.305        -680.716
           EElr       -4261.216       -4254.799       -4263.596       -4259.563       -4259.114
         EElr_P        -375.192        -364.173        -381.590        -369.429        -378.002
         EElr_W       -3567.613       -3585.557       -3586.328       -3578.221       -3582.235
        EElr_PW        -318.411        -305.069        -295.678        -311.913        -298.877
         Bonded         282.243         271.682         287.084         273.003         283.693
       Bonded_P         282.243         271.682         287.084         273.003         283.693
           Bond          60.714          55.753          58.103          56.786          63.938
         Bond_P          60.714          55.753          58.103          56.786          63.938
          Angle         140.978         136.336         143.667         141.151         139.974
        Angle_P         140.978         136.336         143.667         141.151         139.974
            Dih          69.053          69.310          74.826          64.123          69.213
          Dih_P          69.053          69.310          74.826          64.123          69.213
            Imp          11.497          10.283          10.488          10.942          10.569
          Imp_P          11.497          10.283          10.488          10.942          10.569
             PV           1.767           1.769           1.766           1.765           1.768
           PV_P           1.767           1.769           1.766           1.765           1.768
           PV_W           1.767           1.769           1.766           1.765           1.768
          PV_PW          -1.767          -1.769          -1.766          -1.765          -1.768
