             PE      -58148.778      -58150.658      -58159.578      -58148.467      -58150.976
           PE_P       -1412.361       -1428.026       -1403.928       -1398.203       -1412.982
           PE_W      -54836.977      -54850.096      -54837.108      -54827.325      -54839.041
          PE_PW       -1899.440       -1872.536       -1918.542       -1922.939       -1898.953
            PE2      -58148.778      -58150.658      -58159.578      -58148.467      -58150.977
          PE2_P       -1412.361       -1428.026       -1403.928       -1398.203       -1412.982
          PE2_W      -54836.977      -54850.095      -54837.108      -54827.325      -54839.041
         PE2_PW       -1899.440       -1872.537       -1918.542       -1922.939       -1898.954
      Nonbonded      -58639.903      -58642.005      -58649.950      -58640.346      -58642.844
    Nonbonded_P       -1903.486       -1919.373       -1894.299       -1890.083       -1904.850
    Nonbonded_W      -54836.977      -54850.095      -54837.108      -54827.325      -54839.041
   Nonbonded_PW       -1899.440       -1872.537       -1918.543       -1922.938       -1898.953
             LJ        8207.532        8219.380        8202.571        8201.274        8205.277
           LJ_P         -28.948         -28.570         -28.438         -29.147         -29.217
           LJ_W        8350.429        8362.033        8343.818        8345.060        8348.552
          LJ_PW        -113.949        -114.083        -112.809        -114.639        -114.058
           LJ14          47.362          47.161          47.627          47.750          47.275
         LJ14_P          47.362          47.161          47.627          47.750          47.275
           LJsr        8415.459        8427.449        8410.196        8408.780        8413.236
         LJsr_P         -75.901         -75.322         -75.655         -76.488         -76.082
         LJsr_W        8585.188        8596.738        8578.543        8579.789        8583.262
        LJsr_PW         -93.828         -93.967         -92.692         -94.521         -93.944
           LJlr        -255.289        -255.229        -255.252        -255.256        -255.235
         LJlr_P          -0.410          -0.409          -0.410          -0.410          -0.409
         LJlr_W        -234.760        -234.705        -234.725        -234.729        -234.710
        LJlr_PW         -20.119         -20.115         -20.117         -20.117         -20.116
             EE      -66847.435      -66861.386      -66852.521      -66841.620      -66848.120
           EE_P       -1874.538       -1890.803       -1865.862       -1860.935       -1875.633
           EE_W      -63187.406      -63212.128      -63180.926      -63172.385      -63187.593
          EE_PW       -1785.491       -1758.455       -1805.733       -1808.300       -1784.894
           EE14       -1882.476       -1886.525       -1883.573       -1885.478       -1884.602
         EE14_P       -1882.476       -1886.525       -1883.573       -1885.478       -1884.602
           EEsr      -59568.271      -59580.696      -59573.319      -59562.265      -59568.350
         EEsr_P         -37.265         -46.046         -38.244         -32.857         -38.795
         EEsr_W      -58356.092      -58378.691      -58359.226      -58350.300      -58358.500
        EEsr_PW       -1174.914       -1155.959       -1175.849       -1179.108       -1171.055
           EElr       -5396.687       -5394.166       -5395.628       -5393.877       -5395.168
         EElr_P          45.203          41.768          55.955          57.399          47.764
         EElr_W       -4831.315       -4833.437       -4821.699       -4822.085       -4829.093
        EElr_PW        -610.575        -602.497        -629.884        -629.191        -613.839
         Bonded         491.125         491.347         490.372         491.879         491.867
       Bonded_P         491.125         491.347         490.372         491.879         491.867
           Bond          95.867          95.409          95.735          95.865          96.148
         Bond_P          95.867          95.409          95.735          95.865          96.148
          Angle         205.143         205.466         203.334         205.910         205.207
        Angle_P         205.143         205.466         203.334         205.910         205.207
            Dih         172.783         173.120         173.905         173.021         172.776
          Dih_P         172.783         173.120         173.905         173.021         172.776
            Imp          17.332          17.353          17.398          17.082          17.737
          Imp_P          17.332          17.353          17.398          17.082          17.737
             PV           2.588           2.589           2.589           2.588           2.589
           PV_P           2.588           2.589           2.589           2.588           2.589
           PV_W           2.588           2.589           2.589           2.588           2.589
          PV_PW          -2.588          -2.589          -2.589          -2.588          -2.589
