             PE      -44831.296      -44750.266      -44909.840      -44964.693      -44932.672
           PE_P         591.063         557.889         569.110         582.132         583.874
           PE_W      -44818.621      -44779.849      -44909.540      -44959.713      -44919.657
          PE_PW        -603.738        -528.306        -569.410        -587.112        -596.889
            PE2      -44831.300      -44750.261      -44909.841      -44964.690      -44932.670
          PE2_P         591.063         557.889         569.110         582.132         583.874
          PE2_W      -44818.621      -44779.842      -44909.540      -44959.713      -44919.656
         PE2_PW        -603.742        -528.308        -569.411        -587.109        -596.888
      Nonbonded      -45109.497      -45042.003      -45173.835      -45242.796      -45219.795
    Nonbonded_P         312.866         266.146         305.116         304.027         296.749
    Nonbonded_W      -44818.621      -44779.842      -44909.540      -44959.713      -44919.656
   Nonbonded_PW        -603.742        -528.307        -569.411        -587.110        -596.888
             LJ        6576.074        6555.279        6691.215        6696.275        6709.592
           LJ_P         -20.599         -15.832         -13.040         -16.038         -13.352
           LJ_W        6769.852        6754.259        6879.734        6887.730        6902.121
          LJ_PW        -173.179        -183.148        -175.479        -175.417        -179.177
           LJ14          55.388          50.373          56.899          53.982          55.817
         LJ14_P          55.388          50.373          56.899          53.982          55.817
           LJsr        6727.409        6710.701        6840.599        6848.601        6860.022
         LJsr_P         -75.653         -65.873         -69.605         -69.687         -68.836
         LJsr_W        6959.820        6943.373        7069.297        7077.316        7091.651
        LJsr_PW        -156.758        -166.799        -159.093        -159.028        -162.793
           LJlr        -206.724        -205.794        -206.283        -206.307        -206.248
         LJlr_P          -0.334          -0.332          -0.333          -0.333          -0.333
         LJlr_W        -189.968        -189.114        -189.563        -189.585        -189.530
        LJlr_PW         -16.422         -16.348         -16.387         -16.389         -16.385
             EE      -51685.571      -51597.283      -51865.049      -51939.071      -51929.387
           EE_P         333.465         281.978         318.156         320.065         310.101
           EE_W      -51588.473      -51534.102      -51789.274      -51847.443      -51821.776
          EE_PW        -430.563        -345.159        -393.931        -411.693        -417.712
           EE14         645.933         613.674         622.180         620.163         609.022
         EE14_P         645.933         613.674         622.180         620.163         609.022
           EEsr      -47899.134      -47795.900      -48059.903      -48131.575      -48117.002
         EEsr_P         -75.051         -92.981         -68.868         -71.121         -66.751
         EEsr_W      -47484.197      -47416.581      -47667.072      -47731.466      -47709.067
        EEsr_PW        -339.886        -286.338        -323.963        -328.988        -341.184
           EElr       -4432.370       -4415.057       -4427.326       -4427.658       -4421.406
         EElr_P        -237.418        -238.716        -235.155        -228.977        -232.170
         EElr_W       -4104.276       -4117.521       -4122.201       -4115.977       -4112.709
        EElr_PW         -90.676         -58.820         -69.970         -82.704         -76.527
         Bonded         278.197         291.743         263.994         278.106         287.125
       Bonded_P         278.197         291.743         263.994         278.106         287.125
           Bond          61.493          57.427          67.797          67.690          73.680
         Bond_P          61.493          57.427          67.797          67.690          73.680
          Angle         147.386         164.960         139.347         147.227         160.841
        Angle_P         147.386         164.960         139.347         147.227         160.841
            Dih          57.728          59.063          47.523          53.814          42.591
          Dih_P          57.728          59.063          47.523          53.814          42.591
            Imp          11.590          10.293           9.326           9.375          10.012
          Imp_P          11.590          10.293           9.326           9.375          10.012
             PV           2.103           2.113           2.108           2.108           2.108
           PV_P           2.103           2.113           2.108           2.108           2.108
           PV_W           2.103           2.113           2.108           2.108           2.108
          PV_PW          -2.103          -2.113          -2.108          -2.108          -2.108
