             PE      -39522.719      -39393.013      -39499.035      -39469.333      -39563.359
           PE_P         515.774         483.635         507.627         498.586         516.920
           PE_W      -38299.059      -38159.090      -38266.225      -38197.684      -38294.904
          PE_PW       -1739.434       -1717.558       -1740.437       -1770.235       -1785.375
            PE2      -39522.720      -39393.014      -39499.036      -39469.333      -39563.360
          PE2_P         515.774         483.635         507.627         498.586         516.920
          PE2_W      -38299.062      -38159.092      -38266.226      -38197.685      -38294.905
         PE2_PW       -1739.432       -1717.557       -1740.437       -1770.234       -1785.375
      Nonbonded      -39763.196      -39638.958      -39733.464      -39679.557      -39787.097
    Nonbonded_P         275.298         237.691         273.199         288.362         293.182
    Nonbonded_W      -38299.062      -38159.092      -38266.226      -38197.685      -38294.905
   Nonbonded_PW       -1739.432       -1717.557       -1740.437       -1770.234       -1785.374
             LJ        5708.459        5722.890        5700.045        5745.288        5741.865
           LJ_P         -23.877         -23.072         -22.849         -12.309         -20.008
           LJ_W        5807.207        5819.139        5793.103        5831.004        5841.612
          LJ_PW         -74.871         -73.177         -70.209         -73.407         -79.739
           LJ14          29.802          31.106          33.278          36.170          33.084
         LJ14_P          29.802          31.106          33.278          36.170          33.084
           LJsr        5854.022        5867.309        5842.058        5884.887        5884.368
         LJsr_P         -53.397         -53.896         -55.845         -48.195         -52.809
         LJsr_W        5968.341        5980.420        5954.170        5992.509        6002.950
        LJsr_PW         -60.922         -59.215         -56.267         -59.427         -65.773
           LJlr        -175.365        -175.525        -175.292        -175.769        -175.587
         LJlr_P          -0.282          -0.283          -0.282          -0.283          -0.283
         LJlr_W        -161.134        -161.281        -161.066        -161.505        -161.338
        LJlr_PW         -13.949         -13.961         -13.944         -13.981         -13.966
             EE      -45471.656      -45361.848      -45433.508      -45424.845      -45528.962
           EE_P         299.175         260.763         296.048         300.670         313.190
           EE_W      -44106.270      -43978.230      -44059.329      -44028.690      -44136.517
          EE_PW       -1664.561       -1644.381       -1670.227       -1696.825       -1705.635
           EE14         898.609         833.300         887.832         952.003         884.882
         EE14_P         898.609         833.300         887.832         952.003         884.882
           EEsr      -41521.899      -41392.705      -41477.165      -41488.359      -41575.128
         EEsr_P        -113.432        -101.901        -110.327        -114.509         -96.898
         EEsr_W      -40452.387      -40326.368      -40417.075      -40357.501      -40497.970
        EEsr_PW        -956.080        -964.436        -949.763       -1016.349        -980.260
           EElr       -4848.365       -4802.443       -4844.175       -4888.489       -4838.716
         EElr_P        -486.002        -470.636        -481.457        -536.823        -474.794
         EElr_W       -3653.882       -3651.862       -3642.254       -3671.189       -3638.547
        EElr_PW        -708.481        -679.945        -720.464        -680.477        -725.375
         Bonded         240.476         245.943         234.428         210.224         223.737
       Bonded_P         240.476         245.943         234.428         210.224         223.737
           Bond          62.399          54.647          56.647          57.421          59.477
         Bond_P          62.399          54.647          56.647          57.421          59.477
          Angle         140.472         146.600         138.480         118.442         131.596
        Angle_P         140.472         146.600         138.480         118.442         131.596
            Dih          27.432          36.550          30.001          23.875          24.570
          Dih_P          27.432          36.550          30.001          23.875          24.570
            Imp          10.174           8.146           9.300          10.486           8.095
          Imp_P          10.174           8.146           9.300          10.486           8.095
             PV           1.779           1.777           1.779           1.774           1.776
           PV_P           1.779           1.777           1.779           1.774           1.776
           PV_W           1.779           1.777           1.779           1.774           1.776
          PV_PW          -1.779          -1.777          -1.779          -1.774          -1.776
