             PE      -39478.616      -39474.313      -39500.592      -39487.575      -39475.074
           PE_P         505.614         506.720         507.317         512.734         512.244
           PE_W      -38240.450      -38241.658      -38264.283      -38246.702      -38220.666
          PE_PW       -1743.780       -1739.375       -1743.626       -1753.607       -1766.652
            PE2      -39478.616      -39474.313      -39500.592      -39487.575      -39475.074
          PE2_P         505.614         506.720         507.317         512.734         512.244
          PE2_W      -38240.451      -38241.658      -38264.284      -38246.702      -38220.666
         PE2_PW       -1743.779       -1739.375       -1743.625       -1753.607       -1766.652
      Nonbonded      -39713.638      -39706.588      -39736.157      -39721.529      -39708.844
    Nonbonded_P         270.592         274.445         271.752         278.780         278.474
    Nonbonded_W      -38240.451      -38241.658      -38264.284      -38246.702      -38220.666
   Nonbonded_PW       -1743.779       -1739.375       -1743.625       -1753.607       -1766.652
             LJ        5717.964        5717.352        5690.174        5695.508        5699.685
           LJ_P         -22.111         -21.554         -21.633         -23.621         -24.120
           LJ_W        5812.082        5810.489        5785.709        5789.294        5794.419
          LJ_PW         -72.007         -71.583         -73.902         -70.165         -70.614
           LJ14          32.606          33.301          32.708          32.133          31.890
         LJ14_P          32.606          33.301          32.708          32.133          31.890
           LJsr        5860.851        5859.338        5833.037        5838.822        5843.215
         LJsr_P         -54.434         -54.572         -54.059         -55.472         -55.728
         LJsr_W        5973.333        5971.551        5947.032        5950.502        5955.603
        LJsr_PW         -58.048         -57.641         -59.936         -56.208         -56.660
           LJlr        -175.493        -175.286        -175.571        -175.447        -175.420
         LJlr_P          -0.283          -0.282          -0.283          -0.282          -0.282
         LJlr_W        -161.251        -161.062        -161.323        -161.209        -161.184
        LJlr_PW         -13.959         -13.942         -13.965         -13.956         -13.954
             EE      -45431.602      -45423.940      -45426.331      -45417.037      -45408.529
           EE_P         292.704         295.999         293.385         302.401         302.594
           EE_W      -44052.532      -44052.148      -44049.993      -44035.995      -44015.085
          EE_PW       -1671.774       -1667.791       -1669.723       -1683.443       -1696.038
           EE14         892.065         885.989         883.752         895.758         896.185
         EE14_P         892.065         885.989         883.752         895.758         896.185
           EEsr      -41481.468      -41470.569      -41470.589      -41467.372      -41457.755
         EEsr_P        -104.435        -106.687        -105.416        -104.228        -105.640
         EEsr_W      -40397.511      -40398.561      -40394.401      -40382.815      -40369.705
        EEsr_PW        -979.522        -965.321        -970.772        -980.329        -982.410
           EElr       -4842.198       -4839.360       -4839.494       -4845.424       -4846.959
         EElr_P        -494.926        -483.303        -484.951        -489.129        -487.950
         EElr_W       -3655.021       -3653.586       -3655.592       -3653.181       -3645.380
        EElr_PW        -692.251        -702.471        -698.951        -703.114        -713.629
         Bonded         235.021         232.275         235.565         233.954         233.770
       Bonded_P         235.021         232.275         235.565         233.954         233.770
           Bond          60.233          57.531          57.995          59.027          58.122
         Bond_P          60.233          57.531          57.995          59.027          58.122
          Angle         135.507         135.353         136.595         135.365         135.040
        Angle_P         135.507         135.353         136.595         135.365         135.040
            Dih          28.571          28.466          30.224          28.726          29.478
          Dih_P          28.571          28.466          30.224          28.726          29.478
            Imp          10.711          10.925          10.752          10.835          11.131
          Imp_P          10.711          10.925          10.752          10.835          11.131
             PV           1.777           1.779           1.776           1.778           1.778
           PV_P           1.777           1.779           1.776           1.778           1.778
           PV_W           1.777           1.779           1.776           1.778           1.778
          PV_PW          -1.777          -1.779          -1.776          -1.778          -1.778
