             PE      -44638.297      -44600.586      -44837.637      -44444.178      -44475.711
           PE_P         483.318         444.838         453.091         467.331         403.219
           PE_W      -44569.847      -44539.324      -44686.410      -44373.499      -44373.326
          PE_PW        -551.768        -506.100        -604.318        -538.010        -505.604
            PE2      -44638.294      -44600.583      -44837.634      -44444.180      -44475.710
          PE2_P         483.318         444.838         453.091         467.331         403.219
          PE2_W      -44569.844      -44539.324      -44686.410      -44373.497      -44373.326
         PE2_PW        -551.768        -506.097        -604.315        -538.014        -505.603
      Nonbonded      -44925.710      -44868.975      -45068.988      -44711.069      -44704.371
    Nonbonded_P         195.902         176.446         221.736         200.443         174.558
    Nonbonded_W      -44569.844      -44539.324      -44686.410      -44373.497      -44373.326
   Nonbonded_PW        -551.768        -506.097        -604.314        -538.015        -505.603
             LJ        6480.863        6816.009        6614.024        6527.751        6501.640
           LJ_P         -13.668         -12.868         -11.820          -5.838         -13.619
           LJ_W        6655.746        6996.395        6782.402        6689.942        6670.780
          LJ_PW        -161.215        -167.518        -156.558        -156.353        -155.521
           LJ14          51.867          59.676          51.330          51.564          49.874
         LJ14_P          51.867          59.676          51.330          51.564          49.874
           LJsr        6632.707        6958.591        6765.547        6679.577        6654.801
         LJsr_P         -65.248         -72.258         -62.864         -57.115         -63.206
         LJsr_W        6843.888        7183.194        6969.751        6877.787        6858.297
        LJsr_PW        -145.933        -152.345        -141.340        -141.095        -140.290
           LJlr        -203.711        -202.258        -202.853        -203.390        -203.035
         LJlr_P          -0.288          -0.286          -0.286          -0.287          -0.287
         LJlr_W        -188.142        -186.799        -187.349        -187.845        -187.517
        LJlr_PW         -15.281         -15.173         -15.218         -15.258         -15.231
             EE      -51406.573      -51684.984      -51683.013      -51238.820      -51206.011
           EE_P         209.570         189.314         233.557         206.281         188.176
           EE_W      -51225.590      -51535.719      -51468.812      -51063.438      -51044.105
          EE_PW        -390.553        -338.579        -447.758        -381.663        -350.082
           EE14         641.345         639.719         672.395         677.707         651.467
         EE14_P         641.345         639.719         672.395         677.707         651.467
           EEsr      -47519.680      -47782.766      -47815.557      -47379.296      -47324.119
         EEsr_P         -53.966         -66.192         -58.048         -71.021         -75.579
         EEsr_W      -47147.609      -47440.812      -47402.273      -46995.792      -46958.613
        EEsr_PW        -318.105        -275.762        -355.236        -312.483        -289.927
           EElr       -4528.238       -4541.938       -4539.852       -4537.232       -4533.359
         EElr_P        -377.809        -384.213        -380.790        -400.405        -387.712
         EElr_W       -4077.980       -4094.906       -4066.539       -4067.646       -4085.492
        EElr_PW         -72.449         -62.819         -92.523         -69.181         -60.155
         Bonded         287.416         268.392         231.355         266.888         228.661
       Bonded_P         287.416         268.392         231.355         266.888         228.661
           Bond          66.647          59.865          63.232          66.634          72.182
         Bond_P          66.647          59.865          63.232          66.634          72.182
          Angle         168.829         141.091         131.957         157.057         126.602
        Angle_P         168.829         141.091         131.957         157.057         126.602
            Dih          44.525          58.967          32.161          35.725          24.377
          Dih_P          44.525          58.967          32.161          35.725          24.377
            Imp           7.415           8.469           4.004           7.472           5.500
          Imp_P           7.415           8.469           4.004           7.472           5.500
             PV           2.075           2.090           2.084           2.078           2.082
           PV_P           2.075           2.090           2.084           2.078           2.082
           PV_W           2.075           2.090           2.084           2.078           2.082
          PV_PW          -2.075          -2.090          -2.084          -2.078          -2.082
