             PE      -50009.261      -50005.832      -50038.789      -50036.832      -50002.585
           PE_P        -258.742        -253.286        -252.903        -259.966        -256.914
           PE_W      -48859.842      -48856.956      -48891.072      -48892.300      -48854.097
          PE_PW        -890.677        -895.590        -894.814        -884.566        -891.574
            PE2      -50009.260      -50005.832      -50038.789      -50036.832      -50002.585
          PE2_P        -258.742        -253.286        -252.903        -259.966        -256.914
          PE2_W      -48859.841      -48856.956      -48891.072      -48892.300      -48854.096
         PE2_PW        -890.677        -895.590        -894.814        -884.566        -891.575
      Nonbonded      -50308.372      -50312.191      -50342.597      -50339.628      -50304.955
    Nonbonded_P        -557.854        -559.645        -556.711        -562.762        -559.284
    Nonbonded_W      -48859.841      -48856.956      -48891.072      -48892.300      -48854.096
   Nonbonded_PW        -890.677        -895.590        -894.814        -884.566        -891.575
             LJ        7232.764        7222.048        7216.998        7219.602        7209.911
           LJ_P         -22.934         -23.066         -23.331         -23.010         -23.577
           LJ_W        7394.790        7385.594        7381.112        7381.929        7371.338
          LJ_PW        -139.092        -140.480        -140.783        -139.317        -137.850
           LJ14          30.333          29.319          29.507          30.080          29.998
         LJ14_P          30.333          29.319          29.507          30.080          29.998
           LJsr        7423.890        7414.112        7409.022        7411.025        7401.348
         LJsr_P         -53.044         -52.163         -52.615         -52.868         -53.353
         LJsr_W        7601.913        7592.647        7588.302        7589.093        7578.438
        LJsr_PW        -124.979        -126.372        -126.665        -125.200        -123.737
           LJlr        -221.459        -221.384        -221.531        -221.503        -221.434
         LJlr_P          -0.223          -0.222          -0.223          -0.223          -0.222
         LJlr_W        -207.123        -207.053        -207.190        -207.164        -207.100
        LJlr_PW         -14.113         -14.109         -14.118         -14.116         -14.112
             EE      -57541.136      -57534.239      -57559.595      -57559.230      -57514.866
           EE_P        -534.920        -536.579        -533.381        -539.752        -535.707
           EE_W      -56254.632      -56242.550      -56272.184      -56274.229      -56225.435
          EE_PW        -751.584        -755.110        -754.030        -745.249        -753.724
           EE14        -874.251        -877.307        -875.119        -873.568        -875.756
         EE14_P        -874.251        -877.307        -875.119        -873.568        -875.756
           EEsr      -52029.455      -52020.874      -52046.840      -52046.857      -52000.939
         EEsr_P          84.107          85.334          84.615          80.843          84.653
         EEsr_W      -51642.669      -51630.789      -51660.198      -51659.267      -51612.057
        EEsr_PW        -470.893        -475.419        -471.257        -468.433        -473.535
           EElr       -4637.430       -4636.057       -4637.636       -4638.805       -4638.171
         EElr_P         255.223         255.395         257.123         252.973         255.396
         EElr_W       -4611.962       -4611.761       -4611.987       -4614.962       -4613.378
        EElr_PW        -280.691        -279.691        -282.772        -276.816        -280.189
         Bonded         299.112         306.359         303.808         302.796         302.370
       Bonded_P         299.112         306.359         303.808         302.796         302.370
           Bond          70.833          74.314          72.511          71.092          71.195
         Bond_P          70.833          74.314          72.511          71.092          71.195
          Angle         148.331         150.426         149.603         149.908         150.086
        Angle_P         148.331         150.426         149.603         149.908         150.086
            Dih          69.520          70.988          70.839          71.241          70.783
          Dih_P          69.520          70.988          70.839          71.241          70.783
            Imp          10.427          10.631          10.856          10.556          10.306
          Imp_P          10.427          10.631          10.856          10.556          10.306
             PV           2.273           2.274           2.272           2.272           2.273
           PV_P           2.273           2.274           2.272           2.272           2.273
           PV_W           2.273           2.274           2.272           2.272           2.273
          PV_PW          -2.273          -2.274          -2.272          -2.272          -2.273
