             PE      -43395.250      -43400.857      -43381.820      -43392.914      -43399.518
           PE_P         212.170         209.237         211.056         207.158         209.164
           PE_W      -42968.978      -42975.248      -42957.113      -42967.513      -42975.423
          PE_PW        -638.442        -634.846        -635.763        -632.559        -633.259
            PE2      -43395.250      -43400.857      -43381.820      -43392.914      -43399.518
          PE2_P         212.170         209.237         211.056         207.158         209.164
          PE2_W      -42968.978      -42975.248      -42957.113      -42967.514      -42975.423
         PE2_PW        -638.442        -634.846        -635.763        -632.558        -633.259
      Nonbonded      -43697.771      -43703.936      -43685.085      -43694.218      -43702.144
    Nonbonded_P         -90.351         -93.842         -92.209         -94.146         -93.462
    Nonbonded_W      -42968.978      -42975.248      -42957.113      -42967.514      -42975.423
   Nonbonded_PW        -638.442        -634.846        -635.763        -632.558        -633.259
             LJ        6344.299        6350.430        6328.904        6327.061        6334.853
           LJ_P         -23.762         -21.662         -23.578         -21.030         -22.534
           LJ_W        6522.849        6527.521        6508.299        6504.162        6513.485
          LJ_PW        -154.788        -155.429        -155.817        -156.071        -156.098
           LJ14          42.350          42.847          41.577          42.961          42.070
         LJ14_P          42.350          42.847          41.577          42.961          42.070
           LJsr        6499.447        6505.016        6484.688        6481.556        6490.240
         LJsr_P         -65.814         -64.211         -64.857         -63.693         -64.306
         LJsr_W        6704.799        6709.411        6690.122        6686.072        6695.397
        LJsr_PW        -139.538        -140.184        -140.577        -140.823        -140.851
           LJlr        -197.499        -197.433        -197.360        -197.456        -197.458
         LJlr_P          -0.298          -0.298          -0.298          -0.298          -0.298
         LJlr_W        -181.950        -181.889        -181.823        -181.911        -181.912
        LJlr_PW         -15.251         -15.246         -15.239         -15.247         -15.248
             EE      -50042.071      -50054.366      -50013.989      -50021.279      -50036.997
           EE_P         -66.590         -72.179         -68.631         -73.116         -70.928
           EE_W      -49491.828      -49502.769      -49465.412      -49471.675      -49488.908
          EE_PW        -483.653        -479.418        -479.946        -476.488        -477.161
           EE14         173.755         175.997         166.315         168.268         170.119
         EE14_P         173.755         175.997         166.315         168.268         170.119
           EEsr      -45990.894      -46004.846      -45960.051      -45970.090      -45984.916
         EEsr_P         -45.902         -49.581         -43.281         -46.976         -44.566
         EEsr_W      -45555.441      -45566.545      -45529.239      -45536.259      -45552.003
        EEsr_PW        -389.551        -388.720        -387.531        -386.855        -388.347
           EElr       -4224.932       -4225.517       -4220.253       -4219.457       -4222.200
         EElr_P        -194.443        -198.596        -191.665        -194.408        -196.481
         EElr_W       -3936.386       -3936.224       -3936.173       -3935.416       -3936.906
        EElr_PW         -94.103         -90.697         -92.415         -89.633         -88.813
         Bonded         302.521         303.079         303.265         301.304         302.626
       Bonded_P         302.521         303.079         303.265         301.304         302.626
           Bond          65.743          65.582          66.132          65.123          65.856
         Bond_P          65.743          65.582          66.132          65.123          65.856
          Angle         144.110         146.215         145.038         143.832         145.544
        Angle_P         144.110         146.215         145.038         143.832         145.544
            Dih          82.160          80.418          81.804          81.731          80.712
          Dih_P          82.160          80.418          81.804          81.731          80.712
            Imp          10.508          10.864          10.291          10.617          10.514
          Imp_P          10.508          10.864          10.291          10.617          10.514
             PV           2.017           2.017           2.018           2.017           2.017
           PV_P           2.017           2.017           2.018           2.017           2.017
           PV_W           2.017           2.017           2.018           2.017           2.017
          PV_PW          -2.017          -2.017          -2.018          -2.017          -2.017
