             PE      -50249.591      -50257.333      -50249.252      -50250.788      -50246.092
           PE_P          48.536          46.355          45.475          43.890          46.856
           PE_W      -49686.382      -49703.337      -49696.235      -49691.206      -49683.371
          PE_PW        -611.745        -600.351        -598.492        -603.472        -609.577
            PE2      -50249.591      -50257.333      -50249.252      -50250.789      -50246.092
          PE2_P          48.536          46.355          45.475          43.890          46.856
          PE2_W      -49686.381      -49703.337      -49696.234      -49691.206      -49683.371
         PE2_PW        -611.746        -600.351        -598.493        -603.473        -609.577
      Nonbonded      -50561.416      -50568.806      -50562.388      -50559.520      -50556.397
    Nonbonded_P        -263.289        -265.118        -267.662        -264.841        -263.449
    Nonbonded_W      -49686.381      -49703.337      -49696.234      -49691.206      -49683.371
   Nonbonded_PW        -611.746        -600.351        -598.492        -603.473        -609.577
             LJ        7337.671        7339.524        7339.034        7352.661        7332.366
           LJ_P         -13.526         -13.345         -13.162         -12.454         -13.904
           LJ_W        7513.283        7515.990        7513.953        7526.869        7507.658
          LJ_PW        -162.086        -163.121        -161.757        -161.754        -161.388
           LJ14          51.757          52.701          51.745          51.993          51.306
         LJ14_P          51.757          52.701          51.745          51.993          51.306
           LJsr        7512.942        7513.957        7514.270        7527.661        7508.077
         LJsr_P         -64.991         -65.754         -64.614         -64.155         -64.917
         LJsr_W        7723.763        7726.568        7724.388        7737.316        7718.127
        LJsr_PW        -145.830        -146.857        -145.504        -145.500        -145.133
           LJlr        -227.028        -227.134        -226.980        -226.993        -227.017
         LJlr_P          -0.292          -0.292          -0.292          -0.292          -0.292
         LJlr_W        -210.480        -210.578        -210.435        -210.447        -210.469
        LJlr_PW         -16.256         -16.264         -16.253         -16.254         -16.256
             EE      -57899.087      -57908.330      -57901.423      -57912.180      -57888.763
           EE_P        -249.763        -251.773        -254.500        -252.387        -249.545
           EE_W      -57199.665      -57219.327      -57210.188      -57218.075      -57191.029
          EE_PW        -449.659        -437.230        -436.735        -441.718        -448.189
           EE14         235.593         238.204         235.320         233.349         238.489
         EE14_P         235.593         238.204         235.320         233.349         238.489
           EEsr      -53099.518      -53110.812      -53101.702      -53109.891      -53089.717
         EEsr_P         -85.487         -89.032         -88.828         -86.584         -86.449
         EEsr_W      -52638.045      -52656.535      -52644.902      -52653.020      -52629.746
        EEsr_PW        -375.986        -365.245        -367.972        -370.287        -373.522
           EElr       -5035.162       -5035.722       -5035.041       -5035.638       -5037.535
         EElr_P        -399.868        -400.946        -400.992        -399.152        -401.586
         EElr_W       -4561.620       -4562.792       -4565.285       -4565.054       -4561.283
        EElr_PW         -73.674         -71.984         -68.764         -71.432         -74.666
         Bonded         311.825         311.474         313.137         308.731         310.305
       Bonded_P         311.825         311.474         313.137         308.731         310.305
           Bond          67.699          66.842          67.919          66.399          66.833
         Bond_P          67.699          66.842          67.919          66.399          66.833
          Angle         156.404         155.947         155.363         153.613         156.203
        Angle_P         156.404         155.947         155.363         153.613         156.203
            Dih          77.314          78.357          79.568          78.509          77.089
          Dih_P          77.314          78.357          79.568          78.509          77.089
            Imp          10.408          10.327          10.286          10.210          10.181
          Imp_P          10.408          10.327          10.286          10.210          10.181
             PV           2.327           2.326           2.328           2.328           2.328
           PV_P           2.327           2.326           2.328           2.328           2.328
           PV_W           2.327           2.326           2.328           2.328           2.328
          PV_PW          -2.327          -2.326          -2.328          -2.328          -2.328
