             PE      -50588.323      -50577.334      -50582.614      -50571.776      -50556.258
           PE_P       -1080.440       -1091.300       -1070.823       -1084.496       -1077.022
           PE_W      -48319.722      -48320.789      -48308.380      -48305.897      -48290.669
          PE_PW       -1188.161       -1165.245       -1203.411       -1181.383       -1188.567
            PE2      -50588.323      -50577.334      -50582.614      -50571.776      -50556.258
          PE2_P       -1080.440       -1091.300       -1070.823       -1084.496       -1077.022
          PE2_W      -48319.722      -48320.789      -48308.380      -48305.897      -48290.670
         PE2_PW       -1188.161       -1165.245       -1203.411       -1181.383       -1188.566
      Nonbonded      -51034.678      -51025.633      -51029.112      -51019.252      -51005.451
    Nonbonded_P       -1526.795       -1539.599       -1517.321       -1531.972       -1526.214
    Nonbonded_W      -48319.722      -48320.789      -48308.380      -48305.897      -48290.670
   Nonbonded_PW       -1188.161       -1165.245       -1203.411       -1181.383       -1188.567
             LJ        7182.285        7177.508        7170.988        7184.980        7169.316
           LJ_P         -22.070         -21.855         -22.570         -22.355         -22.137
           LJ_W        7345.562        7337.356        7330.497        7345.541        7329.197
          LJ_PW        -141.207        -137.993        -136.939        -138.206        -137.744
           LJ14          42.905          43.976          43.544          43.634          43.754
         LJ14_P          42.905          43.976          43.544          43.634          43.754
           LJsr        7363.647        7357.794        7351.801        7365.494        7349.798
         LJsr_P         -64.587         -65.443         -65.726         -65.601         -65.502
         LJsr_W        7551.013        7542.804        7536.032        7550.885        7534.621
        LJsr_PW        -122.779        -119.567        -118.505        -119.790        -119.321
           LJlr        -224.266        -224.263        -224.357        -224.148        -224.236
         LJlr_P          -0.389          -0.389          -0.389          -0.388          -0.389
         LJlr_W        -205.451        -205.448        -205.534        -205.343        -205.424
        LJlr_PW         -18.426         -18.426         -18.434         -18.417         -18.423
             EE      -58216.964      -58203.141      -58200.100      -58204.232      -58174.767
           EE_P       -1504.725       -1517.743       -1494.750       -1509.618       -1504.078
           EE_W      -55665.284      -55658.145      -55638.877      -55651.439      -55619.867
          EE_PW       -1046.955       -1027.253       -1066.473       -1043.175       -1050.822
           EE14       -1153.698       -1155.232       -1151.635       -1151.658       -1151.286
         EE14_P       -1153.698       -1155.232       -1151.635       -1151.658       -1151.286
           EEsr      -52156.875      -52138.912      -52139.793      -52143.461      -52114.574
         EEsr_P         -73.760         -79.980         -70.567         -78.172         -72.882
         EEsr_W      -51295.324      -51282.344      -51274.150      -51281.625      -51251.142
        EEsr_PW        -787.791        -776.588        -795.076        -783.664        -790.550
           EElr       -4906.390       -4908.997       -4908.671       -4909.113       -4908.907
         EElr_P        -277.267        -282.532        -272.548        -279.788        -279.910
         EElr_W       -4369.959       -4375.801       -4364.727       -4369.814       -4368.724
        EElr_PW        -259.164        -250.664        -271.396        -259.511        -260.273
         Bonded         446.355         448.299         446.498         447.476         449.193
       Bonded_P         446.355         448.299         446.498         447.476         449.193
           Bond          83.390          83.534          83.685          83.952          84.401
         Bond_P          83.390          83.534          83.685          83.952          84.401
          Angle         193.618         194.518         194.548         194.516         195.807
        Angle_P         193.618         194.518         194.548         194.516         195.807
            Dih         154.597         155.225         153.396         153.967         153.888
          Dih_P         154.597         155.225         153.396         153.967         153.888
            Imp          14.750          15.021          14.868          15.041          15.097
          Imp_P          14.750          15.021          14.868          15.041          15.097
             PV           2.275           2.275           2.274           2.276           2.275
           PV_P           2.275           2.275           2.274           2.276           2.275
           PV_W           2.275           2.275           2.274           2.276           2.275
          PV_PW          -2.275          -2.275          -2.274          -2.276          -2.275
