             PE      -47963.515      -48030.926      -47685.289      -47998.475      -47955.779
           PE_P        -421.272        -402.354        -407.464        -426.177        -416.308
           PE_W      -46512.760      -46588.183      -46217.803      -46536.682      -46509.782
          PE_PW       -1029.483       -1040.389       -1060.022       -1035.616       -1029.689
            PE2      -47963.517      -48030.925      -47685.287      -47998.474      -47955.778
          PE2_P        -421.272        -402.354        -407.464        -426.177        -416.308
          PE2_W      -46512.762      -46588.184      -46217.803      -46536.683      -46509.781
         PE2_PW       -1029.483       -1040.387       -1060.020       -1035.614       -1029.689
      Nonbonded      -48338.253      -48414.666      -48050.126      -48367.378      -48342.762
    Nonbonded_P        -796.008        -786.096        -772.303        -795.081        -803.292
    Nonbonded_W      -46512.762      -46588.184      -46217.803      -46536.683      -46509.781
   Nonbonded_PW       -1029.483       -1040.386       -1060.020       -1035.614       -1029.689
             LJ        6858.989        6894.093        6838.975        6858.891        6853.936
           LJ_P         -26.444         -19.321         -23.243         -26.861         -26.629
           LJ_W        7037.761        7073.001        6982.412        7046.503        7026.825
          LJ_PW        -152.328        -159.587        -120.194        -160.751        -146.260
           LJ14          44.969          49.775          48.521          44.925          45.673
         LJ14_P          44.969          49.775          48.521          44.925          45.673
           LJsr        7028.669        7059.322        7004.896        7028.378        7022.735
         LJsr_P         -71.047         -68.731         -71.399         -71.420         -71.937
         LJsr_W        7234.557        7270.123        7179.018        7243.082        7223.459
        LJsr_PW        -134.841        -142.070        -102.723        -143.284        -128.787
           LJlr        -214.648        -215.004        -214.441        -214.412        -214.472
         LJlr_P          -0.365          -0.366          -0.365          -0.365          -0.365
         LJlr_W        -196.796        -197.122        -196.606        -196.580        -196.634
        LJlr_PW         -17.487         -17.516         -17.470         -17.467         -17.473
             EE      -55197.242      -55308.759      -54889.102      -55226.269      -55196.698
           EE_P        -769.565        -766.774        -749.060        -768.221        -776.662
           EE_W      -53550.523      -53661.185      -53200.215      -53583.186      -53536.605
          EE_PW        -877.154        -880.800        -939.827        -874.862        -883.431
           EE14       -1093.148       -1081.307       -1074.945       -1098.548       -1094.879
         EE14_P       -1093.148       -1081.307       -1074.945       -1098.548       -1094.879
           EEsr      -49681.634      -49781.178      -49377.742      -49702.121      -49679.502
         EEsr_P          76.963          73.840          84.643          75.846          70.473
         EEsr_W      -49145.153      -49242.042      -48804.277      -49176.748      -49131.876
        EEsr_PW        -613.444        -612.976        -658.108        -601.219        -618.099
           EElr       -4422.460       -4446.273       -4436.414       -4425.599       -4422.317
         EElr_P         246.620         240.692         241.243         254.482         247.744
         EElr_W       -4405.370       -4419.143       -4395.938       -4406.438       -4404.729
        EElr_PW        -263.710        -267.822        -281.719        -273.643        -265.332
         Bonded         374.736         383.741         364.839         368.904         386.984
       Bonded_P         374.736         383.741         364.839         368.904         386.984
           Bond          78.693          77.314          71.150          77.600          85.933
         Bond_P          78.693          77.314          71.150          77.600          85.933
          Angle         169.723         168.754         167.911         160.106         168.400
        Angle_P         169.723         168.754         167.911         160.106         168.400
            Dih         114.121         124.033         116.317         118.411         118.265
          Dih_P         114.121         124.033         116.317         118.411         118.265
            Imp          12.199          13.640           9.462          12.787          14.386
          Imp_P          12.199          13.640           9.462          12.787          14.386
             PV           2.175           2.171           2.177           2.177           2.176
           PV_P           2.175           2.171           2.177           2.177           2.176
           PV_W           2.175           2.171           2.177           2.177           2.176
          PV_PW          -2.175          -2.171          -2.177          -2.177          -2.176
