             PE      -46124.941      -46122.848      -46106.613      -46124.111      -46117.002
           PE_P        -426.637        -428.184        -428.756        -430.156        -426.637
           PE_W      -44714.755      -44713.642      -44697.874      -44715.195      -44704.707
          PE_PW        -983.549        -981.022        -979.983        -978.760        -985.658
            PE2      -46124.941      -46122.848      -46106.613      -46124.111      -46117.002
          PE2_P        -426.637        -428.184        -428.756        -430.156        -426.637
          PE2_W      -44714.755      -44713.642      -44697.874      -44715.195      -44704.707
         PE2_PW        -983.549        -981.022        -979.983        -978.760        -985.658
      Nonbonded      -46475.318      -46473.523      -46457.608      -46474.997      -46467.532
    Nonbonded_P        -777.013        -778.859        -779.752        -781.042        -777.166
    Nonbonded_W      -44714.755      -44713.642      -44697.874      -44715.195      -44704.707
   Nonbonded_PW        -983.550        -981.022        -979.982        -978.760        -985.659
             LJ        6594.105        6593.444        6593.148        6595.470        6589.548
           LJ_P         -22.355         -22.408         -22.851         -22.184         -22.090
           LJ_W        6752.504        6751.346        6751.537        6754.441        6749.273
          LJ_PW        -136.044        -135.494        -135.538        -136.787        -137.635
           LJ14          43.111          43.265          43.095          43.435          43.286
         LJ14_P          43.111          43.265          43.095          43.435          43.286
           LJsr        6756.301        6755.446        6755.317        6757.336        6751.534
         LJsr_P         -65.158         -65.365         -65.637         -65.311         -65.068
         LJsr_W        6941.659        6940.464        6940.651        6943.591        6938.395
        LJsr_PW        -120.200        -119.653        -119.697        -120.944        -121.793
           LJlr        -205.307        -205.267        -205.263        -205.302        -205.272
         LJlr_P          -0.308          -0.308          -0.308          -0.308          -0.308
         LJlr_W        -189.155        -189.118        -189.114        -189.149        -189.122
        LJlr_PW         -15.844         -15.841         -15.841         -15.845         -15.842
             EE      -53069.423      -53066.967      -53050.757      -53070.467      -53057.080
           EE_P        -754.659        -756.451        -756.901        -758.857        -755.076
           EE_W      -51467.259      -51464.988      -51449.412      -51469.636      -51453.979
          EE_PW        -847.505        -845.528        -844.444        -841.974        -848.025
           EE14        -983.832        -983.512        -985.316        -983.604        -984.445
         EE14_P        -983.832        -983.512        -985.316        -983.604        -984.445
           EEsr      -47768.981      -47767.140      -47749.720      -47770.355      -47756.364
         EEsr_P          35.787          34.090          35.129          32.861          35.846
         EEsr_W      -47229.470      -47227.342      -47211.238      -47231.656      -47216.673
        EEsr_PW        -575.298        -573.888        -573.611        -571.560        -575.537
           EElr       -4316.610       -4316.315       -4315.720       -4316.508       -4316.271
         EElr_P         193.387         192.972         193.287         191.886         193.523
         EElr_W       -4237.789       -4237.646       -4238.173       -4237.980       -4237.306
        EElr_PW        -272.208        -271.641        -270.834        -270.414        -272.488
         Bonded         350.377         350.675         350.995         350.886         350.530
       Bonded_P         350.377         350.675         350.995         350.886         350.530
           Bond          72.125          71.765          71.997          71.752          71.459
         Bond_P          72.125          71.765          71.997          71.752          71.459
          Angle         160.120         160.900         160.948         160.860         160.577
        Angle_P         160.120         160.900         160.948         160.860         160.577
            Dih         106.424         106.140         106.437         106.540         106.814
          Dih_P         106.424         106.140         106.437         106.540         106.814
            Imp          11.708          11.870          11.613          11.734          11.681
          Imp_P          11.708          11.870          11.613          11.734          11.681
             PV           2.088           2.088           2.088           2.088           2.088
           PV_P           2.088           2.088           2.088           2.088           2.088
           PV_W           2.088           2.088           2.088           2.088           2.088
          PV_PW          -2.088          -2.088          -2.088          -2.088          -2.088
