             PE      -39834.430      -39793.840      -39800.998      -39780.062      -39820.955
           PE_P         167.317         165.040         171.752         171.267         171.669
           PE_W      -39515.593      -39469.685      -39486.442      -39474.702      -39506.974
          PE_PW        -486.154        -489.195        -486.308        -476.627        -485.650
            PE2      -39834.429      -39793.840      -39800.998      -39780.062      -39820.954
          PE2_P         167.317         165.040         171.752         171.267         171.669
          PE2_W      -39515.593      -39469.686      -39486.442      -39474.702      -39506.975
         PE2_PW        -486.153        -489.194        -486.308        -476.627        -485.648
      Nonbonded      -40065.681      -40028.451      -40037.592      -40012.117      -40058.046
    Nonbonded_P         -63.935         -69.570         -64.842         -60.788         -65.423
    Nonbonded_W      -39515.593      -39469.686      -39486.442      -39474.702      -39506.975
   Nonbonded_PW        -486.153        -489.195        -486.308        -476.627        -485.648
             LJ        5845.902        5828.553        5833.426        5819.086        5824.599
           LJ_P          -0.612          -3.644          -1.057          -0.597          -1.168
           LJ_W        5990.440        5975.732        5977.658        5960.830        5971.377
          LJ_PW        -143.926        -143.535        -143.175        -141.147        -145.610
           LJ14          45.231          43.472          45.044          45.368          45.163
         LJ14_P          45.231          43.472          45.044          45.368          45.163
           LJsr        5981.472        5965.882        5969.000        5954.477        5960.278
         LJsr_P         -45.592         -46.865         -45.850         -45.715         -46.081
         LJsr_W        6157.419        6142.711        6144.468        6127.771        6138.394
        LJsr_PW        -130.355        -129.964        -129.618        -127.579        -132.035
           LJlr        -180.800        -180.801        -180.618        -180.759        -180.842
         LJlr_P          -0.251          -0.251          -0.250          -0.251          -0.251
         LJlr_W        -166.979        -166.979        -166.810        -166.941        -167.017
        LJlr_PW         -13.570         -13.571         -13.558         -13.567         -13.574
             EE      -45911.582      -45857.003      -45871.018      -45831.203      -45882.645
           EE_P         -63.323         -65.926         -63.785         -60.191         -64.255
           EE_W      -45506.033      -45445.417      -45464.100      -45435.532      -45478.351
          EE_PW        -342.226        -345.660        -343.133        -335.480        -340.039
           EE14         645.120         646.921         644.275         643.944         650.187
         EE14_P         645.120         646.921         644.275         643.944         650.187
           EEsr      -42267.832      -42216.608      -42229.617      -42194.510      -42243.250
         EEsr_P        -105.028        -107.296        -104.746        -103.310        -107.381
         EEsr_W      -41878.047      -41820.824      -41839.815      -41810.347      -41853.146
        EEsr_PW        -284.757        -288.488        -285.056        -280.853        -282.723
           EElr       -4288.871       -4287.316       -4285.676       -4280.637       -4289.582
         EElr_P        -603.415        -605.551        -603.314        -600.825        -607.061
         EElr_W       -3627.986       -3624.593       -3624.286       -3625.186       -3625.205
        EElr_PW         -57.470         -57.172         -58.076         -54.626         -57.316
         Bonded         231.252         234.610         236.594         232.055         237.092
       Bonded_P         231.252         234.610         236.594         232.055         237.092
           Bond          53.785          55.333          54.175          56.715          53.858
         Bond_P          53.785          55.333          54.175          56.715          53.858
          Angle         147.956         146.512         149.975         145.716         151.199
        Angle_P         147.956         146.512         149.975         145.716         151.199
            Dih          22.237          24.845          24.732          21.386          24.041
          Dih_P          22.237          24.845          24.732          21.386          24.041
            Imp           7.274           7.920           7.712           8.238           7.994
          Imp_P           7.274           7.920           7.712           8.238           7.994
             PV           1.851           1.851           1.853           1.851           1.850
           PV_P           1.851           1.851           1.853           1.851           1.850
           PV_W           1.851           1.851           1.853           1.851           1.850
          PV_PW          -1.851          -1.851          -1.853          -1.851          -1.850
