             PE      -39158.832      -39155.525      -39156.614      -39136.238      -39160.907
           PE_P         449.402         460.295         457.729         457.470         450.528
           PE_W      -38543.592      -38535.765      -38541.600      -38508.078      -38550.743
          PE_PW       -1064.642       -1080.055       -1072.743       -1085.630       -1060.692
            PE2      -39158.832      -39155.526      -39156.615      -39136.237      -39160.907
          PE2_P         449.402         460.295         457.729         457.470         450.528
          PE2_W      -38543.592      -38535.765      -38541.600      -38508.078      -38550.742
         PE2_PW       -1064.642       -1080.056       -1072.744       -1085.629       -1060.693
      Nonbonded      -39359.715      -39362.599      -39366.582      -39340.118      -39361.943
    Nonbonded_P         248.519         253.222         247.761         253.590         249.492
    Nonbonded_W      -38543.592      -38535.765      -38541.600      -38508.078      -38550.742
   Nonbonded_PW       -1064.642       -1080.056       -1072.743       -1085.630       -1060.693
             LJ        5709.347        5720.479        5715.716        5678.505        5730.058
           LJ_P         -23.274         -21.544         -22.202         -21.972         -16.858
           LJ_W        5827.469        5838.012        5833.829        5796.431        5846.843
          LJ_PW         -94.848         -95.989         -95.911         -95.954         -99.927
           LJ14          26.036          27.039          26.100          26.384          28.984
         LJ14_P          26.036          27.039          26.100          26.384          28.984
           LJsr        5859.068        5869.202        5865.370        5828.016        5876.879
         LJsr_P         -49.087         -48.360         -48.079         -48.133         -45.619
         LJsr_W        5990.452        6000.999        5996.809        5959.541        6009.869
        LJsr_PW         -82.297         -83.437         -83.360         -83.392         -87.371
           LJlr        -175.758        -175.763        -175.754        -175.895        -175.805
         LJlr_P          -0.223          -0.223          -0.223          -0.223          -0.223
         LJlr_W        -162.983        -162.987        -162.979        -163.110        -163.026
        LJlr_PW         -12.552         -12.553         -12.552         -12.562         -12.556
             EE      -45069.062      -45083.077      -45082.298      -45018.623      -45092.002
           EE_P         271.793         274.766         269.964         275.562         266.350
           EE_W      -44371.061      -44373.777      -44375.429      -44304.509      -44397.585
          EE_PW        -969.794        -984.066        -976.833        -989.676        -960.767
           EE14         796.073         782.457         806.107         787.662         802.643
         EE14_P         796.073         782.457         806.107         787.662         802.643
           EEsr      -41468.041      -41480.948      -41489.064      -41416.825      -41494.601
         EEsr_P         -89.573         -84.143         -97.559         -85.543         -95.480
         EEsr_W      -40732.960      -40742.244      -40743.082      -40672.416      -40761.307
        EEsr_PW        -645.508        -654.561        -648.423        -658.866        -637.814
           EElr       -4397.093       -4384.586       -4399.341       -4389.460       -4400.044
         EElr_P        -434.707        -423.549        -438.584        -426.557        -440.813
         EElr_W       -3638.101       -3631.533       -3632.347       -3632.093       -3636.279
        EElr_PW        -324.285        -329.504        -328.410        -330.810        -322.952
         Bonded         200.883         207.073         209.968         203.881         201.036
       Bonded_P         200.883         207.073         209.968         203.881         201.036
           Bond          50.786          50.873          52.336          51.274          50.346
         Bond_P          50.786          50.873          52.336          51.274          50.346
          Angle         120.067         122.871         122.758         119.126         120.008
        Angle_P         120.067         122.871         122.758         119.126         120.008
            Dih          21.467          24.354          25.401          23.931          21.613
          Dih_P          21.467          24.354          25.401          23.931          21.613
            Imp           8.564           8.974           9.473           9.550           9.069
          Imp_P           8.564           8.974           9.473           9.550           9.069
             PV           1.795           1.795           1.795           1.793           1.794
           PV_P           1.795           1.795           1.795           1.793           1.794
           PV_W           1.795           1.795           1.795           1.793           1.794
          PV_PW          -1.795          -1.795          -1.795          -1.793          -1.794
