             PE      -69041.249      -69005.111      -69046.380      -69019.797      -69020.313
           PE_P        -378.341        -382.583        -355.201        -368.950        -373.836
           PE_W      -67584.812      -67552.761      -67604.182      -67580.454      -67565.640
          PE_PW       -1078.096       -1069.767       -1086.997       -1070.393       -1080.837
            PE2      -69041.247      -69005.111      -69046.380      -69019.796      -69020.312
          PE2_P        -378.341        -382.583        -355.201        -368.950        -373.836
          PE2_W      -67584.813      -67552.761      -67604.183      -67580.456      -67565.640
         PE2_PW       -1078.093       -1069.767       -1086.996       -1070.390       -1080.836
      Nonbonded      -69423.525      -69379.831      -69440.920      -69403.848      -69399.556
    Nonbonded_P        -760.618        -757.303        -749.740        -753.002        -753.079
    Nonbonded_W      -67584.813      -67552.761      -67604.183      -67580.456      -67565.640
   Nonbonded_PW       -1078.094       -1069.767       -1086.997       -1070.390       -1080.837
             LJ       10077.070       10033.971       10013.086       10002.871       10012.953
           LJ_P          -5.621          -9.459          -7.226          -4.654          -9.078
           LJ_W       10264.816       10229.541       10207.723       10190.241       10211.856
          LJ_PW        -182.125        -186.111        -187.411        -182.716        -189.825
           LJ14          60.772          58.666          59.603          60.707          59.449
         LJ14_P          60.772          58.666          59.603          60.707          59.449
           LJsr       10321.800       10280.762       10259.645       10247.823       10259.518
         LJsr_P         -66.097         -67.828         -66.531         -65.064         -68.231
         LJsr_W       10551.107       10515.791       10494.632       10476.679       10498.627
        LJsr_PW        -163.210        -167.201        -168.456        -163.792        -170.878
           LJlr        -305.502        -305.458        -306.161        -305.659        -306.014
         LJlr_P          -0.296          -0.296          -0.297          -0.297          -0.297
         LJlr_W        -286.291        -286.250        -286.909        -286.438        -286.771
        LJlr_PW         -18.915         -18.912         -18.955         -18.924         -18.946
             EE      -79500.595      -79413.801      -79454.006      -79406.719      -79412.508
           EE_P        -754.997        -747.845        -742.515        -748.349        -744.001
           EE_W      -77849.629      -77782.302      -77811.906      -77770.697      -77777.496
          EE_PW        -895.969        -883.654        -899.585        -887.673        -891.011
           EE14       -1056.909       -1062.392       -1052.060       -1065.336       -1060.663
         EE14_P       -1056.909       -1062.392       -1052.060       -1065.336       -1060.663
           EEsr      -72052.815      -71965.397      -72011.464      -71954.963      -71961.420
         EEsr_P          64.192          67.013          66.888          69.131          70.696
         EEsr_W      -71518.798      -71445.283      -71482.440      -71434.921      -71438.483
        EEsr_PW        -598.209        -587.127        -595.912        -589.173        -593.633
           EElr       -6390.871       -6386.012       -6390.482       -6386.420       -6390.426
         EElr_P         237.720         247.535         242.657         247.857         245.966
         EElr_W       -6330.831       -6337.019       -6329.466       -6335.776       -6339.013
        EElr_PW        -297.760        -296.528        -303.673        -298.501        -297.379
         Bonded         382.277         374.720         394.539         384.052         379.244
       Bonded_P         382.277         374.720         394.539         384.052         379.244
           Bond          85.294          83.774          87.071          85.192          86.960
         Bond_P          85.294          83.774          87.071          85.192          86.960
          Angle         169.859         167.987         177.604         172.124         166.484
        Angle_P         169.859         167.987         177.604         172.124         166.484
            Dih         113.753         110.410         116.701         113.342         113.379
          Dih_P         113.753         110.410         116.701         113.342         113.379
            Imp          13.371          12.548          13.163          13.393          12.420
          Imp_P          13.371          12.548          13.163          13.393          12.420
             PV           3.149           3.150           3.142           3.147           3.144
           PV_P           3.149           3.150           3.142           3.147           3.144
           PV_W           3.149           3.150           3.142           3.147           3.144
          PV_PW          -3.149          -3.150          -3.142          -3.147          -3.144
